# header: write what you want on lines starting with #
# Total ACTIVE Pulses, # breakdowns, amp_set, index (point on pulse / power curve) , pulse length
# the init of this file could be 1 0 500 0 3500, 2 0 500 0 3500, etc
1 0 500 0 3500
102 7 3675 0 2493
77860 8 20550 222 2493
84624 9 26850 291 2493
86956 10 27050 291 2493
88189 11 27050 0 2493
89804 12 28450 291 2493
90894 13 28450 291 2493
91987 14 28450 291 2493
98240 15 29450 291 2493
99172 16 29450 291 2493
100158 17 29450 291 2493
106672 18 36150 291 2493
106684 19 36150 291 2493
106697 20 36150 291 2493
106709 21 36150 291 2493
106722 22 36150 291 2493
106735 23 36150 291 2493
106748 24 36150 291 2493
106760 25 36150 291 2493
106772 26 36150 291 2493
106784 27 36150 291 2493
106796 28 36150 291 2493
106808 29 36150 291 2493
106820 30 36150 291 2493
106834 31 36150 291 2493
106846 32 36150 291 2493
106859 33 36150 291 2493
106871 34 36150 291 2493
106884 35 36150 291 2493
106897 36 36150 291 2493
3848819 286 39931 238 2493
4701474 341 40000 287 2493
4770142 342 45265 287 2493
4795011 343 48799 287 2493
4843634 344 54053 287 2493
4940712 345 61629 287 2493
4952722 346 64039 287 2493
4967192 347 65392 287 2493
4968498 348 65392 287 2493
5006008 355 67020 287 2493
5007182 356 67020 287 2493
5221406 395 67522 287 2493
5226754 396 67731 287 2493
5227268 397 67731 287 2493
5248241 399 67802 287 2493
5256327 400 67802 287 2493
5262168 401 67802 287 2493
5269222 402 67802 287 2493
5297152 403 67802 287 2493
5344930 403 68573 287 2493
5344960 403 68573 287 2493
5344991 403 68573 287 2493
5345021 403 68573 287 2493
5345037 403 68564 287 2493
5345052 403 68564 287 2493
5345068 403 68564 287 2493
5345083 403 68564 287 2493
5345098 403 68564 287 2493
5345114 403 68564 287 2493
5345129 403 68564 287 2493
5345144 403 68564 287 2493
5345159 403 68564 287 2493
5345174 403 68564 287 2493
5345189 403 68564 287 2493
5345204 403 68564 287 2493
5345220 403 68564 287 2493
5345235 403 68564 287 2493
5345250 403 68564 287 2493
5345265 403 68564 287 2493
5345280 403 68564 287 2493
5345296 403 68564 287 2493
5345311 403 68564 287 2493
5345326 403 68564 287 2493
5345341 403 68564 287 2493
5345357 403 68564 287 2493
5345374 403 68564 287 2493
5345389 403 68564 287 2493
5345404 403 68564 287 2493
5345419 403 68564 287 2493
5345434 403 68564 287 2493
5345449 403 68564 287 2493
5345465 403 68564 287 2493
5345480 403 68564 287 2493
5345495 403 68564 287 2493
5345510 403 68564 287 2493
5345525 403 68564 287 2493
5345540 403 68564 287 2493
5345555 403 68564 287 2493
5345570 403 68564 287 2493
5345586 403 68564 287 2493
5345601 403 68564 287 2493
5345616 403 68564 287 2493
5345631 403 68564 287 2493
5345646 403 68564 287 2493
5345661 403 68564 287 2493
5345676 403 68564 287 2493
5345691 403 68564 287 2493
5345706 403 68564 287 2493
5345722 403 68564 287 2493
5345737 403 68564 287 2493
5345752 403 68564 287 2493
5345768 403 68564 287 2493
5345783 403 68564 287 2493
5345798 403 68564 287 2493
5345813 403 68564 287 2493
5345828 403 68564 287 2493
5345843 403 68564 287 2493
5345858 403 68564 287 2493
5345873 403 68564 287 2493
5345888 403 68564 287 2493
5345903 403 68564 287 2493
5345918 403 68564 287 2493
5345933 403 68564 287 2493
5345949 403 68564 287 2493
5345964 403 68564 287 2493
5345980 403 68564 287 2493
5345995 403 68564 287 2493
5346011 403 68564 287 2493
5346026 403 68564 287 2493
5346041 403 68564 287 2493
5346056 403 68564 287 2493
5346071 403 68564 287 2493
5346086 403 68564 287 2493
5346102 403 68564 287 2493
5346117 403 68564 287 2493
5346133 403 68564 287 2493
5346148 403 68564 287 2493
5346163 403 68564 287 2493
5346178 403 68564 287 2493
5346193 403 68564 287 2493
5346209 403 68564 287 2493
5346224 403 68564 287 2493
5346240 403 68564 287 2493
5346255 403 68564 287 2493
5346271 403 68564 287 2493
5346286 403 68564 287 2493
5346301 403 68564 287 2493
5346316 403 68564 287 2493
5346331 403 68564 287 2493
5346346 403 68564 287 2493
5346361 403 68564 287 2493
5346376 403 68564 287 2493
5346391 403 68564 287 2493
5346406 403 68564 287 2493
5346421 403 68564 287 2493
5346436 403 68564 287 2493
5346451 403 68564 287 2493
5346466 403 68564 287 2493
5346481 403 68564 287 2493
5346496 403 68564 287 2493
5346511 403 68564 287 2493
5346526 403 68564 287 2493
5346541 403 68564 287 2493
5346557 403 68564 287 2493
5346572 403 68564 287 2493
5346588 403 68564 287 2493
5346603 403 68564 287 2493
5346618 403 68564 287 2493
5346633 403 68564 287 2493
5346648 403 68564 287 2493
5346664 403 68564 287 2493
5346680 403 68564 287 2493
5346695 403 68564 287 2493
5346710 403 68564 287 2493
5346725 403 68564 287 2493
5346741 403 68564 287 2493
5346756 403 68564 287 2493
5346771 403 68564 287 2493
5346786 403 68564 287 2493
5346801 403 68564 287 2493
5346816 403 68564 287 2493
5346831 403 68564 287 2493
5346846 403 68564 287 2493
5346862 403 68564 287 2493
5346877 403 68564 287 2493
5346892 403 68564 287 2493
5346907 403 68564 287 2493
5346922 403 68564 287 2493
5346938 403 68564 287 2493
5346953 403 68564 287 2493
5346968 403 68564 287 2493
5346984 403 68564 287 2493
5346999 403 68564 287 2493
5347014 403 68564 287 2493
5347029 403 68564 287 2493
5347044 403 68564 287 2493
5347059 403 68564 287 2493
5347074 403 68564 287 2493
5347089 403 68564 287 2493
5347104 403 68564 287 2493
5347119 403 68564 287 2493
5347134 403 68564 287 2493
5347149 403 68564 287 2493
5347164 403 68564 287 2493
5347194 403 68564 287 2493
5347224 403 68564 287 2493
5347255 403 68564 287 2493
5347285 403 68564 287 2493
5347315 403 68564 287 2493
5347346 403 68564 287 2493
5347376 403 68564 287 2493
5347406 403 68564 287 2493
5347436 403 68564 287 2493
5347467 403 68564 287 2493
5347497 403 68564 287 2493
5347527 403 68564 287 2493
5347557 403 68564 287 2493
5347588 403 68564 287 2493
5347618 403 68564 287 2493
5347648 403 68564 287 2493
5347678 403 68564 287 2493
5347709 403 68564 287 2493
5347739 403 68564 287 2493
5347769 403 68564 287 2493
5347800 403 68564 287 2493
5347830 403 68564 287 2493
5347860 403 68564 287 2493
5347891 403 68564 287 2493
5347921 403 68564 287 2493
5347951 403 68564 287 2493
5347981 403 68564 287 2493
5348012 403 68564 287 2493
5348042 403 68564 287 2493
5348072 403 68564 287 2493
5348102 403 68564 287 2493
5348133 403 68564 287 2493
5348163 403 68564 287 2493
5348193 403 68564 287 2493
5348224 403 68564 287 2493
5348254 403 68564 287 2493
5348284 403 68564 287 2493
5348315 403 68564 287 2493
5348345 403 68564 287 2493
5348375 403 68564 287 2493
5348405 403 68564 287 2493
5348436 403 68564 287 2493
5348466 403 68564 287 2493
5348496 403 68564 287 2493
5348526 403 68564 287 2493
5348557 403 68564 287 2493
5348587 403 68564 287 2493
5348617 403 68564 287 2493
5348648 403 68564 287 2493
5348678 403 68564 287 2493
5348708 403 68564 287 2493
5348738 403 68564 287 2493
5348769 403 68564 287 2493
5348799 403 68564 287 2493
5348829 403 68564 287 2493
5348859 403 68564 287 2493
5348890 403 68564 287 2493
5348920 403 68564 287 2493
5348950 403 68564 287 2493
5348980 403 68564 287 2493
5349011 403 68564 287 2493
5349041 403 68564 287 2493
5349071 403 68564 287 2493
5349101 403 68564 287 2493
5349131 403 68564 287 2493
5349162 403 68564 287 2493
5349192 403 68564 287 2493
5349222 403 68564 287 2493
5349252 403 68564 287 2493
5349282 403 68564 287 2493
5349312 403 68564 287 2493
5349343 403 68564 287 2493
5349373 403 68564 287 2493
5349403 403 68564 287 2493
5349433 403 68564 287 2493
5349464 403 68564 287 2493
5349494 403 68564 287 2493
5349524 403 68564 287 2493
5349555 403 68564 287 2493
5349585 403 68564 287 2493
5349615 403 68564 287 2493
5349645 403 68564 287 2493
5349675 403 68564 287 2493
5349706 403 68564 287 2493
5349736 403 68564 287 2493
5349766 403 68564 287 2493
5349796 403 68564 287 2493
5349826 403 68564 287 2493
5349857 403 68564 287 2493
5349887 403 68564 287 2493
5349917 403 68564 287 2493
5349947 403 68564 287 2493
5349977 403 68564 287 2493
5350008 403 68564 287 2493
5350038 403 68564 287 2493
5350068 403 68564 287 2493
5350098 403 68564 287 2493
5350128 403 68564 287 2493
5350159 403 68564 287 2493
5350189 403 68564 287 2493
5350219 403 68564 287 2493
5350249 403 68564 287 2493
5350279 403 68564 287 2493
5350309 403 68564 287 2493
5350340 403 68564 287 2493
5350370 403 68564 287 2493
5350400 403 68564 287 2493
5350430 403 68564 287 2493
5350461 403 68564 287 2493
5350491 403 68564 287 2493
5350521 403 68564 287 2493
5350551 403 68564 287 2493
5350581 403 68564 287 2493
5350611 403 68564 287 2493
5350642 403 68564 287 2493
5350672 403 68564 287 2493
5350702 403 68564 287 2493
5350733 403 68564 287 2493
5350763 403 68564 287 2493
5350793 403 68564 287 2493
5350823 403 68564 287 2493
5350853 403 68564 287 2493
5350884 403 68564 287 2493
5350914 403 68564 287 2493
5350944 403 68564 287 2493
5350974 403 68564 287 2493
5351004 403 68564 287 2493
5351035 403 68564 287 2493
5351065 403 68564 287 2493
5351095 403 68564 287 2493
5351125 403 68564 287 2493
5351155 403 68564 287 2493
5351186 403 68564 287 2493
5351216 403 68564 287 2493
5351246 403 68564 287 2493
5351276 403 68564 287 2493
5351306 403 68564 287 2493
5351337 403 68564 287 2493
5351367 403 68564 287 2493
5351397 403 68564 287 2493
5351427 403 68564 287 2493
5351457 403 68564 287 2493
5351487 403 68564 287 2493
5351518 403 68564 287 2493
5351548 403 68564 287 2493
5351578 403 68564 287 2493
5351608 403 68564 287 2493
5351638 403 68564 287 2493
5351669 403 68564 287 2493
5351699 403 68564 287 2493
5351729 403 68564 287 2493
5351759 403 68564 287 2493
5351789 403 68564 287 2493
5351819 403 68564 287 2493
5351849 403 68564 287 2493
5351880 403 68564 287 2493
5351910 403 68564 287 2493
5351940 403 68564 287 2493
5351970 403 68564 287 2493
5352000 403 68564 287 2493
5352031 403 68564 287 2493
5352061 403 68564 287 2493
5352091 403 68564 287 2493
5352121 403 68564 287 2493
5352151 403 68564 287 2493
5352182 403 68564 287 2493
5352212 403 68564 287 2493
5352242 403 68564 287 2493
5352272 403 68564 287 2493
5352302 403 68564 287 2493
5352333 403 68564 287 2493
5352363 403 68564 287 2493
5352393 403 68564 287 2493
5352423 403 68564 287 2493
5352454 403 68564 287 2493
5352484 403 68564 287 2493
5352514 403 68564 287 2493
5352544 403 68564 287 2493
5352575 403 68564 287 2493
5352605 403 68564 287 2493
5352635 403 68564 287 2493
5352665 403 68564 287 2493
5352695 403 68564 287 2493
5352726 403 68564 287 2493
5352756 403 68564 287 2493
5352786 403 68564 287 2493
5352816 403 68564 287 2493
5352847 403 68564 287 2493
5352877 403 68564 287 2493
5352907 403 68564 287 2493
5352937 403 68564 287 2493
5352967 403 68564 287 2493
5352998 403 68564 287 2493
5353028 403 68564 287 2493
5353058 403 68564 287 2493
5353088 403 68564 287 2493
5353118 403 68564 287 2493
5353148 403 68564 287 2493
5353178 403 68564 287 2493
5353209 403 68564 287 2493
5353240 403 68564 287 2493
5353270 403 68564 287 2493
5353300 403 68564 287 2493
5353330 403 68564 287 2493
5353360 403 68564 287 2493
5353391 403 68564 287 2493
5353421 403 68564 287 2493
5353451 403 68564 287 2493
5353481 403 68564 287 2493
5353511 403 68564 287 2493
5353542 403 68564 287 2493
5353572 403 68564 287 2493
5353602 403 68564 287 2493
5353632 403 68564 287 2493
5353663 403 68564 287 2493
5353693 403 68564 287 2493
5353723 403 68564 287 2493
5353753 403 68564 287 2493
5353784 403 68564 287 2493
5353814 403 68564 287 2493
5353844 403 68564 287 2493
5353874 403 68564 287 2493
5353904 403 68564 287 2493
5353935 403 68564 287 2493
5353965 403 68564 287 2493
5353995 403 68564 287 2493
5354025 403 68564 287 2493
5354056 403 68564 287 2493
5354087 403 68564 287 2493
5354117 403 68564 287 2493
5354148 403 68564 287 2493
5354178 403 68564 287 2493
5354208 403 68564 287 2493
5354238 403 68564 287 2493
5354268 403 68564 287 2493
5354298 403 68564 287 2493
5354329 403 68564 287 2493
5354359 403 68564 287 2493
5354391 403 68564 287 2493
5354423 403 68564 287 2493
5354453 403 68564 287 2493
5354484 403 68564 287 2493
5354514 403 68564 287 2493
5354544 403 68564 287 2493
5354574 403 68564 287 2493
5354605 403 68564 287 2493
5354635 403 68564 287 2493
5354665 403 68564 287 2493
5354695 403 68564 287 2493
5354726 403 68564 287 2493
5354756 403 68564 287 2493
5354786 403 68564 287 2493
5354816 403 68564 287 2493
5354847 403 68564 287 2493
5354877 403 68564 287 2493
5354911 403 68564 287 2493
5354943 403 68564 287 2493
5354973 403 68564 287 2493
5355003 403 68564 287 2493
5355034 403 68564 287 2493
5355064 403 68564 287 2493
5355094 403 68564 287 2493
5355124 403 68564 287 2493
5355155 403 68564 287 2493
5355185 403 68564 287 2493
5355215 403 68564 287 2493
5355246 403 68564 287 2493
5355276 403 68564 287 2493
5355306 403 68564 287 2493
5355337 403 68564 287 2493
5355367 403 68564 287 2493
5355397 403 68564 287 2493
5355427 403 68564 287 2493
5355458 403 68564 287 2493
5355488 403 68564 287 2493
5355518 403 68564 287 2493
5355548 403 68564 287 2493
5355579 403 68564 287 2493
5355609 403 68564 287 2493
5355639 403 68564 287 2493
5355669 403 68564 287 2493
5355700 403 68564 287 2493
5355730 403 68564 287 2493
5355760 403 68564 287 2493
5355790 403 68564 287 2493
5355820 403 68564 287 2493
5355850 403 68564 287 2493
5355881 403 68564 287 2493
5355912 403 68564 287 2493
5355942 403 68564 287 2493
5355972 403 68564 287 2493
5356002 403 68564 287 2493
5356033 403 68564 287 2493
5356063 403 68564 287 2493
5356093 403 68564 287 2493
5356123 403 68564 287 2493
5356154 403 68564 287 2493
5356186 403 68564 287 2493
5356217 403 68564 287 2493
5356248 403 68564 287 2493
5356278 403 68564 287 2493
5356308 403 68564 287 2493
5356339 403 68564 287 2493
5356369 403 68564 287 2493
5356399 403 68564 287 2493
5356429 403 68564 287 2493
5356460 403 68564 287 2493
5356490 403 68564 287 2493
5356520 403 68564 287 2493
5356549 403 68564 287 2493
5356581 403 68564 287 2493
5356611 403 68564 287 2493
5356641 403 68564 287 2493
5356671 403 68564 287 2493
5356701 403 68564 287 2493
5356731 403 68564 287 2493
5356762 403 68564 287 2493
5356793 403 68564 287 2493
5356823 403 68564 287 2493
5356853 403 68564 287 2493
5356883 403 68564 287 2493
5356914 403 68564 287 2493
5356944 403 68564 287 2493
5356974 403 68564 287 2493
5357004 403 68564 287 2493
5357035 403 68564 287 2493
5357065 403 68564 287 2493
5357095 403 68564 287 2493
5357126 403 68564 287 2493
5357156 403 68564 287 2493
5357186 403 68564 287 2493
5357216 403 68564 287 2493
5357247 403 68564 287 2493
5357277 403 68564 287 2493
5357307 403 68564 287 2493
5357337 403 68564 287 2493
5357368 403 68564 287 2493
5357398 403 68564 287 2493
5357428 403 68564 287 2493
5357458 403 68564 287 2493
5357489 403 68564 287 2493
5357519 403 68564 287 2493
5357549 403 68564 287 2493
5357579 403 68564 287 2493
5357610 403 68564 287 2493
5357640 403 68564 287 2493
5357670 403 68564 287 2493
5357700 403 68564 287 2493
5357731 403 68564 287 2493
5357761 403 68564 287 2493
5357791 403 68564 287 2493
5357821 403 68564 287 2493
5357852 403 68564 287 2493
5357882 403 68564 287 2493
5357912 403 68564 287 2493
5357942 403 68564 287 2493
5357972 403 68564 287 2493
5358002 403 68564 287 2493
5358032 403 68564 287 2493
5358064 403 68564 287 2493
5358094 403 68564 287 2493
5358124 403 68564 287 2493
5358154 403 68564 287 2493
5358185 403 68564 287 2493
5358215 403 68564 287 2493
5358245 403 68564 287 2493
5358275 403 68564 287 2493
5358305 403 68564 287 2493
5358336 403 68564 287 2493
5358366 403 68564 287 2493
5358396 403 68564 287 2493
5358426 403 68564 287 2493
5358457 403 68564 287 2493
5358487 403 68564 287 2493
5358517 403 68564 287 2493
5358548 403 68564 287 2493
5358578 403 68564 287 2493
5358608 403 68564 287 2493
5358638 403 68564 287 2493
5358669 403 68564 287 2493
5358699 403 68564 287 2493
5358729 403 68564 287 2493
5358759 403 68564 287 2493
5358790 403 68564 287 2493
5358820 403 68564 287 2493
5358850 403 68564 287 2493
5358881 403 68564 287 2493
5358911 403 68564 287 2493
5358941 403 68564 287 2493
5358971 403 68564 287 2493
5359001 403 68564 287 2493
5359032 403 68564 287 2493
5359062 403 68564 287 2493
5359092 403 68564 287 2493
5359122 403 68564 287 2493
5359153 403 68564 287 2493
5359183 403 68564 287 2493
5359213 403 68564 287 2493
5359244 403 68564 287 2493
5359274 403 68564 287 2493
5359304 403 68564 287 2493
5359334 403 68564 287 2493
5359365 403 68564 287 2493
5359395 403 68564 287 2493
5359425 403 68564 287 2493
5359455 403 68564 287 2493
5359486 403 68564 287 2493
5359516 403 68564 287 2493
5359546 403 68564 287 2493
5359576 403 68564 287 2493
5359607 403 68564 287 2493
5359637 403 68564 287 2493
5359667 403 68564 287 2493
5359697 403 68564 287 2493
5359728 403 68564 287 2493
5359758 403 68564 287 2493
5359788 403 68564 287 2493
5359818 403 68564 287 2493
5359849 403 68564 287 2493
5359879 403 68564 287 2493
5359909 403 68564 287 2493
5359939 403 68564 287 2493
5359970 403 68564 287 2493
5360000 403 68564 287 2493
5360030 403 68564 287 2493
5360060 403 68564 287 2493
5360091 403 68564 287 2493
5360121 403 68564 287 2493
5360151 403 68564 287 2493
5360181 403 68564 287 2493
5360212 403 68564 287 2493
5360242 403 68564 287 2493
5360272 403 68564 287 2493
5360302 403 68564 287 2493
5360333 403 68564 287 2493
5360363 403 68564 287 2493
5360393 403 68564 287 2493
5360423 403 68564 287 2493
5360454 403 68564 287 2493
5360484 403 68564 287 2493
5360514 403 68564 287 2493
5360544 403 68564 287 2493
5360575 403 68564 287 2493
5360605 403 68564 287 2493
5360635 403 68564 287 2493
5360665 403 68564 287 2493
5360696 403 68564 287 2493
5360726 403 68564 287 2493
5360756 403 68564 287 2493
5360786 403 68564 287 2493
5360817 403 68564 287 2493
5360847 403 68564 287 2493
5360877 403 68564 287 2493
5360907 403 68564 287 2493
5360938 403 68564 287 2493
5360968 403 68564 287 2493
5360998 403 68564 287 2493
5361028 403 68564 287 2493
5361059 403 68564 287 2493
5361089 403 68564 287 2493
5361119 403 68564 287 2493
5361150 403 68564 287 2493
5361180 403 68564 287 2493
5361210 403 68564 287 2493
5361240 403 68564 287 2493
5361271 403 68564 287 2493
5361301 403 68564 287 2493
5361331 403 68564 287 2493
5361362 403 68564 287 2493
5361392 403 68564 287 2493
5361422 403 68564 287 2493
5361452 403 68564 287 2493
5361483 403 68564 287 2493
5361513 403 68564 287 2493
5361543 403 68564 287 2493
5361573 403 68564 287 2493
5361604 403 68564 287 2493
5361634 403 68564 287 2493
5361664 403 68564 287 2493
5361695 403 68564 287 2493
5361725 403 68564 287 2493
5361755 403 68564 287 2493
5361786 403 68564 287 2493
5361816 403 68564 287 2493
5361846 403 68564 287 2493
5361876 403 68564 287 2493
5361906 403 68564 287 2493
5361937 403 68564 287 2493
5361967 403 68564 287 2493
5361998 403 68564 287 2493
5362028 403 68564 287 2493
5362058 403 68564 287 2493
5362088 403 68564 287 2493
5362118 403 68564 287 2493
5362149 403 68564 287 2493
5362179 403 68564 287 2493
5362209 403 68564 287 2493
5362239 403 68564 287 2493
5362270 403 68564 287 2493
5362300 403 68564 287 2493
5362330 403 68564 287 2493
5362361 403 68564 287 2493
5362391 403 68564 287 2493
5362421 403 68564 287 2493
5362452 403 68564 287 2493
5362482 403 68564 287 2493
5362512 403 68564 287 2493
5362542 403 68564 287 2493
5362573 403 68564 287 2493
5362603 403 68564 287 2493
5362633 403 68564 287 2493
5362663 403 68564 287 2493
5362694 403 68564 287 2493
5362724 403 68564 287 2493
5362754 403 68564 287 2493
5362784 403 68564 287 2493
5362815 403 68564 287 2493
5362845 403 68564 287 2493
5362875 403 68564 287 2493
5362905 403 68564 287 2493
5362936 403 68564 287 2493
5362966 403 68564 287 2493
5362996 403 68564 287 2493
5363026 403 68564 287 2493
5363057 403 68564 287 2493
5363087 403 68564 287 2493
5363117 403 68564 287 2493
5363148 403 68564 287 2493
5363178 403 68564 287 2493
5363208 403 68564 287 2493
5363238 403 68564 287 2493
5363269 403 68564 287 2493
5363299 403 68564 287 2493
5363329 403 68564 287 2493
5363360 403 68564 287 2493
5363390 403 68564 287 2493
5363420 403 68564 287 2493
5363450 403 68564 287 2493
5363481 403 68564 287 2493
5363511 403 68564 287 2493
5363542 403 68564 287 2493
5363572 403 68564 287 2493
5363602 403 68564 287 2493
5363632 403 68564 287 2493
5363663 403 68564 287 2493
5363693 403 68564 287 2493
5363723 403 68564 287 2493
5363754 403 68564 287 2493
5363784 403 68564 287 2493
5363814 403 68564 287 2493
5363844 403 68564 287 2493
5363875 403 68564 287 2493
5363905 403 68564 287 2493
5363935 403 68564 287 2493
5363966 403 68564 287 2493
5363996 403 68564 287 2493
5364027 403 68564 287 2493
5364057 403 68564 287 2493
5364087 403 68564 287 2493
5364117 403 68564 287 2493
5364148 403 68564 287 2493
5364178 403 68564 287 2493
5364208 403 68564 287 2493
5364238 403 68564 287 2493
5364269 403 68564 287 2493
5364299 403 68564 287 2493
5364329 403 68564 287 2493
5364360 403 68564 287 2493
5364390 403 68564 287 2493
5364420 403 68564 287 2493
5364450 403 68564 287 2493
5364481 403 68564 287 2493
5364511 403 68564 287 2493
5364541 403 68564 287 2493
5364572 403 68564 287 2493
5364602 403 68564 287 2493
5364632 403 68564 287 2493
5364663 403 68564 287 2493
5364693 403 68564 287 2493
5364723 403 68564 287 2493
5364754 403 68564 287 2493
5364784 403 68564 287 2493
5364814 403 68564 287 2493
5364845 403 68564 287 2493
5364875 403 68564 287 2493
5364905 403 68564 287 2493
5364935 403 68564 287 2493
5364966 403 68564 287 2493
5364996 403 68564 287 2493
5365026 403 68564 287 2493
5365057 403 68564 287 2493
5365087 403 68564 287 2493
5365117 403 68564 287 2493
5365147 403 68564 287 2493
5365178 403 68564 287 2493
5365208 403 68564 287 2493
5365238 403 68564 287 2493
5365269 403 68564 287 2493
5365299 403 68564 287 2493
5365329 403 68564 287 2493
5365360 403 68564 287 2493
5365390 403 68564 287 2493
5365420 403 68564 287 2493
5365450 403 68564 287 2493
5365481 403 68564 287 2493
5365511 403 68564 287 2493
5365542 403 68564 287 2493
5365572 403 68564 287 2493
5365602 403 68564 287 2493
5365633 403 68564 287 2493
5365663 403 68564 287 2493
5365693 403 68564 287 2493
5365723 403 68564 287 2493
5365754 403 68564 287 2493
5365784 403 68564 287 2493
5365814 403 68564 287 2493
5365845 403 68564 287 2493
5365875 403 68564 287 2493
5365905 403 68564 287 2493
5365936 403 68564 287 2493
5365966 403 68564 287 2493
5365996 403 68564 287 2493
5366027 403 68564 287 2493
5366057 403 68564 287 2493
5366087 403 68564 287 2493
5366118 403 68564 287 2493
5366148 403 68564 287 2493
5366178 403 68564 287 2493
5366208 403 68564 287 2493
5366239 403 68564 287 2493
5366269 403 68564 287 2493
5366299 403 68564 287 2493
5366330 403 68564 287 2493
5366360 403 68564 287 2493
5366390 403 68564 287 2493
5366421 403 68564 287 2493
5366451 403 68564 287 2493
5366481 403 68564 287 2493
5366512 403 68564 287 2493
5366542 403 68564 287 2493
5366572 403 68564 287 2493
5366603 403 68564 287 2493
5366633 403 68564 287 2493
5366663 403 68564 287 2493
5366694 403 68564 287 2493
5366724 403 68564 287 2493
5366754 403 68564 287 2493
5366785 403 68564 287 2493
5366815 403 68564 287 2493
5366845 403 68564 287 2493
5366876 403 68564 287 2493
5366906 403 68564 287 2493
5366936 403 68564 287 2493
5366967 403 68564 287 2493
5366997 403 68564 287 2493
5367027 403 68564 287 2493
5367058 403 68564 287 2493
5367088 403 68564 287 2493
5367118 403 68564 287 2493
5367148 403 68564 287 2493
5367179 403 68564 287 2493
5367209 403 68564 287 2493
5367239 403 68564 287 2493
5367270 403 68564 287 2493
5367300 403 68564 287 2493
5367330 403 68564 287 2493
5367361 403 68564 287 2493
5367391 403 68564 287 2493
5367421 403 68564 287 2493
5367451 403 68564 287 2493
5367482 403 68564 287 2493
5367512 403 68564 287 2493
5367542 403 68564 287 2493
5367573 403 68564 287 2493
5367603 403 68564 287 2493
5367633 403 68564 287 2493
5367663 403 68564 287 2493
5367694 403 68564 287 2493
5367724 403 68564 287 2493
5367754 403 68564 287 2493
5367785 403 68564 287 2493
5367815 403 68564 287 2493
5367845 403 68564 287 2493
5367875 403 68564 287 2493
5367906 403 68564 287 2493
5367936 403 68564 287 2493
5367966 403 68564 287 2493
5367997 403 68564 287 2493
5368027 403 68564 287 2493
5368057 403 68564 287 2493
5368087 403 68564 287 2493
5368118 403 68564 287 2493
5368148 403 68564 287 2493
5368178 403 68564 287 2493
5368209 403 68564 287 2493
5368239 403 68564 287 2493
5368269 403 68564 287 2493
5368299 403 68564 287 2493
5368329 403 68564 287 2493
5368360 403 68564 287 2493
5368390 403 68564 287 2493
5368420 403 68564 287 2493
5368450 403 68564 287 2493
5368481 403 68564 287 2493
5368511 403 68564 287 2493
5368541 403 68564 287 2493
5368572 403 68564 287 2493
5368602 403 68564 287 2493
5368632 403 68564 287 2493
5368662 403 68564 287 2493
5368693 403 68564 287 2493
5368723 403 68564 287 2493
5368753 403 68564 287 2493
5368783 403 68564 287 2493
5368813 403 68564 287 2493
5368844 403 68564 287 2493
5368874 403 68564 287 2493
5368904 403 68564 287 2493
5368934 403 68564 287 2493
5368965 403 68564 287 2493
5368995 403 68564 287 2493
5369026 403 68564 287 2493
5369056 403 68564 287 2493
5369086 403 68564 287 2493
5369116 403 68564 287 2493
5369147 403 68564 287 2493
5369177 403 68564 287 2493
5369207 403 68564 287 2493
5369237 403 68564 287 2493
5369268 403 68564 287 2493
5369298 403 68564 287 2493
5369328 403 68564 287 2493
5369358 403 68564 287 2493
5369389 403 68564 287 2493
5369419 403 68564 287 2493
5369449 403 68564 287 2493
5369479 403 68564 287 2493
5369509 403 68564 287 2493
5369540 403 68564 287 2493
5369570 403 68564 287 2493
5369600 403 68564 287 2493
5369630 403 68564 287 2493
5369660 403 68564 287 2493
5369690 403 68564 287 2493
5369721 403 68564 287 2493
5369751 403 68564 287 2493
5369782 403 68564 287 2493
5369812 403 68564 287 2493
5369842 403 68564 287 2493
5369872 403 68564 287 2493
5369902 403 68564 287 2493
5369932 403 68564 287 2493
5369963 403 68564 287 2493
5369993 403 68564 287 2493
5370023 403 68564 287 2493
5370053 403 68564 287 2493
5370084 403 68564 287 2493
5370114 403 68564 287 2493
5370144 403 68564 287 2493
5370174 403 68564 287 2493
5370204 403 68564 287 2493
5370235 403 68564 287 2493
5370265 403 68564 287 2493
5370295 403 68564 287 2493
5370325 403 68564 287 2493
5370355 403 68564 287 2493
5370386 403 68564 287 2493
5370416 403 68564 287 2493
5370446 403 68564 287 2493
5370476 403 68564 287 2493
5370506 403 68564 287 2493
5370537 403 68564 287 2493
5370567 403 68564 287 2493
5370597 403 68564 287 2493
5370627 403 68564 287 2493
5370657 403 68564 287 2493
5370687 403 68564 287 2493
5370718 403 68564 287 2493
5370748 403 68564 287 2493
5370778 403 68564 287 2493
5370808 403 68564 287 2493
5370838 403 68564 287 2493
5370869 403 68564 287 2493
5370899 403 68564 287 2493
5370929 403 68564 287 2493
5370959 403 68564 287 2493
5370989 403 68564 287 2493
5371019 403 68564 287 2493
5371050 403 68564 287 2493
5371080 403 68564 287 2493
5371110 403 68564 287 2493
5371140 403 68564 287 2493
5371171 403 68564 287 2493
5371201 403 68564 287 2493
5371231 403 68564 287 2493
5371261 403 68564 287 2493
5371291 403 68564 287 2493
5371321 403 68564 287 2493
5371352 403 68564 287 2493
5371382 403 68564 287 2493
5371412 403 68564 287 2493
5371442 403 68564 287 2493
5371472 403 68564 287 2493
5371502 403 68564 287 2493
5371532 403 68564 287 2493
5371563 403 68564 287 2493
5371593 403 68564 287 2493
5371623 403 68564 287 2493
5371653 403 68564 287 2493
5371683 403 68564 287 2493
5371713 403 68564 287 2493
5371743 403 68564 287 2493
5371774 403 68564 287 2493
5371804 403 68564 287 2493
5371834 403 68564 287 2493
5371864 403 68564 287 2493
5371894 403 68564 287 2493
5371924 403 68564 287 2493
5371954 403 68564 287 2493
5371985 403 68564 287 2493
5372015 403 68564 287 2493
5372045 403 68564 287 2493
5372075 403 68564 287 2493
5372105 403 68564 287 2493
5372135 403 68564 287 2493
5372166 403 68564 287 2493
5372196 403 68564 287 2493
5372226 403 68564 287 2493
5372256 403 68564 287 2493
5372286 403 68564 287 2493
5372316 403 68564 287 2493
5372347 403 68564 287 2493
5372377 403 68564 287 2493
5372407 403 68564 287 2493
5372437 403 68564 287 2493
5372467 403 68564 287 2493
5372497 403 68564 287 2493
5372527 403 68564 287 2493
5372558 403 68564 287 2493
5372588 403 68564 287 2493
5372618 403 68564 287 2493
5372648 403 68564 287 2493
5372678 403 68564 287 2493
5372708 403 68564 287 2493
5372738 403 68564 287 2493
5372769 403 68564 287 2493
5372799 403 68564 287 2493
5372829 403 68564 287 2493
5372859 403 68564 287 2493
5372889 403 68564 287 2493
5372920 403 68564 287 2493
5372950 403 68564 287 2493
5372980 403 68564 287 2493
5373010 403 68564 287 2493
5373040 403 68564 287 2493
5373070 403 68564 287 2493
5373100 403 68564 287 2493
5373131 403 68564 287 2493
5373161 403 68564 287 2493
5373191 403 68564 287 2493
5373221 403 68564 287 2493
5373251 403 68564 287 2493
5373281 403 68564 287 2493
5373311 403 68564 287 2493
5373342 403 68564 287 2493
5373372 403 68564 287 2493
5373402 403 68564 287 2493
5373432 403 68564 287 2493
5373462 403 68564 287 2493
5373493 403 68564 287 2493
5373523 403 68564 287 2493
5373553 403 68564 287 2493
5373583 403 68564 287 2493
5373613 403 68564 287 2493
5373643 403 68564 287 2493
5373674 403 68564 287 2493
5373704 403 68564 287 2493
5373734 403 68564 287 2493
5373764 403 68564 287 2493
5373794 403 68564 287 2493
5373824 403 68564 287 2493
5373855 403 68564 287 2493
5373885 403 68564 287 2493
5373915 403 68564 287 2493
5373945 403 68564 287 2493
5373976 403 68564 287 2493
5374006 403 68564 287 2493
5374036 403 68564 287 2493
5374066 403 68564 287 2493
5374096 403 68564 287 2493
5374126 403 68564 287 2493
5374157 403 68564 287 2493
5374187 403 68564 287 2493
5374217 403 68564 287 2493
5374247 403 68564 287 2493
5374278 403 68564 287 2493
5374308 403 68564 287 2493
5374338 403 68564 287 2493
5374368 403 68564 287 2493
5374398 403 68564 287 2493
5374428 403 68564 287 2493
5374459 403 68564 287 2493
5374489 403 68564 287 2493
5374519 403 68564 287 2493
5374549 403 68564 287 2493
5374579 403 68564 287 2493
5374609 403 68564 287 2493
5374640 403 68564 287 2493
5374670 403 68564 287 2493
5374700 403 68564 287 2493
5374730 403 68564 287 2493
5374760 403 68564 287 2493
5374790 403 68564 287 2493
5374821 403 68564 287 2493
5374850 403 68564 287 2493
5374880 403 68564 287 2493
5374910 403 68564 287 2493
5374941 403 68564 287 2493
5374972 403 68564 287 2493
