# header: write what you want on lines starting with #
# Total ACTIVE Pulses, # breakdowns, amp_set, index (point on pulse / power curve) , pulse length
# the init of this file could be 1 0 500 0 3500, 2 0 500 0 3500, etc
1 0 500 0 3500
102 7 3675 0 2493
77860 8 20550 222 2493
84624 9 26850 291 2493
86956 10 27050 291 2493
88189 11 27050 0 2493
89804 12 28450 291 2493
90894 13 28450 291 2493
91987 14 28450 291 2493
98240 15 29450 291 2493
99172 16 29450 291 2493
100158 17 29450 291 2493
106672 18 36150 291 2493
106684 19 36150 291 2493
106697 20 36150 291 2493
106709 21 36150 291 2493
106722 22 36150 291 2493
106735 23 36150 291 2493
106748 24 36150 291 2493
106760 25 36150 291 2493
106772 26 36150 291 2493
106784 27 36150 291 2493
106796 28 36150 291 2493
106808 29 36150 291 2493
106820 30 36150 291 2493
106834 31 36150 291 2493
106846 32 36150 291 2493
106859 33 36150 291 2493
106871 34 36150 291 2493
106884 35 36150 291 2493
106897 36 36150 291 2493
3848819 286 39931 238 2493
4701474 341 40000 287 2493
4770142 342 45265 287 2493
4795011 343 48799 287 2493
4843634 344 54053 287 2493
4940712 345 61629 287 2493
4952722 346 64039 287 2493
4967192 347 65392 287 2493
4968498 348 65392 287 2493
5006008 355 67020 287 2493
5007182 356 67020 287 2493
5221406 395 67522 287 2493
5209405 392 67938 287 2493
5210150 393 67938 287 2493
5211125 394 67938 287 2493
5212315 395 67938 287 2493
5221421 395 67139 287 2493
5221436 395 67139 287 2493
5221451 395 67139 287 2493
5221466 395 67139 287 2493
5221481 395 67139 287 2493
5221497 395 67139 287 2493
5221512 395 67139 287 2493
5221527 395 67139 287 2493
5221543 395 67139 287 2493
5221558 395 67139 287 2493
5221573 395 67139 287 2493
5221588 395 67139 287 2493
5221603 395 67139 287 2493
5221618 395 67139 287 2493
5221634 395 67139 287 2493
5221649 395 67139 287 2493
5221664 395 67139 287 2493
5221679 395 67139 287 2493
5221694 395 67139 287 2493
5221709 395 67139 287 2493
5221724 395 67139 287 2493
5221739 395 67139 287 2493
5221754 395 67139 287 2493
5221769 395 67139 287 2493
5221784 395 67139 287 2493
5221799 395 67139 287 2493
5221814 395 67139 287 2493
5221829 395 67139 287 2493
5221844 395 67139 287 2493
5221859 395 67139 287 2493
5221874 395 67139 287 2493
5221889 395 67139 287 2493
5221904 395 67139 287 2493
5221919 395 67139 287 2493
5221934 395 67139 287 2493
5221949 395 67139 287 2493
5221964 395 67139 287 2493
5221979 395 67139 287 2493
5221994 395 67139 287 2493
5222009 395 67139 287 2493
5222024 395 67139 287 2493
5222040 395 67139 287 2493
5222055 395 67139 287 2493
5222070 395 67139 287 2493
5222085 395 67139 287 2493
5222100 395 67139 287 2493
5222115 395 67139 287 2493
5222130 395 67139 287 2493
5222145 395 67139 287 2493
5222160 395 67139 287 2493
5222175 395 67139 287 2493
5222190 395 67139 287 2493
5222205 395 67139 287 2493
5222220 395 67139 287 2493
5222235 395 67139 287 2493
5222250 395 67139 287 2493
5222265 395 67139 287 2493
5222280 395 67139 287 2493
5222296 395 67139 287 2493
5222311 395 67139 287 2493
5222327 395 67139 287 2493
5222342 395 67139 287 2493
5222357 395 67139 287 2493
5222372 395 67139 287 2493
5222387 395 67139 287 2493
5222402 395 67139 287 2493
5222417 395 67139 287 2493
5222432 395 67139 287 2493
5222447 395 67139 287 2493
5222462 395 67139 287 2493
5222477 395 67139 287 2493
5222493 395 67139 287 2493
5222508 395 67139 287 2493
5222523 395 67139 287 2493
5222538 395 67139 287 2493
5222553 395 67139 287 2493
5222569 395 67139 287 2493
5222584 395 67139 287 2493
5222599 395 67139 287 2493
5222614 395 67139 287 2493
5222629 395 67139 287 2493
5222645 395 67139 287 2493
5222660 395 67139 287 2493
5222675 395 67139 287 2493
5222690 395 67139 287 2493
5222705 395 67139 287 2493
5222721 395 67139 287 2493
5222736 395 67139 287 2493
5222751 395 67139 287 2493
5222766 395 67139 287 2493
5222781 395 67139 287 2493
5222796 395 67139 287 2493
5222811 395 67139 287 2493
5222826 395 67139 287 2493
5222841 395 67139 287 2493
5222856 395 67139 287 2493
5222871 395 67139 287 2493
5222887 395 67139 287 2493
5222902 395 67139 287 2493
5222917 395 67139 287 2493
5222932 395 67139 287 2493
5222947 395 67139 287 2493
5222962 395 67139 287 2493
5222977 395 67139 287 2493
5222992 395 67139 287 2493
5223007 395 67139 287 2493
5223022 395 67139 287 2493
5223037 395 67139 287 2493
5223053 395 67139 287 2493
5223068 395 67139 287 2493
5223084 395 67139 287 2493
5223099 395 67139 287 2493
5223114 395 67139 287 2493
5223129 395 67139 287 2493
5223144 395 67139 287 2493
5223159 395 67139 287 2493
5223174 395 67139 287 2493
5223189 395 67139 287 2493
5223204 395 67139 287 2493
5223219 395 67139 287 2493
5223234 395 67139 287 2493
5223249 395 67139 287 2493
5223264 395 67139 287 2493
5223279 395 67139 287 2493
5223294 395 67139 287 2493
5223309 395 67139 287 2493
5223324 395 67139 287 2493
5223339 395 67139 287 2493
5223354 395 67139 287 2493
5223369 395 67139 287 2493
5223384 395 67139 287 2493
5223399 395 67139 287 2493
5223414 395 67139 287 2493
5223429 395 67139 287 2493
5223444 395 67139 287 2493
5223459 395 67139 287 2493
5223474 395 67139 287 2493
5223489 395 67139 287 2493
5223504 395 67139 287 2493
5223521 395 67139 287 2493
5223536 395 67139 287 2493
5223551 395 67139 287 2493
5223566 395 67139 287 2493
5223581 395 67139 287 2493
5223596 395 67139 287 2493
5223611 395 67139 287 2493
5223626 395 67139 287 2493
5223641 395 67139 287 2493
5223656 395 67139 287 2493
5223671 395 67139 287 2493
5224671 395 67139 287 2493
5225671 395 67178 287 2493
5226671 395 67219 287 2493
5226754 396 67731 287 2493
5226769 396 67731 287 2493
5226784 396 67731 287 2493
5226799 396 67731 287 2493
5226814 396 67731 287 2493
5226829 396 67731 287 2493
5226844 396 67731 287 2493
5226859 396 67731 287 2493
5226874 396 67731 287 2493
5226889 396 67731 287 2493
5226904 396 67731 287 2493
5226919 396 67731 287 2493
5226935 396 67731 287 2493
5226950 396 67731 287 2493
5226965 396 67731 287 2493
5226980 396 67731 287 2493
5226995 396 67731 287 2493
5227010 396 67731 287 2493
5227025 396 67731 287 2493
5227040 396 67731 287 2493
5227055 396 67731 287 2493
5227071 396 67731 287 2493
5227086 396 67731 287 2493
5227101 396 67731 287 2493
5227116 396 67731 287 2493
5227131 396 67731 287 2493
5227146 396 67731 287 2493
5227161 396 67731 287 2493
5227176 396 67731 287 2493
5227191 396 67731 287 2493
5227206 396 67731 287 2493
5227221 396 67731 287 2493
5227236 396 67731 287 2493
5227251 396 67731 287 2493
5227268 397 67731 287 2493
5227283 397 67731 287 2493
5227298 397 67731 287 2493
5227313 397 67731 287 2493
5227328 397 67731 287 2493
5227343 397 67731 287 2493
5227358 397 67731 287 2493
5227373 397 67731 287 2493
5227388 397 67731 287 2493
5227403 397 67731 287 2493
5227418 397 67731 287 2493
5227433 397 67731 287 2493
5227448 397 67731 287 2493
5227463 397 67731 287 2493
5227478 397 67731 287 2493
5227493 397 67731 287 2493
5227508 397 67731 287 2493
5227524 397 67731 287 2493
5227539 397 67731 287 2493
5227554 397 67731 287 2493
5227569 397 67731 287 2493
5227584 397 67731 287 2493
5227599 397 67731 287 2493
5227614 397 67731 287 2493
5227629 397 67731 287 2493
5227644 397 67731 287 2493
5227659 397 67731 287 2493
5227674 397 67731 287 2493
5227689 397 67731 287 2493
5227704 397 67731 287 2493
5227719 397 67731 287 2493
5227734 397 67731 287 2493
5227749 397 67731 287 2493
5227765 397 67731 287 2493
5227780 397 67731 287 2493
5227795 397 67731 287 2493
5227810 397 67731 287 2493
5227825 397 67731 287 2493
5227840 397 67731 287 2493
5227856 397 67731 287 2493
5227871 397 67731 287 2493
5227886 397 67731 287 2493
5227901 397 67731 287 2493
5227916 397 67731 287 2493
5227931 397 67731 287 2493
5227946 397 67731 287 2493
5227961 397 67731 287 2493
5227976 397 67731 287 2493
5227991 397 67731 287 2493
5228007 397 67731 287 2493
5228022 397 67731 287 2493
5228038 397 67731 287 2493
5228053 397 67731 287 2493
5228069 397 67731 287 2493
5228084 397 67731 287 2493
5228099 397 67731 287 2493
5228114 397 67731 287 2493
5228130 397 67731 287 2493
5228145 397 67731 287 2493
5228160 397 67731 287 2493
5228175 397 67731 287 2493
5228190 397 67731 287 2493
5228205 397 67731 287 2493
5228220 397 67731 287 2493
5228235 397 67731 287 2493
5228250 397 67731 287 2493
5228265 397 67731 287 2493
5228280 397 67731 287 2493
5228295 397 67731 287 2493
5228310 397 67731 287 2493
5228325 397 67731 287 2493
5228340 397 67731 287 2493
5228356 397 67731 287 2493
5228371 397 67731 287 2493
5228386 397 67731 287 2493
5228402 397 67731 287 2493
5228418 397 67731 287 2493
5228433 397 67731 287 2493
5228448 397 67731 287 2493
5228464 397 67731 287 2493
5228479 397 67731 287 2493
5228494 397 67731 287 2493
5228509 397 67731 287 2493
5228525 397 67731 287 2493
5228540 397 67731 287 2493
5228556 397 67731 287 2493
5228571 397 67731 287 2493
5228586 397 67731 287 2493
5228601 397 67731 287 2493
5228616 397 67731 287 2493
5228631 397 67731 287 2493
5228646 397 67731 287 2493
5228662 397 67731 287 2493
5228677 397 67731 287 2493
5228692 397 67731 287 2493
5228707 397 67731 287 2493
5228722 397 67731 287 2493
5228737 397 67731 287 2493
5228752 397 67731 287 2493
5228767 397 67731 287 2493
5228782 397 67731 287 2493
5228798 397 67731 287 2493
5228814 397 67731 287 2493
5228829 397 67731 287 2493
5228844 397 67731 287 2493
5228859 397 67731 287 2493
5228874 397 67731 287 2493
5228889 397 67731 287 2493
5228904 397 67731 287 2493
5228919 397 67731 287 2493
5228934 397 67731 287 2493
5228949 397 67731 287 2493
5228964 397 67731 287 2493
5228979 397 67731 287 2493
5228994 397 67731 287 2493
5229009 397 67731 287 2493
5229024 397 67731 287 2493
5229039 397 67731 287 2493
5229054 397 67731 287 2493
5229070 397 67731 287 2493
5229086 397 67731 287 2493
5229102 397 67731 287 2493
5229118 397 67731 287 2493
5229133 397 67731 287 2493
5229148 397 67731 287 2493
5229163 397 67731 287 2493
5229179 397 67731 287 2493
5229194 397 67731 287 2493
5229209 397 67731 287 2493
5229224 397 67731 287 2493
5229239 397 67731 287 2493
5229254 397 67731 287 2493
5229269 397 67731 287 2493
5229284 397 67731 287 2493
5229299 397 67731 287 2493
5229314 397 67731 287 2493
5229329 397 67731 287 2493
5229344 397 67731 287 2493
5229359 397 67731 287 2493
5229375 397 67731 287 2493
5229390 397 67731 287 2493
5229405 397 67731 287 2493
5229420 397 67731 287 2493
5229435 397 67731 287 2493
5229450 397 67731 287 2493
5229465 397 67731 287 2493
5229480 397 67731 287 2493
5229495 397 67731 287 2493
5229510 397 67731 287 2493
5229525 397 67731 287 2493
5230525 397 67731 287 2493
5231555 397 67731 287 2493
5232585 397 67731 287 2493
5233615 397 67731 287 2493
5234646 397 67731 287 2493
