# header: write what you want on lines starting with #
# Total ACTIVE Pulses, # breakdowns, amp_set, index (point on pulse / power curve) , pulse length
# the init of this file could be 1 0 500 0 3500, 2 0 500 0 3500, etc
531 0 709 7 756
629927 1 19500 287 756
649134 2 19900 287 756
663617 3 19900 287 756
675254 4 19900 287 756
685220 5 19900 287 756
701197 6 19900 287 756
716534 7 19900 287 756
727172 8 19900 287 756
743893 9 20300 287 756
809136 10 22300 287 756
850907 11 23100 287 756
1311952 12 34700 287 756
1322395 13 34700 287 756
1345435 14 35100 287 756
1445388 16 35270 287 756
1500817 17 38300 287 756
1515290 18 38300 287 756
1527422 19 38300 287 756
1550025 20 38700 287 756
1565127 21 38700 287 756
1577229 22 38700 287 756
1589818 23 38700 287 756
1605748 24 38700 287 756
1618050 25 38700 287 756
1633214 26 38700 287 756
1648658 27 38700 287 756
1662460 28 38700 287 756
1675533 29 38700 287 756
1704498 30 38700 287 756
1717266 31 38700 287 756
1967674 32 45500 287 756
1993695 33 46300 287 756
2009915 34 46300 287 756
2109710 35 49100 287 756
2109778 37 49100 287 756
2109916 38 49100 287 756
2110042 40 49100 287 756
2153576 41 49500 287 756
2217174 42 49500 287 756
2217244 44 49500 287 756
2265819 45 49500 287 756
2265886 47 49500 287 756
2331968 48 51541 287 756
2332036 49 51541 287 756
2360661 50 52300 287 756
2360729 51 52300 287 756
2387038 53 53100 287 756
2387105 55 53100 287 756
2434285 56 53900 287 756
2455135 57 54300 287 756
2476035 58 54700 287 756
2496947 59 55100 287 756
2511098 60 55100 287 756
2525622 61 55100 287 756
2538407 62 55100 287 756
2998277 62 66500 287 756
2998208 62 69500 287 756
2998276 62 69500 287 756
2998336 62 63701 287 756
2998402 62 63701 287 756
2998464 62 63701 287 756
2998529 62 63701 287 756
2998589 62 63701 287 756
2998649 62 63701 287 756
2998712 62 63701 287 756
2998773 62 63701 287 756
2998837 62 63701 287 756
2998897 62 63701 287 756
2998957 62 63701 287 756
2999024 62 63701 287 756
2999086 62 63701 287 756
2999150 62 63701 287 756
2999210 62 63701 287 756
2999272 62 63701 287 756
2999333 62 63701 287 756
2999393 62 63701 287 756
2999462 62 63701 287 756
2999526 62 63701 287 756
2999587 62 63701 287 756
2999647 62 63701 287 756
2999717 62 63701 287 756
2999777 62 63701 287 756
2999838 62 63701 287 756
2999901 62 63701 287 756
2999961 62 63701 287 756
3000024 62 63701 287 756
3000086 62 63701 287 756
3000147 62 63701 287 756
3000216 62 63701 287 756
3000281 62 63701 287 756
3000341 62 63701 287 756
3000408 62 63701 287 756
3000471 62 63701 287 756
3000536 62 63701 287 756
3000602 62 63701 287 756
3000663 62 63701 287 756
3000730 62 63701 287 756
3000797 62 63701 287 756
3000862 62 63701 287 756
3000930 62 63701 287 756
3000990 62 63701 287 756
3001057 62 63701 287 756
3001126 62 63701 287 756
3001186 62 63701 287 756
3001248 62 63701 287 756
3001310 62 63701 287 756
3001370 62 63701 287 756
3001432 62 63701 287 756
3001497 62 63701 287 756
3001567 62 63701 287 756
3001628 62 63701 287 756
3001693 62 63701 287 756
3001761 62 63701 287 756
3001832 62 63701 287 756
3001893 62 63701 287 756
3001961 62 63701 287 756
3002026 62 63701 287 756
3002098 62 63701 287 756
3002166 62 63701 287 756
3002237 62 63701 287 756
3002297 62 63701 287 756
3002363 62 63701 287 756
3002431 62 63701 287 756
3002498 62 63701 287 756
3002562 62 63701 287 756
3002624 62 63701 287 756
3002685 62 63701 287 756
3002746 62 63701 287 756
3002808 62 63701 287 756
3002868 62 63701 287 756
3002933 62 63701 287 756
3002999 62 63701 287 756
3003060 62 63701 287 756
3003121 62 63701 287 756
3003185 62 63701 287 756
3003246 62 63701 287 756
3003307 62 63701 287 756
3003369 62 63701 287 756
3003430 62 63701 287 756
3003500 62 63701 287 756
3003560 62 63701 287 756
3003623 62 63701 287 756
3003685 62 63701 287 756
3003746 62 63701 287 756
3003806 62 63701 287 756
3003867 62 63701 287 756
3003927 62 63701 287 756
3003989 62 63701 287 756
3004049 62 63701 287 756
3004111 62 63701 287 756
3004179 62 63701 287 756
3004246 62 63701 287 756
3004309 62 63701 287 756
3004370 62 63701 287 756
3004433 62 63701 287 756
3004494 62 63701 287 756
3004566 62 63701 287 756
3004632 62 63701 287 756
3004703 62 63701 287 756
3004767 62 63701 287 756
3004830 62 63701 287 756
3004890 62 63701 287 756
3004956 62 63701 287 756
3005019 62 63701 287 756
3005082 62 63701 287 756
3005144 62 63701 287 756
3005204 62 63701 287 756
3005269 62 63701 287 756
3005337 62 63701 287 756
3005409 62 63701 287 756
3005478 62 63701 287 756
3005543 62 63701 287 756
3005605 62 63701 287 756
3005674 62 63701 287 756
3005735 62 63701 287 756
3005797 62 63701 287 756
3005867 62 63701 287 756
3005928 62 63701 287 756
3005990 62 63701 287 756
3006054 62 63701 287 756
3006121 62 63701 287 756
3006188 62 63701 287 756
3006253 62 63701 287 756
3006315 62 63701 287 756
3006380 62 63701 287 756
3006445 62 63701 287 756
3006510 62 63701 287 756
3006575 62 63701 287 756
3006640 62 63701 287 756
3006707 62 63701 287 756
3006768 62 63701 287 756
3006835 62 63701 287 756
3006898 62 63701 287 756
3006962 62 63701 287 756
3007027 62 63701 287 756
3007093 62 63701 287 756
3007153 62 63701 287 756
3007218 62 63701 287 756
3007285 62 63701 287 756
3007345 62 63701 287 756
3007407 62 63701 287 756
3007469 62 63701 287 756
3007534 62 63701 287 756
3007605 62 63701 287 756
3007673 62 63701 287 756
3007733 62 63701 287 756
3007801 62 63701 287 756
3007863 62 63701 287 756
3007925 62 63701 287 756
3007994 62 63701 287 756
3008057 62 63701 287 756
3008121 62 63701 287 756
3008189 62 63701 287 756
3008259 62 63701 287 756
3008319 62 63701 287 756
3008382 62 63701 287 756
3008449 62 63701 287 756
3008510 62 63701 287 756
3008575 62 63701 287 756
3008635 62 63701 287 756
3008698 62 63701 287 756
3008758 62 63701 287 756
3008825 62 63701 287 756
3008885 62 63701 287 756
3008949 62 63701 287 756
3009013 62 63701 287 756
3009081 62 63701 287 756
3009143 62 63701 287 756
3009203 62 63701 287 756
3009265 62 63701 287 756
3009330 62 63701 287 756
3009390 62 63701 287 756
3009458 62 63701 287 756
3009525 62 63701 287 756
3009585 62 63701 287 756
3009647 62 63701 287 756
3009715 62 63701 287 756
3009781 62 63701 287 756
3009845 62 63701 287 756
3009913 62 63701 287 756
3009978 62 63701 287 756
3010041 62 63701 287 756
3010107 62 63701 287 756
3010173 62 63701 287 756
3010237 62 63701 287 756
3010303 62 63701 287 756
3010369 62 63701 287 756
3010430 62 63701 287 756
3010490 62 63701 287 756
3010558 62 63701 287 756
3010628 62 63701 287 756
3010689 62 63701 287 756
3010757 62 63701 287 756
3010817 62 63701 287 756
3010886 62 63701 287 756
3010952 62 63701 287 756
3011017 62 63701 287 756
3011077 62 63701 287 756
3012081 62 63701 287 756
3013083 62 63751 287 756
3014095 62 63801 287 756
3015097 62 63851 287 756
3016107 62 63901 287 756
3017116 62 63951 287 756
3018125 62 64001 287 756
3019129 62 64051 287 756
3020138 62 64101 287 756
3096188 62 65169 287 756
3096258 62 65169 287 756
3096322 62 65169 287 756
3096388 62 65169 287 756
3096458 62 65169 287 756
3096522 62 65169 287 756
3096587 62 65169 287 756
3096650 62 65169 287 756
3096715 62 65169 287 756
3096777 62 65169 287 756
3096839 62 65169 287 756
3096904 62 65169 287 756
3096965 62 65169 287 756
3097025 62 65169 287 756
3097088 62 65169 287 756
3097159 62 65169 287 756
3097220 62 65169 287 756
3097285 62 65169 287 756
3097345 62 65169 287 756
3097406 62 65169 287 756
3097472 62 65169 287 756
3097533 62 65169 287 756
3097593 62 65169 287 756
3097658 62 65169 287 756
3097720 62 65169 287 756
3097790 62 65169 287 756
3097851 62 65169 287 756
3097918 62 65169 287 756
3097988 62 65169 287 756
3098048 62 65169 287 756
3098113 62 65169 287 756
3098174 62 65169 287 756
3098234 62 65169 287 756
3098299 62 65169 287 756
3098361 62 65169 287 756
3098422 62 65169 287 756
3098483 62 65169 287 756
3098543 62 65169 287 756
3098614 62 65169 287 756
3098677 62 65169 287 756
3098739 62 65169 287 756
3098800 62 65169 287 756
3098863 62 65169 287 756
3098925 62 65169 287 756
3098994 62 65169 287 756
3099061 62 65169 287 756
3099123 62 65169 287 756
3099189 62 65169 287 756
3099251 62 65169 287 756
3099311 62 65169 287 756
3099372 62 65169 287 756
3099443 62 65169 287 756
3099511 62 65169 287 756
3099576 62 65169 287 756
3099639 62 65169 287 756
3099701 62 65169 287 756
3099763 62 65169 287 756
3099823 62 65169 287 756
3099885 62 65169 287 756
3099951 62 65169 287 756
3100019 62 65169 287 756
3100080 62 65169 287 756
3100146 62 65169 287 756
3100206 62 65169 287 756
3100266 62 65169 287 756
3100331 62 65169 287 756
3100401 62 65169 287 756
3100465 62 65169 287 756
3100531 62 65169 287 756
3100602 62 65169 287 756
3100672 62 65169 287 756
3100744 62 65169 287 756
3100809 62 65169 287 756
3100879 62 65169 287 756
3100940 62 65169 287 756
3101003 62 65169 287 756
3101074 62 65169 287 756
3101135 62 65169 287 756
3101205 62 65169 287 756
3101271 62 65169 287 756
3101331 62 65169 287 756
3101393 62 65169 287 756
3101457 62 65169 287 756
3101527 62 65169 287 756
3101587 62 65169 287 756
3101654 62 65169 287 756
3101715 62 65169 287 756
3101782 62 65169 287 756
3101852 62 65169 287 756
3101917 62 65169 287 756
3101978 62 65169 287 756
3102048 62 65169 287 756
3102113 62 65169 287 756
3102181 62 65169 287 756
3102241 62 65169 287 756
3102307 62 65169 287 756
3102368 62 65169 287 756
3102436 62 65169 287 756
3102498 62 65169 287 756
3102565 62 65169 287 756
3102625 62 65169 287 756
3102695 62 65169 287 756
3102761 62 65169 287 756
3102821 62 65169 287 756
3102890 62 65169 287 756
3102957 62 65169 287 756
3103017 62 65169 287 756
3103077 62 65169 287 756
3103142 62 65169 287 756
3103210 62 65169 287 756
3103279 62 65169 287 756
3103341 62 65169 287 756
3103405 62 65169 287 756
3103474 62 65169 287 756
3103535 62 65169 287 756
3103602 62 65169 287 756
3103665 62 65169 287 756
3103728 62 65169 287 756
3103791 62 65169 287 756
3103853 62 65169 287 756
3103914 62 65169 287 756
3103981 62 65169 287 756
3104041 62 65169 287 756
3104102 62 65169 287 756
3104168 62 65169 287 756
3104230 62 65169 287 756
3104293 62 65169 287 756
3104358 62 65169 287 756
3104428 62 65169 287 756
3104490 62 65169 287 756
3104555 62 65169 287 756
3104616 62 65169 287 756
3104678 62 65169 287 756
3104741 62 65169 287 756
3104809 62 65169 287 756
3104872 62 65169 287 756
3104933 62 65169 287 756
3104999 62 65169 287 756
3105059 62 65169 287 756
3105128 62 65169 287 756
3105191 62 65169 287 756
3105264 62 65169 287 756
3105334 62 65169 287 756
3105398 62 65169 287 756
3105470 62 65169 287 756
3105533 62 65169 287 756
3105595 62 65169 287 756
3105657 62 65169 287 756
3105726 62 65169 287 756
3105789 62 65169 287 756
3105852 62 65169 287 756
3105913 62 65169 287 756
3105979 62 65169 287 756
3106041 62 65169 287 756
3106102 62 65169 287 756
3106167 62 65169 287 756
3106228 62 65169 287 756
3106292 62 65169 287 756
3106352 62 65169 287 756
3106413 62 65169 287 756
3106473 62 65169 287 756
3106533 62 65169 287 756
3106597 62 65169 287 756
3106660 62 65169 287 756
3106727 62 65169 287 756
3106797 62 65169 287 756
3106865 62 65169 287 756
3106931 62 65169 287 756
3106992 62 65169 287 756
3107059 62 65169 287 756
3107125 62 65169 287 756
3107186 62 65169 287 756
3107254 62 65169 287 756
3107322 62 65169 287 756
3107383 62 65169 287 756
3107448 62 65169 287 756
3107517 62 65169 287 756
3107577 62 65169 287 756
3107638 62 65169 287 756
3107698 62 65169 287 756
3107759 62 65169 287 756
3107819 62 65169 287 756
3107888 62 65169 287 756
3107955 62 65169 287 756
3108016 62 65169 287 756
3108081 62 65169 287 756
3108149 62 65169 287 756
3108219 62 65169 287 756
3108287 62 65169 287 756
3108347 62 65169 287 756
3108413 62 65169 287 756
3108483 62 65169 287 756
3108551 62 65169 287 756
3108618 62 65169 287 756
3108678 62 65169 287 756
3108748 62 65169 287 756
3108808 62 65169 287 756
3108869 62 65169 287 756
3108932 62 65169 287 756
3108994 62 65169 287 756
3125405 62 65169 287 756
3125473 62 65169 287 756
3125545 62 65169 287 756
3125613 62 65169 287 756
3125674 62 65169 287 756
3125773 62 65169 287 756
3125837 62 65169 287 756
3125897 62 65169 287 756
3126007 62 65169 287 756
3126071 62 65169 287 756
3126131 62 65169 287 756
3126289 62 65169 287 756
3126352 62 65169 287 756
3126414 62 65169 287 756
3126475 62 65169 287 756
3126540 62 65169 287 756
3126600 62 65169 287 756
3126668 62 65169 287 756
3126733 62 65169 287 756
3126794 62 65169 287 756
3126854 62 65169 287 756
3126920 62 65169 287 756
3126980 62 65169 287 756
3127040 62 65169 287 756
3127106 62 65169 287 756
3127167 62 65169 287 756
3127228 62 65169 287 756
3127293 62 65169 287 756
3127354 62 65169 287 756
3127418 62 65169 287 756
3127486 62 65169 287 756
3127546 62 65169 287 756
3127608 62 65169 287 756
3127673 62 65169 287 756
