# header: write what you want on lines starting with #
# Total ACTIVE Pulses, # breakdowns, amp_set, index (point on pulse / power curve) , pulse length
# the init of this file could be 1 0 500 0 3500, 2 0 500 0 3500, etc
1 0 500 0 3500
102 7 3675 0 2493
77860 8 20550 222 2493
84624 9 26850 291 2493
86956 10 27050 291 2493
88189 11 27050 0 2493
89804 12 28450 291 2493
90894 13 28450 291 2493
91987 14 28450 291 2493
98240 15 29450 291 2493
99172 16 29450 291 2493
100158 17 29450 291 2493
106672 18 36150 291 2493
106684 19 36150 291 2493
106697 20 36150 291 2493
106709 21 36150 291 2493
106722 22 36150 291 2493
106735 23 36150 291 2493
106748 24 36150 291 2493
106760 25 36150 291 2493
106772 26 36150 291 2493
106784 27 36150 291 2493
106796 28 36150 291 2493
106808 29 36150 291 2493
106820 30 36150 291 2493
106834 31 36150 291 2493
106846 32 36150 291 2493
106859 33 36150 291 2493
106871 34 36150 291 2493
106884 35 36150 291 2493
106897 36 36150 291 2493
3848819 286 39931 238 2493
4701474 341 40000 287 2493
4762214 341 44318 287 2493
4763214 341 44368 287 2493
4764214 341 44418 287 2493
4765214 341 44468 287 2493
4765230 341 44637 287 2493
4765260 341 44637 287 2493
4765275 341 44637 287 2493
4765306 341 44637 287 2493
4765321 341 44637 287 2493
4765336 341 44637 287 2493
4765351 341 44637 287 2493
4765366 341 44637 287 2493
4765381 341 44637 287 2493
4765396 341 44637 287 2493
4765411 341 44637 287 2493
4765426 341 44637 287 2493
4765441 341 44637 287 2493
4765456 341 44637 287 2493
4765471 341 44637 287 2493
4765486 341 44637 287 2493
4765501 341 44637 287 2493
4765516 341 44637 287 2493
4765531 341 44637 287 2493
4765546 341 44637 287 2493
4765561 341 44637 287 2493
4765577 341 44637 287 2493
4765592 341 44637 287 2493
4765607 341 44637 287 2493
4765622 341 44637 287 2493
4765637 341 44637 287 2493
4765652 341 44637 287 2493
4765667 341 44637 287 2493
4765682 341 44637 287 2493
4765697 341 44637 287 2493
4765712 341 44637 287 2493
4765727 341 44637 287 2493
4765742 341 44637 287 2493
4765757 341 44637 287 2493
4765772 341 44637 287 2493
4765787 341 44637 287 2493
4765802 341 44637 287 2493
4765817 341 44637 287 2493
4765832 341 44637 287 2493
4765847 341 44637 287 2493
4765862 341 44637 287 2493
4765877 341 44637 287 2493
4765893 341 44637 287 2493
4765908 341 44637 287 2493
4765923 341 44637 287 2493
4765938 341 44637 287 2493
4765953 341 44637 287 2493
4765968 341 44637 287 2493
4765983 341 44637 287 2493
4765998 341 44637 287 2493
4766013 341 44637 287 2493
4766028 341 44637 287 2493
4766043 341 44637 287 2493
4766058 341 44637 287 2493
4766074 341 44637 287 2493
4766089 341 44637 287 2493
4766104 341 44637 287 2493
4766120 341 44637 287 2493
4766135 341 44637 287 2493
4766151 341 44637 287 2493
4766166 341 44637 287 2493
4766181 341 44637 287 2493
4766196 341 44637 287 2493
4766211 341 44637 287 2493
4766226 341 44637 287 2493
4766241 341 44637 287 2493
4766256 341 44637 287 2493
4766271 341 44637 287 2493
4766286 341 44637 287 2493
4766301 341 44637 287 2493
4766316 341 44637 287 2493
4766331 341 44637 287 2493
4766346 341 44637 287 2493
4766361 341 44637 287 2493
4766376 341 44637 287 2493
4766391 341 44637 287 2493
4766406 341 44637 287 2493
4766421 341 44637 287 2493
4766437 341 44637 287 2493
4766452 341 44637 287 2493
4766468 341 44637 287 2493
4766483 341 44637 287 2493
4766498 341 44637 287 2493
4766513 341 44637 287 2493
4766528 341 44637 287 2493
4766543 341 44637 287 2493
4766559 341 44637 287 2493
4766574 341 44637 287 2493
4766589 341 44637 287 2493
4766604 341 44637 287 2493
4766619 341 44637 287 2493
4766634 341 44637 287 2493
4766649 341 44637 287 2493
4766664 341 44637 287 2493
4766679 341 44637 287 2493
4766695 341 44637 287 2493
4766710 341 44637 287 2493
4766725 341 44637 287 2493
4766740 341 44637 287 2493
4766755 341 44637 287 2493
4766770 341 44637 287 2493
4766785 341 44637 287 2493
4766800 341 44637 287 2493
4766815 341 44637 287 2493
4766830 341 44637 287 2493
4766846 341 44637 287 2493
4766862 341 44637 287 2493
4766877 341 44637 287 2493
4766892 341 44637 287 2493
4766907 341 44637 287 2493
4766923 341 44637 287 2493
4766938 341 44637 287 2493
4766953 341 44637 287 2493
4766968 341 44637 287 2493
4766983 341 44637 287 2493
4766998 341 44637 287 2493
4767013 341 44637 287 2493
4767028 341 44637 287 2493
4767043 341 44637 287 2493
4767059 341 44637 287 2493
4767074 341 44637 287 2493
4767089 341 44637 287 2493
4767104 341 44637 287 2493
4767119 341 44637 287 2493
4767134 341 44637 287 2493
4767150 341 44637 287 2493
4767165 341 44637 287 2493
4767180 341 44637 287 2493
4767195 341 44637 287 2493
4767210 341 44637 287 2493
4767225 341 44637 287 2493
4767240 341 44637 287 2493
4767256 341 44637 287 2493
4767271 341 44637 287 2493
4767286 341 44637 287 2493
4767301 341 44637 287 2493
4767316 341 44637 287 2493
4767332 341 44637 287 2493
4767347 341 44637 287 2493
4767362 341 44637 287 2493
4767377 341 44637 287 2493
4767392 341 44637 287 2493
4767407 341 44637 287 2493
4767423 341 44637 287 2493
4767438 341 44637 287 2493
4767453 341 44637 287 2493
4767468 341 44637 287 2493
4768468 341 44637 287 2493
4769468 341 44860 287 2493
4770142 342 45265 287 2493
4770157 342 45265 287 2493
4770172 342 45265 287 2493
4770187 342 45265 287 2493
4770202 342 45265 287 2493
4770217 342 45265 287 2493
4770232 342 45265 287 2493
4770247 342 45265 287 2493
4770262 342 45265 287 2493
4770277 342 45265 287 2493
4770292 342 45265 287 2493
4770307 342 45265 287 2493
4770322 342 45265 287 2493
4770337 342 45265 287 2493
4770352 342 45265 287 2493
4770367 342 45265 287 2493
4770382 342 45265 287 2493
4770397 342 45265 287 2493
4770412 342 45265 287 2493
4770427 342 45265 287 2493
4770442 342 45265 287 2493
4770457 342 45265 287 2493
4770472 342 45265 287 2493
4770488 342 45265 287 2493
4770503 342 45265 287 2493
4770518 342 45265 287 2493
4770533 342 45265 287 2493
4770548 342 45265 287 2493
4770563 342 45265 287 2493
4770578 342 45265 287 2493
4770593 342 45265 287 2493
4770608 342 45265 287 2493
4770623 342 45265 287 2493
4770638 342 45265 287 2493
4770653 342 45265 287 2493
4770668 342 45265 287 2493
4770683 342 45265 287 2493
4770699 342 45265 287 2493
4770714 342 45265 287 2493
4770730 342 45265 287 2493
4770745 342 45265 287 2493
4770760 342 45265 287 2493
4770775 342 45265 287 2493
4770790 342 45265 287 2493
4770805 342 45265 287 2493
4770820 342 45265 287 2493
4770835 342 45265 287 2493
4770850 342 45265 287 2493
4770865 342 45265 287 2493
4770880 342 45265 287 2493
4770895 342 45265 287 2493
4770910 342 45265 287 2493
4770925 342 45265 287 2493
4770940 342 45265 287 2493
4770955 342 45265 287 2493
4770970 342 45265 287 2493
4770985 342 45265 287 2493
4771000 342 45265 287 2493
4771015 342 45265 287 2493
4771030 342 45265 287 2493
4771046 342 45265 287 2493
4771061 342 45265 287 2493
4771076 342 45265 287 2493
4771091 342 45265 287 2493
4771106 342 45265 287 2493
4771121 342 45265 287 2493
4771136 342 45265 287 2493
4771151 342 45265 287 2493
4771167 342 45265 287 2493
4771182 342 45265 287 2493
4771197 342 45265 287 2493
4771213 342 45265 287 2493
4771228 342 45265 287 2493
4771243 342 45265 287 2493
4771258 342 45265 287 2493
4771273 342 45265 287 2493
4771288 342 45265 287 2493
4771303 342 45265 287 2493
4771318 342 45265 287 2493
4771334 342 45265 287 2493
4771349 342 45265 287 2493
4771364 342 45265 287 2493
4771379 342 45265 287 2493
4771394 342 45265 287 2493
4771409 342 45265 287 2493
4771424 342 45265 287 2493
4771439 342 45265 287 2493
4771454 342 45265 287 2493
4771469 342 45265 287 2493
4771484 342 45265 287 2493
4771499 342 45265 287 2493
4771514 342 45265 287 2493
4771529 342 45265 287 2493
4771544 342 45265 287 2493
4771559 342 45265 287 2493
4771574 342 45265 287 2493
4771589 342 45265 287 2493
4771604 342 45265 287 2493
4771619 342 45265 287 2493
4771634 342 45265 287 2493
4771649 342 45265 287 2493
4771664 342 45265 287 2493
4771679 342 45265 287 2493
4771694 342 45265 287 2493
4771709 342 45265 287 2493
4771724 342 45265 287 2493
4771739 342 45265 287 2493
4771754 342 45265 287 2493
4771769 342 45265 287 2493
4771784 342 45265 287 2493
4771799 342 45265 287 2493
4771814 342 45265 287 2493
4771829 342 45265 287 2493
4771844 342 45265 287 2493
4771859 342 45265 287 2493
4771874 342 45265 287 2493
4771889 342 45265 287 2493
4771904 342 45265 287 2493
4771919 342 45265 287 2493
4771934 342 45265 287 2493
4771950 342 45265 287 2493
4771965 342 45265 287 2493
4771980 342 45265 287 2493
4771995 342 45265 287 2493
4772010 342 45265 287 2493
4772025 342 45265 287 2493
4772041 342 45265 287 2493
4772056 342 45265 287 2493
4772071 342 45265 287 2493
4772086 342 45265 287 2493
4772101 342 45265 287 2493
4772116 342 45265 287 2493
4772131 342 45265 287 2493
4772146 342 45265 287 2493
4772161 342 45265 287 2493
4772176 342 45265 287 2493
4772191 342 45265 287 2493
4772206 342 45265 287 2493
4772221 342 45265 287 2493
4772236 342 45265 287 2493
4772251 342 45265 287 2493
4772266 342 45265 287 2493
4772281 342 45265 287 2493
4772296 342 45265 287 2493
4772311 342 45265 287 2493
4772326 342 45265 287 2493
4772341 342 45265 287 2493
4772356 342 45265 287 2493
4772371 342 45265 287 2493
4772386 342 45265 287 2493
4772416 342 45265 287 2493
4772431 342 45265 287 2493
4772446 342 45265 287 2493
4772461 342 45265 287 2493
4772476 342 45265 287 2493
4772492 342 45265 287 2493
4772507 342 45265 287 2493
4772522 342 45265 287 2493
4772537 342 45265 287 2493
4772552 342 45265 287 2493
4772567 342 45265 287 2493
4772582 342 45265 287 2493
4772597 342 45265 287 2493
4772612 342 45265 287 2493
4772627 342 45265 287 2493
4772642 342 45265 287 2493
4772657 342 45265 287 2493
4772672 342 45265 287 2493
4772687 342 45265 287 2493
4772702 342 45265 287 2493
4772717 342 45265 287 2493
4772732 342 45265 287 2493
4772747 342 45265 287 2493
4772762 342 45265 287 2493
4772777 342 45265 287 2493
4772792 342 45265 287 2493
4772807 342 45265 287 2493
4772822 342 45265 287 2493
4772837 342 45265 287 2493
4772852 342 45265 287 2493
4772867 342 45265 287 2493
4772882 342 45265 287 2493
4772897 342 45265 287 2493
4772912 342 45265 287 2493
4772927 342 45265 287 2493
4772942 342 45265 287 2493
4772957 342 45265 287 2493
4772972 342 45265 287 2493
4772987 342 45265 287 2493
4773002 342 45265 287 2493
4773017 342 45265 287 2493
4773032 342 45265 287 2493
4773047 342 45265 287 2493
4773062 342 45265 287 2493
4773077 342 45265 287 2493
4773092 342 45265 287 2493
4773107 342 45265 287 2493
4773122 342 45265 287 2493
4773137 342 45265 287 2493
4773152 342 45265 287 2493
4773167 342 45265 287 2493
4773182 342 45265 287 2493
4773197 342 45265 287 2493
4773212 342 45265 287 2493
4773227 342 45265 287 2493
4773242 342 45265 287 2493
4773258 342 45265 287 2493
4773273 342 45265 287 2493
4773288 342 45265 287 2493
4773303 342 45265 287 2493
4773318 342 45265 287 2493
4773333 342 45265 287 2493
4773348 342 45265 287 2493
4773363 342 45265 287 2493
4773378 342 45265 287 2493
4773393 342 45265 287 2493
4773408 342 45265 287 2493
4773423 342 45265 287 2493
4773438 342 45265 287 2493
4773453 342 45265 287 2493
4773468 342 45265 287 2493
4773483 342 45265 287 2493
4773498 342 45265 287 2493
4773513 342 45265 287 2493
4773528 342 45265 287 2493
4773543 342 45265 287 2493
4773558 342 45265 287 2493
4773574 342 45265 287 2493
4773589 342 45265 287 2493
4773604 342 45265 287 2493
4773619 342 45265 287 2493
4773634 342 45265 287 2493
4773649 342 45265 287 2493
4773664 342 45265 287 2493
4773679 342 45265 287 2493
4773694 342 45265 287 2493
4773709 342 45265 287 2493
4773724 342 45265 287 2493
4773739 342 45265 287 2493
4773754 342 45265 287 2493
4773769 342 45265 287 2493
4773784 342 45265 287 2493
4773799 342 45265 287 2493
4773814 342 45265 287 2493
4773829 342 45265 287 2493
4773845 342 45265 287 2493
4773860 342 45265 287 2493
4773875 342 45265 287 2493
4773890 342 45265 287 2493
4773905 342 45265 287 2493
4773920 342 45265 287 2493
4773935 342 45265 287 2493
4773950 342 45265 287 2493
4773965 342 45265 287 2493
4773980 342 45265 287 2493
4773995 342 45265 287 2493
4774010 342 45265 287 2493
4774025 342 45265 287 2493
4774041 342 45265 287 2493
4774056 342 45265 287 2493
4774071 342 45265 287 2493
4774086 342 45265 287 2493
4774101 342 45265 287 2493
4774116 342 45265 287 2493
4774131 342 45265 287 2493
4774146 342 45265 287 2493
4774161 342 45265 287 2493
4774176 342 45265 287 2493
4774192 342 45265 287 2493
4774207 342 45265 287 2493
4774222 342 45265 287 2493
4774238 342 45265 287 2493
4774253 342 45265 287 2493
4774268 342 45265 287 2493
4774283 342 45265 287 2493
4774298 342 45265 287 2493
4774313 342 45265 287 2493
4774328 342 45265 287 2493
4774343 342 45265 287 2493
4774358 342 45265 287 2493
4774374 342 45265 287 2493
4774389 342 45265 287 2493
4774405 342 45265 287 2493
4774420 342 45265 287 2493
4774436 342 45265 287 2493
4774451 342 45265 287 2493
4774466 342 45265 287 2493
4774481 342 45265 287 2493
4774496 342 45265 287 2493
4774511 342 45265 287 2493
4774526 342 45265 287 2493
4774541 342 45265 287 2493
4774556 342 45265 287 2493
4774571 342 45265 287 2493
4774586 342 45265 287 2493
4774602 342 45265 287 2493
4774617 342 45265 287 2493
4774632 342 45265 287 2493
4774647 342 45265 287 2493
4775647 342 45265 287 2493
4776647 342 45516 287 2493
4777647 342 45706 287 2493
4778647 342 45877 287 2493
4779647 342 46007 287 2493
4780647 342 46117 287 2493
4781647 342 46284 287 2493
4782647 342 46450 287 2493
4783647 342 46620 287 2493
4784647 342 46834 287 2493
4785647 342 47074 287 2493
4786647 342 47318 287 2493
4787647 342 47561 287 2493
4788647 342 47808 287 2493
4789647 342 48098 287 2493
4790647 342 48148 287 2493
4791647 342 48198 287 2493
4792647 342 48248 287 2493
4793647 342 48298 287 2493
4794647 342 48348 287 2493
4795011 343 48799 287 2493
4795026 343 48799 287 2493
4795042 343 48799 287 2493
4795057 343 48799 287 2493
4795073 343 48799 287 2493
4795088 343 48799 287 2493
4795104 343 48799 287 2493
4795119 343 48799 287 2493
4795134 343 48799 287 2493
4795149 343 48799 287 2493
4795165 343 48799 287 2493
4795180 343 48799 287 2493
4795195 343 48799 287 2493
4795210 343 48799 287 2493
4795225 343 48799 287 2493
4795241 343 48799 287 2493
4795256 343 48799 287 2493
4795271 343 48799 287 2493
4795286 343 48799 287 2493
4795301 343 48799 287 2493
4795316 343 48799 287 2493
4795331 343 48799 287 2493
4795346 343 48799 287 2493
4795361 343 48799 287 2493
4795376 343 48799 287 2493
4795391 343 48799 287 2493
4795406 343 48799 287 2493
4795422 343 48799 287 2493
4795437 343 48799 287 2493
4795452 343 48799 287 2493
4795467 343 48799 287 2493
4795483 343 48799 287 2493
4795498 343 48799 287 2493
4795513 343 48799 287 2493
4795528 343 48799 287 2493
4795543 343 48799 287 2493
4795558 343 48799 287 2493
4795573 343 48799 287 2493
4795588 343 48799 287 2493
4795603 343 48799 287 2493
4795618 343 48799 287 2493
4795633 343 48799 287 2493
4795648 343 48799 287 2493
4795663 343 48799 287 2493
4795678 343 48799 287 2493
4795693 343 48799 287 2493
4795708 343 48799 287 2493
4795723 343 48799 287 2493
4795738 343 48799 287 2493
4795753 343 48799 287 2493
4795768 343 48799 287 2493
4795783 343 48799 287 2493
4795798 343 48799 287 2493
4795813 343 48799 287 2493
4795828 343 48799 287 2493
4795844 343 48799 287 2493
4795859 343 48799 287 2493
4795874 343 48799 287 2493
4795889 343 48799 287 2493
4795905 343 48799 287 2493
4795920 343 48799 287 2493
4795935 343 48799 287 2493
4795950 343 48799 287 2493
4795965 343 48799 287 2493
4795980 343 48799 287 2493
4795995 343 48799 287 2493
4796010 343 48799 287 2493
4796025 343 48799 287 2493
4796040 343 48799 287 2493
4796056 343 48799 287 2493
4796071 343 48799 287 2493
4796086 343 48799 287 2493
4796101 343 48799 287 2493
4796116 343 48799 287 2493
4796131 343 48799 287 2493
4796146 343 48799 287 2493
4796161 343 48799 287 2493
4796176 343 48799 287 2493
4796191 343 48799 287 2493
4796206 343 48799 287 2493
4796221 343 48799 287 2493
4796236 343 48799 287 2493
4796252 343 48799 287 2493
4796267 343 48799 287 2493
4796282 343 48799 287 2493
4796298 343 48799 287 2493
4796313 343 48799 287 2493
4796328 343 48799 287 2493
4796343 343 48799 287 2493
4796358 343 48799 287 2493
4796373 343 48799 287 2493
4796388 343 48799 287 2493
4796403 343 48799 287 2493
4796418 343 48799 287 2493
4796433 343 48799 287 2493
4796448 343 48799 287 2493
4796464 343 48799 287 2493
4796479 343 48799 287 2493
4796494 343 48799 287 2493
4796509 343 48799 287 2493
4796524 343 48799 287 2493
4796539 343 48799 287 2493
4796554 343 48799 287 2493
4796569 343 48799 287 2493
4796584 343 48799 287 2493
4796599 343 48799 287 2493
4796614 343 48799 287 2493
4796629 343 48799 287 2493
4796644 343 48799 287 2493
4796659 343 48799 287 2493
4796675 343 48799 287 2493
4796690 343 48799 287 2493
4796705 343 48799 287 2493
4796720 343 48799 287 2493
4796735 343 48799 287 2493
4796750 343 48799 287 2493
4796765 343 48799 287 2493
4796780 343 48799 287 2493
4796795 343 48799 287 2493
4796810 343 48799 287 2493
4796825 343 48799 287 2493
4796840 343 48799 287 2493
4796855 343 48799 287 2493
4796870 343 48799 287 2493
4796885 343 48799 287 2493
4796900 343 48799 287 2493
4796915 343 48799 287 2493
4796930 343 48799 287 2493
4796946 343 48799 287 2493
4796961 343 48799 287 2493
4796976 343 48799 287 2493
4796991 343 48799 287 2493
4797006 343 48799 287 2493
4797021 343 48799 287 2493
4797037 343 48799 287 2493
4797052 343 48799 287 2493
4797067 343 48799 287 2493
4797083 343 48799 287 2493
4797098 343 48799 287 2493
4797113 343 48799 287 2493
4797129 343 48799 287 2493
4797144 343 48799 287 2493
4797159 343 48799 287 2493
4797174 343 48799 287 2493
4797189 343 48799 287 2493
4797204 343 48799 287 2493
4797219 343 48799 287 2493
4797234 343 48799 287 2493
4797249 343 48799 287 2493
4797265 343 48799 287 2493
4798265 343 48799 287 2493
4799266 343 48911 287 2493
4800272 343 48961 287 2493
4801272 343 48979 287 2493
4802272 343 49000 287 2493
4803272 343 49032 287 2493
4804272 343 49041 287 2493
4805272 343 49048 287 2493
4806272 343 49054 287 2493
4807272 343 49104 287 2493
4808272 343 49154 287 2493
4809272 343 49204 287 2493
4810272 343 49254 287 2493
4811272 343 49304 287 2493
4812272 343 49367 287 2493
4813272 343 49431 287 2493
4814272 343 49501 287 2493
