# header: write what you want on lines starting with #
# Total ACTIVE Pulses, # breakdowns, amp_set, index (point on pulse / power curve) , pulse length
# the init of this file could be 1 0 500 0 3500, 2 0 500 0 3500, etc
531 0 709 7 756
629927 1 19500 287 756
649134 2 19900 287 756
663617 3 19900 287 756
675254 4 19900 287 756
685220 5 19900 287 756
701197 6 19900 287 756
716534 7 19900 287 756
727172 8 19900 287 756
743893 9 20300 287 756
809136 10 22300 287 756
850907 11 23100 287 756
1311952 12 34700 287 756
1322395 13 34700 287 756
1345435 14 35100 287 756
1445388 16 35270 287 756
1500817 17 38300 287 756
1515290 18 38300 287 756
1527422 19 38300 287 756
1550025 20 38700 287 756
1565127 21 38700 287 756
1577229 22 38700 287 756
1589818 23 38700 287 756
1605748 24 38700 287 756
1618050 25 38700 287 756
1633214 26 38700 287 756
1648658 27 38700 287 756
1662460 28 38700 287 756
1675533 29 38700 287 756
1704498 30 38700 287 756
1717266 31 38700 287 756
1967674 32 45500 287 756
1993695 33 46300 287 756
2009915 34 46300 287 756
2109710 35 49100 287 756
2109778 37 49100 287 756
2109916 38 49100 287 756
2110042 40 49100 287 756
2153576 41 49500 287 756
2217174 42 49500 287 756
2217244 44 49500 287 756
2265819 45 49500 287 756
2265886 47 49500 287 756
2331968 48 51541 287 756
2332036 49 51541 287 756
2360661 50 52300 287 756
2360729 51 52300 287 756
2387038 53 53100 287 756
2387105 55 53100 287 756
2434285 56 53900 287 756
2455135 57 54300 287 756
2476035 58 54700 287 756
2496947 59 55100 287 756
2511098 60 55100 287 756
2525622 61 55100 287 756
2538407 62 55100 287 756
3127486 62 65169 287 756
3127546 62 65169 287 756
3127608 62 65169 287 756
3127673 62 65169 287 756
3127736 62 64615 287 756
3127806 62 64615 287 756
3127870 62 64615 287 756
3127934 62 64615 287 756
3127998 62 64615 287 756
3128062 62 64615 287 756
3128122 62 64615 287 756
3128188 62 64615 287 756
3128249 62 64615 287 756
3128311 62 64615 287 756
3128391 62 64615 287 756
3128462 62 64615 287 756
3128527 62 64615 287 756
3128591 62 64615 287 756
3128663 62 64615 287 756
3128731 62 64615 287 756
3128791 62 64615 287 756
3128854 62 64615 287 756
3128916 62 64615 287 756
3128980 62 64615 287 756
3129048 62 64615 287 756
3129108 62 64615 287 756
3129177 62 64615 287 756
3129240 62 64615 287 756
3129307 62 64615 287 756
3129368 62 64615 287 756
3129428 62 64615 287 756
3129489 62 64615 287 756
3129559 62 64615 287 756
3129619 62 64615 287 756
3129685 62 64615 287 756
3129752 62 64615 287 756
3129813 62 64615 287 756
3129878 62 64615 287 756
3129939 62 64615 287 756
3130009 62 64615 287 756
3130075 62 64615 287 756
3130142 62 64615 287 756
3130209 62 64615 287 756
3130271 62 64615 287 756
3130333 62 64615 287 756
3130403 62 64615 287 756
3130468 62 64615 287 756
3130535 62 64615 287 756
3130596 62 64615 287 756
3130657 62 64615 287 756
3130717 62 64615 287 756
3130779 62 64615 287 756
3130849 62 64615 287 756
3130910 62 64615 287 756
3130971 62 64615 287 756
3131033 62 64615 287 756
3131095 62 64615 287 756
3131162 62 64615 287 756
3131227 62 64615 287 756
3131288 62 64615 287 756
3131356 62 64615 287 756
3131422 62 64615 287 756
3131489 62 64615 287 756
3131552 62 64615 287 756
3131615 62 64615 287 756
3131676 62 64615 287 756
3131745 62 64615 287 756
3131805 62 64615 287 756
3131869 62 64615 287 756
3131934 62 64615 287 756
3132005 62 64615 287 756
3132066 62 64615 287 756
3132126 62 64615 287 756
3132192 62 64615 287 756
3132262 62 64615 287 756
3132322 62 64615 287 756
3132391 62 64615 287 756
3132452 62 64615 287 756
3132518 62 64615 287 756
3132581 62 64615 287 756
3132646 62 64615 287 756
3132715 62 64615 287 756
3132776 62 64615 287 756
3132841 62 64615 287 756
3132904 62 64615 287 756
3132971 62 64615 287 756
3133038 62 64615 287 756
3133098 62 64615 287 756
3133158 62 64615 287 756
3133224 62 64615 287 756
3133291 62 64615 287 756
3133353 62 64615 287 756
3133417 62 64615 287 756
3133478 62 64615 287 756
3133546 62 64615 287 756
3133607 62 64615 287 756
3133671 62 64615 287 756
3133740 62 64615 287 756
3133801 62 64615 287 756
3133864 62 64615 287 756
3133925 62 64615 287 756
3133987 62 64615 287 756
3134052 62 64615 287 756
3134112 62 64615 287 756
3134174 62 64615 287 756
3134239 62 64615 287 756
3134308 62 64615 287 756
3134371 62 64615 287 756
3134436 62 64615 287 756
3134507 62 64615 287 756
3134567 62 64615 287 756
3134633 62 64615 287 756
3134695 62 64615 287 756
3134756 62 64615 287 756
3134821 62 64615 287 756
3134881 62 64615 287 756
3134950 62 64615 287 756
3135015 62 64615 287 756
3135075 62 64615 287 756
3135145 62 64615 287 756
3135210 62 64615 287 756
3135275 62 64615 287 756
3135336 62 64615 287 756
3135400 62 64615 287 756
3135471 62 64615 287 756
3135542 62 64615 287 756
3135603 62 64615 287 756
3135666 62 64615 287 756
3135735 62 64615 287 756
3135795 62 64615 287 756
3135861 62 64615 287 756
3135921 62 64615 287 756
3135981 62 64615 287 756
3136048 62 64615 287 756
3136108 62 64615 287 756
3136169 62 64615 287 756
3136234 62 64615 287 756
3136295 62 64615 287 756
3136355 62 64615 287 756
3136421 62 64615 287 756
3136483 62 64615 287 756
3136548 62 64615 287 756
3136614 62 64615 287 756
3136683 62 64615 287 756
3136743 62 64615 287 756
3136808 62 64615 287 756
3136868 62 64615 287 756
3136929 62 64615 287 756
3136996 62 64615 287 756
3137056 62 64615 287 756
3137117 62 64615 287 756
3137181 62 64615 287 756
3137242 62 64615 287 756
3137315 62 64615 287 756
3137375 62 64615 287 756
3137440 62 64615 287 756
3137502 62 64615 287 756
3137562 62 64615 287 756
3137623 62 64615 287 756
3137683 62 64615 287 756
3137748 62 64615 287 756
3137809 62 64615 287 756
3137877 62 64615 287 756
3137947 62 64615 287 756
3138012 62 64615 287 756
3138078 62 64615 287 756
3138146 62 64615 287 756
3138208 62 64615 287 756
3138270 62 64615 287 756
3138339 62 64615 287 756
3138400 62 64615 287 756
3138463 62 64615 287 756
3138524 62 64615 287 756
3138586 62 64615 287 756
3138650 62 64615 287 756
3138710 62 64615 287 756
3138771 62 64615 287 756
3138833 62 64615 287 756
3138904 62 64615 287 756
3138976 62 64615 287 756
3139041 62 64615 287 756
3139101 62 64615 287 756
3139164 62 64615 287 756
3139226 62 64615 287 756
3139291 62 64615 287 756
3139362 62 64615 287 756
3139422 62 64615 287 756
3139483 62 64615 287 756
3139543 62 64615 287 756
3139606 62 64615 287 756
3139674 62 64615 287 756
3139737 62 64615 287 756
3139799 62 64615 287 756
3139863 62 64615 287 756
3139930 62 64615 287 756
3140000 62 64615 287 756
3140067 62 64615 287 756
3140132 62 64615 287 756
3140195 62 64615 287 756
3140265 62 64615 287 756
3140336 62 64615 287 756
3140396 62 64615 287 756
3140457 62 64615 287 756
3281470 63 64615 287 756
3281541 63 64615 287 756
3281609 63 64615 287 756
3281672 63 64615 287 756
3281742 63 64615 287 756
3281812 63 64615 287 756
3281875 63 64615 287 756
3281938 63 64615 287 756
3282002 63 64615 287 756
3282062 63 64615 287 756
3282126 63 64615 287 756
3282197 63 64615 287 756
3282267 63 64615 287 756
3282336 63 64615 287 756
3282401 63 64615 287 756
3282470 63 64615 287 756
3282536 63 64615 287 756
3282600 63 64615 287 756
3282669 63 64615 287 756
3282729 63 64615 287 756
3282789 63 64615 287 756
3282853 63 64615 287 756
3282921 63 64615 287 756
3282983 63 64615 287 756
3283045 63 64615 287 756
3283115 63 64615 287 756
3283181 63 64615 287 756
3283242 63 64615 287 756
3283305 63 64615 287 756
3283366 63 64615 287 756
3283432 63 64615 287 756
3283498 63 64615 287 756
3283558 63 64615 287 756
3283624 63 64615 287 756
3283688 63 64615 287 756
3283748 63 64615 287 756
3283808 63 64615 287 756
3283871 63 64615 287 756
3283931 63 64615 287 756
3283995 63 64615 287 756
3284056 63 64615 287 756
3284119 63 64615 287 756
3284179 63 64615 287 756
3284240 63 64615 287 756
3284307 63 64615 287 756
3284373 63 64615 287 756
3284433 63 64615 287 756
3284500 63 64615 287 756
3284569 63 64615 287 756
3284635 63 64615 287 756
3284703 63 64615 287 756
3284770 63 64615 287 756
3284842 63 64615 287 756
3284903 63 64615 287 756
3284969 63 64615 287 756
3285033 63 64615 287 756
3285093 63 64615 287 756
3285154 63 64615 287 756
3285214 63 64615 287 756
3285276 63 64615 287 756
3285340 63 64615 287 756
3285401 63 64615 287 756
3285470 63 64615 287 756
3285539 63 64615 287 756
3285605 63 64615 287 756
3285670 63 64615 287 756
3285736 63 64615 287 756
3285797 63 64615 287 756
3285857 63 64615 287 756
3285925 63 64615 287 756
3285996 63 64615 287 756
3286061 63 64615 287 756
3286123 63 64615 287 756
3286194 63 64615 287 756
3286257 63 64615 287 756
3286318 63 64615 287 756
3286378 63 64615 287 756
3286442 63 64615 287 756
3286506 63 64615 287 756
3286577 63 64615 287 756
3286647 63 64615 287 756
3286717 63 64615 287 756
3286777 63 64615 287 756
3286846 63 64615 287 756
3286913 63 64615 287 756
3286978 63 64615 287 756
3287038 63 64615 287 756
3287105 63 64615 287 756
3287170 63 64615 287 756
3287239 63 64615 287 756
3287307 63 64615 287 756
3287375 63 64615 287 756
3287438 63 64615 287 756
3287498 63 64615 287 756
3287563 63 64615 287 756
3287627 63 64615 287 756
3287692 63 64615 287 756
3287761 63 64615 287 756
3287824 63 64615 287 756
3287890 63 64615 287 756
3287958 63 64615 287 756
3288030 63 64615 287 756
3288090 63 64615 287 756
3288153 63 64615 287 756
3288218 63 64615 287 756
3288279 63 64615 287 756
3288340 63 64615 287 756
3288400 63 64615 287 756
3288460 63 64615 287 756
3288530 63 64615 287 756
3288590 63 64615 287 756
3288658 63 64615 287 756
3288721 63 64615 287 756
3288785 63 64615 287 756
3288852 63 64615 287 756
3288923 63 64615 287 756
3288985 63 64615 287 756
3289052 63 64615 287 756
3289114 63 64615 287 756
3289180 63 64615 287 756
3289243 63 64615 287 756
3289306 63 64615 287 756
3289367 63 64615 287 756
3289431 63 64615 287 756
3289497 63 64615 287 756
3289561 63 64615 287 756
3289622 63 64615 287 756
3289689 63 64615 287 756
3289757 63 64615 287 756
3289823 63 64615 287 756
3289890 63 64615 287 756
3289953 63 64615 287 756
3290013 63 64615 287 756
3290074 63 64615 287 756
3290136 63 64615 287 756
3290198 63 64615 287 756
3290260 63 64615 287 756
3290331 63 64615 287 756
3290397 63 64615 287 756
3290464 63 64615 287 756
3290535 63 64615 287 756
3290596 63 64615 287 756
3290660 63 64615 287 756
3290720 63 64615 287 756
3290780 63 64615 287 756
3290846 63 64615 287 756
3290916 63 64615 287 756
3290979 63 64615 287 756
3291047 63 64615 287 756
3291112 63 64615 287 756
3291178 63 64615 287 756
3291247 63 64615 287 756
3291316 63 64615 287 756
3291380 63 64615 287 756
3291442 63 64615 287 756
3291510 63 64615 287 756
3291572 63 64615 287 756
3291644 63 64615 287 756
3291712 63 64615 287 756
3291772 63 64615 287 756
3291837 63 64615 287 756
3291897 63 64615 287 756
3291958 63 64615 287 756
3292018 63 64615 287 756
3292084 63 64615 287 756
3292152 63 64615 287 756
3292218 63 64615 287 756
3292281 63 64615 287 756
3292341 63 64615 287 756
3292405 63 64615 287 756
3292476 63 64615 287 756
3292545 63 64615 287 756
3292607 63 64615 287 756
3292670 63 64615 287 756
3292732 63 64615 287 756
3292796 63 64615 287 756
3292857 63 64615 287 756
3292918 63 64615 287 756
3292988 63 64615 287 756
3293052 63 64615 287 756
3293120 63 64615 287 756
3293182 63 64615 287 756
3293248 63 64615 287 756
3293308 63 64615 287 756
3293375 63 64615 287 756
3293444 63 64615 287 756
3293510 63 64615 287 756
3293570 63 64615 287 756
3293632 63 64615 287 756
3293697 63 64615 287 756
3293767 63 64615 287 756
3293834 63 64615 287 756
3293896 63 64615 287 756
3293963 63 64615 287 756
3294029 63 64615 287 756
3294098 63 64615 287 756
3294164 63 64615 287 756
3294235 63 64615 287 756
3294306 63 64615 287 756
3294367 63 64615 287 756
3576935 63 64615 287 756
3576998 63 64615 287 756
3577065 63 64615 287 756
3577134 63 64615 287 756
3577194 63 64615 287 756
3577256 63 64615 287 756
3577317 63 64615 287 756
3577379 63 64615 287 756
3577445 63 64615 287 756
3577509 63 64615 287 756
3577571 63 64615 287 756
3577634 63 64615 287 756
3577696 63 64615 287 756
3577759 63 64615 287 756
3577824 63 64615 287 756
3577884 63 64615 287 756
3577945 63 64615 287 756
3578009 63 64615 287 756
3578078 63 64615 287 756
3578147 63 64615 287 756
3578216 63 64615 287 756
3578283 63 64615 287 756
3578347 63 64615 287 756
3578409 63 64615 287 756
3578475 63 64615 287 756
3578535 63 64615 287 756
3578600 63 64615 287 756
3578660 63 64615 287 756
3578723 63 64615 287 756
3578794 63 64615 287 756
3578863 63 64615 287 756
3578928 63 64615 287 756
3578988 63 64615 287 756
3579053 63 64615 287 756
3579115 63 64615 287 756
3579177 63 64615 287 756
3579247 63 64615 287 756
3579307 63 64615 287 756
3579376 63 64615 287 756
3579446 63 64615 287 756
3579511 63 64615 287 756
3579576 63 64615 287 756
3579642 63 64615 287 756
3579702 63 64615 287 756
3579764 63 64615 287 756
3579830 63 64615 287 756
3579899 63 64615 287 756
3579970 63 64615 287 756
3580039 63 64615 287 756
3580104 63 64615 287 756
3580164 63 64615 287 756
3580228 63 64615 287 756
3580292 63 64615 287 756
3580358 63 64615 287 756
3580427 63 64615 287 756
3580487 63 64615 287 756
3580553 63 64615 287 756
3580618 63 64615 287 756
3580679 63 64615 287 756
3580745 63 64615 287 756
3580816 63 64615 287 756
3580885 63 64615 287 756
3580953 63 64615 287 756
3581015 63 64615 287 756
3581078 63 64615 287 756
3581142 63 64615 287 756
3581210 63 64615 287 756
3581278 63 64615 287 756
3581346 63 64615 287 756
3581418 63 64615 287 756
3581479 63 64615 287 756
3581550 63 64615 287 756
3581613 63 64615 287 756
3581673 63 64615 287 756
3581737 63 64615 287 756
3581799 63 64615 287 756
3581867 63 64615 287 756
3581938 63 64615 287 756
3581999 63 64615 287 756
3582066 63 64615 287 756
3582130 63 64615 287 756
3582194 63 64615 287 756
3582254 63 64615 287 756
3582317 63 64615 287 756
3582379 63 64615 287 756
3582443 63 64615 287 756
3582506 63 64615 287 756
3582566 63 64615 287 756
3582626 63 64615 287 756
3582690 63 64615 287 756
3582761 63 64615 287 756
3582828 63 64615 287 756
3582895 63 64615 287 756
3582959 63 64615 287 756
3583025 63 64615 287 756
3583085 63 64615 287 756
3583147 63 64615 287 756
3583207 63 64615 287 756
3583268 63 64615 287 756
3583328 63 64615 287 756
3583394 63 64615 287 756
3583462 63 64615 287 756
3583531 63 64615 287 756
3583594 63 64615 287 756
3583655 63 64615 287 756
3583717 63 64615 287 756
3583782 63 64615 287 756
3583851 63 64615 287 756
3583916 63 64615 287 756
3583982 63 64615 287 756
3584050 63 64615 287 756
3584110 63 64615 287 756
3584172 63 64615 287 756
3584238 63 64615 287 756
3584299 63 64615 287 756
3584368 63 64615 287 756
3584431 63 64615 287 756
3584491 63 64615 287 756
3584560 63 64615 287 756
3584622 63 64615 287 756
3584686 63 64615 287 756
3584757 63 64615 287 756
3584818 63 64615 287 756
3584884 63 64615 287 756
3584945 63 64615 287 756
3585011 63 64615 287 756
3585072 63 64615 287 756
3585136 63 64615 287 756
3585196 63 64615 287 756
3585259 63 64615 287 756
3585328 63 64615 287 756
3585393 63 64615 287 756
3585462 63 64615 287 756
3585525 63 64615 287 756
3585595 63 64615 287 756
3585658 63 64615 287 756
3585718 63 64615 287 756
3585789 63 64615 287 756
3585857 63 64615 287 756
3585917 63 64615 287 756
3585978 63 64615 287 756
3586048 63 64615 287 756
3586115 63 64615 287 756
3586178 63 64615 287 756
3586241 63 64615 287 756
3586306 63 64615 287 756
3586368 63 64615 287 756
3586437 63 64615 287 756
3586503 63 64615 287 756
3586570 63 64615 287 756
3586637 63 64615 287 756
3586701 63 64615 287 756
3586765 63 64615 287 756
3586826 63 64615 287 756
3586887 63 64615 287 756
3586958 63 64615 287 756
3587026 63 64615 287 756
3587094 63 64615 287 756
3587157 63 64615 287 756
3587218 63 64615 287 756
3587285 63 64615 287 756
3587354 63 64615 287 756
3587418 63 64615 287 756
3587478 63 64615 287 756
3587547 63 64615 287 756
3587611 63 64615 287 756
3587682 63 64615 287 756
3587742 63 64615 287 756
3587805 63 64615 287 756
3587874 63 64615 287 756
3587935 63 64615 287 756
3588002 63 64615 287 756
3588065 63 64615 287 756
3588129 63 64615 287 756
3588198 63 64615 287 756
3588262 63 64615 287 756
3588333 63 64615 287 756
3588404 63 64615 287 756
3588471 63 64615 287 756
3588539 63 64615 287 756
3588610 63 64615 287 756
3588678 63 64615 287 756
3588747 63 64615 287 756
3588814 63 64615 287 756
3588875 63 64615 287 756
3588935 63 64615 287 756
3589002 63 64615 287 756
3589062 63 64615 287 756
3589132 63 64615 287 756
3589197 63 64615 287 756
3589257 63 64615 287 756
3589318 63 64615 287 756
3589382 63 64615 287 756
3589452 63 64615 287 756
3589512 63 64615 287 756
3589575 63 64615 287 756
3589637 63 64615 287 756
3589698 63 64615 287 756
3589764 63 64615 287 756
3589825 63 64615 287 756
4579348 63 64615 287 756
4579412 63 64615 287 756
4579478 63 64615 287 756
4579541 63 64615 287 756
4579608 63 64615 287 756
4579678 63 64615 287 756
4579738 63 64615 287 756
4579799 63 64615 287 756
4579866 63 64615 287 756
4579932 63 64615 287 756
4579992 63 64615 287 756
4580059 63 64615 287 756
4580120 63 64615 287 756
4580181 63 64615 287 756
4580244 63 64615 287 756
4580312 63 64615 287 756
4580374 63 64615 287 756
4580439 63 64615 287 756
4580507 63 64615 287 756
4580573 63 64615 287 756
4580641 63 64615 287 756
4580708 63 64615 287 756
4580777 63 64615 287 756
4580845 63 64615 287 756
4580909 63 64615 287 756
4580973 63 64615 287 756
4581033 63 64615 287 756
4581096 63 64615 287 756
4581157 63 64615 287 756
4581225 63 64615 287 756
4581287 63 64615 287 756
4581349 63 64615 287 756
4581411 63 64615 287 756
4581473 63 64615 287 756
4581536 63 64615 287 756
4581602 63 64615 287 756
4581663 63 64615 287 756
4581727 63 64615 287 756
4581787 63 64615 287 756
4581848 63 64615 287 756
4581910 63 64615 287 756
4581979 63 64615 287 756
4582041 63 64615 287 756
4582104 63 64615 287 756
4582165 63 64615 287 756
4582225 63 64615 287 756
4582287 63 64615 287 756
4582348 63 64615 287 756
4582409 63 64615 287 756
4582474 63 64615 287 756
4582540 63 64615 287 756
4582608 63 64615 287 756
4582668 63 64615 287 756
4582732 63 64615 287 756
4582799 63 64615 287 756
4582868 63 64615 287 756
4582935 63 64615 287 756
4582996 63 64615 287 756
4583057 63 64615 287 756
4583120 63 64615 287 756
4583180 63 64615 287 756
4583241 63 64615 287 756
4583306 63 64615 287 756
4583367 63 64615 287 756
4583437 63 64615 287 756
4583498 63 64615 287 756
4583561 63 64615 287 756
4583627 63 64615 287 756
4583689 63 64615 287 756
4583754 63 64615 287 756
4583826 63 64615 287 756
4583896 63 64615 287 756
4583956 63 64615 287 756
4584024 63 64615 287 756
4584094 63 64615 287 756
4584154 63 64615 287 756
4584216 63 64615 287 756
4584277 63 64615 287 756
4584349 63 64615 287 756
4584411 63 64615 287 756
4584475 63 64615 287 756
4584546 63 64615 287 756
4584614 63 64615 287 756
4584679 63 64615 287 756
4584739 63 64615 287 756
4584800 63 64615 287 756
4584865 63 64615 287 756
4584936 63 64615 287 756
4585007 63 64615 287 756
4585073 63 64615 287 756
4585139 63 64615 287 756
4585201 63 64615 287 756
4585264 63 64615 287 756
4585330 63 64615 287 756
4585391 63 64615 287 756
4585460 63 64615 287 756
4585523 63 64615 287 756
4585585 63 64615 287 756
4585645 63 64615 287 756
4585708 63 64615 287 756
4585768 63 64615 287 756
4585837 63 64615 287 756
4585901 63 64615 287 756
4585966 63 64615 287 756
4586033 63 64615 287 756
4586093 63 64615 287 756
4586158 63 64615 287 756
4586219 63 64615 287 756
4586280 63 64615 287 756
4586344 63 64615 287 756
4586415 63 64615 287 756
4586475 63 64615 287 756
4586538 63 64615 287 756
4586599 63 64615 287 756
4586660 63 64615 287 756
4586726 63 64615 287 756
4586796 63 64615 287 756
4586862 63 64615 287 756
4586928 63 64615 287 756
4586996 63 64615 287 756
4587058 63 64615 287 756
4587118 63 64615 287 756
4587180 63 64615 287 756
4587247 63 64615 287 756
4587317 63 64615 287 756
4587381 63 64615 287 756
4587448 63 64615 287 756
4587509 63 64615 287 756
4587574 63 64615 287 756
4587636 63 64615 287 756
4587705 63 64615 287 756
4587773 63 64615 287 756
4587836 63 64615 287 756
4587898 63 64615 287 756
4587968 63 64615 287 756
4588033 63 64615 287 756
4588102 63 64615 287 756
4588170 63 64615 287 756
4588238 63 64615 287 756
4588303 63 64615 287 756
4588374 63 64615 287 756
4588437 63 64615 287 756
4588500 63 64615 287 756
4588560 63 64615 287 756
4588620 63 64615 287 756
4588682 63 64615 287 756
4588744 63 64615 287 756
4588808 63 64615 287 756
4588874 63 64615 287 756
4588936 63 64615 287 756
4589004 63 64615 287 756
4589066 63 64615 287 756
4589126 63 64615 287 756
4589193 63 64615 287 756
4589254 63 64615 287 756
4589314 63 64615 287 756
4589377 63 64615 287 756
4589438 63 64615 287 756
4589499 63 64615 287 756
4589559 63 64615 287 756
4589624 63 64615 287 756
4589693 63 64615 287 756
4589756 63 64615 287 756
4589821 63 64615 287 756
4589882 63 64615 287 756
4589944 63 64615 287 756
4590005 63 64615 287 756
4590067 63 64615 287 756
4590127 63 64615 287 756
4590196 63 64615 287 756
4590260 63 64615 287 756
4590320 63 64615 287 756
4590389 63 64615 287 756
4590452 63 64615 287 756
4590522 63 64615 287 756
4590593 63 64615 287 756
4590654 63 64615 287 756
4590715 63 64615 287 756
4590775 63 64615 287 756
4590836 63 64615 287 756
4590899 63 64615 287 756
4590959 63 64615 287 756
4591029 63 64615 287 756
4591094 63 64615 287 756
4591156 63 64615 287 756
4591218 63 64615 287 756
4591280 63 64615 287 756
4591349 63 64615 287 756
4591409 63 64615 287 756
4591475 63 64615 287 756
4591542 63 64615 287 756
4591602 63 64615 287 756
4591667 63 64615 287 756
4591728 63 64615 287 756
4591795 63 64615 287 756
4591857 63 64615 287 756
4591918 63 64615 287 756
4591980 63 64615 287 756
4592046 63 64615 287 756
4592111 63 31000 287 756
4592112 63 31001 287 756
4592113 63 31002 287 756
4592114 63 31003 287 756
4592115 63 31004 287 756
