0.	-0.004988
0.001	0.01185
0.002	0.02807
0.003	0.04354
0.004	0.05821
0.005	0.07205
0.006	0.0851
0.007	0.09741
0.008	0.109
0.009	0.12
0.01	0.1304
0.011	0.1402
0.012	0.1496
0.013	0.1586
0.014	0.1671
0.015	0.1754
0.016	0.1834
0.017	0.1911
0.018	0.1986
0.019	0.2059
0.02	0.213
0.021	0.2199
0.022	0.2268
0.023	0.2335
0.024	0.2401
0.025	0.2466
0.026	0.2531
0.027	0.2595
0.028	0.2658
0.029	0.2721
0.03	0.2784
0.031	0.2846
0.032	0.2908
0.033	0.2969
0.034	0.303
0.035	0.3091
0.036	0.3151
0.037	0.3211
0.038	0.3271
0.039	0.3331
0.04	0.339
0.041	0.3449
0.042	0.3507
0.043	0.3565
0.044	0.3623
0.045	0.368
0.046	0.3737
0.047	0.3793
0.048	0.3849
0.049	0.3903
0.05	0.3958
0.051	0.4011
0.052	0.4064
0.053	0.4116
0.054	0.4168
0.055	0.4218
0.056	0.4268
0.057	0.4316
0.058	0.4364
0.059	0.4411
0.06	0.4457
0.061	0.4501
0.062	0.4545
0.063	0.4587
0.064	0.4629
0.065	0.4669
0.066	0.4708
0.067	0.4745
0.068	0.4782
0.069	0.4817
0.07	0.485
0.071	0.4883
0.072	0.4914
0.073	0.4943
0.074	0.4972
0.075	0.4998
0.076	0.5024
0.077	0.5047
0.078	0.507
0.079	0.5091
0.08	0.511
0.081	0.5128
0.082	0.5144
0.083	0.5159
0.084	0.5172
0.085	0.5184
0.086	0.5194
0.087	0.5202
0.088	0.5209
0.089	0.5215
0.09	0.5218
0.091	0.522
0.092	0.5221
0.093	0.522
0.094	0.5217
0.095	0.5213
0.096	0.5208
0.097	0.52
0.098	0.5191
0.099	0.5181
0.1	0.5169
0.101	0.5155
0.102	0.514
0.103	0.5123
0.104	0.5105
0.105	0.5085
0.106	0.5064
0.107	0.5041
0.108	0.5017
0.109	0.4991
0.11	0.4964
0.111	0.4936
0.112	0.4906
0.113	0.4874
0.114	0.4842
0.115	0.4808
0.116	0.4772
0.117	0.4736
0.118	0.4698
0.119	0.4658
0.12	0.4618
0.121	0.4576
0.122	0.4534
0.123	0.449
0.124	0.4445
0.125	0.4399
0.126	0.4352
0.127	0.4304
0.128	0.4256
0.129	0.4206
0.13	0.4155
0.131	0.4104
0.132	0.4052
0.133	0.3999
0.134	0.3946
0.135	0.3892
0.136	0.3838
0.137	0.3783
0.138	0.3727
0.139	0.3671
0.14	0.3615
0.141	0.3559
0.142	0.3502
0.143	0.3445
0.144	0.3388
0.145	0.333
0.146	0.3273
0.147	0.3216
0.148	0.3159
0.149	0.3101
0.15	0.3044
0.151	0.2988
0.152	0.2931
0.153	0.2875
0.154	0.2818
0.155	0.2763
0.156	0.2707
0.157	0.2652
0.158	0.2598
0.159	0.2544
0.16	0.249
0.161	0.2437
0.162	0.2385
0.163	0.2333
0.164	0.2282
0.165	0.2231
0.166	0.2181
0.167	0.2132
0.168	0.2084
0.169	0.2036
0.17	0.1989
0.171	0.1943
0.172	0.1897
0.173	0.1853
0.174	0.1809
0.175	0.1766
0.176	0.1723
0.177	0.1682
0.178	0.1641
0.179	0.1601
0.18	0.1562
0.181	0.1524
0.182	0.1486
0.183	0.1449
0.184	0.1413
0.185	0.1378
0.186	0.1344
0.187	0.131
0.188	0.1277
0.189	0.1245
0.19	0.1214
0.191	0.1183
0.192	0.1154
0.193	0.1124
0.194	0.1096
0.195	0.1068
0.196	0.1041
0.197	0.1015
0.198	0.09893
0.199	0.09642
0.2	0.09398
0.201	0.09161
0.202	0.08929
0.203	0.08704
0.204	0.08484
0.205	0.0827
0.206	0.08062
0.207	0.0786
0.208	0.07662
0.209	0.0747
0.21	0.07283
0.211	0.07102
0.212	0.06925
0.213	0.06752
0.214	0.06585
0.215	0.06422
0.216	0.06263
0.217	0.06109
0.218	0.05959
0.219	0.05813
0.22	0.05671
0.221	0.05532
0.222	0.05398
0.223	0.05267
0.224	0.0514
0.225	0.05016
0.226	0.04896
0.227	0.04778
0.228	0.04664
0.229	0.04553
0.23	0.04446
0.231	0.04341
0.232	0.04238
0.233	0.04139
0.234	0.04042
0.235	0.03948
0.236	0.03856
0.237	0.03767
0.238	0.0368
0.239	0.03596
0.24	0.03514
0.241	0.03433
0.242	0.03355
0.243	0.0328
0.244	0.03206
0.245	0.03134
0.246	0.03064
0.247	0.02995
0.248	0.02929
0.249	0.02864
0.25	0.02801
0.251	0.02739
0.252	0.02679
0.253	0.02621
0.254	0.02564
0.255	0.02509
0.256	0.02455
0.257	0.02402
0.258	0.0235
0.259	0.023
0.26	0.02252
0.261	0.02204
0.262	0.02158
0.263	0.02112
0.264	0.02068
0.265	0.02025
0.266	0.01983
0.267	0.01942
0.268	0.01902
0.269	0.01863
0.27	0.01825
0.271	0.01787
0.272	0.01751
0.273	0.01716
0.274	0.01681
0.275	0.01647
0.276	0.01614
0.277	0.01582
0.278	0.0155
0.279	0.0152
0.28	0.0149
0.281	0.0146
0.282	0.01431
0.283	0.01403
0.284	0.01376
0.285	0.01349
0.286	0.01323
0.287	0.01297
0.288	0.01272
0.289	0.01248
0.29	0.01224
0.291	0.01201
0.292	0.01178
0.293	0.01155
0.294	0.01133
0.295	0.01112
0.296	0.01091
0.297	0.01071
0.298	0.0105
0.299	0.01031
0.3	0.01012
0.301	0.009927
0.302	0.009743
0.303	0.009563
0.304	0.009386
0.305	0.009213
0.306	0.009044
0.307	0.008878
0.308	0.008715
0.309	0.008556
0.31	0.0084
0.311	0.008247
0.312	0.008097
0.313	0.007951
0.314	0.007807
0.315	0.007666
0.316	0.007528
0.317	0.007392
0.318	0.00726
0.319	0.007129
0.32	0.007002
0.321	0.006876
0.322	0.006754
0.323	0.006633
0.324	0.006515
0.325	0.006399
0.326	0.006285
0.327	0.006174
0.328	0.006064
0.329	0.005957
0.33	0.005851
0.331	0.005748
0.332	0.005646
0.333	0.005547
0.334	0.005449
0.335	0.005352
0.336	0.005258
0.337	0.005165
0.338	0.005074
0.339	0.004985
0.34	0.004897
0.341	0.004811
0.342	0.004726
0.343	0.004642
0.344	0.00456
0.345	0.00448
0.346	0.004401
0.347	0.004323
0.348	0.004247
0.349	0.004171
0.35	0.004097
0.351	0.004025
0.352	0.003953
0.353	0.003883
0.354	0.003814
0.355	0.003746
0.356	0.003679
0.357	0.003613
0.358	0.003548
0.359	0.003484
0.36	0.003422
0.361	0.00336
0.362	0.003299
0.363	0.003239
0.364	0.00318
0.365	0.003122
0.366	0.003065
0.367	0.003008
0.368	0.002953
0.369	0.002898
0.37	0.002844
0.371	0.002791
0.372	0.002739
0.373	0.002687
0.374	0.002637
0.375	0.002586
0.376	0.002537
0.377	0.002488
0.378	0.00244
0.379	0.002393
0.38	0.002346
0.381	0.0023
0.382	0.002254
0.383	0.002209
0.384	0.002165
0.385	0.002121
0.386	0.002078
0.387	0.002035
0.388	0.001993
0.389	0.001952
0.39	0.00191
0.391	0.00187
0.392	0.00183
0.393	0.00179
0.394	0.001751
0.395	0.001712
0.396	0.001674
0.397	0.001636
0.398	0.001598
0.399	0.001561
0.4	0.001524
0.401	0.001488
0.402	0.001452
0.403	0.001417
0.404	0.001381
0.405	0.001346
0.406	0.001312
0.407	0.001278
0.408	0.001244
0.409	0.00121
0.41	0.001177
0.411	0.001144
0.412	0.001111
0.413	0.001079
0.414	0.001047
0.415	0.001015
0.416	0.0009829
0.417	0.0009515
0.418	0.0009203
0.419	0.0008893
0.42	0.0008586
0.421	0.000828
0.422	0.0007977
0.423	0.0007675
0.424	0.0007375
0.425	0.0007077
0.426	0.0006781
0.427	0.0006486
0.428	0.0006193
0.429	0.0005902
0.43	0.0005611
0.431	0.0005323
0.432	0.0005035
0.433	0.0004749
0.434	0.0004464
0.435	0.000418
0.436	0.0003896
0.437	0.0003614
0.438	0.0003333
0.439	0.0003052
0.44	0.0002773
0.441	0.0002493
0.442	0.0002215
0.443	0.0001937
0.444	0.0001659
0.445	0.0001382
0.446	0.0001105
0.447	0.00008285
0.448	0.00005522
0.449	0.00002761
0.45	0.