# header: write what you want on lines starting with #
# Total ACTIVE Pulses, # breakdowns, amp_set, index (point on pulse / power curve) , pulse length
# the init of this file could be 1 0 500 0 3500, 2 0 500 0 3500, etc
531 0 709 7 756
629927 1 19500 287 756
649134 2 19900 287 756
663617 3 19900 287 756
675254 4 19900 287 756
685220 5 19900 287 756
701197 6 19900 287 756
716534 7 19900 287 756
727172 8 19900 287 756
743893 9 20300 287 756
744169 9 20300 287 756
744238 9 20300 287 756
744309 9 20300 287 756
744369 9 20300 287 756
744429 9 20300 287 756
744499 9 20300 287 756
744566 9 20300 287 756
744629 9 20300 287 756
744690 9 20300 287 756
744755 9 20300 287 756
744816 9 20300 287 756
744876 9 20300 287 756
744941 9 20300 287 756
745003 9 20300 287 756
745074 9 20300 287 756
745137 9 20300 287 756
745200 9 20300 287 756
745266 9 20300 287 756
745330 9 20300 287 756
745391 9 20300 287 756
745451 9 20300 287 756
745519 9 20300 287 756
745579 9 20300 287 756
745640 9 20300 287 756
745707 9 20300 287 756
745767 9 20300 287 756
745829 9 20300 287 756
745896 9 20300 287 756
745958 9 20300 287 756
746020 9 20300 287 756
746086 9 20300 287 756
746146 9 20300 287 756
746207 9 20300 287 756
746274 9 20300 287 756
746334 9 20300 287 756
746401 9 20300 287 756
746466 9 20300 287 756
746526 9 20300 287 756
746596 9 20300 287 756
746656 9 20300 287 756
746722 9 20300 287 756
746785 9 20300 287 756
746845 9 20300 287 756
746911 9 20300 287 756
746981 9 20300 287 756
747041 9 20300 287 756
747108 9 20300 287 756
747170 9 20300 287 756
747232 9 20300 287 756
747298 9 20300 287 756
747360 9 20300 287 756
747430 9 20300 287 756
747493 9 20300 287 756
747553 9 20300 287 756
747616 9 20300 287 756
747681 9 20300 287 756
747741 9 20300 287 756
747802 9 20300 287 756
747868 9 20300 287 756
747939 9 20300 287 756
748000 9 20300 287 756
748063 9 20300 287 756
748129 9 20300 287 756
748198 9 20300 287 756
748263 9 20300 287 756
748331 9 20300 287 756
748401 9 20300 287 756
748462 9 20300 287 756
748527 9 20300 287 756
748587 9 20300 287 756
748657 9 20300 287 756
748728 9 20300 287 756
748793 9 20300 287 756
748854 9 20300 287 756
748914 9 20300 287 756
748982 9 20300 287 756
749051 9 20300 287 756
749120 9 20300 287 756
749183 9 20300 287 756
749246 9 20300 287 756
749306 9 20300 287 756
749373 9 20300 287 756
749436 9 20300 287 756
749499 9 20300 287 756
749564 9 20300 287 756
749625 9 20300 287 756
749685 9 20300 287 756
749749 9 20300 287 756
749809 9 20300 287 756
749870 9 20300 287 756
749936 9 20300 287 756
749997 9 20300 287 756
750059 9 20300 287 756
750123 9 20300 287 756
750186 9 20300 287 756
750246 9 20300 287 756
750312 9 20300 287 756
750372 9 20300 287 756
750440 9 20300 287 756
750504 9 20300 287 756
750568 9 20300 287 756
750629 9 20300 287 756
750690 9 20300 287 756
750756 9 20300 287 756
750816 9 20300 287 756
750877 9 20300 287 756
750941 9 20300 287 756
751002 9 20300 287 756
751062 9 20300 287 756
751128 9 20300 287 756
751195 9 20300 287 756
751255 9 20300 287 756
751324 9 20300 287 756
751384 9 20300 287 756
751445 9 20300 287 756
751511 9 20300 287 756
751572 9 20300 287 756
751633 9 20300 287 756
751698 9 20300 287 756
751759 9 20300 287 756
751822 9 20300 287 756
751888 9 20300 287 756
751959 9 20300 287 756
752028 9 20300 287 756
752095 9 20300 287 756
752155 9 20300 287 756
752217 9 20300 287 756
752282 9 20300 287 756
752344 9 20300 287 756
752404 9 20300 287 756
752470 9 20300 287 756
752531 9 20300 287 756
752603 9 20300 287 756
752663 9 20300 287 756
752725 9 20300 287 756
752792 9 20300 287 756
752855 9 20300 287 756
752921 9 20300 287 756
752982 9 20300 287 756
753044 9 20300 287 756
753106 9 20300 287 756
753176 9 20300 287 756
753236 9 20300 287 756
753301 9 20300 287 756
753363 9 20300 287 756
753424 9 20300 287 756
753490 9 20300 287 756
753550 9 20300 287 756
753611 9 20300 287 756
753676 9 20300 287 756
753737 9 20300 287 756
753798 9 20300 287 756
753863 9 20300 287 756
753925 9 20300 287 756
753996 9 20300 287 756
754061 9 20300 287 756
754130 9 20300 287 756
754191 9 20300 287 756
754258 9 20300 287 756
754319 9 20300 287 756
754390 9 20300 287 756
754454 9 20300 287 756
754516 9 20300 287 756
754578 9 20300 287 756
754641 9 20300 287 756
754712 9 20300 287 756
754772 9 20300 287 756
754840 9 20300 287 756
754907 9 20300 287 756
754969 9 20300 287 756
755030 9 20300 287 756
755095 9 20300 287 756
755160 9 20300 287 756
755221 9 20300 287 756
755286 9 20300 287 756
755349 9 20300 287 756
755409 9 20300 287 756
755474 9 20300 287 756
755545 9 20300 287 756
755614 9 20300 287 756
755680 9 20300 287 756
755740 9 20300 287 756
755802 9 20300 287 756
755867 9 20300 287 756
755928 9 20300 287 756
755990 9 20300 287 756
756056 9 20300 287 756
756116 9 20300 287 756
756177 9 20300 287 756
756242 9 20300 287 756
756303 9 20300 287 756
756363 9 20300 287 756
756431 9 20300 287 756
756492 9 20300 287 756
757495 9 20300 287 756
758496 9 20350 287 756
759497 9 20400 287 756
760506 9 20450 287 756
761513 9 20500 287 756
762514 9 20550 287 756
763515 9 20600 287 756
764524 9 20650 287 756
765526 9 20700 287 756
766535 9 20750 287 756
767537 9 20800 287 756
768539 9 20850 287 756
769543 9 20900 287 756
770551 9 20950 287 756
771551 9 21000 287 756
772556 9 21050 287 756
773561 9 21100 287 756
774570 9 21150 287 756
775572 9 21151 287 756
776572 9 21201 287 756
777573 9 21251 287 756
778578 9 21252 287 756
779588 9 21255 287 756
780595 9 21305 287 756
781596 9 21401 287 756
782602 9 21511 287 756
783609 9 21618 287 756
784615 9 21744 287 756
785621 9 21793 287 756
786623 9 21847 287 756
786972 9 21900 287 756
787038 9 21900 287 756
787098 9 21900 287 756
787162 9 21900 287 756
787229 9 21900 287 756
787291 9 21900 287 756
787360 9 21900 287 756
787425 9 21900 287 756
787487 9 21900 287 756
787547 9 21900 287 756
787614 9 21900 287 756
787675 9 21900 287 756
787735 9 21900 287 756
787802 9 21900 287 756
787873 9 21900 287 756
787937 9 21900 287 756
788001 9 21900 287 756
788061 9 21900 287 756
788126 9 21900 287 756
788192 9 21900 287 756
788260 9 21900 287 756
788321 9 21900 287 756
788385 9 21900 287 756
788452 9 21900 287 756
788515 9 21900 287 756
788577 9 21900 287 756
788641 9 21900 287 756
788701 9 21900 287 756
788763 9 21900 287 756
788825 9 21900 287 756
788890 9 21900 287 756
788954 9 21900 287 756
789019 9 21900 287 756
789091 9 21900 287 756
789153 9 21900 287 756
789219 9 21900 287 756
789282 9 21900 287 756
789346 9 21900 287 756
789408 9 21900 287 756
789473 9 21900 287 756
789535 9 21900 287 756
789600 9 21900 287 756
789672 9 21900 287 756
789735 9 21900 287 756
789801 9 21900 287 756
789865 9 21900 287 756
789933 9 21900 287 756
789999 9 21900 287 756
790061 9 21900 287 756
790123 9 21900 287 756
790190 9 21900 287 756
790261 9 21900 287 756
790333 9 21900 287 756
790402 9 21900 287 756
790469 9 21900 287 756
790538 9 21900 287 756
790601 9 21900 287 756
790661 9 21900 287 756
790729 9 21900 287 756
790789 9 21900 287 756
790849 9 21900 287 756
790915 9 21900 287 756
790976 9 21900 287 756
791039 9 21900 287 756
791104 9 21900 287 756
791165 9 21900 287 756
791227 9 21900 287 756
791289 9 21900 287 756
791361 9 21900 287 756
791422 9 21900 287 756
791487 9 21900 287 756
791549 9 21900 287 756
791617 9 21900 287 756
791684 9 21900 287 756
791754 9 21900 287 756
791818 9 21900 287 756
791882 9 21900 287 756
791944 9 21900 287 756
792007 9 21900 287 756
792074 9 21900 287 756
792136 9 21900 287 756
792196 9 21900 287 756
792262 9 21900 287 756
792322 9 21900 287 756
792382 9 21900 287 756
792449 9 21900 287 756
792509 9 21900 287 756
792570 9 21900 287 756
792637 9 21900 287 756
792697 9 21900 287 756
792758 9 21900 287 756
792826 9 21900 287 756
792886 9 21900 287 756
792947 9 21900 287 756
793011 9 21900 287 756
793074 9 21900 287 756
793136 9 21900 287 756
793202 9 21900 287 756
793267 9 21900 287 756
793327 9 21900 287 756
793392 9 21900 287 756
793454 9 21900 287 756
793514 9 21900 287 756
793581 9 21900 287 756
793642 9 21900 287 756
793711 9 21900 287 756
793776 9 21900 287 756
793838 9 21900 287 756
793901 9 21900 287 756
793965 9 21900 287 756
794035 9 21900 287 756
794095 9 21900 287 756
794155 9 21900 287 756
794222 9 21900 287 756
794292 9 21900 287 756
794354 9 21900 287 756
794421 9 21900 287 756
794484 9 21900 287 756
794555 9 21900 287 756
794620 9 21900 287 756
794683 9 21900 287 756
794743 9 21900 287 756
794811 9 21900 287 756
794873 9 21900 287 756
794942 9 21900 287 756
795012 9 21900 287 756
795079 9 21900 287 756
795151 9 21900 287 756
795215 9 21900 287 756
795282 9 21900 287 756
795343 9 21900 287 756
795414 9 21900 287 756
795477 9 21900 287 756
795542 9 21900 287 756
795604 9 21900 287 756
795667 9 21900 287 756
795733 9 21900 287 756
795793 9 21900 287 756
795859 9 21900 287 756
795922 9 21900 287 756
795983 9 21900 287 756
796049 9 21900 287 756
796111 9 21900 287 756
796172 9 21900 287 756
796238 9 21900 287 756
796309 9 21900 287 756
796379 9 21900 287 756
796439 9 21900 287 756
796503 9 21900 287 756
796566 9 21900 287 756
796636 9 21900 287 756
796701 9 21900 287 756
796767 9 21900 287 756
796831 9 21900 287 756
796892 9 21900 287 756
796957 9 21900 287 756
797021 9 21900 287 756
797089 9 21900 287 756
797155 9 21900 287 756
797225 9 21900 287 756
797286 9 21900 287 756
797352 9 21900 287 756
797414 9 21900 287 756
797475 9 21900 287 756
797541 9 21900 287 756
797601 9 21900 287 756
797665 9 21900 287 756
797732 9 21900 287 756
797794 9 21900 287 756
797854 9 21900 287 756
797917 9 21900 287 756
797978 9 21900 287 756
798039 9 21900 287 756
798101 9 21900 287 756
798165 9 21900 287 756
799167 9 21900 287 756
800176 9 21955 287 756
801184 9 21993 287 756
802184 9 22021 287 756
803186 9 22050 287 756
804186 9 22073 287 756
805189 9 22094 287 756
806193 9 22117 287 756
807198 9 22185 287 756
808199 9 22250 287 756
809136 10 22300 287 756
809197 10 22300 287 756
809257 10 22300 287 756
809322 10 22300 287 756
809392 10 22300 287 756
809452 10 22300 287 756
809516 10 22300 287 756
809576 10 22300 287 756
809637 10 22300 287 756
809701 10 22300 287 756
809773 10 22300 287 756
809833 10 22300 287 756
809896 10 22300 287 756
809960 10 22300 287 756
810020 10 22300 287 756
810083 10 22300 287 756
810149 10 22300 287 756
810209 10 22300 287 756
810275 10 22300 287 756
810337 10 22300 287 756
810401 10 22300 287 756
810466 10 22300 287 756
810530 10 22300 287 756
810590 10 22300 287 756
810655 10 22300 287 756
810716 10 22300 287 756
810777 10 22300 287 756
810842 10 22300 287 756
810902 10 22300 287 756
810964 10 22300 287 756
811031 10 22300 287 756
811100 10 22300 287 756
811160 10 22300 287 756
811222 10 22300 287 756
811289 10 22300 287 756
811350 10 22300 287 756
811410 10 22300 287 756
811477 10 22300 287 756
811537 10 22300 287 756
811599 10 22300 287 756
811666 10 22300 287 756
811726 10 22300 287 756
811792 10 22300 287 756
811856 10 22300 287 756
811919 10 22300 287 756
811982 10 22300 287 756
812045 10 22300 287 756
812107 10 22300 287 756
812170 10 22300 287 756
812234 10 22300 287 756
812298 10 22300 287 756
812362 10 22300 287 756
812426 10 22300 287 756
812489 10 22300 287 756
812555 10 22300 287 756
812618 10 22300 287 756
812688 10 22300 287 756
812750 10 22300 287 756
812814 10 22300 287 756
812876 10 22300 287 756
812939 10 22300 287 756
813005 10 22300 287 756
813069 10 22300 287 756
813131 10 22300 287 756
813198 10 22300 287 756
813258 10 22300 287 756
813328 10 22300 287 756
813394 10 22300 287 756
813457 10 22300 287 756
813518 10 22300 287 756
813583 10 22300 287 756
813643 10 22300 287 756
813704 10 22300 287 756
813771 10 22300 287 756
813841 10 22300 287 756
813903 10 22300 287 756
813968 10 22300 287 756
814030 10 22300 287 756
814091 10 22300 287 756
814157 10 22300 287 756
814228 10 22300 287 756
814292 10 22300 287 756
814353 10 22300 287 756
814414 10 22300 287 756
814476 10 22300 287 756
814537 10 22300 287 756
814609 10 22300 287 756
814676 10 22300 287 756
814741 10 22300 287 756
814812 10 22300 287 756
814873 10 22300 287 756
814935 10 22300 287 756
814999 10 22300 287 756
815061 10 22300 287 756
815125 10 22300 287 756
815188 10 22300 287 756
815248 10 22300 287 756
815313 10 22300 287 756
815382 10 22300 287 756
815451 10 22300 287 756
815512 10 22300 287 756
815578 10 22300 287 756
815638 10 22300 287 756
815700 10 22300 287 756
815765 10 22300 287 756
815829 10 22300 287 756
815891 10 22300 287 756
815958 10 22300 287 756
816019 10 22300 287 756
816079 10 22300 287 756
816147 10 22300 287 756
816209 10 22300 287 756
816271 10 22300 287 756
816336 10 22300 287 756
816398 10 22300 287 756
816460 10 22300 287 756
816525 10 22300 287 756
816586 10 22300 287 756
816648 10 22300 287 756
816715 10 22300 287 756
816777 10 22300 287 756
816848 10 22300 287 756
816913 10 22300 287 756
816973 10 22300 287 756
817036 10 22300 287 756
817101 10 22300 287 756
817172 10 22300 287 756
817240 10 22300 287 756
817307 10 22300 287 756
817370 10 22300 287 756
817430 10 22300 287 756
817497 10 22300 287 756
817561 10 22300 287 756
817625 10 22300 287 756
817688 10 22300 287 756
817750 10 22300 287 756
817810 10 22300 287 756
817871 10 22300 287 756
817934 10 22300 287 756
817996 10 22300 287 756
818059 10 22300 287 756
818121 10 22300 287 756
818187 10 22300 287 756
818249 10 22300 287 756
818316 10 22300 287 756
818376 10 22300 287 756
818445 10 22300 287 756
818513 10 22300 287 756
818581 10 22300 287 756
818641 10 22300 287 756
818706 10 22300 287 756
818769 10 22300 287 756
818830 10 22300 287 756
818897 10 22300 287 756
818959 10 22300 287 756
819031 10 22300 287 756
819092 10 22300 287 756
819157 10 22300 287 756
819227 10 22300 287 756
819297 10 22300 287 756
819363 10 22300 287 756
819433 10 22300 287 756
819495 10 22300 287 756
819559 10 22300 287 756
819623 10 22300 287 756
819686 10 22300 287 756
819750 10 22300 287 756
819813 10 22300 287 756
819874 10 22300 287 756
819940 10 22300 287 756
820001 10 22300 287 756
821012 10 22300 287 756
822017 10 22361 287 756
823023 10 22412 287 756
823242 10 22300 287 756
823308 10 22300 287 756
823375 10 22300 287 756
823446 10 22300 287 756
823516 10 22300 287 756
823581 10 22300 287 756
823645 10 22300 287 756
823709 10 22300 287 756
823776 10 22300 287 756
823836 10 22300 287 756
823907 10 22300 287 756
823970 10 22300 287 756
824032 10 22300 287 756
824092 10 22300 287 756
824156 10 22300 287 756
824222 10 22300 287 756
824283 10 22300 287 756
824347 10 22300 287 756
824409 10 22300 287 756
824469 10 22300 287 756
824536 10 22300 287 756
824597 10 22300 287 756
824658 10 22300 287 756
824726 10 22300 287 756
824797 10 22300 287 756
824857 10 22300 287 756
824919 10 22300 287 756
824986 10 22300 287 756
825054 10 22300 287 756
825124 10 22300 287 756
825189 10 22300 287 756
825259 10 22300 287 756
825330 10 22300 287 756
825390 10 22300 287 756
825455 10 22300 287 756
825517 10 22300 287 756
825578 10 22300 287 756
825643 10 22300 287 756
825705 10 22300 287 756
825765 10 22300 287 756
825829 10 22300 287 756
825891 10 22300 287 756
825951 10 22300 287 756
826014 10 22300 287 756
826078 10 22300 287 756
826142 10 22300 287 756
826207 10 22300 287 756
826267 10 22300 287 756
826337 10 22300 287 756
826402 10 22300 287 756
826464 10 22300 287 756
826524 10 22300 287 756
826591 10 22300 287 756
826654 10 22300 287 756
826716 10 22300 287 756
826782 10 22300 287 756
826851 10 22300 287 756
826914 10 22300 287 756
826980 10 22300 287 756
827040 10 22300 287 756
827100 10 22300 287 756
827166 10 22300 287 756
827226 10 22300 287 756
827288 10 22300 287 756
827354 10 22300 287 756
827416 10 22300 287 756
827477 10 22300 287 756
827541 10 22300 287 756
827601 10 22300 287 756
827663 10 22300 287 756
827730 10 22300 287 756
827792 10 22300 287 756
827852 10 22300 287 756
827918 10 22300 287 756
827980 10 22300 287 756
828049 10 22300 287 756
828116 10 22300 287 756
828183 10 22300 287 756
828254 10 22300 287 756
828324 10 22300 287 756
828389 10 22300 287 756
828452 10 22300 287 756
828521 10 22300 287 756
828582 10 22300 287 756
828644 10 22300 287 756
828706 10 22300 287 756
828771 10 22300 287 756
828832 10 22300 287 756
828892 10 22300 287 756
828956 10 22300 287 756
829023 10 22300 287 756
829092 10 22300 287 756
829163 10 22300 287 756
829229 10 22300 287 756
829299 10 22300 287 756
829359 10 22300 287 756
829420 10 22300 287 756
829483 10 22300 287 756
829545 10 22300 287 756
829608 10 22300 287 756
829668 10 22300 287 756
829730 10 22300 287 756
829794 10 22300 287 756
829854 10 22300 287 756
829914 10 22300 287 756
829981 10 22300 287 756
830049 10 22300 287 756
830111 10 22300 287 756
830172 10 22300 287 756
830241 10 22300 287 756
830301 10 22300 287 756
830363 10 22300 287 756
830431 10 22300 287 756
830500 10 22300 287 756
830562 10 22300 287 756
830628 10 22300 287 756
830699 10 22300 287 756
830771 10 22300 287 756
830832 10 22300 287 756
830894 10 22300 287 756
830955 10 22300 287 756
831020 10 22300 287 756
831088 10 22300 287 756
831160 10 22300 287 756
831220 10 22300 287 756
831285 10 22300 287 756
831345 10 22300 287 756
831408 10 22300 287 756
831471 10 22300 287 756
831531 10 22300 287 756
831591 10 22300 287 756
831657 10 22300 287 756
831717 10 22300 287 756
831778 10 22300 287 756
831841 10 22300 287 756
831909 10 22300 287 756
831971 10 22300 287 756
832036 10 22300 287 756
832096 10 22300 287 756
832165 10 22300 287 756
832228 10 22300 287 756
832290 10 22300 287 756
832350 10 22300 287 756
832413 10 22300 287 756
832475 10 22300 287 756
832535 10 22300 287 756
832599 10 22300 287 756
832669 10 22300 287 756
832740 10 22300 287 756
832800 10 22300 287 756
832863 10 22300 287 756
832924 10 22300 287 756
832987 10 22300 287 756
833050 10 22300 287 756
833121 10 22300 287 756
833191 10 22300 287 756
833257 10 22300 287 756
833328 10 22300 287 756
833398 10 22300 287 756
833459 10 22300 287 756
833522 10 22300 287 756
833585 10 22300 287 756
833648 10 22300 287 756
833710 10 22300 287 756
833771 10 22300 287 756
833836 10 22300 287 756
834837 10 22300 287 756
835844 10 22356 287 756
836850 10 22402 287 756
837856 10 22440 287 756
838858 10 22477 287 756
839861 10 22512 287 756
840871 10 22562 287 756
841879 10 22612 287 756
842883 10 22662 287 756
843890 10 22712 287 756
844894 10 22762 287 756
845895 10 22812 287 756
846899 10 22862 287 756
847901 10 22912 287 756
848905 10 22962 287 756
849908 10 23012 287 756
850907 11 23100 287 756
850977 11 23100 287 756
851047 11 23100 287 756
851114 11 23100 287 756
851180 11 23100 287 756
851242 11 23100 287 756
851302 11 23100 287 756
851367 11 23100 287 756
851431 11 23100 287 756
851493 11 23100 287 756
851557 11 23100 287 756
851627 11 23100 287 756
851696 11 23100 287 756
851766 11 23100 287 756
851831 11 23100 287 756
851892 11 23100 287 756
851964 11 23100 287 756
852027 11 23100 287 756
852098 11 23100 287 756
852167 11 23100 287 756
852229 11 23100 287 756
852293 11 23100 287 756
852361 11 23100 287 756
852432 11 23100 287 756
852496 11 23100 287 756
852557 11 23100 287 756
852618 11 23100 287 756
852684 11 23100 287 756
852744 11 23100 287 756
852806 11 23100 287 756
852873 11 23100 287 756
852935 11 23100 287 756
852998 11 23100 287 756
853065 11 23100 287 756
853127 11 23100 287 756
853187 11 23100 287 756
853252 11 23100 287 756
853316 11 23100 287 756
853385 11 23100 287 756
853451 11 23100 287 756
853512 11 23100 287 756
853581 11 23100 287 756
853642 11 23100 287 756
853709 11 23100 287 756
853770 11 23100 287 756
853832 11 23100 287 756
853895 11 23100 287 756
853957 11 23100 287 756
854022 11 23100 287 756
854088 11 23100 287 756
854153 11 23100 287 756
854222 11 23100 287 756
854286 11 23100 287 756
854357 11 23100 287 756
854427 11 23100 287 756
854489 11 23100 287 756
854552 11 23100 287 756
854621 11 23100 287 756
854681 11 23100 287 756
854748 11 23100 287 756
854808 11 23100 287 756
854869 11 23100 287 756
854932 11 23100 287 756
855000 11 23100 287 756
855068 11 23100 287 756
855133 11 23100 287 756
855202 11 23100 287 756
855271 11 23100 287 756
855341 11 23100 287 756
855404 11 23100 287 756
855465 11 23100 287 756
855527 11 23100 287 756
855592 11 23100 287 756
855663 11 23100 287 756
855725 11 23100 287 756
855790 11 23100 287 756
855855 11 23100 287 756
855926 11 23100 287 756
855996 11 23100 287 756
856060 11 23100 287 756
856120 11 23100 287 756
856189 11 23100 287 756
856255 11 23100 287 756
856316 11 23100 287 756
856385 11 23100 287 756
856445 11 23100 287 756
856509 11 23100 287 756
856569 11 23100 287 756
856632 11 23100 287 756
856697 11 23100 287 756
856757 11 23100 287 756
856823 11 23100 287 756
856885 11 23100 287 756
856947 11 23100 287 756
857011 11 23100 287 756
857074 11 23100 287 756
857143 11 23100 287 756
857204 11 23100 287 756
857269 11 23100 287 756
857332 11 23100 287 756
857403 11 23100 287 756
857467 11 23100 287 756
857527 11 23100 287 756
857587 11 23100 287 756
857652 11 23100 287 756
857722 11 23100 287 756
857784 11 23100 287 756
857851 11 23100 287 756
857913 11 23100 287 756
857974 11 23100 287 756
858041 11 23100 287 756
858102 11 23100 287 756
858162 11 23100 287 756
858225 11 23100 287 756
858285 11 23100 287 756
858345 11 23100 287 756
858412 11 23100 287 756
858472 11 23100 287 756
858532 11 23100 287 756
