# header: write what you want on lines starting with #
# Total ACTIVE Pulses, # breakdowns, amp_set, index (point on pulse / power curve) , pulse length
# the init of this file could be 1 0 500 0 3500, 2 0 500 0 3500, etc
1 0 500 0 3500
102 7 3675 0 2493
77860 8 20550 222 2493
84624 9 26850 291 2493
86956 10 27050 291 2493
88189 11 27050 0 2493
89804 12 28450 291 2493
90894 13 28450 291 2493
91987 14 28450 291 2493
98240 15 29450 291 2493
99172 16 29450 291 2493
100158 17 29450 291 2493
106672 18 36150 291 2493
106684 19 36150 291 2493
106697 20 36150 291 2493
106709 21 36150 291 2493
106722 22 36150 291 2493
106735 23 36150 291 2493
106748 24 36150 291 2493
106760 25 36150 291 2493
106772 26 36150 291 2493
106784 27 36150 291 2493
106796 28 36150 291 2493
106808 29 36150 291 2493
106820 30 36150 291 2493
106834 31 36150 291 2493
106846 32 36150 291 2493
106859 33 36150 291 2493
106871 34 36150 291 2493
106884 35 36150 291 2493
106897 36 36150 291 2493
3848819 286 39931 238 2493
4701474 341 40000 287 2493
4770142 342 45265 287 2493
4795011 343 48799 287 2493
4843634 344 54053 287 2493
4940712 345 61629 287 2493
4952722 346 64039 287 2493
4967192 347 65392 287 2493
4968498 348 65392 287 2493
5006008 355 67020 287 2493
5007182 356 67020 287 2493
5205241 385 67607 287 2493
5110828 378 67724 287 2493
5139848 379 67724 287 2493
5140294 380 67724 287 2493
5194886 387 67724 287 2493
5202855 388 67724 287 2493
5202855 388 67724 287 2493
5205256 388 67938 287 2493
5205271 388 67938 287 2493
5205286 388 67938 287 2493
5205301 388 67938 287 2493
5205316 388 67938 287 2493
5205331 388 67938 287 2493
5205346 388 67938 287 2493
5205361 388 67938 287 2493
5205376 388 67938 287 2493
5205391 388 67938 287 2493
5205407 388 67938 287 2493
5205422 388 67938 287 2493
5205437 388 67938 287 2493
5205452 388 67938 287 2493
5205467 388 67938 287 2493
5205482 388 67938 287 2493
5205497 388 67938 287 2493
5205512 388 67938 287 2493
5205527 388 67938 287 2493
5205542 388 67938 287 2493
5205558 388 67938 287 2493
5205573 388 67938 287 2493
5205588 388 67938 287 2493
5205603 388 67938 287 2493
5205618 388 67938 287 2493
5205634 388 67938 287 2493
5205649 388 67938 287 2493
5205664 388 67938 287 2493
5205679 388 67938 287 2493
5205695 388 67938 287 2493
5205710 388 67938 287 2493
5205726 388 67938 287 2493
5205741 388 67938 287 2493
5205756 388 67938 287 2493
5205772 388 67938 287 2493
5205787 388 67938 287 2493
5205803 388 67938 287 2493
5205818 388 67938 287 2493
5205834 388 67938 287 2493
5205849 388 67938 287 2493
5205864 388 67938 287 2493
5205879 388 67938 287 2493
5205894 388 67938 287 2493
5205909 388 67938 287 2493
5205925 388 67938 287 2493
5205940 388 67938 287 2493
5205955 388 67938 287 2493
5205970 388 67938 287 2493
5205985 388 67938 287 2493
5206000 388 67938 287 2493
5206015 388 67938 287 2493
5206030 388 67938 287 2493
5206045 388 67938 287 2493
5206060 388 67938 287 2493
5206075 388 67938 287 2493
5206090 388 67938 287 2493
5206105 388 67938 287 2493
5206121 388 67938 287 2493
5206136 388 67938 287 2493
5206152 388 67938 287 2493
5206167 388 67938 287 2493
5206182 388 67938 287 2493
5206197 388 67938 287 2493
5206212 388 67938 287 2493
5206227 388 67938 287 2493
5206242 388 67938 287 2493
5206257 388 67938 287 2493
5206272 388 67938 287 2493
5206302 388 67938 287 2493
5206332 388 67938 287 2493
5206347 388 67938 287 2493
5206362 388 67938 287 2493
5206377 388 67938 287 2493
5206392 388 67938 287 2493
5206407 388 67938 287 2493
5206423 388 67938 287 2493
5206439 388 67938 287 2493
5206455 388 67938 287 2493
5206470 388 67938 287 2493
5206485 388 67938 287 2493
5206500 388 67938 287 2493
5206515 388 67938 287 2493
5206530 388 67938 287 2493
5206546 388 67938 287 2493
5206562 388 67938 287 2493
5206577 388 67938 287 2493
5206592 388 67938 287 2493
5206607 388 67938 287 2493
5206622 388 67938 287 2493
5206637 388 67938 287 2493
5206652 388 67938 287 2493
5206667 388 67938 287 2493
5206682 388 67938 287 2493
5206697 388 67938 287 2493
5206712 388 67938 287 2493
5206727 388 67938 287 2493
5206743 388 67938 287 2493
5206758 388 67938 287 2493
5206774 388 67938 287 2493
5206789 388 67938 287 2493
5206804 388 67938 287 2493
5206819 388 67938 287 2493
5206834 388 67938 287 2493
5206850 388 67938 287 2493
5206865 388 67938 287 2493
5206880 388 67938 287 2493
5206895 388 67938 287 2493
5206910 388 67938 287 2493
5206925 388 67938 287 2493
5206940 388 67938 287 2493
5206955 388 67938 287 2493
5206970 388 67938 287 2493
5206985 388 67938 287 2493
5207000 388 67938 287 2493
5207015 388 67938 287 2493
5207030 388 67938 287 2493
5207045 388 67938 287 2493
5207060 388 67938 287 2493
5207075 388 67938 287 2493
5207090 388 67938 287 2493
5207105 388 67938 287 2493
5207120 388 67938 287 2493
5207135 388 67938 287 2493
5207151 388 67938 287 2493
5207166 388 67938 287 2493
5207182 388 67938 287 2493
5207197 388 67938 287 2493
5207213 388 67938 287 2493
5207228 388 67938 287 2493
5207244 388 67938 287 2493
5207259 388 67938 287 2493
5207274 388 67938 287 2493
5207290 388 67938 287 2493
5207306 388 67938 287 2493
5207321 388 67938 287 2493
5207337 388 67938 287 2493
5207352 388 67938 287 2493
5207367 388 67938 287 2493
5207382 388 67938 287 2493
5207397 388 67938 287 2493
5207412 388 67938 287 2493
5207427 388 67938 287 2493
5207443 388 67938 287 2493
5207458 388 67938 287 2493
5207473 388 67938 287 2493
5207488 388 67938 287 2493
5207503 388 67938 287 2493
5207518 388 67938 287 2493
5207533 388 67938 287 2493
5207563 388 67938 287 2493
5207593 388 67938 287 2493
5207624 388 67938 287 2493
5207654 388 67938 287 2493
5207684 388 67938 287 2493
5207714 388 67938 287 2493
5207745 388 67938 287 2493
5207775 388 67938 287 2493
5207805 388 67938 287 2493
5207835 388 67938 287 2493
5207866 388 67938 287 2493
5207896 388 67938 287 2493
5207926 388 67938 287 2493
5207956 388 67938 287 2493
5207987 388 67938 287 2493
5208017 388 67938 287 2493
5208040 389 67938 287 2493
5208055 389 67938 287 2493
5208070 389 67938 287 2493
5208085 389 67938 287 2493
5208100 389 67938 287 2493
5208115 389 67938 287 2493
5208130 389 67938 287 2493
5208145 389 67938 287 2493
5208160 389 67938 287 2493
5208176 389 67938 287 2493
5208191 389 67938 287 2493
5208207 389 67938 287 2493
5208235 390 67938 287 2493
5208250 390 67938 287 2493
5208265 390 67938 287 2493
5208280 390 67938 287 2493
5208295 390 67938 287 2493
5208310 390 67938 287 2493
5208325 390 67938 287 2493
5208340 390 67938 287 2493
5208355 390 67938 287 2493
5208371 390 67938 287 2493
5208387 390 67938 287 2493
5208402 390 67938 287 2493
5208417 390 67938 287 2493
5208432 390 67938 287 2493
5208447 390 67938 287 2493
5208462 390 67938 287 2493
5208477 390 67938 287 2493
5208492 390 67938 287 2493
5208507 390 67938 287 2493
5208522 390 67938 287 2493
5208537 390 67938 287 2493
5208552 390 67938 287 2493
5208567 390 67938 287 2493
5208582 390 67938 287 2493
5208597 390 67938 287 2493
5208612 390 67938 287 2493
5208627 390 67938 287 2493
5208642 390 67938 287 2493
5208658 390 67938 287 2493
5208673 390 67938 287 2493
5208689 390 67938 287 2493
5208704 390 67938 287 2493
5208719 390 67938 287 2493
5208734 390 67938 287 2493
5208749 390 67938 287 2493
5208764 390 67938 287 2493
5208779 390 67938 287 2493
5208794 390 67938 287 2493
5208809 390 67938 287 2493
5208825 390 67938 287 2493
5208840 390 67938 287 2493
5208855 390 67938 287 2493
5208870 390 67938 287 2493
5208885 390 67938 287 2493
5208900 390 67938 287 2493
5208915 390 67938 287 2493
5208930 390 67938 287 2493
5208945 390 67938 287 2493
5208961 390 67938 287 2493
5208976 390 67938 287 2493
5208991 390 67938 287 2493
5209006 390 67938 287 2493
5209022 390 67938 287 2493
5209037 390 67938 287 2493
5209052 390 67938 287 2493
5209067 390 67938 287 2493
5209082 390 67938 287 2493
5209097 390 67938 287 2493
5209112 390 67938 287 2493
5209143 391 67938 287 2493
5209158 391 67938 287 2493
5209173 391 67938 287 2493
5209188 391 67938 287 2493
5209204 391 67938 287 2493
5209219 391 67938 287 2493
5209235 391 67938 287 2493
5209250 391 67938 287 2493
5209265 391 67938 287 2493
5209280 391 67938 287 2493
5209295 391 67938 287 2493
5209310 391 67938 287 2493
5209325 391 67938 287 2493
5209340 391 67938 287 2493
5209355 391 67938 287 2493
5209370 391 67938 287 2493
5209385 391 67938 287 2493
5209405 392 67938 287 2493
5209421 392 67938 287 2493
5209436 392 67938 287 2493
5209451 392 67938 287 2493
5209466 392 67938 287 2493
5209481 392 67938 287 2493
5209496 392 67938 287 2493
5209512 392 67938 287 2493
5209527 392 67938 287 2493
5209542 392 67938 287 2493
5209557 392 67938 287 2493
5209572 392 67938 287 2493
5209587 392 67938 287 2493
5209602 392 67938 287 2493
5209617 392 67938 287 2493
5209632 392 67938 287 2493
5209647 392 67938 287 2493
5209662 392 67938 287 2493
5209677 392 67938 287 2493
5209692 392 67938 287 2493
5209707 392 67938 287 2493
5209722 392 67938 287 2493
5209737 392 67938 287 2493
5209752 392 67938 287 2493
5209768 392 67938 287 2493
5209783 392 67938 287 2493
5209798 392 67938 287 2493
5209813 392 67938 287 2493
5209828 392 67938 287 2493
5209843 392 67938 287 2493
5209858 392 67938 287 2493
5209874 392 67938 287 2493
5209889 392 67938 287 2493
5209904 392 67938 287 2493
5209919 392 67938 287 2493
5209934 392 67938 287 2493
5209949 392 67938 287 2493
5209964 392 67938 287 2493
5209979 392 67938 287 2493
5209994 392 67938 287 2493
5210009 392 67938 287 2493
5210024 392 67938 287 2493
5210039 392 67938 287 2493
5210054 392 67938 287 2493
5210069 392 67938 287 2493
5210084 392 67938 287 2493
5210099 392 67938 287 2493
5210115 392 67938 287 2493
5210130 392 67938 287 2493
5210150 393 67938 287 2493
5210165 393 67938 287 2493
5210180 393 67938 287 2493
5210196 393 67938 287 2493
5210211 393 67938 287 2493
5210226 393 67938 287 2493
5210241 393 67938 287 2493
5210257 393 67938 287 2493
5210272 393 67938 287 2493
5210287 393 67938 287 2493
5210302 393 67938 287 2493
5210317 393 67938 287 2493
5210332 393 67938 287 2493
5210347 393 67938 287 2493
5210362 393 67938 287 2493
5210377 393 67938 287 2493
5210392 393 67938 287 2493
5210407 393 67938 287 2493
5210423 393 67938 287 2493
5210438 393 67938 287 2493
5210454 393 67938 287 2493
5210469 393 67938 287 2493
5210484 393 67938 287 2493
5210499 393 67938 287 2493
5210514 393 67938 287 2493
5210529 393 67938 287 2493
5210544 393 67938 287 2493
5210559 393 67938 287 2493
5210574 393 67938 287 2493
5210589 393 67938 287 2493
5210604 393 67938 287 2493
5210619 393 67938 287 2493
5210634 393 67938 287 2493
5210649 393 67938 287 2493
5210664 393 67938 287 2493
5210679 393 67938 287 2493
5210694 393 67938 287 2493
5210709 393 67938 287 2493
5210724 393 67938 287 2493
5210739 393 67938 287 2493
5210754 393 67938 287 2493
5210769 393 67938 287 2493
5210784 393 67938 287 2493
5210799 393 67938 287 2493
5210814 393 67938 287 2493
5210829 393 67938 287 2493
5210844 393 67938 287 2493
5210860 393 67938 287 2493
5210875 393 67938 287 2493
5210890 393 67938 287 2493
5210906 393 67938 287 2493
5210921 393 67938 287 2493
5210936 393 67938 287 2493
5210951 393 67938 287 2493
5210967 393 67938 287 2493
5210982 393 67938 287 2493
5210997 393 67938 287 2493
5211012 393 67938 287 2493
5211027 393 67938 287 2493
5211042 393 67938 287 2493
5211057 393 67938 287 2493
5211072 393 67938 287 2493
5211088 393 67938 287 2493
5211103 393 67938 287 2493
5211125 394 67938 287 2493
5211140 394 67938 287 2493
5211155 394 67938 287 2493
5211170 394 67938 287 2493
5211185 394 67938 287 2493
5211200 394 67938 287 2493
5211215 394 67938 287 2493
5211230 394 67938 287 2493
5211245 394 67938 287 2493
5211260 394 67938 287 2493
5211275 394 67938 287 2493
5211290 394 67938 287 2493
5211305 394 67938 287 2493
5211320 394 67938 287 2493
5211335 394 67938 287 2493
5211350 394 67938 287 2493
5211365 394 67938 287 2493
5211380 394 67938 287 2493
5211395 394 67938 287 2493
5211410 394 67938 287 2493
5211425 394 67938 287 2493
5211440 394 67938 287 2493
5211455 394 67938 287 2493
5211471 394 67938 287 2493
5211486 394 67938 287 2493
5211502 394 67938 287 2493
5211517 394 67938 287 2493
5211532 394 67938 287 2493
5211547 394 67938 287 2493
5211562 394 67938 287 2493
5211577 394 67938 287 2493
5211592 394 67938 287 2493
5211607 394 67938 287 2493
5211622 394 67938 287 2493
5211637 394 67938 287 2493
5211652 394 67938 287 2493
5211667 394 67938 287 2493
5211682 394 67938 287 2493
5211697 394 67938 287 2493
5211712 394 67938 287 2493
5211727 394 67938 287 2493
5211742 394 67938 287 2493
5211757 394 67938 287 2493
5211772 394 67938 287 2493
5211787 394 67938 287 2493
5211803 394 67938 287 2493
5211818 394 67938 287 2493
5211833 394 67938 287 2493
5211848 394 67938 287 2493
5211863 394 67938 287 2493
5211878 394 67938 287 2493
5211894 394 67938 287 2493
5211909 394 67938 287 2493
5211924 394 67938 287 2493
5211939 394 67938 287 2493
5211954 394 67938 287 2493
5211969 394 67938 287 2493
5211985 394 67938 287 2493
5212000 394 67938 287 2493
5212015 394 67938 287 2493
5212030 394 67938 287 2493
5212045 394 67938 287 2493
5212060 394 67938 287 2493
5212075 394 67938 287 2493
5212090 394 67938 287 2493
5212105 394 67938 287 2493
5212120 394 67938 287 2493
5212135 394 67938 287 2493
5212150 394 67938 287 2493
5212165 394 67938 287 2493
5212180 394 67938 287 2493
5212195 394 67938 287 2493
5212210 394 67938 287 2493
5212225 394 67938 287 2493
5212240 394 67938 287 2493
5212255 394 67938 287 2493
5212270 394 67938 287 2493
5212285 394 67938 287 2493
5212315 395 67938 287 2493
5212330 395 67938 287 2493
5212346 395 67938 287 2493
5212361 395 67938 287 2493
5212376 395 67938 287 2493
5212391 395 67938 287 2493
5212406 395 67938 287 2493
5212421 395 67938 287 2493
5212436 395 67938 287 2493
5212451 395 67938 287 2493
5212466 395 67938 287 2493
5212481 395 67938 287 2493
5212496 395 67938 287 2493
5212511 395 67938 287 2493
5212526 395 67938 287 2493
5212541 395 67938 287 2493
5212556 395 67938 287 2493
5212571 395 67938 287 2493
5212586 395 67938 287 2493
5212601 395 67938 287 2493
5212616 395 67938 287 2493
5212631 395 67938 287 2493
5212646 395 67938 287 2493
5212661 395 67938 287 2493
5212677 395 67938 287 2493
5212692 395 67938 287 2493
5212707 395 67938 287 2493
5212722 395 67938 287 2493
5212738 395 67938 287 2493
5212753 395 67938 287 2493
5212768 395 67938 287 2493
5212783 395 67938 287 2493
5212798 395 67938 287 2493
5212814 395 67938 287 2493
5212829 395 67938 287 2493
5212844 395 67938 287 2493
5212859 395 67938 287 2493
5212875 395 67938 287 2493
5212891 395 67938 287 2493
5212906 395 67938 287 2493
5212922 395 67938 287 2493
5212937 395 67938 287 2493
5212952 395 67938 287 2493
5212967 395 67938 287 2493
5212983 395 67938 287 2493
5212998 395 67938 287 2493
5213013 395 67938 287 2493
5213028 395 67938 287 2493
5213043 395 67938 287 2493
5213058 395 67938 287 2493
5213073 395 67938 287 2493
5213088 395 67938 287 2493
5213103 395 67938 287 2493
5213118 395 67938 287 2493
5213133 395 67938 287 2493
5213148 395 67938 287 2493
5213163 395 67938 287 2493
5213179 395 67938 287 2493
5213195 395 67938 287 2493
5213210 395 67938 287 2493
5213225 395 67938 287 2493
5213241 395 67938 287 2493
5213256 395 67938 287 2493
5213271 395 67938 287 2493
5213286 395 67938 287 2493
5213301 395 67938 287 2493
5213316 395 67938 287 2493
5213332 395 67938 287 2493
5213347 395 67938 287 2493
5213362 395 67938 287 2493
5213377 395 67938 287 2493
5213393 395 67938 287 2493
5213408 395 67938 287 2493
5213423 395 67938 287 2493
5213438 395 67938 287 2493
5213454 395 67938 287 2493
5213469 395 67938 287 2493
5213484 395 67938 287 2493
5213500 395 67938 287 2493
5213516 395 67938 287 2493
5213531 395 67938 287 2493
5213546 395 67938 287 2493
5213561 395 67938 287 2493
5213577 395 67938 287 2493
5213592 395 67938 287 2493
5213607 395 67938 287 2493
5213622 395 67938 287 2493
5213638 395 67938 287 2493
5213653 395 67938 287 2493
5213669 395 67938 287 2493
5213684 395 67938 287 2493
5213700 395 67938 287 2493
5213715 395 67938 287 2493
5213731 395 67938 287 2493
5213746 395 67938 287 2493
5213761 395 67938 287 2493
5213776 395 67938 287 2493
5213791 395 67938 287 2493
5213806 395 67938 287 2493
5213821 395 67938 287 2493
5213837 395 67938 287 2493
5213852 395 67938 287 2493
5213867 395 67938 287 2493
5213882 395 67938 287 2493
5213897 395 67938 287 2493
5213912 395 67938 287 2493
5213927 395 67938 287 2493
5213942 395 67938 287 2493
5213957 395 67938 287 2493
5213972 395 67938 287 2493
5213987 395 67938 287 2493
5214002 395 67938 287 2493
5214018 395 67938 287 2493
5214033 395 67938 287 2493
5214048 395 67938 287 2493
5214063 395 67938 287 2493
5214078 395 67938 287 2493
5214094 395 67938 287 2493
5214109 395 67938 287 2493
5214125 395 67938 287 2493
5214140 395 67938 287 2493
5214156 395 67938 287 2493
5214171 395 67938 287 2493
5214186 395 67938 287 2493
5214201 395 67938 287 2493
5214216 395 67938 287 2493
5214232 395 67938 287 2493
5214247 395 67938 287 2493
5214263 395 67938 287 2493
5214278 395 67938 287 2493
5214294 395 67938 287 2493
5214309 395 67938 287 2493
5214325 395 67938 287 2493
5214340 395 67938 287 2493
5214355 395 67938 287 2493
5214370 395 67938 287 2493
5214385 395 67938 287 2493
5214400 395 67938 287 2493
5214415 395 67938 287 2493
5214431 395 67938 287 2493
5214446 395 67938 287 2493
5214461 395 67938 287 2493
5214476 395 67938 287 2493
5214491 395 67938 287 2493
5214506 395 67938 287 2493
5214522 395 67938 287 2493
5214537 395 67938 287 2493
5214567 395 67938 287 2493
5214598 395 67938 287 2493
5214628 395 67938 287 2493
5214658 395 67938 287 2493
5214688 395 67938 287 2493
5214719 395 67938 287 2493
5214749 395 67938 287 2493
5214780 395 67938 287 2493
5214810 395 67938 287 2493
5214840 395 67938 287 2493
5214870 395 67938 287 2493
5214901 395 67938 287 2493
5214931 395 67938 287 2493
5214961 395 67938 287 2493
5214991 395 67938 287 2493
5215022 395 67938 287 2493
5215052 395 67938 287 2493
5215082 395 67938 287 2493
5215112 395 67938 287 2493
5215143 395 67938 287 2493
5215173 395 67938 287 2493
5215203 395 67938 287 2493
5215233 395 67938 287 2493
5215264 395 67938 287 2493
5215294 395 67938 287 2493
5215324 395 67938 287 2493
5215354 395 67938 287 2493
5215385 395 67938 287 2493
5215415 395 67938 287 2493
5215446 395 67938 287 2493
5215476 395 67938 287 2493
5215506 395 67938 287 2493
5215536 395 67938 287 2493
5215567 395 67938 287 2493
5215597 395 67938 287 2493
5215627 395 67938 287 2493
5215657 395 67938 287 2493
5215688 395 67938 287 2493
5215718 395 67938 287 2493
5215748 395 67938 287 2493
5215778 395 67938 287 2493
5215809 395 67938 287 2493
5215839 395 67938 287 2493
5215869 395 67938 287 2493
5215900 395 67938 287 2493
5215930 395 67938 287 2493
5215960 395 67938 287 2493
5215989 395 67938 287 2493
5216021 395 67938 287 2493
5216051 395 67938 287 2493
5216081 395 67938 287 2493
5216111 395 67938 287 2493
5216142 395 67938 287 2493
5216172 395 67938 287 2493
5216203 395 67938 287 2493
5216233 395 67938 287 2493
5216263 395 67938 287 2493
5216293 395 67938 287 2493
5216324 395 67938 287 2493
5216355 395 67938 287 2493
5216385 395 67938 287 2493
5216415 395 67938 287 2493
5216445 395 67938 287 2493
5216476 395 67938 287 2493
5216506 395 67938 287 2493
5216536 395 67938 287 2493
5216566 395 67938 287 2493
5216597 395 67938 287 2493
5216627 395 67938 287 2493
5216657 395 67938 287 2493
5216687 395 67938 287 2493
5216717 395 67938 287 2493
5216748 395 67938 287 2493
5216778 395 67938 287 2493
5216808 395 67938 287 2493
5216838 395 67938 287 2493
5216869 395 67938 287 2493
5216899 395 67938 287 2493
5216929 395 67938 287 2493
5216959 395 67938 287 2493
5216990 395 67938 287 2493
5217020 395 67938 287 2493
5217050 395 67938 287 2493
5217080 395 67938 287 2493
5217111 395 67938 287 2493
5217141 395 67938 287 2493
5217171 395 67938 287 2493
5217201 395 67938 287 2493
5217231 395 67938 287 2493
5217262 395 67938 287 2493
5217292 395 67938 287 2493
5217322 395 67938 287 2493
5217352 395 67938 287 2493
5217382 395 67938 287 2493
5217413 395 67938 287 2493
5217443 395 67938 287 2493
5217473 395 67938 287 2493
5217503 395 67938 287 2493
5217533 395 67938 287 2493
5217563 395 67938 287 2493
5217593 395 67938 287 2493
5217624 395 67938 287 2493
5217654 395 67938 287 2493
5217684 395 67938 287 2493
5217714 395 67938 287 2493
5217744 395 67938 287 2493
5217775 395 67938 287 2493
5217805 395 67938 287 2493
5217835 395 67938 287 2493
5217865 395 67938 287 2493
5217895 395 67938 287 2493
5217926 395 67938 287 2493
5217954 395 67938 287 2493
5217984 395 67938 287 2493
5218015 395 67938 287 2493
5218045 395 67938 287 2493
5218075 395 67938 287 2493
5218105 395 67938 287 2493
5218135 395 67938 287 2493
5218165 395 67938 287 2493
5218196 395 67938 287 2493
5218226 395 67938 287 2493
5218256 395 67938 287 2493
5218286 395 67938 287 2493
5218316 395 67938 287 2493
5218346 395 67938 287 2493
5218376 395 67938 287 2493
5218407 395 67938 287 2493
5218437 395 67938 287 2493
5218467 395 67938 287 2493
5218497 395 67938 287 2493
5218527 395 67938 287 2493
5218557 395 67938 287 2493
5218587 395 67938 287 2493
5218617 395 67938 287 2493
5218648 395 67938 287 2493
5218677 395 67938 287 2493
5218708 395 67938 287 2493
5218739 395 67938 287 2493
5218769 395 67938 287 2493
5218799 395 67938 287 2493
5218829 395 67938 287 2493
5218859 395 67938 287 2493
5218889 395 67938 287 2493
5218919 395 67938 287 2493
5218949 395 67938 287 2493
5218979 395 67938 287 2493
5219010 395 67938 287 2493
5219040 395 67938 287 2493
5219070 395 67938 287 2493
5219100 395 67938 287 2493
5219130 395 67938 287 2493
5219160 395 67938 287 2493
5219190 395 67938 287 2493
5219221 395 67938 287 2493
5219251 395 67938 287 2493
5219281 395 67938 287 2493
5219311 395 67938 287 2493
5219341 395 67938 287 2493
5219371 395 67938 287 2493
5219401 395 67938 287 2493
5219430 395 67938 287 2493
5219457 395 67938 287 2493
5219487 395 67938 287 2493
5219517 395 67938 287 2493
5219547 395 67938 287 2493
5219578 395 67938 287 2493
5219609 395 67938 287 2493
5219639 395 67938 287 2493
5219669 395 67938 287 2493
5219699 395 67938 287 2493
5219729 395 67938 287 2493
5219759 395 67938 287 2493
5219789 395 67938 287 2493
5219819 395 67938 287 2493
5219849 395 67938 287 2493
5219880 395 67938 287 2493
5219910 395 67938 287 2493
5219940 395 67938 287 2493
5219970 395 67938 287 2493
5220000 395 67938 287 2493
5220030 395 67938 287 2493
5220060 395 67938 287 2493
5220091 395 67938 287 2493
5220121 395 67938 287 2493
5220151 395 67938 287 2493
5220181 395 67938 287 2493
5220211 395 67938 287 2493
5220241 395 67938 287 2493
5220271 395 67938 287 2493
5220301 395 67938 287 2493
5220331 395 67938 287 2493
5220362 395 67938 287 2493
5220392 395 67938 287 2493
5220422 395 67938 287 2493
5220452 395 67938 287 2493
5220482 395 67938 287 2493
5220512 395 67938 287 2493
5220543 395 67938 287 2493
5220573 395 67938 287 2493
5220603 395 67938 287 2493
5220633 395 67938 287 2493
5220663 395 67938 287 2493
5220693 395 67938 287 2493
5220724 395 67938 287 2493
5220754 395 67938 287 2493
5220799 395 67938 287 2493
5220815 395 67938 287 2493
5220830 395 67938 287 2493
5220845 395 67938 287 2493
5220860 395 67938 287 2493
5220875 395 67938 287 2493
5220890 395 67938 287 2493
5220905 395 67938 287 2493
5220921 395 67938 287 2493
5220936 395 67938 287 2493
5220952 395 67938 287 2493
5220967 395 67938 287 2493
5220982 395 67938 287 2493
5220997 395 67938 287 2493
5221012 395 67938 287 2493
5221027 395 67938 287 2493
5221042 395 67938 287 2493
5221057 395 67938 287 2493
5221072 395 67938 287 2493
5221087 395 67938 287 2493
5221102 395 67938 287 2493
5221117 395 67938 287 2493
5221132 395 67938 287 2493
5221147 395 67938 287 2493
5221162 395 67938 287 2493
5221177 395 67938 287 2493
5221192 395 67938 287 2493
5221207 395 67938 287 2493
5221222 395 67938 287 2493
5221237 395 67938 287 2493
5221252 395 67938 287 2493
5221267 395 67938 287 2493
