# header: write what you want on lines starting with #
# Total ACTIVE Pulses, # breakdowns, amp_set, index (point on pulse / power curve) , pulse length
# the init of this file could be 1 0 500 0 3500, 2 0 500 0 3500, etc
102 0 1500 33 756
107 0 1500 33 756
407 0 1900 57 756
1 0 2500 0 3500
101 0 1500 33 756
208 0 1550 33 756
313 0 1600 36 756
413 0 1650 38 756
524 0 1700 40 756
633 0 1750 42 756
742 0 1800 45 756
842 0 1850 48 756
947 0 1900 50 756
1050 0 1950 53 756
1164 0 2000 56 756
1270 0 2050 59 756
1371 0 2100 62 756
1480 0 2150 65 756
1584 0 2200 68 756
1687 0 2250 71 756
1795 0 2300 74 756
1897 0 2350 78 756
2008 0 2400 81 756
2116 0 2450 85 756
2219 0 2500 88 756
2320 0 2550 92 756
2423 0 2600 96 756
2529 0 2650 99 756
2729 0 2700 101 756
2936 0 2750 103 756
3145 0 2800 106 756
3347 0 2850 107 756
3548 0 2900 109 756
3757 0 2950 112 756
3966 0 3000 114 756
4173 0 3050 116 756
4383 0 3100 118 756
4583 0 3150 120 756
4791 0 3200 122 756
4994 0 3250 125 756
5200 0 3300 127 756
5400 0 3350 129 756
5609 0 3400 131 756
5809 0 3450 135 756
6015 0 3500 137 756
6219 0 3550 139 756
6426 0 3600 142 756
6635 0 3650 144 756
6846 0 3700 147 756
7046 0 3750 149 756
7354 0 3903 152 756
7654 0 3993 157 756
7958 0 4033 161 756
8266 0 4035 162 756
8566 0 4085 162 756
8870 0 4135 164 756
9170 0 4248 166 756
9478 0 4325 170 756
9784 0 4372 173 756
10085 0 4388 175 756
10394 0 4438 176 756
10701 0 4488 178 756
11003 0 4538 180 756
11306 0 4652 182 756
11712 0 4742 186 756
