# header: write what you want on lines starting with #
# Total ACTIVE Pulses, # breakdowns, amp_set, index (point on pulse / power curve) , pulse length
# the init of this file could be 1 0 500 0 3500, 2 0 500 0 3500, etc
102 0 1500 33 756
101049 0 10276 287 756
102053 0 10376 287 756
103054 0 10437 287 756
103140 0 3962 287 756
103229 0 3962 287 756
103310 0 3962 287 756
103396 0 3962 287 756
103485 0 3962 287 756
103565 0 3962 287 756
103646 0 3962 287 756
103726 0 3962 287 756
103817 0 3962 287 756
103900 0 3962 287 756
103982 0 3962 287 756
104073 0 3962 287 756
104156 0 3962 287 756
104248 0 3962 287 756
104337 0 3962 287 756
104427 0 3962 287 756
104507 0 3962 287 756
104587 0 3962 287 756
104677 0 3962 287 756
104762 0 3962 287 756
104847 0 3962 287 756
104933 0 3962 287 756
105014 0 3962 287 756
105095 0 3962 287 756
105185 0 3962 287 756
105266 0 3962 287 756
105356 0 3962 287 756
105445 0 3962 287 756
105536 0 3962 287 756
105618 0 3962 287 756
105698 0 3962 287 756
105781 0 3962 287 756
105872 0 3962 287 756
105955 0 3962 287 756
106036 0 3962 287 756
106119 0 3962 287 756
106200 0 3962 287 756
106286 0 3962 287 756
106372 0 3962 287 756
106462 0 3962 287 756
106545 0 3962 287 756
106629 0 3962 287 756
106720 0 3962 287 756
106804 0 3962 287 756
106884 0 3962 287 756
106966 0 3962 287 756
107057 0 3962 287 756
107140 0 3962 287 756
107222 0 3962 287 756
107302 0 3962 287 756
107388 0 3962 287 756
107475 0 3962 287 756
107563 0 3962 287 756
107647 0 3962 287 756
107732 0 3962 287 756
107814 0 3962 287 756
107894 0 3962 287 756
107978 0 3962 287 756
108060 0 3962 287 756
108143 0 3962 287 756
108228 0 3962 287 756
108315 0 3962 287 756
108404 0 3962 287 756
108492 0 3962 287 756
108580 0 3962 287 756
108666 0 3962 287 756
108756 0 3962 287 756
108842 0 3962 287 756
108922 0 3962 287 756
109008 0 3962 287 756
109094 0 3962 287 756
109179 0 3962 287 756
109262 0 3962 287 756
109351 0 3962 287 756
109432 0 3962 287 756
109513 0 3962 287 756
109598 0 3962 287 756
109678 0 3962 287 756
109758 0 3962 287 756
109846 0 3962 287 756
109926 0 3962 287 756
110015 0 3962 287 756
110099 0 3962 287 756
110182 0 3962 287 756
110263 0 3962 287 756
110348 0 3962 287 756
110434 0 3962 287 756
110525 0 3962 287 756
110610 0 3962 287 756
110695 0 3962 287 756
110776 0 3962 287 756
110861 0 3962 287 756
110945 0 3962 287 756
111030 0 3962 287 756
111110 0 3962 287 756
111196 0 3962 287 756
111277 0 3962 287 756
111363 0 3962 287 756
111451 0 3962 287 756
111541 0 3962 287 756
111623 0 3962 287 756
111709 0 3962 287 756
111795 0 3962 287 756
111879 0 3962 287 756
111961 0 3962 287 756
112047 0 3962 287 756
112130 0 3962 287 756
112220 0 3962 287 756
112311 0 3962 287 756
112393 0 3962 287 756
112482 0 3962 287 756
112567 0 3962 287 756
112654 0 3962 287 756
112740 0 3962 287 756
112830 0 3962 287 756
112921 0 3962 287 756
113012 0 3962 287 756
113100 0 3962 287 756
113181 0 3962 287 756
113265 0 3962 287 756
113354 0 3962 287 756
113445 0 3962 287 756
113535 0 3962 287 756
113622 0 3962 287 756
113708 0 3962 287 756
113789 0 3962 287 756
113870 0 3962 287 756
113954 0 3962 287 756
114035 0 3962 287 756
114127 0 3962 287 756
114214 0 3962 287 756
114302 0 3962 287 756
114385 0 3962 287 756
114469 0 3962 287 756
114559 0 3962 287 756
114642 0 3962 287 756
114730 0 3962 287 756
114811 0 3962 287 756
114899 0 3962 287 756
114979 0 3962 287 756
115060 0 3962 287 756
115145 0 3962 287 756
115230 0 3962 287 756
115319 0 3962 287 756
115400 0 3962 287 756
115481 0 3962 287 756
115563 0 3962 287 756
115652 0 3962 287 756
115741 0 3962 287 756
115822 0 3962 287 756
115910 0 3962 287 756
115994 0 3962 287 756
116076 0 3962 287 756
116160 0 3962 287 756
116243 0 3962 287 756
116327 0 3962 287 756
116410 0 3962 287 756
116498 0 3962 287 756
116579 0 3962 287 756
116668 0 3962 287 756
116751 0 3962 287 756
116832 0 3962 287 756
116922 0 3962 287 756
117003 0 3962 287 756
117089 0 3962 287 756
117169 0 3962 287 756
117259 0 3962 287 756
117341 0 3962 287 756
117424 0 3962 287 756
117506 0 3962 287 756
117591 0 3962 287 756
117671 0 3962 287 756
117757 0 3962 287 756
117843 0 3962 287 756
117924 0 3962 287 756
118006 0 3962 287 756
118089 0 3962 287 756
118170 0 3962 287 756
118251 0 3962 287 756
118341 0 3962 287 756
118424 0 3962 287 756
118507 0 3962 287 756
118591 0 3962 287 756
118677 0 3962 287 756
118757 0 3962 287 756
118848 0 3962 287 756
118928 0 3962 287 756
119011 0 3962 287 756
119092 0 3962 287 756
119174 0 3962 287 756
119254 0 3962 287 756
119341 0 3962 287 756
119421 0 3962 287 756
119510 0 3962 287 756
119600 0 3962 287 756
119682 0 3962 287 756
119764 0 3962 287 756
119846 0 3962 287 756
119927 0 3962 287 756
120015 0 3962 287 756
120095 0 3962 287 756
120178 0 3962 287 756
120262 0 3962 287 756
120352 0 3962 287 756
120432 0 3962 287 756
