# header: write what you want on lines starting with #
# Total ACTIVE Pulses, # breakdowns, amp_set, index (point on pulse / power curve) , pulse length
# the init of this file could be 1 0 500 0 3500, 2 0 500 0 3500, etc
1 0 500 0 3500
102 7 3675 0 2493
77860 8 20550 222 2493
84624 9 26850 291 2493
86956 10 27050 291 2493
88189 11 27050 0 2493
89804 12 28450 291 2493
90894 13 28450 291 2493
91987 14 28450 291 2493
98240 15 29450 291 2493
99172 16 29450 291 2493
100158 17 29450 291 2493
106672 18 36150 291 2493
106684 19 36150 291 2493
106697 20 36150 291 2493
106709 21 36150 291 2493
106722 22 36150 291 2493
106735 23 36150 291 2493
106748 24 36150 291 2493
106760 25 36150 291 2493
106772 26 36150 291 2493
106784 27 36150 291 2493
106796 28 36150 291 2493
106808 29 36150 291 2493
106820 30 36150 291 2493
106834 31 36150 291 2493
106846 32 36150 291 2493
106859 33 36150 291 2493
106871 34 36150 291 2493
106884 35 36150 291 2493
106897 36 36150 291 2493
3848819 286 39931 238 2493
4701474 341 40000 287 2493
4770142 342 45265 287 2493
4795011 343 48799 287 2493
4843634 344 54053 287 2493
4940712 345 61629 287 2493
4952722 346 64039 287 2493
4967192 347 65392 287 2493
4968498 348 65392 287 2493
5006008 355 67020 287 2493
5007182 356 67020 287 2493
5221406 395 67522 287 2493
5226754 396 67731 287 2493
5227268 397 67731 287 2493
5248241 399 67802 287 2493
5256327 400 67802 287 2493
5262168 401 67802 287 2493
5269222 402 67802 287 2493
5297152 403 67802 287 2493
5338902 403 68889 287 2493
5338917 403 68889 287 2493
5338932 403 68889 287 2493
5338947 403 68889 287 2493
5338962 403 68573 287 2493
5338977 403 68573 287 2493
5338992 403 68573 287 2493
5339007 403 68573 287 2493
5339022 403 68573 287 2493
5339037 403 68573 287 2493
5339052 403 68573 287 2493
5339067 403 68573 287 2493
5339082 403 68573 287 2493
5339097 403 68573 287 2493
5339112 403 68573 287 2493
5339127 403 68573 287 2493
5339142 403 68573 287 2493
5339157 403 68573 287 2493
5339173 403 68573 287 2493
5339188 403 68573 287 2493
5339203 403 68573 287 2493
5339218 403 68573 287 2493
5339233 403 68573 287 2493
5339248 403 68573 287 2493
5339263 403 68573 287 2493
5339278 403 68573 287 2493
5339293 403 68573 287 2493
5339308 403 68573 287 2493
5339323 403 68573 287 2493
5339338 403 68573 287 2493
5339354 403 68573 287 2493
5339369 403 68573 287 2493
5339384 403 68573 287 2493
5339399 403 68573 287 2493
5339414 403 68573 287 2493
5339429 403 68573 287 2493
5339444 403 68573 287 2493
5339459 403 68573 287 2493
5339474 403 68573 287 2493
5339489 403 68573 287 2493
5339504 403 68573 287 2493
5339519 403 68573 287 2493
5339534 403 68573 287 2493
5339549 403 68573 287 2493
5339564 403 68573 287 2493
5339579 403 68573 287 2493
5339594 403 68573 287 2493
5339609 403 68573 287 2493
5339624 403 68573 287 2493
5339640 403 68573 287 2493
5339655 403 68573 287 2493
5339670 403 68573 287 2493
5339685 403 68573 287 2493
5339700 403 68573 287 2493
5339715 403 68573 287 2493
5339730 403 68573 287 2493
5339745 403 68573 287 2493
5339760 403 68573 287 2493
5339775 403 68573 287 2493
5339790 403 68573 287 2493
5339805 403 68573 287 2493
5339820 403 68573 287 2493
5339835 403 68573 287 2493
5339850 403 68573 287 2493
5339865 403 68573 287 2493
5339880 403 68573 287 2493
5339896 403 68573 287 2493
5339911 403 68573 287 2493
5339926 403 68573 287 2493
5339941 403 68573 287 2493
5339956 403 68573 287 2493
5339972 403 68573 287 2493
5339988 403 68573 287 2493
5340003 403 68573 287 2493
5340018 403 68573 287 2493
5340033 403 68573 287 2493
5340048 403 68573 287 2493
5340063 403 68573 287 2493
5340079 403 68573 287 2493
5340094 403 68573 287 2493
5340109 403 68573 287 2493
5340124 403 68573 287 2493
5340139 403 68573 287 2493
5340155 403 68573 287 2493
5340170 403 68573 287 2493
5340185 403 68573 287 2493
5340200 403 68573 287 2493
5340215 403 68573 287 2493
5340230 403 68573 287 2493
5340246 403 68573 287 2493
5340261 403 68573 287 2493
5340276 403 68573 287 2493
5340291 403 68573 287 2493
5340306 403 68573 287 2493
5340321 403 68573 287 2493
5340337 403 68573 287 2493
5340352 403 68573 287 2493
5340368 403 68573 287 2493
5340383 403 68573 287 2493
5340398 403 68573 287 2493
5340413 403 68573 287 2493
5340428 403 68573 287 2493
5340443 403 68573 287 2493
5340458 403 68573 287 2493
5340473 403 68573 287 2493
5340488 403 68573 287 2493
5340504 403 68573 287 2493
5340519 403 68573 287 2493
5340535 403 68573 287 2493
5340550 403 68573 287 2493
5340565 403 68573 287 2493
5340580 403 68573 287 2493
5340595 403 68573 287 2493
5340610 403 68573 287 2493
5340625 403 68573 287 2493
5340640 403 68573 287 2493
5340655 403 68573 287 2493
5340670 403 68573 287 2493
5340685 403 68573 287 2493
5340700 403 68573 287 2493
5340716 403 68573 287 2493
5340731 403 68573 287 2493
5340746 403 68573 287 2493
5340761 403 68573 287 2493
5340776 403 68573 287 2493
5340791 403 68573 287 2493
5340806 403 68573 287 2493
5340821 403 68573 287 2493
5340836 403 68573 287 2493
5340851 403 68573 287 2493
5340866 403 68573 287 2493
5340881 403 68573 287 2493
5340896 403 68573 287 2493
5340911 403 68573 287 2493
5340926 403 68573 287 2493
5340941 403 68573 287 2493
5340956 403 68573 287 2493
5340971 403 68573 287 2493
5340986 403 68573 287 2493
5341001 403 68573 287 2493
5341016 403 68573 287 2493
5341032 403 68573 287 2493
5341047 403 68573 287 2493
5341062 403 68573 287 2493
5341078 403 68573 287 2493
5341108 403 68573 287 2493
5341138 403 68573 287 2493
5341169 403 68573 287 2493
5341199 403 68573 287 2493
5341229 403 68573 287 2493
5341259 403 68573 287 2493
5341290 403 68573 287 2493
5341320 403 68573 287 2493
5341350 403 68573 287 2493
5341380 403 68573 287 2493
5341411 403 68573 287 2493
5341441 403 68573 287 2493
5341472 403 68573 287 2493
5341502 403 68573 287 2493
5341532 403 68573 287 2493
5341562 403 68573 287 2493
5341593 403 68573 287 2493
5341623 403 68573 287 2493
5341653 403 68573 287 2493
5341683 403 68573 287 2493
5341713 403 68573 287 2493
5341744 403 68573 287 2493
5341774 403 68573 287 2493
5341804 403 68573 287 2493
5341834 403 68573 287 2493
5341865 403 68573 287 2493
5341895 403 68573 287 2493
5341926 403 68573 287 2493
5341957 403 68573 287 2493
5341987 403 68573 287 2493
5342017 403 68573 287 2493
5342046 403 68573 287 2493
5342078 403 68573 287 2493
5342108 403 68573 287 2493
5342138 403 68573 287 2493
5342168 403 68573 287 2493
5342198 403 68573 287 2493
5342228 403 68573 287 2493
5342259 403 68573 287 2493
5342290 403 68573 287 2493
5342320 403 68573 287 2493
5342350 403 68573 287 2493
5342380 403 68573 287 2493
5342411 403 68573 287 2493
5342441 403 68573 287 2493
5342471 403 68573 287 2493
5342502 403 68573 287 2493
5342532 403 68573 287 2493
5342562 403 68573 287 2493
5342593 403 68573 287 2493
5342623 403 68573 287 2493
5342653 403 68573 287 2493
5342682 403 68573 287 2493
5342714 403 68573 287 2493
5342744 403 68573 287 2493
5342774 403 68573 287 2493
5342805 403 68573 287 2493
5342835 403 68573 287 2493
5342865 403 68573 287 2493
5342898 403 68573 287 2493
5342928 403 68573 287 2493
5342959 403 68573 287 2493
5342991 403 68573 287 2493
5343021 403 68573 287 2493
5343051 403 68573 287 2493
5343082 403 68573 287 2493
5343112 403 68573 287 2493
5343143 403 68573 287 2493
5343173 403 68573 287 2493
5343203 403 68573 287 2493
5343234 403 68573 287 2493
5343264 403 68573 287 2493
5343295 403 68573 287 2493
5343325 403 68573 287 2493
5343356 403 68573 287 2493
5343386 403 68573 287 2493
5343416 403 68573 287 2493
5343447 403 68573 287 2493
5343477 403 68573 287 2493
5343507 403 68573 287 2493
5343538 403 68573 287 2493
5343568 403 68573 287 2493
5343598 403 68573 287 2493
5343629 403 68573 287 2493
5343659 403 68573 287 2493
5343689 403 68573 287 2493
5343719 403 68573 287 2493
5343750 403 68573 287 2493
5343780 403 68573 287 2493
5343810 403 68573 287 2493
5343841 403 68573 287 2493
5343871 403 68573 287 2493
5343902 403 68573 287 2493
5343932 403 68573 287 2493
5343962 403 68573 287 2493
5343992 403 68573 287 2493
5344023 403 68573 287 2493
5344053 403 68573 287 2493
5344083 403 68573 287 2493
5344113 403 68573 287 2493
5344144 403 68573 287 2493
5344174 403 68573 287 2493
5344204 403 68573 287 2493
5344234 403 68573 287 2493
5344264 403 68573 287 2493
5344295 403 68573 287 2493
5344325 403 68573 287 2493
5344355 403 68573 287 2493
5344385 403 68573 287 2493
5344415 403 68573 287 2493
5344445 403 68573 287 2493
5344477 403 68573 287 2493
5344507 403 68573 287 2493
5344537 403 68573 287 2493
5344567 403 68573 287 2493
5344598 403 68573 287 2493
5344628 403 68573 287 2493
5344658 403 68573 287 2493
5344688 403 68573 287 2493
5344719 403 68573 287 2493
5344749 403 68573 287 2493
5344779 403 68573 287 2493
5344809 403 68573 287 2493
5344840 403 68573 287 2493
5344870 403 68573 287 2493
5344900 403 68573 287 2493
5344930 403 68573 287 2493
5344960 403 68573 287 2493
5344991 403 68573 287 2493
5345021 403 68573 287 2493
