# header: write what you want on lines starting with #
# Total ACTIVE Pulses, # breakdowns, amp_set, index (point on pulse / power curve) , pulse length
# the init of this file could be 1 0 500 0 3500, 2 0 500 0 3500, etc
531 0 709 7 756
629927 1 19500 287 756
649134 2 19900 287 756
663617 3 19900 287 756
675254 4 19900 287 756
685220 5 19900 287 756
701197 6 19900 287 756
716534 7 19900 287 756
727172 8 19900 287 756
743893 9 20300 287 756
809136 10 22300 287 756
850907 11 23100 287 756
1311952 12 34700 287 756
1322395 13 34700 287 756
1345435 14 35100 287 756
1445388 16 35270 287 756
1500817 17 38300 287 756
1515290 18 38300 287 756
1527422 19 38300 287 756
1550025 20 38700 287 756
1565127 21 38700 287 756
1577229 22 38700 287 756
1589818 23 38700 287 756
1605748 24 38700 287 756
1618050 25 38700 287 756
1633214 26 38700 287 756
1648658 27 38700 287 756
1662460 28 38700 287 756
1675533 29 38700 287 756
1704498 30 38700 287 756
1717266 31 38700 287 756
1967674 32 45500 287 756
1993695 33 46300 287 756
2009915 34 46300 287 756
2109634 34 49100 287 756
2109710 35 49100 287 756
2109778 37 49100 287 756
2109849 37 49100 287 756
2109916 38 49100 287 756
2109976 38 49100 287 756
2110042 40 49100 287 756
2110107 40 49100 287 756
2110167 40 49100 287 756
2110228 40 49100 287 756
2110293 40 49100 287 756
2110361 40 49100 287 756
2110431 40 49100 287 756
2110501 40 49100 287 756
2110570 40 49100 287 756
2110637 40 49100 287 756
2110704 40 49100 287 756
2110772 40 49100 287 756
2110833 40 49100 287 756
2110893 40 49100 287 756
2110957 40 49100 287 756
2111025 40 49100 287 756
2111089 40 49100 287 756
2111153 40 49100 287 756
2111213 40 49100 287 756
2111273 40 49100 287 756
2111336 40 49100 287 756
2111396 40 49100 287 756
2111460 40 49100 287 756
2111524 40 49100 287 756
2111594 40 49100 287 756
2111656 40 49100 287 756
2111724 40 49100 287 756
2111793 40 49100 287 756
2111859 40 49100 287 756
2111921 40 49100 287 756
2111987 40 49100 287 756
2112058 40 49100 287 756
2112118 40 49100 287 756
2112185 40 49100 287 756
2112248 40 49100 287 756
2112319 40 49100 287 756
2112386 40 49100 287 756
2112446 40 49100 287 756
2112516 40 49100 287 756
2112577 40 49100 287 756
2112642 40 49100 287 756
2112703 40 49100 287 756
2112763 40 49100 287 756
2112827 40 49100 287 756
2112889 40 49100 287 756
2112949 40 49100 287 756
2113012 40 49100 287 756
2113073 40 49100 287 756
2113140 40 49100 287 756
2113207 40 49100 287 756
2113267 40 49100 287 756
2113328 40 49100 287 756
2113395 40 49100 287 756
2113458 40 49100 287 756
2113518 40 49100 287 756
2113586 40 49100 287 756
2113656 40 49100 287 756
2113724 40 49100 287 756
2113790 40 49100 287 756
2113856 40 49100 287 756
2113916 40 49100 287 756
2113976 40 49100 287 756
2114038 40 49100 287 756
2114108 40 49100 287 756
2114175 40 49100 287 756
2114242 40 49100 287 756
2114305 40 49100 287 756
2114366 40 49100 287 756
2114431 40 49100 287 756
2114492 40 49100 287 756
2114552 40 49100 287 756
2114617 40 49100 287 756
2114677 40 49100 287 756
2114746 40 49100 287 756
2114812 40 49100 287 756
2114872 40 49100 287 756
2114934 40 49100 287 756
2115004 40 49100 287 756
2115068 40 49100 287 756
2115128 40 49100 287 756
2115188 40 49100 287 756
2115252 40 49100 287 756
2115322 40 49100 287 756
2115390 40 49100 287 756
2115451 40 49100 287 756
2115518 40 49100 287 756
2115578 40 49100 287 756
2115642 40 49100 287 756
2115705 40 49100 287 756
2115772 40 49100 287 756
2115833 40 49100 287 756
2115898 40 49100 287 756
2115966 40 49100 287 756
2116027 40 49100 287 756
2116091 40 49100 287 756
2116154 40 49100 287 756
2116214 40 49100 287 756
2116277 40 49100 287 756
2116339 40 49100 287 756
2116408 40 49100 287 756
2116470 40 49100 287 756
2116530 40 49100 287 756
2116592 40 49100 287 756
2116656 40 49100 287 756
2116721 40 49100 287 756
2116792 40 49100 287 756
2116855 40 49100 287 756
2116918 40 49100 287 756
2116978 40 49100 287 756
2117046 40 49100 287 756
2117111 40 49100 287 756
2117180 40 49100 287 756
2117241 40 49100 287 756
2117301 40 49100 287 756
2117366 40 49100 287 756
2117426 40 49100 287 756
2117495 40 49100 287 756
2117560 40 49100 287 756
2117620 40 49100 287 756
2117681 40 49100 287 756
2117745 40 49100 287 756
2117806 40 49100 287 756
2117868 40 49100 287 756
2117932 40 49100 287 756
2118000 40 49100 287 756
2118069 40 49100 287 756
2118132 40 49100 287 756
2118196 40 49100 287 756
2118258 40 49100 287 756
2118318 40 49100 287 756
2118385 40 49100 287 756
2118445 40 49100 287 756
2118512 40 49100 287 756
2118575 40 49100 287 756
2118636 40 49100 287 756
2118700 40 49100 287 756
2118763 40 49100 287 756
2118826 40 49100 287 756
2118887 40 49100 287 756
2118957 40 49100 287 756
2119019 40 49100 287 756
2119081 40 49100 287 756
2119144 40 49100 287 756
2119208 40 49100 287 756
2119270 40 49100 287 756
2119338 40 49100 287 756
2119402 40 49100 287 756
2119469 40 49100 287 756
2119529 40 49100 287 756
2119590 40 49100 287 756
2119656 40 49100 287 756
2119717 40 49100 287 756
2119780 40 49100 287 756
2119847 40 49100 287 756
2119908 40 49100 287 756
2119978 40 49100 287 756
2120044 40 49100 287 756
2120105 40 49100 287 756
2120166 40 49100 287 756
2120230 40 49100 287 756
2120299 40 49100 287 756
2120359 40 49100 287 756
2120420 40 49100 287 756
2120485 40 49100 287 756
2120555 40 49100 287 756
2120618 40 49100 287 756
2120680 40 49100 287 756
2120742 40 49100 287 756
2120802 40 49100 287 756
2120866 40 49100 287 756
2120931 40 49100 287 756
2121001 40 49100 287 756
2121067 40 49100 287 756
2121128 40 49100 287 756
2121199 40 49100 287 756
2121270 40 49100 287 756
2121334 40 49100 287 756
2121394 40 49100 287 756
2121455 40 49100 287 756
2121522 40 49100 287 756
2121592 40 49100 287 756
2121655 40 49100 287 756
2121717 40 49100 287 756
2121781 40 49100 287 756
2121852 40 49100 287 756
2121915 40 49100 287 756
2121987 40 49100 287 756
2122056 40 49100 287 756
2122117 40 49100 287 756
2122183 40 49100 287 756
2122245 40 49100 287 756
2122314 40 49100 287 756
2122378 40 49100 287 756
2122438 40 49100 287 756
2122504 40 49100 287 756
2122564 40 49100 287 756
2122635 40 49100 287 756
2122695 40 49100 287 756
2122847 40 49100 287 756
2123854 40 49100 287 756
2124854 40 49150 287 756
2125858 40 49200 287 756
2126860 40 49250 287 756
2127871 40 49300 287 756
2128877 40 49350 287 756
2129881 40 49400 287 756
2130891 40 49450 287 756
2131891 40 49500 287 756
2132902 40 49550 287 756
2133903 40 49600 287 756
2134903 40 49650 287 756
2135915 40 49700 287 756
2136917 40 49750 287 756
2137924 40 49800 287 756
2138928 40 49850 287 756
2139930 40 49900 287 756
2140939 40 49950 287 756
2141945 40 50000 287 756
2143201 40 50000 287 756
2144454 40 50000 287 756
2145741 40 50000 287 756
2147026 40 50000 287 756
2148315 40 50000 287 756
2149613 40 50000 287 756
2150901 40 50000 287 756
2152194 40 50000 287 756
2153482 40 50000 287 756
