# header: write what you want on lines starting with #
# Total ACTIVE Pulses, # breakdowns, amp_set, index (point on pulse / power curve) , pulse length
# the init of this file could be 1 0 500 0 3500, 2 0 500 0 3500, etc
531 0 709 7 756
629927 1 19500 287 756
649134 2 19900 287 756
663617 3 19900 287 756
675254 4 19900 287 756
685220 5 19900 287 756
701197 6 19900 287 756
716534 7 19900 287 756
727172 8 19900 287 756
743893 9 20300 287 756
809136 10 22300 287 756
850907 11 23100 287 756
1311952 12 34700 287 756
1322395 13 34700 287 756
1345435 14 35100 287 756
1445388 16 35270 287 756
1500817 17 38300 287 756
1515290 18 38300 287 756
1527422 19 38300 287 756
1550025 20 38700 287 756
1565127 21 38700 287 756
1577229 22 38700 287 756
1589818 23 38700 287 756
1605748 24 38700 287 756
1618050 25 38700 287 756
1633214 26 38700 287 756
1648658 27 38700 287 756
1662460 28 38700 287 756
1675533 29 38700 287 756
1704498 30 38700 287 756
1717266 31 38700 287 756
1967674 32 45500 287 756
1993695 33 46300 287 756
2009915 34 46300 287 756
2109710 35 49100 287 756
2109778 37 49100 287 756
2109916 38 49100 287 756
2110042 40 49100 287 756
2153576 41 49500 287 756
2217174 42 49500 287 756
2217244 44 49500 287 756
2265819 45 49500 287 756
2265886 47 49500 287 756
2331968 48 51541 287 756
2332036 49 51541 287 756
2360661 50 52300 287 756
2360729 51 52300 287 756
2387038 53 53100 287 756
2387105 55 53100 287 756
2434285 56 53900 287 756
2436068 56 53900 287 756
2436130 56 53900 287 756
2436194 56 53900 287 756
2436254 56 53900 287 756
2436322 56 53900 287 756
2436385 56 53900 287 756
2436448 56 53900 287 756
2436510 56 53900 287 756
2436577 56 53900 287 756
2436637 56 53900 287 756
2436708 56 53900 287 756
2436770 56 53900 287 756
2436841 56 53900 287 756
2436902 56 53900 287 756
2436963 56 53900 287 756
2437032 56 53900 287 756
2437103 56 53900 287 756
2437174 56 53900 287 756
2437234 56 53900 287 756
2437299 56 53900 287 756
2437363 56 53900 287 756
2437425 56 53900 287 756
2437489 56 53900 287 756
2437549 56 53900 287 756
2437618 56 53900 287 756
2437685 56 53900 287 756
2437749 56 53900 287 756
2437817 56 53900 287 756
2437885 56 53900 287 756
2437947 56 53900 287 756
2438012 56 53900 287 756
2438076 56 53900 287 756
2438138 56 53900 287 756
2438205 56 53900 287 756
2438266 56 53900 287 756
2438328 56 53900 287 756
2438388 56 53900 287 756
2438450 56 53900 287 756
2438519 56 53900 287 756
2438587 56 53900 287 756
2438647 56 53900 287 756
2438712 56 53900 287 756
2438781 56 53900 287 756
2438844 56 53900 287 756
2438908 56 53900 287 756
2438973 56 53900 287 756
2439034 56 53900 287 756
2439096 56 53900 287 756
2439158 56 53900 287 756
2439219 56 53900 287 756
2439289 56 53900 287 756
2439357 56 53900 287 756
2439419 56 53900 287 756
2439480 56 53900 287 756
2439542 56 53900 287 756
2439607 56 53900 287 756
2439677 56 53900 287 756
2439744 56 53900 287 756
2439814 56 53900 287 756
2439880 56 53900 287 756
2439947 56 53900 287 756
2440016 56 53900 287 756
2440081 56 53900 287 756
2440151 56 53900 287 756
2440218 56 53900 287 756
2440285 56 53900 287 756
2440351 56 53900 287 756
2440416 56 53900 287 756
2440479 56 53900 287 756
2440548 56 53900 287 756
2440614 56 53900 287 756
2440674 56 53900 287 756
2440745 56 53900 287 756
2440806 56 53900 287 756
2440871 56 53900 287 756
2440939 56 53900 287 756
2441002 56 53900 287 756
2441063 56 53900 287 756
2441129 56 53900 287 756
2441189 56 53900 287 756
2441256 56 53900 287 756
2441324 56 53900 287 756
2441393 56 53900 287 756
2441455 56 53900 287 756
2441518 56 53900 287 756
2441585 56 53900 287 756
2441647 56 53900 287 756
2441711 56 53900 287 756
2441777 56 53900 287 756
2441840 56 53900 287 756
2441903 56 53900 287 756
2441966 56 53900 287 756
2442032 56 53900 287 756
2442099 56 53900 287 756
2442159 56 53900 287 756
2442220 56 53900 287 756
2442286 56 53900 287 756
2442354 56 53900 287 756
2442417 56 53900 287 756
2442487 56 53900 287 756
2442551 56 53900 287 756
2442619 56 53900 287 756
2442685 56 53900 287 756
2442745 56 53900 287 756
2442806 56 53900 287 756
2442871 56 53900 287 756
2442938 56 53900 287 756
2443000 56 53900 287 756
2443062 56 53900 287 756
2443128 56 53900 287 756
2443198 56 53900 287 756
2443262 56 53900 287 756
2443323 56 53900 287 756
2443389 56 53900 287 756
2443456 56 53900 287 756
2443516 56 53900 287 756
2443576 56 53900 287 756
2443643 56 53900 287 756
2443714 56 53900 287 756
2443779 56 53900 287 756
2443840 56 53900 287 756
2443907 56 53900 287 756
2443973 56 53900 287 756
2444035 56 53900 287 756
2444095 56 53900 287 756
2444166 56 53900 287 756
2444234 56 53900 287 756
2444296 56 53900 287 756
2444356 56 53900 287 756
2444417 56 53900 287 756
2444479 56 53900 287 756
2444543 56 53900 287 756
2444607 56 53900 287 756
2444674 56 53900 287 756
2444745 56 53900 287 756
2444816 56 53900 287 756
2444884 56 53900 287 756
2444949 56 53900 287 756
2445013 56 53900 287 756
2445076 56 53900 287 756
2445141 56 53900 287 756
2445209 56 53900 287 756
2445273 56 53900 287 756
2445333 56 53900 287 756
2445403 56 53900 287 756
2445467 56 53900 287 756
2445527 56 53900 287 756
2445587 56 53900 287 756
2445656 56 53900 287 756
2445716 56 53900 287 756
2445787 56 53900 287 756
2445857 56 53900 287 756
2445921 56 53900 287 756
2445984 56 53900 287 756
2446048 56 53900 287 756
2446117 56 53900 287 756
2446180 56 53900 287 756
2446248 56 53900 287 756
2446317 56 53900 287 756
2446378 56 53900 287 756
2446439 56 53900 287 756
2446507 56 53900 287 756
2446574 56 53900 287 756
2446634 56 53900 287 756
2446698 56 53900 287 756
2446758 56 53900 287 756
2446827 56 53900 287 756
2446893 56 53900 287 756
2446954 56 53900 287 756
2447019 56 53900 287 756
2447087 56 53900 287 756
2447151 56 53900 287 756
2447213 56 53900 287 756
2447284 56 53900 287 756
2447350 56 53900 287 756
2447422 56 53900 287 756
2447493 56 53900 287 756
2447553 56 53900 287 756
2447615 56 53900 287 756
2447679 56 53900 287 756
2447744 56 53900 287 756
2447812 56 53900 287 756
2447878 56 53900 287 756
2447946 56 53900 287 756
2448016 56 53900 287 756
2448084 56 53900 287 756
2448153 56 53900 287 756
2448213 56 53900 287 756
2448275 56 53900 287 756
2448344 56 53900 287 756
2448408 56 53900 287 756
2448476 56 53900 287 756
2448541 56 53900 287 756
2448607 56 53900 287 756
2448678 56 53900 287 756
2448739 56 53900 287 756
2448805 56 53900 287 756
2448867 56 53900 287 756
2448932 56 53900 287 756
2448995 56 53900 287 756
2449995 56 53900 287 756
2451005 56 53950 287 756
2452006 56 54000 287 756
2453006 56 54050 287 756
2454016 56 54100 287 756
2455016 56 54150 287 756
2455135 57 54300 287 756
2455205 57 54300 287 756
2455265 57 54300 287 756
2455331 57 54300 287 756
2455403 57 54300 287 756
2455464 57 54300 287 756
2455524 57 54300 287 756
2455587 57 54300 287 756
2455647 57 54300 287 756
2455707 57 54300 287 756
2455777 57 54300 287 756
2455843 57 54300 287 756
2455903 57 54300 287 756
2455971 57 54300 287 756
2456035 57 54300 287 756
2456102 57 54300 287 756
2456166 57 54300 287 756
2456233 57 54300 287 756
2456304 57 54300 287 756
2456376 57 54300 287 756
2456437 57 54300 287 756
2456499 57 54300 287 756
2456567 57 54300 287 756
2456637 57 54300 287 756
2456697 57 54300 287 756
2456768 57 54300 287 756
2456828 57 54300 287 756
2456899 57 54300 287 756
2456959 57 54300 287 756
2457023 57 54300 287 756
2457090 57 54300 287 756
2457157 57 54300 287 756
2457219 57 54300 287 756
2457279 57 54300 287 756
2457347 57 54300 287 756
2457412 57 54300 287 756
2457475 57 54300 287 756
2457538 57 54300 287 756
2457606 57 54300 287 756
2457674 57 54300 287 756
2457738 57 54300 287 756
2457798 57 54300 287 756
2457860 57 54300 287 756
2457924 57 54300 287 756
2457992 57 54300 287 756
2458056 57 54300 287 756
2458121 57 54300 287 756
2458187 57 54300 287 756
2458251 57 54300 287 756
2458318 57 54300 287 756
2458379 57 54300 287 756
2458445 57 54300 287 756
2458516 57 54300 287 756
2458580 57 54300 287 756
2458644 57 54300 287 756
2458705 57 54300 287 756
2458766 57 54300 287 756
2458826 57 54300 287 756
2458886 57 54300 287 756
2458948 57 54300 287 756
2459015 57 54300 287 756
2459079 57 54300 287 756
2459144 57 54300 287 756
2459207 57 54300 287 756
2459272 57 54300 287 756
2459335 57 54300 287 756
2459405 57 54300 287 756
2459470 57 54300 287 756
2459530 57 54300 287 756
2459596 57 54300 287 756
2459665 57 54300 287 756
2459731 57 54300 287 756
2459800 57 54300 287 756
2459860 57 54300 287 756
2459923 57 54300 287 756
2459990 57 54300 287 756
2460053 57 54300 287 756
2460115 57 54300 287 756
2460182 57 54300 287 756
2460242 57 54300 287 756
2460306 57 54300 287 756
2460377 57 54300 287 756
2460449 57 54300 287 756
2460520 57 54300 287 756
2460586 57 54300 287 756
2460655 57 54300 287 756
2460722 57 54300 287 756
2460782 57 54300 287 756
2460847 57 54300 287 756
2460908 57 54300 287 756
2460969 57 54300 287 756
2461033 57 54300 287 756
2461102 57 54300 287 756
2461165 57 54300 287 756
2461226 57 54300 287 756
2461287 57 54300 287 756
2461349 57 54300 287 756
2461409 57 54300 287 756
2461478 57 54300 287 756
2461543 57 54300 287 756
2461604 57 54300 287 756
2461671 57 54300 287 756
2461733 57 54300 287 756
2461799 57 54300 287 756
2461859 57 54300 287 756
2461922 57 54300 287 756
2461987 57 54300 287 756
2462054 57 54300 287 756
2462117 57 54300 287 756
2462182 57 54300 287 756
2462245 57 54300 287 756
2462308 57 54300 287 756
2462372 57 54300 287 756
2462440 57 54300 287 756
2462508 57 54300 287 756
2462568 57 54300 287 756
2462631 57 54300 287 756
2462693 57 54300 287 756
2462753 57 54300 287 756
2462817 57 54300 287 756
2462886 57 54300 287 756
2462955 57 54300 287 756
2463018 57 54300 287 756
2463080 57 54300 287 756
2463147 57 54300 287 756
2463214 57 54300 287 756
2463277 57 54300 287 756
2463346 57 54300 287 756
2463409 57 54300 287 756
2463469 57 54300 287 756
2463534 57 54300 287 756
2463607 57 54300 287 756
2463667 57 54300 287 756
2463734 57 54300 287 756
2463795 57 54300 287 756
2463855 57 54300 287 756
2463922 57 54300 287 756
2463987 57 54300 287 756
2464051 57 54300 287 756
2464117 57 54300 287 756
2464186 57 54300 287 756
2464246 57 54300 287 756
2464306 57 54300 287 756
2464367 57 54300 287 756
2464430 57 54300 287 756
2464491 57 54300 287 756
2464555 57 54300 287 756
2464621 57 54300 287 756
2464690 57 54300 287 756
2464752 57 54300 287 756
2464818 57 54300 287 756
2464884 57 54300 287 756
2464947 57 54300 287 756
2465010 57 54300 287 756
2465074 57 54300 287 756
2465134 57 54300 287 756
2465194 57 54300 287 756
2465259 57 54300 287 756
2465319 57 54300 287 756
2465384 57 54300 287 756
2465446 57 54300 287 756
2465511 57 54300 287 756
2465571 57 54300 287 756
2465634 57 54300 287 756
2465696 57 54300 287 756
2465759 57 54300 287 756
2465820 57 54300 287 756
2465890 57 54300 287 756
2465959 57 54300 287 756
2466025 57 54300 287 756
2466088 57 54300 287 756
2466157 57 54300 287 756
2466220 57 54300 287 756
2466289 57 54300 287 756
2466353 57 54300 287 756
2466419 57 54300 287 756
2466487 57 54300 287 756
2466548 57 54300 287 756
2466620 57 54300 287 756
2466685 57 54300 287 756
2466752 57 54300 287 756
2466812 57 54300 287 756
2466872 57 54300 287 756
2466936 57 54300 287 756
2466997 57 54300 287 756
2467061 57 54300 287 756
2467121 57 54300 287 756
2467190 57 54300 287 756
2467252 57 54300 287 756
2467315 57 54300 287 756
2467381 57 54300 287 756
2467449 57 54300 287 756
2467511 57 54300 287 756
2467571 57 54300 287 756
2468575 57 54300 287 756
2469577 57 54350 287 756
2470586 57 54400 287 756
2471589 57 54450 287 756
2472595 57 54500 287 756
2473600 57 54550 287 756
2474607 57 54600 287 756
2475617 57 54650 287 756
2476035 58 54700 287 756
2476105 58 54700 287 756
2476174 58 54700 287 756
2476238 58 54700 287 756
2476307 58 54700 287 756
2476370 58 54700 287 756
2476439 58 54700 287 756
2476500 58 54700 287 756
2476567 58 54700 287 756
2476631 58 54700 287 756
2476696 58 54700 287 756
2476761 58 54700 287 756
2476828 58 54700 287 756
2476890 58 54700 287 756
2476959 58 54700 287 756
2477025 58 54700 287 756
2477087 58 54700 287 756
2477147 58 54700 287 756
2477209 58 54700 287 756
2477278 58 54700 287 756
2477347 58 54700 287 756
2477411 58 54700 287 756
2477472 58 54700 287 756
2477616 58 54700 287 756
2477676 58 54700 287 756
2477740 58 54700 287 756
2477817 58 54700 287 756
2477878 58 54700 287 756
2477945 58 54700 287 756
2478012 58 54700 287 756
2478074 58 54700 287 756
2478137 58 54700 287 756
2478198 58 54700 287 756
2478261 58 54700 287 756
2478331 58 54700 287 756
2478392 58 54700 287 756
2478464 58 54700 287 756
2478529 58 54700 287 756
2478592 58 54700 287 756
2478655 58 54700 287 756
2478720 58 54700 287 756
2478789 58 54700 287 756
2478849 58 54700 287 756
2478914 58 54700 287 756
2478977 58 54700 287 756
2479046 58 54700 287 756
2479113 58 54700 287 756
2479174 58 54700 287 756
2479234 58 54700 287 756
2479300 58 54700 287 756
2479363 58 54700 287 756
2479435 58 54700 287 756
2479496 58 54700 287 756
2479560 58 54700 287 756
2479628 58 54700 287 756
2479699 58 54700 287 756
2479763 58 54700 287 756
2479825 58 54700 287 756
2479885 58 54700 287 756
2479951 58 54700 287 756
2480019 58 54700 287 756
2480090 58 54700 287 756
2480150 58 54700 287 756
2480212 58 54700 287 756
2480275 58 54700 287 756
2480336 58 54700 287 756
2480405 58 54700 287 756
2480465 58 54700 287 756
2480525 58 54700 287 756
2480591 58 54700 287 756
2480651 58 54700 287 756
2480720 58 54700 287 756
2480784 58 54700 287 756
2480844 58 54700 287 756
2480908 58 54700 287 756
2480973 58 54700 287 756
2481041 58 54700 287 756
2481101 58 54700 287 756
2481164 58 54700 287 756
2481224 58 54700 287 756
2481291 58 54700 287 756
2481359 58 54700 287 756
2481423 58 54700 287 756
2481492 58 54700 287 756
2481554 58 54700 287 756
2481618 58 54700 287 756
2481678 58 54700 287 756
2481742 58 54700 287 756
2481807 58 54700 287 756
2481874 58 54700 287 756
2481943 58 54700 287 756
2482008 58 54700 287 756
2482070 58 54700 287 756
2482140 58 54700 287 756
2482212 58 54700 287 756
2482283 58 54700 287 756
2482347 58 54700 287 756
2482416 58 54700 287 756
2482478 58 54700 287 756
2482542 58 54700 287 756
2482605 58 54700 287 756
2482665 58 54700 287 756
2482731 58 54700 287 756
2482796 58 54700 287 756
2482869 58 54700 287 756
2482938 58 54700 287 756
2483003 58 54700 287 756
2483068 58 54700 287 756
2483128 58 54700 287 756
2483191 58 54700 287 756
2483252 58 54700 287 756
2483320 58 54700 287 756
2483388 58 54700 287 756
2483454 58 54700 287 756
2483523 58 54700 287 756
2483586 58 54700 287 756
2483651 58 54700 287 756
2483721 58 54700 287 756
2483789 58 54700 287 756
2483851 58 54700 287 756
2483914 58 54700 287 756
2483983 58 54700 287 756
2484044 58 54700 287 756
2484108 58 54700 287 756
2484168 58 54700 287 756
2484229 58 54700 287 756
2484294 58 54700 287 756
2484355 58 54700 287 756
2484416 58 54700 287 756
2484481 58 54700 287 756
2484547 58 54700 287 756
2484607 58 54700 287 756
2484669 58 54700 287 756
2484730 58 54700 287 756
2484798 58 54700 287 756
2484860 58 54700 287 756
2484931 58 54700 287 756
2484992 58 54700 287 756
2485054 58 54700 287 756
2485120 58 54700 287 756
2485181 58 54700 287 756
2485242 58 54700 287 756
2485305 58 54700 287 756
2485369 58 54700 287 756
2485431 58 54700 287 756
2485497 58 54700 287 756
2485558 58 54700 287 756
2485620 58 54700 287 756
2485683 58 54700 287 756
2485751 58 54700 287 756
2485812 58 54700 287 756
2485877 58 54700 287 756
2485946 58 54700 287 756
2486012 58 54700 287 756
2486079 58 54700 287 756
2486146 58 54700 287 756
2486216 58 54700 287 756
2486279 58 54700 287 756
2486344 58 54700 287 756
2486404 58 54700 287 756
2486466 58 54700 287 756
2486529 58 54700 287 756
2486590 58 54700 287 756
2486651 58 54700 287 756
2486721 58 54700 287 756
2486784 58 54700 287 756
2486847 58 54700 287 756
2486911 58 54700 287 756
2486976 58 54700 287 756
2487039 58 54700 287 756
2487100 58 54700 287 756
2487169 58 54700 287 756
2487233 58 54700 287 756
2487293 58 54700 287 756
2487355 58 54700 287 756
2487416 58 54700 287 756
2487485 58 54700 287 756
2487546 58 54700 287 756
2487608 58 54700 287 756
2487668 58 54700 287 756
2487733 58 54700 287 756
2487794 58 54700 287 756
2487860 58 54700 287 756
2487924 58 54700 287 756
2487985 58 54700 287 756
2488047 58 54700 287 756
2488112 58 54700 287 756
2488178 58 54700 287 756
2488238 58 54700 287 756
2488298 58 54700 287 756
2489298 58 54700 287 756
2490308 58 54750 287 756
2491313 58 54800 287 756
2492319 58 54850 287 756
2493321 58 54900 287 756
2494327 58 54950 287 756
2495332 58 55000 287 756
2496342 58 55050 287 756
2496947 59 55100 287 756
2497014 59 55100 287 756
2497076 59 55100 287 756
2497136 59 55100 287 756
2497197 59 55100 287 756
2497258 59 55100 287 756
2497321 59 55100 287 756
2497382 59 55100 287 756
2497445 59 55100 287 756
2497506 59 55100 287 756
2497569 59 55100 287 756
2497635 59 55100 287 756
2497704 59 55100 287 756
2497773 59 55100 287 756
2497842 59 55100 287 756
2497909 59 55100 287 756
2497974 59 55100 287 756
2498035 59 55100 287 756
2498099 59 55100 287 756
2498167 59 55100 287 756
2498230 59 55100 287 756
2498300 59 55100 287 756
2498364 59 55100 287 756
2498433 59 55100 287 756
2498493 59 55100 287 756
2498558 59 55100 287 756
2498618 59 55100 287 756
2498686 59 55100 287 756
2498747 59 55100 287 756
2498819 59 55100 287 756
2498890 59 55100 287 756
2498956 59 55100 287 756
2499025 59 55100 287 756
2499090 59 55100 287 756
2499151 59 55100 287 756
2499216 59 55100 287 756
2499279 59 55100 287 756
2499344 59 55100 287 756
2499408 59 55100 287 756
2499470 59 55100 287 756
2499540 59 55100 287 756
2499610 59 55100 287 756
2499678 59 55100 287 756
2499738 59 55100 287 756
2499799 59 55100 287 756
2499865 59 55100 287 756
2499932 59 55100 287 756
2499997 59 55100 287 756
2500068 59 55100 287 756
2500129 59 55100 287 756
2500193 59 55100 287 756
2500262 59 55100 287 756
2500322 59 55100 287 756
2500387 59 55100 287 756
2500451 59 55100 287 756
2500511 59 55100 287 756
2500580 59 55100 287 756
2500643 59 55100 287 756
2500713 59 55100 287 756
2500782 59 55100 287 756
2500847 59 55100 287 756
2500908 59 55100 287 756
2500969 59 55100 287 756
2501040 59 55100 287 756
2501102 59 55100 287 756
2501162 59 55100 287 756
2501234 59 55100 287 756
2501298 59 55100 287 756
2501367 59 55100 287 756
2501436 59 55100 287 756
2501505 59 55100 287 756
2501565 59 55100 287 756
2501634 59 55100 287 756
2501702 59 55100 287 756
2501769 59 55100 287 756
2501834 59 55100 287 756
2501905 59 55100 287 756
2501967 59 55100 287 756
2502031 59 55100 287 756
2502094 59 55100 287 756
2502163 59 55100 287 756
2502223 59 55100 287 756
2502288 59 55100 287 756
2502350 59 55100 287 756
2502412 59 55100 287 756
2502479 59 55100 287 756
2502539 59 55100 287 756
2502612 59 55100 287 756
2502676 59 55100 287 756
2502737 59 55100 287 756
2502807 59 55100 287 756
2502871 59 55100 287 756
2502937 59 55100 287 756
2503007 59 55100 287 756
2503077 59 55100 287 756
2503141 59 55100 287 756
2503204 59 55100 287 756
2503266 59 55100 287 756
2503326 59 55100 287 756
2503390 59 55100 287 756
2503453 59 55100 287 756
2503520 59 55100 287 756
2503584 59 55100 287 756
2503651 59 55100 287 756
2503715 59 55100 287 756
2503776 59 55100 287 756
2503839 59 55100 287 756
2503910 59 55100 287 756
2503979 59 55100 287 756
2504042 59 55100 287 756
2504104 59 55100 287 756
2504171 59 55100 287 756
2504237 59 55100 287 756
2504300 59 55100 287 756
2504374 59 55100 287 756
2504438 59 55100 287 756
2504503 59 55100 287 756
2504568 59 55100 287 756
2504634 59 55100 287 756
2504697 59 55100 287 756
2504758 59 55100 287 756
2504821 59 55100 287 756
2504889 59 55100 287 756
2504949 59 55100 287 756
2505011 59 55100 287 756
2505081 59 55100 287 756
2505145 59 55100 287 756
2505207 59 55100 287 756
2505277 59 55100 287 756
2505348 59 55100 287 756
2505412 59 55100 287 756
2505478 59 55100 287 756
2505547 59 55100 287 756
2505608 59 55100 287 756
2505670 59 55100 287 756
2505730 59 55100 287 756
2505796 59 55100 287 756
2505861 59 55100 287 756
2505930 59 55100 287 756
2505992 59 55100 287 756
2506052 59 55100 287 756
2506116 59 55100 287 756
2506180 59 55100 287 756
2506240 59 55100 287 756
2506300 59 55100 287 756
2506362 59 55100 287 756
2506430 59 55100 287 756
2506495 59 55100 287 756
2506555 59 55100 287 756
2506615 59 55100 287 756
2506686 59 55100 287 756
2506751 59 55100 287 756
2506816 59 55100 287 756
2506876 59 55100 287 756
2506940 59 55100 287 756
2507009 59 55100 287 756
2507072 59 55100 287 756
2507135 59 55100 287 756
2507202 59 55100 287 756
2507263 59 55100 287 756
2507329 59 55100 287 756
2507392 59 55100 287 756
2507458 59 55100 287 756
2507529 59 55100 287 756
2507600 59 55100 287 756
2507665 59 55100 287 756
2507734 59 55100 287 756
2507796 59 55100 287 756
2507857 59 55100 287 756
2507917 59 55100 287 756
2507981 59 55100 287 756
2508046 59 55100 287 756
2508114 59 55100 287 756
2508175 59 55100 287 756
2508237 59 55100 287 756
2508300 59 55100 287 756
2508360 59 55100 287 756
2508424 59 55100 287 756
2508492 59 55100 287 756
2508559 59 55100 287 756
2508619 59 55100 287 756
2508683 59 55100 287 756
2508744 59 55100 287 756
2508814 59 55100 287 756
2508878 59 55100 287 756
2508939 59 55100 287 756
2509000 59 55100 287 756
2509068 59 55100 287 756
2509131 59 55100 287 756
2509193 59 55100 287 756
2509258 59 55100 287 756
2509319 59 55100 287 756
2509387 59 55100 287 756
2509456 59 55100 287 756
2510465 59 55100 287 756
2511098 60 55100 287 756
2511160 60 55100 287 756
2511222 60 55100 287 756
2511291 60 55100 287 756
2511359 60 55100 287 756
2511423 60 55100 287 756
2511493 60 55100 287 756
2511556 60 55100 287 756
2511617 60 55100 287 756
2511680 60 55100 287 756
2511749 60 55100 287 756
2511819 60 55100 287 756
2511880 60 55100 287 756
2511943 60 55100 287 756
2512003 60 55100 287 756
2512063 60 55100 287 756
2512126 60 55100 287 756
2512195 60 55100 287 756
2512262 60 55100 287 756
2512328 60 55100 287 756
2512388 60 55100 287 756
2512457 60 55100 287 756
2512520 60 55100 287 756
2512590 60 55100 287 756
2512656 60 55100 287 756
2512720 60 55100 287 756
2512784 60 55100 287 756
2512851 60 55100 287 756
2512920 60 55100 287 756
2512988 60 55100 287 756
2513048 60 55100 287 756
2513117 60 55100 287 756
2513179 60 55100 287 756
2513239 60 55100 287 756
2513300 60 55100 287 756
2513362 60 55100 287 756
2513422 60 55100 287 756
2513486 60 55100 287 756
2513547 60 55100 287 756
2513608 60 55100 287 756
2513677 60 55100 287 756
2513743 60 55100 287 756
2513806 60 55100 287 756
2513871 60 55100 287 756
2513939 60 55100 287 756
2513999 60 55100 287 756
2514062 60 55100 287 756
2514128 60 55100 287 756
2514188 60 55100 287 756
2514255 60 55100 287 756
2514324 60 55100 287 756
2514394 60 55100 287 756
2514461 60 55100 287 756
2514523 60 55100 287 756
2514589 60 55100 287 756
2514657 60 55100 287 756
2514719 60 55100 287 756
2514789 60 55100 287 756
2514854 60 55100 287 756
2514918 60 55100 287 756
2514983 60 55100 287 756
2515047 60 55100 287 756
2515112 60 55100 287 756
2515181 60 55100 287 756
2515245 60 55100 287 756
2515306 60 55100 287 756
2515375 60 55100 287 756
2515435 60 55100 287 756
2515495 60 55100 287 756
2515565 60 55100 287 756
2515634 60 55100 287 756
2515697 60 55100 287 756
2515765 60 55100 287 756
2515833 60 55100 287 756
2515895 60 55100 287 756
2515958 60 55100 287 756
2516018 60 55100 287 756
2516083 60 55100 287 756
2516144 60 55100 287 756
2516208 60 55100 287 756
2516270 60 55100 287 756
2516338 60 55100 287 756
2516399 60 55100 287 756
2516465 60 55100 287 756
2516535 60 55100 287 756
2516595 60 55100 287 756
2516658 60 55100 287 756
2516719 60 55100 287 756
2516786 60 55100 287 756
2516852 60 55100 287 756
2516913 60 55100 287 756
2516981 60 55100 287 756
2517044 60 55100 287 756
2517111 60 55100 287 756
2517180 60 55100 287 756
2517249 60 55100 287 756
2517313 60 55100 287 756
2517376 60 55100 287 756
2517443 60 55100 287 756
2517513 60 55100 287 756
2517580 60 55100 287 756
2517641 60 55100 287 756
2517701 60 55100 287 756
2517765 60 55100 287 756
2517833 60 55100 287 756
2517893 60 55100 287 756
2517953 60 55100 287 756
2518017 60 55100 287 756
2518085 60 55100 287 756
2518153 60 55100 287 756
2518216 60 55100 287 756
2518277 60 55100 287 756
2518344 60 55100 287 756
2518408 60 55100 287 756
2518479 60 55100 287 756
2518539 60 55100 287 756
2518606 60 55100 287 756
2518671 60 55100 287 756
2518733 60 55100 287 756
2518803 60 55100 287 756
2518868 60 55100 287 756
2518934 60 55100 287 756
2519000 60 55100 287 756
2519066 60 55100 287 756
2519128 60 55100 287 756
2519188 60 55100 287 756
2519249 60 55100 287 756
2519314 60 55100 287 756
2519375 60 55100 287 756
2519435 60 55100 287 756
2519502 60 55100 287 756
2519573 60 55100 287 756
2519642 60 55100 287 756
2519706 60 55100 287 756
2519775 60 55100 287 756
2519838 60 55100 287 756
2519905 60 55100 287 756
2519974 60 55100 287 756
2520042 60 55100 287 756
2520107 60 55100 287 756
2520170 60 55100 287 756
2520237 60 55100 287 756
2520305 60 55100 287 756
2520365 60 55100 287 756
2520432 60 55100 287 756
2520502 60 55100 287 756
2520568 60 55100 287 756
2520634 60 55100 287 756
2520696 60 55100 287 756
2520765 60 55100 287 756
2520835 60 55100 287 756
2520896 60 55100 287 756
2520956 60 55100 287 756
2521016 60 55100 287 756
2521080 60 55100 287 756
2521140 60 55100 287 756
2521211 60 55100 287 756
2521271 60 55100 287 756
2521332 60 55100 287 756
2521393 60 55100 287 756
2521459 60 55100 287 756
2521527 60 55100 287 756
2521588 60 55100 287 756
2521650 60 55100 287 756
2521718 60 55100 287 756
2521784 60 55100 287 756
2521851 60 55100 287 756
2521911 60 55100 287 756
2521971 60 55100 287 756
2522039 60 55100 287 756
2522108 60 55100 287 756
2522177 60 55100 287 756
2522238 60 55100 287 756
2522304 60 55100 287 756
2522373 60 55100 287 756
2522433 60 55100 287 756
2522494 60 55100 287 756
2522557 60 55100 287 756
2522618 60 55100 287 756
2522680 60 55100 287 756
2522749 60 55100 287 756
2522812 60 55100 287 756
2522878 60 55100 287 756
2522942 60 55100 287 756
2523006 60 55100 287 756
2523068 60 55100 287 756
2523140 60 55100 287 756
2523208 60 55100 287 756
2524210 60 55100 287 756
2525212 60 55150 287 756
2525622 61 55100 287 756
2525691 61 55100 287 756
2525758 61 55100 287 756
2525818 61 55100 287 756
2525881 61 55100 287 756
2525943 61 55100 287 756
2526005 61 55100 287 756
2526065 61 55100 287 756
2526129 61 55100 287 756
2526190 61 55100 287 756
2526260 61 55100 287 756
2526321 61 55100 287 756
2526381 61 55100 287 756
2526443 61 55100 287 756
2526506 61 55100 287 756
2526566 61 55100 287 756
2526629 61 55100 287 756
2526691 61 55100 287 756
2526755 61 55100 287 756
2526824 61 55100 287 756
2526893 61 55100 287 756
2526960 61 55100 287 756
2527021 61 55100 287 756
2527090 61 55100 287 756
2527152 61 55100 287 756
2527223 61 55100 287 756
2527283 61 55100 287 756
2527344 61 55100 287 756
2527407 61 55100 287 756
2527477 61 55100 287 756
2527543 61 55100 287 756
2527607 61 55100 287 756
2527667 61 55100 287 756
2527727 61 55100 287 756
2527793 61 55100 287 756
2527863 61 55100 287 756
2527926 61 55100 287 756
2527990 61 55100 287 756
2528054 61 55100 287 756
2528114 61 55100 287 756
2528185 61 55100 287 756
2528247 61 55100 287 756
2528307 61 55100 287 756
2528367 61 55100 287 756
2528435 61 55100 287 756
2528505 61 55100 287 756
2528573 61 55100 287 756
2528634 61 55100 287 756
2528703 61 55100 287 756
2528768 61 55100 287 756
2528836 61 55100 287 756
2528902 61 55100 287 756
2528964 61 55100 287 756
2529025 61 55100 287 756
2529091 61 55100 287 756
2529161 61 55100 287 756
2529223 61 55100 287 756
2529287 61 55100 287 756
2529347 61 55100 287 756
2529408 61 55100 287 756
2529475 61 55100 287 756
2529535 61 55100 287 756
2529602 61 55100 287 756
2529666 61 55100 287 756
2529727 61 55100 287 756
2529788 61 55100 287 756
2529857 61 55100 287 756
2529918 61 55100 287 756
2529987 61 55100 287 756
2530058 61 55100 287 756
2530124 61 55100 287 756
2530192 61 55100 287 756
2530253 61 55100 287 756
2530324 61 55100 287 756
2530384 61 55100 287 756
2530450 61 55100 287 756
2530512 61 55100 287 756
2530581 61 55100 287 756
2530644 61 55100 287 756
2530712 61 55100 287 756
2530772 61 55100 287 756
2530840 61 55100 287 756
2530907 61 55100 287 756
2530967 61 55100 287 756
2531037 61 55100 287 756
2531106 61 55100 287 756
2531175 61 55100 287 756
2531242 61 55100 287 756
2531302 61 55100 287 756
2531371 61 55100 287 756
2531433 61 55100 287 756
2531493 61 55100 287 756
2531557 61 55100 287 756
2531617 61 55100 287 756
2531682 61 55100 287 756
2531751 61 55100 287 756
2531818 61 55100 287 756
2531887 61 55100 287 756
2531954 61 55100 287 756
2532018 61 55100 287 756
2532080 61 55100 287 756
2532141 61 55100 287 756
2532203 61 55100 287 756
2532274 61 55100 287 756
2532334 61 55100 287 756
2532399 61 55100 287 756
2532468 61 55100 287 756
2532533 61 55100 287 756
2532598 61 55100 287 756
2532659 61 55100 287 756
2532719 61 55100 287 756
2532784 61 55100 287 756
2532856 61 55100 287 756
2532926 61 55100 287 756
2532988 61 55100 287 756
2533051 61 55100 287 756
2533112 61 55100 287 756
2533174 61 55100 287 756
2533241 61 55100 287 756
2533310 61 55100 287 756
2533370 61 55100 287 756
2533436 61 55100 287 756
2533502 61 55100 287 756
2533569 61 55100 287 756
2533629 61 55100 287 756
2533689 61 55100 287 756
2533749 61 55100 287 756
2533815 61 55100 287 756
2533877 61 55100 287 756
2533940 61 55100 287 756
2534005 61 55100 287 756
2534066 61 55100 287 756
2534128 61 55100 287 756
2534192 61 55100 287 756
2534261 61 55100 287 756
2534322 61 55100 287 756
2534384 61 55100 287 756
2534454 61 55100 287 756
2534516 61 55100 287 756
2534576 61 55100 287 756
2534639 61 55100 287 756
2534710 61 55100 287 756
2534771 61 55100 287 756
2534835 61 55100 287 756
2534895 61 55100 287 756
2534957 61 55100 287 756
2535017 61 55100 287 756
2535078 61 55100 287 756
2535140 61 55100 287 756
2535204 61 55100 287 756
2535270 61 55100 287 756
2535340 61 55100 287 756
2535405 61 55100 287 756
2535475 61 55100 287 756
2535544 61 55100 287 756
2535614 61 55100 287 756
2535680 61 55100 287 756
2535742 61 55100 287 756
2535812 61 55100 287 756
2535876 61 55100 287 756
2535946 61 55100 287 756
2536017 61 55100 287 756
2536086 61 55100 287 756
2536147 61 55100 287 756
2536210 61 55100 287 756
2536270 61 55100 287 756
2536336 61 55100 287 756
2536405 61 55100 287 756
2536466 61 55100 287 756
2536532 61 55100 287 756
2536593 61 55100 287 756
2536667 61 55100 287 756
2536734 61 55100 287 756
2536798 61 55100 287 756
2536862 61 55100 287 756
2536929 61 55100 287 756
2536995 61 55100 287 756
2537057 61 55100 287 756
2537117 61 55100 287 756
2537179 61 55100 287 756
2537244 61 55100 287 756
2537313 61 55100 287 756
2537375 61 55100 287 756
2537437 61 55100 287 756
2537498 61 55100 287 756
2537559 61 55100 287 756
2537624 61 55100 287 756
2537685 61 55100 287 756
2538407 62 55100 287 756
2538477 62 55100 287 756
2538538 62 55100 287 756
