# header: write what you want on lines starting with #
# Total ACTIVE Pulses, # breakdowns, amp_set, index (point on pulse / power curve) , pulse length
# the init of this file could be 1 0 500 0 3500, 2 0 500 0 3500, etc
531 0 709 7 756
629927 1 19500 287 756
649134 2 19900 287 756
663617 3 19900 287 756
675254 4 19900 287 756
685220 5 19900 287 756
701197 6 19900 287 756
716534 7 19900 287 756
727172 8 19900 287 756
743893 9 20300 287 756
809136 10 22300 287 756
850907 11 23100 287 756
3284485 63 31000 287 756
3284486 63 31001 287 756
4592112 63 31001 287 756
3284422 63 63882 287 756
3284484 63 63882 287 756
3284485 63 31000 287 756
