# header: write what you want on lines starting with #
# Total ACTIVE Pulses, # breakdowns, amp_set, index (point on pulse / power curve) , pulse length
# the init of this file could be 1 0 500 0 3500, 2 0 500 0 3500, etc
531 0 709 7 756
629927 1 19500 287 756
649134 2 19900 287 756
663617 3 19900 287 756
675254 4 19900 287 756
685220 5 19900 287 756
701197 6 19900 287 756
716534 7 19900 287 756
727172 8 19900 287 756
743893 9 20300 287 756
809136 10 22300 287 756
850907 11 23100 287 756
1311952 12 34700 287 756
1322395 13 34700 287 756
1345435 14 35100 287 756
1445388 16 35270 287 756
1500817 17 38300 287 756
1515290 18 38300 287 756
1527422 19 38300 287 756
1550025 20 38700 287 756
1565127 21 38700 287 756
1577229 22 38700 287 756
1589818 23 38700 287 756
1605748 24 38700 287 756
1618050 25 38700 287 756
1633214 26 38700 287 756
1648658 27 38700 287 756
1662460 28 38700 287 756
1675533 29 38700 287 756
1704498 30 38700 287 756
1717266 31 38700 287 756
1967674 32 45500 287 756
1993695 33 46300 287 756
2009915 34 46300 287 756
2109710 35 49100 287 756
2109778 37 49100 287 756
2109916 38 49100 287 756
2110042 40 49100 287 756
2153576 41 49500 287 756
2217174 42 49500 287 756
2217244 44 49500 287 756
2265819 45 49500 287 756
2265886 47 49500 287 756
2331968 48 51541 287 756
2332036 49 51541 287 756
2360661 50 52300 287 756
2360729 51 52300 287 756
2387038 53 53100 287 756
2387105 55 53100 287 756
2434285 56 53900 287 756
2455135 57 54300 287 756
2476035 58 54700 287 756
2496947 59 55100 287 756
2511098 60 55100 287 756
2525622 61 55100 287 756
2537685 61 55100 287 756
2538407 62 55100 287 756
2538477 62 55100 287 756
2538538 62 55100 287 756
2538603 62 55100 287 756
2538682 62 55100 287 756
2538746 62 55100 287 756
2538911 62 55100 287 756
2538972 62 55100 287 756
2539035 62 55100 287 756
2539102 62 55100 287 756
2539246 62 55100 287 756
2539310 62 55100 287 756
2539381 62 55100 287 756
2539451 62 55100 287 756
2539513 62 55100 287 756
2539574 62 55100 287 756
2539634 62 55100 287 756
2539695 62 55100 287 756
2539757 62 55100 287 756
2539821 62 55100 287 756
2539883 62 55100 287 756
2539948 62 55100 287 756
2540009 62 55100 287 756
2540086 62 55100 287 756
2540147 62 55100 287 756
2540209 62 55100 287 756
2540272 62 55100 287 756
2540333 62 55100 287 756
2540393 62 55100 287 756
2540459 62 55100 287 756
2540528 62 55100 287 756
2540590 62 55100 287 756
2540657 62 55100 287 756
2540720 62 55100 287 756
2540784 62 55100 287 756
2540848 62 55100 287 756
2540908 62 55100 287 756
2540973 62 55100 287 756
2541040 62 55100 287 756
2541103 62 55100 287 756
2541164 62 55100 287 756
2541231 62 55100 287 756
2541294 62 55100 287 756
2541357 62 55100 287 756
2541424 62 55100 287 756
2541484 62 55100 287 756
2541545 62 55100 287 756
2541612 62 55100 287 756
2541674 62 55100 287 756
2541737 62 55100 287 756
2541801 62 55100 287 756
2541864 62 55100 287 756
2541925 62 55100 287 756
2541992 62 55100 287 756
2542054 62 55100 287 756
2542115 62 55100 287 756
2542181 62 55100 287 756
2542241 62 55100 287 756
2542303 62 55100 287 756
2542366 62 55100 287 756
2542430 62 55100 287 756
2542490 62 55100 287 756
2542551 62 55100 287 756
2542623 62 55100 287 756
2542685 62 55100 287 756
2542753 62 55100 287 756
2542813 62 55100 287 756
2542874 62 55100 287 756
2542941 62 55100 287 756
2543003 62 55100 287 756
2543063 62 55100 287 756
2543129 62 55100 287 756
2543191 62 55100 287 756
2543260 62 55100 287 756
2543326 62 55100 287 756
2543388 62 55100 287 756
2543449 62 55100 287 756
2543515 62 55100 287 756
2543576 62 55100 287 756
2543642 62 55100 287 756
2543708 62 55100 287 756
2543769 62 55100 287 756
2543829 62 55100 287 756
2543894 62 55100 287 756
2543955 62 55100 287 756
2544015 62 55100 287 756
2544081 62 55100 287 756
2544143 62 55100 287 756
2544213 62 55100 287 756
2544274 62 55100 287 756
2544338 62 55100 287 756
2544398 62 55100 287 756
2544462 62 55100 287 756
2544527 62 55100 287 756
2544597 62 55100 287 756
2544659 62 55100 287 756
2544726 62 55100 287 756
2544787 62 55100 287 756
2544858 62 55100 287 756
2544923 62 55100 287 756
2544986 62 55100 287 756
2545047 62 55100 287 756
2545114 62 55100 287 756
2545177 62 55100 287 756
2545247 62 55100 287 756
2545311 62 55100 287 756
2545383 62 55100 287 756
2545444 62 55100 287 756
2545515 62 55100 287 756
2545578 62 55100 287 756
2545639 62 55100 287 756
2545701 62 55100 287 756
2545765 62 55100 287 756
2545827 62 55100 287 756
2545897 62 55100 287 756
2545961 62 55100 287 756
2546033 62 55100 287 756
2546104 62 55100 287 756
2546165 62 55100 287 756
2546230 62 55100 287 756
2546295 62 55100 287 756
2546356 62 55100 287 756
2546422 62 55100 287 756
2546484 62 55100 287 756
2546554 62 55100 287 756
2546619 62 55100 287 756
2546680 62 55100 287 756
2546743 62 55100 287 756
2546809 62 55100 287 756
2546869 62 55100 287 756
2546940 62 55100 287 756
2547006 62 55100 287 756
2547069 62 55100 287 756
2547132 62 55100 287 756
2547198 62 55100 287 756
2547267 62 55100 287 756
2547328 62 55100 287 756
2547390 62 55100 287 756
2547454 62 55100 287 756
2547516 62 55100 287 756
2547582 62 55100 287 756
2547648 62 55100 287 756
2547710 62 55100 287 756
2547781 62 55100 287 756
2547842 62 55100 287 756
2547904 62 55100 287 756
2547967 62 55100 287 756
2548034 62 55100 287 756
2548094 62 55100 287 756
2548165 62 55100 287 756
2548231 62 55100 287 756
2548291 62 55100 287 756
2548356 62 55100 287 756
2548422 62 55100 287 756
2548484 62 55100 287 756
2548545 62 55100 287 756
2548612 62 55100 287 756
2548675 62 55100 287 756
2548738 62 55100 287 756
2548804 62 55100 287 756
2548866 62 55100 287 756
2548927 62 55100 287 756
2548993 62 55100 287 756
2549055 62 55100 287 756
2549118 62 55100 287 756
2549185 62 55100 287 756
2549246 62 55100 287 756
2549310 62 55100 287 756
2549373 62 55100 287 756
2549442 62 55100 287 756
2549507 62 55100 287 756
2549572 62 55100 287 756
2549642 62 55100 287 756
2549704 62 55100 287 756
2549766 62 55100 287 756
2549832 62 55100 287 756
2549893 62 55100 287 756
2549954 62 55100 287 756
2550019 62 55100 287 756
2550081 62 55100 287 756
2550142 62 55100 287 756
2550209 62 55100 287 756
2550269 62 55100 287 756
2550331 62 55100 287 756
2550398 62 55100 287 756
2550458 62 55100 287 756
2550520 62 55100 287 756
2550587 62 55100 287 756
2550649 62 55100 287 756
2550711 62 55100 287 756
2550776 62 55100 287 756
2550838 62 55100 287 756
2550899 62 55100 287 756
2550963 62 55100 287 756
2551026 62 55100 287 756
2551087 62 55100 287 756
2552094 62 55100 287 756
2553101 62 55150 287 756
2554112 62 55200 287 756
2555113 62 55250 287 756
2556118 62 55300 287 756
2557123 62 55350 287 756
2558129 62 55400 287 756
2559135 62 55450 287 756
2560143 62 55500 287 756
2561144 62 55550 287 756
2562150 62 55600 287 756
2563151 62 55650 287 756
2564152 62 55700 287 756
2565161 62 55750 287 756
2566171 62 55800 287 756
2567180 62 55850 287 756
2568185 62 55900 287 756
2569188 62 55950 287 756
2570192 62 56000 287 756
2571193 62 56050 287 756
2572196 62 56100 287 756
2573204 62 56150 287 756
2574214 62 56200 287 756
2575216 62 56250 287 756
2576231 62 56300 287 756
2577242 62 56350 287 756
2578249 62 56400 287 756
2579258 62 56450 287 756
2580260 62 56500 287 756
2581263 62 56550 287 756
2582272 62 56600 287 756
2583282 62 56650 287 756
2584290 62 56700 287 756
2585293 62 56750 287 756
2586293 62 56800 287 756
2587299 62 56850 287 756
2588304 62 56900 287 756
2589306 62 56950 287 756
2590309 62 57031 287 756
2591314 62 57103 287 756
2592323 62 57184 287 756
2593324 62 57255 287 756
2594332 62 57326 287 756
2595332 62 57396 287 756
2596335 62 57466 287 756
2597336 62 57543 287 756
2598338 62 57605 287 756
2599344 62 57667 287 756
2600345 62 57732 287 756
2601355 62 57840 287 756
2602356 62 57956 287 756
2603359 62 58086 287 756
2604363 62 58184 287 756
2605369 62 58242 287 756
2606378 62 58297 287 756
2607387 62 58330 287 756
2608387 62 58360 287 756
2609389 62 58367 287 756
2610391 62 58380 287 756
2611403 62 58430 287 756
2612407 62 58480 287 756
2613407 62 58530 287 756
2613775 62 58700 287 756
2613840 62 58700 287 756
2613902 62 58700 287 756
2613971 62 58700 287 756
2614032 62 58700 287 756
2614097 62 58700 287 756
2614158 62 58700 287 756
2614220 62 58700 287 756
2614285 62 58700 287 756
2614348 62 58700 287 756
2614412 62 58700 287 756
2614478 62 58700 287 756
2614539 62 58700 287 756
2614599 62 58700 287 756
2614665 62 58700 287 756
2614728 62 58700 287 756
2614789 62 58700 287 756
2614853 62 58700 287 756
2614914 62 58700 287 756
2614975 62 58700 287 756
2615039 62 58700 287 756
2615105 62 58700 287 756
2615166 62 58700 287 756
2615230 62 58700 287 756
2615290 62 58700 287 756
2615353 62 58700 287 756
2615414 62 58700 287 756
2615484 62 58700 287 756
2615545 62 58700 287 756
2615612 62 58700 287 756
2615674 62 58700 287 756
2615737 62 58700 287 756
2615802 62 58700 287 756
2615863 62 58700 287 756
2615925 62 58700 287 756
2615989 62 58700 287 756
2616053 62 58700 287 756
2616114 62 58700 287 756
2616181 62 58700 287 756
2616243 62 58700 287 756
2616306 62 58700 287 756
2616373 62 58700 287 756
2616434 62 58700 287 756
2616495 62 58700 287 756
2616561 62 58700 287 756
2616622 62 58700 287 756
2616684 62 58700 287 756
2616747 62 58700 287 756
2616811 62 58700 287 756
2616873 62 58700 287 756
2616936 62 58700 287 756
2616996 62 58700 287 756
2617063 62 58700 287 756
2617123 62 58700 287 756
2617186 62 58700 287 756
2617249 62 58700 287 756
2617313 62 58700 287 756
2617375 62 58700 287 756
2617436 62 58700 287 756
2617501 62 58700 287 756
2617569 62 58700 287 756
2617639 62 58700 287 756
2617707 62 58700 287 756
2617768 62 58700 287 756
2617829 62 58700 287 756
2617894 62 58700 287 756
2617956 62 58700 287 756
2618019 62 58700 287 756
2618086 62 58700 287 756
2618146 62 58700 287 756
2618208 62 58700 287 756
2618275 62 58700 287 756
2618336 62 58700 287 756
2618399 62 58700 287 756
2618464 62 58700 287 756
2618527 62 58700 287 756
2618593 62 58700 287 756
2618654 62 58700 287 756
2618720 62 58700 287 756
2618782 62 58700 287 756
2618842 62 58700 287 756
2618908 62 58700 287 756
2618969 62 58700 287 756
2619029 62 58700 287 756
2619097 62 58700 287 756
2619159 62 58700 287 756
2619220 62 58700 287 756
2619283 62 58700 287 756
2619346 62 58700 287 756
2619409 62 58700 287 756
2619472 62 58700 287 756
2619534 62 58700 287 756
2619598 62 58700 287 756
2619660 62 58700 287 756
2619721 62 58700 287 756
2619786 62 58700 287 756
2619846 62 58700 287 756
2619906 62 58700 287 756
2619971 62 58700 287 756
2620033 62 58700 287 756
2620095 62 58700 287 756
2620161 62 58700 287 756
2620223 62 58700 287 756
2620284 62 58700 287 756
2620350 62 58700 287 756
2620421 62 58700 287 756
2620484 62 58700 287 756
2620547 62 58700 287 756
2620614 62 58700 287 756
2620676 62 58700 287 756
2620745 62 58700 287 756
2620811 62 58700 287 756
2620871 62 58700 287 756
2620931 62 58700 287 756
2620998 62 58700 287 756
2621065 62 58700 287 756
2621134 62 58700 287 756
2621201 62 58700 287 756
2621262 62 58700 287 756
2621333 62 58700 287 756
2621395 62 58700 287 756
2621458 62 58700 287 756
2621519 62 58700 287 756
2621585 62 58700 287 756
2621649 62 58700 287 756
2621711 62 58700 287 756
2621776 62 58700 287 756
2621838 62 58700 287 756
2621899 62 58700 287 756
2621964 62 58700 287 756
2622024 62 58700 287 756
2622084 62 58700 287 756
2622150 62 58700 287 756
2622210 62 58700 287 756
2622271 62 58700 287 756
2622338 62 58700 287 756
2622401 62 58700 287 756
2622461 62 58700 287 756
2622524 62 58700 287 756
2622585 62 58700 287 756
2622646 62 58700 287 756
2622711 62 58700 287 756
2622771 62 58700 287 756
2622832 62 58700 287 756
2622898 62 58700 287 756
2622959 62 58700 287 756
2623028 62 58700 287 756
2623096 62 58700 287 756
2623167 62 58700 287 756
2623230 62 58700 287 756
2623293 62 58700 287 756
2623358 62 58700 287 756
2623419 62 58700 287 756
2623484 62 58700 287 756
2623547 62 58700 287 756
2623610 62 58700 287 756
2623675 62 58700 287 756
2623737 62 58700 287 756
2623797 62 58700 287 756
2623861 62 58700 287 756
2623924 62 58700 287 756
2623991 62 58700 287 756
2624053 62 58700 287 756
2624113 62 58700 287 756
2624178 62 58700 287 756
2624241 62 58700 287 756
2624311 62 58700 287 756
2624377 62 58700 287 756
2624437 62 58700 287 756
2624506 62 58700 287 756
2624570 62 58700 287 756
2624632 62 58700 287 756
2624693 62 58700 287 756
2624759 62 58700 287 756
2624823 62 58700 287 756
2624884 62 58700 287 756
2624950 62 58700 287 756
2625010 62 58700 287 756
2625070 62 58700 287 756
2625138 62 58700 287 756
2625200 62 58700 287 756
2625262 62 58700 287 756
2625329 62 58700 287 756
2625389 62 58700 287 756
2625450 62 58700 287 756
2625516 62 58700 287 756
2625577 62 58700 287 756
2625637 62 58700 287 756
2625702 62 58700 287 756
2625765 62 58700 287 756
2625827 62 58700 287 756
2625891 62 58700 287 756
2625953 62 58700 287 756
2626015 62 58700 287 756
2626081 62 58700 287 756
2626142 62 58700 287 756
2626215 62 58700 287 756
2626277 62 58700 287 756
2626342 62 58700 287 756
2627343 62 58700 287 756
2628345 62 58750 287 756
2629348 62 58800 287 756
2630351 62 58850 287 756
2631352 62 58900 287 756
2632352 62 58950 287 756
2633359 62 59000 287 756
2634362 62 59050 287 756
2635362 62 59100 287 756
2636368 62 59150 287 756
2637372 62 59200 287 756
2638381 62 59250 287 756
2639387 62 59300 287 756
2640391 62 59350 287 756
2641392 62 59380 287 756
2642395 62 59402 287 756
2643397 62 59415 287 756
2644402 62 59428 287 756
2645403 62 59461 287 756
2646410 62 59478 287 756
2647410 62 59493 287 756
2648420 62 59512 287 756
2649425 62 59532 287 756
2650433 62 59535 287 756
2651435 62 59585 287 756
2652438 62 59587 287 756
2653443 62 59637 287 756
2654443 62 59687 287 756
2655452 62 59737 287 756
2656452 62 59888 287 756
2657452 62 60035 287 756
2658454 62 60181 287 756
2659454 62 60331 287 756
2660462 62 60497 287 756
2661465 62 60665 287 756
2662470 62 60751 287 756
2663482 62 60831 287 756
2664490 62 60896 287 756
2665490 62 60949 287 756
2666495 62 60999 287 756
2667501 62 61049 287 756
2668509 62 61099 287 756
2669513 62 61149 287 756
2670513 62 61199 287 756
2671516 62 61249 287 756
2672525 62 61299 287 756
2673530 62 61349 287 756
2674531 62 61399 287 756
2675532 62 61449 287 756
2676539 62 61499 287 756
2677541 62 61549 287 756
2678544 62 61599 287 756
2679551 62 61649 287 756
2680555 62 61699 287 756
2681557 62 61749 287 756
2682561 62 61799 287 756
2683571 62 61849 287 756
2684577 62 61899 287 756
2685588 62 61949 287 756
2686588 62 61999 287 756
2687598 62 62049 287 756
2688602 62 62099 287 756
2689602 62 62149 287 756
2690606 62 62199 287 756
2691606 62 62249 287 756
2692615 62 62299 287 756
2693620 62 62349 287 756
2694620 62 62399 287 756
2695623 62 62449 287 756
2696629 62 62499 287 756
2697633 62 62549 287 756
2698634 62 62698 287 756
2699638 62 62886 287 756
2700649 62 63104 287 756
2701657 62 63286 287 756
2702661 62 63505 287 756
2703129 62 63500 287 756
2703194 62 63500 287 756
2703260 62 63500 287 756
2703331 62 63500 287 756
2703402 62 63500 287 756
2703468 62 63500 287 756
2703532 62 63500 287 756
2703603 62 63500 287 756
2703671 62 63500 287 756
2703739 62 63500 287 756
2703810 62 63500 287 756
2703870 62 63500 287 756
2703935 62 63500 287 756
2703997 62 63500 287 756
2704057 62 63500 287 756
2704126 62 63500 287 756
2704190 62 63500 287 756
2704261 62 63500 287 756
2704322 62 63500 287 756
2704386 62 63500 287 756
2704447 62 63500 287 756
2704511 62 63500 287 756
2704571 62 63500 287 756
2704634 62 63500 287 756
2704700 62 63500 287 756
2704762 62 63500 287 756
2704825 62 63500 287 756
2704887 62 63500 287 756
2704950 62 63500 287 756
2705011 62 63500 287 756
2705076 62 63500 287 756
2705145 62 63500 287 756
2705205 62 63500 287 756
2705267 62 63500 287 756
2705336 62 63500 287 756
2705396 62 63500 287 756
2705458 62 63500 287 756
2705524 62 63500 287 756
2705585 62 63500 287 756
2705649 62 63500 287 756
2705712 62 63500 287 756
2705772 62 63500 287 756
2705838 62 63500 287 756
2705900 62 63500 287 756
2705972 62 63500 287 756
2706033 62 63500 287 756
2706100 62 63500 287 756
2706160 62 63500 287 756
2706229 62 63500 287 756
2706296 62 63500 287 756
2706359 62 63500 287 756
2706427 62 63500 287 756
2706488 62 63500 287 756
2706555 62 63500 287 756
2706619 62 63500 287 756
2706683 62 63500 287 756
2706748 62 63500 287 756
2706811 62 63500 287 756
2706875 62 63500 287 756
2706937 62 63500 287 756
2706997 62 63500 287 756
2707063 62 63500 287 756
2707131 62 63500 287 756
2707191 62 63500 287 756
2707262 62 63500 287 756
2707327 62 63500 287 756
2707389 62 63500 287 756
2707450 62 63500 287 756
2707517 62 63500 287 756
2707580 62 63500 287 756
2707643 62 63500 287 756
2707708 62 63500 287 756
2707769 62 63500 287 756
2707830 62 63500 287 756
2707897 62 63500 287 756
2707966 62 63500 287 756
2708026 62 63500 287 756
2708087 62 63500 287 756
2708148 62 63500 287 756
2708209 62 63500 287 756
2708274 62 63500 287 756
2708345 62 63500 287 756
2708414 62 63500 287 756
2708477 62 63500 287 756
2708542 62 63500 287 756
2708603 62 63500 287 756
2708667 62 63500 287 756
2708729 62 63500 287 756
2708797 62 63500 287 756
2708857 62 63500 287 756
2708924 62 63500 287 756
2708985 62 63500 287 756
2709054 62 63500 287 756
2709120 62 63500 287 756
2709182 62 63500 287 756
2709245 62 63500 287 756
2709308 62 63500 287 756
2709371 62 63500 287 756
2709432 62 63500 287 756
2709495 62 63500 287 756
2709555 62 63500 287 756
2709615 62 63500 287 756
2709682 62 63500 287 756
2709742 62 63500 287 756
2709802 62 63500 287 756
2709869 62 63500 287 756
2709929 62 63500 287 756
2709990 62 63500 287 756
2710054 62 63500 287 756
2710124 62 63500 287 756
2710184 62 63500 287 756
2710248 62 63500 287 756
2710308 62 63500 287 756
2710377 62 63500 287 756
2710442 62 63500 287 756
2710505 62 63500 287 756
2710566 62 63500 287 756
2710631 62 63500 287 756
2710693 62 63500 287 756
2710753 62 63500 287 756
2710817 62 63500 287 756
2710877 62 63500 287 756
2710941 62 63500 287 756
2711006 62 63500 287 756
2711067 62 63500 287 756
2711138 62 63500 287 756
2711204 62 63500 287 756
2711264 62 63500 287 756
2711326 62 63500 287 756
2711393 62 63500 287 756
2711464 62 63500 287 756
2711525 62 63500 287 756
2711595 62 63500 287 756
2711661 62 63500 287 756
2711721 62 63500 287 756
2711782 62 63500 287 756
2711849 62 63500 287 756
2711921 62 63500 287 756
2711981 62 63500 287 756
2712046 62 63500 287 756
2712107 62 63500 287 756
2712167 62 63500 287 756
2712231 62 63500 287 756
2712292 62 63500 287 756
2712354 62 63500 287 756
2712421 62 63500 287 756
2712492 62 63500 287 756
2712553 62 63500 287 756
2712617 62 63500 287 756
2712679 62 63500 287 756
2712741 62 63500 287 756
2712807 62 63500 287 756
2712867 62 63500 287 756
2712927 62 63500 287 756
2712992 62 63500 287 756
2713063 62 63500 287 756
2713125 62 63500 287 756
2713192 62 63500 287 756
2713254 62 63500 287 756
2713325 62 63500 287 756
2713388 62 63500 287 756
2713452 62 63500 287 756
2713513 62 63500 287 756
2713577 62 63500 287 756
2713641 62 63500 287 756
2713702 62 63500 287 756
2713771 62 63500 287 756
2713836 62 63500 287 756
2713908 62 63500 287 756
2713980 62 63500 287 756
2714043 62 63500 287 756
2714103 62 63500 287 756
2714164 62 63500 287 756
2714231 62 63500 287 756
2714291 62 63500 287 756
2714360 62 63500 287 756
2714421 62 63500 287 756
2714484 62 63500 287 756
2714546 62 63500 287 756
2714608 62 63500 287 756
2714676 62 63500 287 756
2714736 62 63500 287 756
2714799 62 63500 287 756
2714864 62 63500 287 756
2714924 62 63500 287 756
2714989 62 63500 287 756
2715052 62 63500 287 756
2715112 62 63500 287 756
2715177 62 63500 287 756
2715239 62 63500 287 756
2715302 62 63500 287 756
2715368 62 63500 287 756
2715429 62 63500 287 756
2715491 62 63500 287 756
2715558 62 63500 287 756
2715627 62 63500 287 756
2715690 62 63500 287 756
2715751 62 63500 287 756
2716756 62 63500 287 756
2717765 62 63621 287 756
2718769 62 63744 287 756
2719769 62 63794 287 756
2720209 62 63900 287 756
2720270 62 63900 287 756
2720338 62 63900 287 756
2720399 62 63900 287 756
2720460 62 63900 287 756
2720520 62 63900 287 756
2720586 62 63900 287 756
2720656 62 63900 287 756
2720716 62 63900 287 756
2720777 62 63900 287 756
2720844 62 63900 287 756
2720905 62 63900 287 756
2720975 62 63900 287 756
2721042 62 63900 287 756
2721105 62 63900 287 756
2721165 62 63900 287 756
2721229 62 63900 287 756
2721293 62 63900 287 756
2721361 62 63900 287 756
2721428 62 63900 287 756
2721488 62 63900 287 756
2721548 62 63900 287 756
2721613 62 63900 287 756
2721676 62 63900 287 756
2721747 62 63900 287 756
2721812 62 63900 287 756
2721872 62 63900 287 756
2721937 62 63900 287 756
2722002 62 63900 287 756
2722065 62 63900 287 756
2722133 62 63900 287 756
2722195 62 63900 287 756
2722261 62 63900 287 756
2722323 62 63900 287 756
2722383 62 63900 287 756
2722449 62 63900 287 756
2722511 62 63900 287 756
2722572 62 63900 287 756
2722633 62 63900 287 756
2722695 62 63900 287 756
2722760 62 63900 287 756
2722831 62 63900 287 756
2722891 62 63900 287 756
2722953 62 63900 287 756
2723020 62 63900 287 756
2723080 62 63900 287 756
2723140 62 63900 287 756
2723205 62 63900 287 756
2723266 62 63900 287 756
2723337 62 63900 287 756
2723403 62 63900 287 756
2723472 62 63900 287 756
2723532 62 63900 287 756
2723598 62 63900 287 756
2723670 62 63900 287 756
2723732 62 63900 287 756
2723795 62 63900 287 756
2723859 62 63900 287 756
2723919 62 63900 287 756
2723983 62 63900 287 756
2724045 62 63900 287 756
2724107 62 63900 287 756
2724173 62 63900 287 756
2724235 62 63900 287 756
2724298 62 63900 287 756
2724361 62 63900 287 756
2724421 62 63900 287 756
2724483 62 63900 287 756
2724549 62 63900 287 756
2724621 62 63900 287 756
2724692 62 63900 287 756
2724755 62 63900 287 756
2724819 62 63900 287 756
2724880 62 63900 287 756
2724940 62 63900 287 756
2725005 62 63900 287 756
2725066 62 63900 287 756
2725126 62 63900 287 756
2725192 62 63900 287 756
2725255 62 63900 287 756
2725316 62 63900 287 756
2725381 62 63900 287 756
2725451 62 63900 287 756
2725514 62 63900 287 756
2725580 62 63900 287 756
2725641 62 63900 287 756
2725704 62 63900 287 756
2725769 62 63900 287 756
2725831 62 63900 287 756
2725893 62 63900 287 756
2725958 62 63900 287 756
2726018 62 63900 287 756
2726078 62 63900 287 756
2726144 62 63900 287 756
2726205 62 63900 287 756
2726266 62 63900 287 756
2726333 62 63900 287 756
2726404 62 63900 287 756
2726465 62 63900 287 756
2726532 62 63900 287 756
2726592 62 63900 287 756
2726652 62 63900 287 756
2726717 62 63900 287 756
2726778 62 63900 287 756
2726848 62 63900 287 756
2726915 62 63900 287 756
2726978 62 63900 287 756
2727046 62 63900 287 756
2727109 62 63900 287 756
2727175 62 63900 287 756
2727237 62 63900 287 756
2727299 62 63900 287 756
2727363 62 63900 287 756
2727423 62 63900 287 756
2727489 62 63900 287 756
2727550 62 63900 287 756
2727612 62 63900 287 756
2727676 62 63900 287 756
2727736 62 63900 287 756
2727797 62 63900 287 756
2727863 62 63900 287 756
2727924 62 63900 287 756
2727996 62 63900 287 756
2728058 62 63900 287 756
2728121 62 63900 287 756
2728181 62 63900 287 756
2728246 62 63900 287 756
2728317 62 63900 287 756
2728386 62 63900 287 756
2728447 62 63900 287 756
2728514 62 63900 287 756
2728576 62 63900 287 756
2728647 62 63900 287 756
2728712 62 63900 287 756
2728773 62 63900 287 756
2728836 62 63900 287 756
2728898 62 63900 287 756
2728968 62 63900 287 756
2729038 62 63900 287 756
2729098 62 63900 287 756
2729161 62 63900 287 756
2729225 62 63900 287 756
2729286 62 63900 287 756
2729351 62 63900 287 756
2729419 62 63900 287 756
2729483 62 63900 287 756
2729545 62 63900 287 756
2729615 62 63900 287 756
2729677 62 63900 287 756
2729740 62 63900 287 756
2729801 62 63900 287 756
2729869 62 63900 287 756
2729931 62 63900 287 756
2729997 62 63900 287 756
2730060 62 63900 287 756
2730121 62 63900 287 756
2730186 62 63900 287 756
2730253 62 63900 287 756
2730315 62 63900 287 756
2730382 62 63900 287 756
2730442 62 63900 287 756
2730510 62 63900 287 756
2730575 62 63900 287 756
2730636 62 63900 287 756
2730697 62 63900 287 756
2730762 62 63900 287 756
2730824 62 63900 287 756
2730885 62 63900 287 756
2730952 62 63900 287 756
2731014 62 63900 287 756
2731077 62 63900 287 756
2731139 62 63900 287 756
2731201 62 63900 287 756
2731270 62 63900 287 756
2731334 62 63900 287 756
2731402 62 63900 287 756
2731465 62 63900 287 756
2731530 62 63900 287 756
2731599 62 63900 287 756
2731669 62 63900 287 756
2731738 62 63900 287 756
2731799 62 63900 287 756
2731865 62 63900 287 756
2731936 62 63900 287 756
2732004 62 63900 287 756
2732070 62 63900 287 756
2732133 62 63900 287 756
2732193 62 63900 287 756
2732258 62 63900 287 756
2732330 62 63900 287 756
2732390 62 63900 287 756
2732456 62 63900 287 756
2732521 62 63900 287 756
2732583 62 63900 287 756
2732650 62 63900 287 756
2732715 62 63900 287 756
2732779 62 63900 287 756
2732841 62 63900 287 756
2732906 62 63900 287 756
2733909 62 63900 287 756
2734919 62 63950 287 756
2735929 62 64000 287 756
2736932 62 64050 287 756
2737936 62 64100 287 756
2738938 62 64150 287 756
2739938 62 64200 287 756
2740944 62 64250 287 756
2741948 62 64300 287 756
2742950 62 64350 287 756
2743952 62 64400 287 756
2744956 62 64450 287 756
2745965 62 64500 287 756
2746972 62 64550 287 756
2747980 62 64576 287 756
2748989 62 64604 287 756
2749994 62 64624 287 756
2750996 62 64652 287 756
2752002 62 64677 287 756
2753008 62 64689 287 756
2754013 62 64739 287 756
2755016 62 64789 287 756
2756019 62 64839 287 756
2757024 62 64889 287 756
2758028 62 64939 287 756
2759030 62 65135 287 756
2760032 62 65379 287 756
2761040 62 65587 287 756
2762040 62 65801 287 756
2763044 62 66041 287 756
2764045 62 66257 287 756
2765054 62 66431 287 756
2766059 62 66584 287 756
2767065 62 66629 287 756
2768071 62 66672 287 756
2769080 62 66722 287 756
2770080 62 66729 287 756
2771091 62 66779 287 756
2772096 62 66829 287 756
2773097 62 66879 287 756
2774103 62 66929 287 756
2775110 62 66979 287 756
2776116 62 67029 287 756
2777125 62 67079 287 756
2778134 62 67129 287 756
2779141 62 67179 287 756
2780148 62 67229 287 756
2781149 62 67279 287 756
2782153 62 67329 287 756
2783161 62 67345 287 756
2784163 62 67346 287 756
2785172 62 67354 287 756
2786172 62 67357 287 756
2787180 62 67407 287 756
2788188 62 67457 287 756
2789194 62 67507 287 756
2790195 62 67557 287 756
2791200 62 67607 287 756
2792200 62 67657 287 756
2793200 62 67707 287 756
2794202 62 67876 287 756
2795207 62 68054 287 756
2796217 62 68226 287 756
2797224 62 68276 287 756
2798229 62 68326 287 756
2799236 62 68376 287 756
2800238 62 68426 287 756
2801246 62 68476 287 756
2802246 62 68526 287 756
2802922 62 68700 287 756
2802991 62 68700 287 756
2803052 62 68700 287 756
2803113 62 68700 287 756
2803176 62 68700 287 756
2803245 62 68700 287 756
2803311 62 68700 287 756
2803378 62 68700 287 756
2803441 62 68700 287 756
2803502 62 68700 287 756
2803567 62 68700 287 756
2803630 62 68700 287 756
2803690 62 68700 287 756
2803755 62 68700 287 756
2803815 62 68700 287 756
2803876 62 68700 287 756
2803941 62 68700 287 756
2804002 62 68700 287 756
2804063 62 68700 287 756
2804130 62 68700 287 756
2804190 62 68700 287 756
2804252 62 68700 287 756
2804317 62 68700 287 756
2804377 62 68700 287 756
2804440 62 68700 287 756
2804502 62 68700 287 756
2804565 62 68700 287 756
2804628 62 68700 287 756
2804692 62 68700 287 756
2804752 62 68700 287 756
2804814 62 68700 287 756
2804880 62 68700 287 756
2804943 62 68700 287 756
2805004 62 68700 287 756
2805069 62 68700 287 756
2805130 62 68700 287 756
2805198 62 68700 287 756
2805265 62 68700 287 756
2805334 62 68700 287 756
2805396 62 68700 287 756
2805462 62 68700 287 756
2805524 62 68700 287 756
2805590 62 68700 287 756
2805653 62 68700 287 756
2805716 62 68700 287 756
2805776 62 68700 287 756
2805840 62 68700 287 756
2805910 62 68700 287 756
2805970 62 68700 287 756
2806030 62 68700 287 756
2806095 62 68700 287 756
2806158 62 68700 287 756
2806218 62 68700 287 756
2806282 62 68700 287 756
2806342 62 68700 287 756
2806405 62 68700 287 756
2806467 62 68700 287 756
2806529 62 68700 287 756
2806594 62 68700 287 756
2806656 62 68700 287 756
2806717 62 68700 287 756
2806782 62 68700 287 756
2806852 62 68700 287 756
2806922 62 68700 287 756
2806991 62 68700 287 756
2807055 62 68700 287 756
2807117 62 68700 287 756
2807177 62 68700 287 756
2807243 62 68700 287 756
2807306 62 68700 287 756
2807366 62 68700 287 756
2807430 62 68700 287 756
2807490 62 68700 287 756
2807556 62 68700 287 756
2807624 62 68700 287 756
2807693 62 68700 287 756
2807755 62 68700 287 756
2807817 62 68700 287 756
2807882 62 68700 287 756
2807945 62 68700 287 756
2808009 62 68700 287 756
2808077 62 68700 287 756
2808137 62 68700 287 756
2808207 62 68700 287 756
2808269 62 68700 287 756
2808341 62 68700 287 756
2808412 62 68700 287 756
2808474 62 68700 287 756
2808543 62 68700 287 756
2808606 62 68700 287 756
2808666 62 68700 287 756
2808732 62 68700 287 756
2808803 62 68700 287 756
2808863 62 68700 287 756
2808931 62 68700 287 756
2809001 62 68700 287 756
2809072 62 68700 287 756
2809133 62 68700 287 756
2809198 62 68700 287 756
2809260 62 68700 287 756
2809320 62 68700 287 756
2809387 62 68700 287 756
2809449 62 68700 287 756
2809520 62 68700 287 756
2809584 62 68700 287 756
2809646 62 68700 287 756
2809716 62 68700 287 756
2809782 62 68700 287 756
2809843 62 68700 287 756
2809914 62 68700 287 756
2809976 62 68700 287 756
2810038 62 68700 287 756
2810102 62 68700 287 756
2810163 62 68700 287 756
2810229 62 68700 287 756
2810290 62 68700 287 756
2810355 62 68700 287 756
2810418 62 68700 287 756
2810482 62 68700 287 756
2810547 62 68700 287 756
2810609 62 68700 287 756
2810680 62 68700 287 756
2810741 62 68700 287 756
2810804 62 68700 287 756
2810864 62 68700 287 756
2810925 62 68700 287 756
2810989 62 68700 287 756
2811050 62 68700 287 756
2811112 62 68700 287 756
2811176 62 68700 287 756
2811237 62 68700 287 756
2811299 62 68700 287 756
2811364 62 68700 287 756
2811427 62 68700 287 756
2811489 62 68700 287 756
2811551 62 68700 287 756
2811612 62 68700 287 756
2811679 62 68700 287 756
2811744 62 68700 287 756
2811804 62 68700 287 756
2811864 62 68700 287 756
2811930 62 68700 287 756
2812000 62 68700 287 756
2812060 62 68700 287 756
2812125 62 68700 287 756
2812195 62 68700 287 756
2812256 62 68700 287 756
2812321 62 68700 287 756
2812385 62 68700 287 756
2812446 62 68700 287 756
2812513 62 68700 287 756
2812574 62 68700 287 756
2812636 62 68700 287 756
2812700 62 68700 287 756
2812772 62 68700 287 756
2812841 62 68700 287 756
2812902 62 68700 287 756
2812966 62 68700 287 756
2813027 62 68700 287 756
2813098 62 68700 287 756
2813160 62 68700 287 756
2813224 62 68700 287 756
2813285 62 68700 287 756
2813346 62 68700 287 756
2813408 62 68700 287 756
2813471 62 68700 287 756
2813537 62 68700 287 756
2813597 62 68700 287 756
2813659 62 68700 287 756
2813726 62 68700 287 756
2813788 62 68700 287 756
2813848 62 68700 287 756
2813913 62 68700 287 756
2813973 62 68700 287 756
2814035 62 68700 287 756
2814100 62 68700 287 756
2814171 62 68700 287 756
2814231 62 68700 287 756
2814296 62 68700 287 756
2814357 62 68700 287 756
2814417 62 68700 287 756
2814480 62 68700 287 756
2814540 62 68700 287 756
2814602 62 68700 287 756
2814667 62 68700 287 756
2814728 62 68700 287 756
2814790 62 68700 287 756
2814855 62 68700 287 756
2814924 62 68700 287 756
2814993 62 68700 287 756
2815053 62 68700 287 756
2815120 62 68700 287 756
2815180 62 68700 287 756
2815243 62 68700 287 756
2815309 62 68700 287 756
2815370 62 68700 287 756
2815439 62 68700 287 756
2815505 62 68700 287 756
2816510 62 68700 287 756
2817518 62 68997 287 756
2817731 62 69100 287 756
2817795 62 69100 287 756
2817856 62 69100 287 756
2817922 62 69100 287 756
2817985 62 69100 287 756
2818046 62 69100 287 756
2818113 62 69100 287 756
2818173 62 69100 287 756
2818233 62 69100 287 756
2818298 62 69100 287 756
2818360 62 69100 287 756
2818420 62 69100 287 756
2818486 62 69100 287 756
2818548 62 69100 287 756
2818608 62 69100 287 756
2818672 62 69100 287 756
2818735 62 69100 287 756
2818795 62 69100 287 756
2818862 62 69100 287 756
2818933 62 69100 287 756
2818996 62 69100 287 756
2819060 62 69100 287 756
2819130 62 69100 287 756
2819190 62 69100 287 756
2819254 62 69100 287 756
2819316 62 69100 287 756
2819376 62 69100 287 756
2819440 62 69100 287 756
2819503 62 69100 287 756
2819564 62 69100 287 756
2819630 62 69100 287 756
2819691 62 69100 287 756
2819762 62 69100 287 756
2819824 62 69100 287 756
2819888 62 69100 287 756
2819951 62 69100 287 756
2820016 62 69100 287 756
2820087 62 69100 287 756
2820158 62 69100 287 756
2820225 62 69100 287 756
2820288 62 69100 287 756
2820351 62 69100 287 756
2820411 62 69100 287 756
2820477 62 69100 287 756
2820538 62 69100 287 756
2820609 62 69100 287 756
2820673 62 69100 287 756
2820734 62 69100 287 756
2820804 62 69100 287 756
2820868 62 69100 287 756
2820930 62 69100 287 756
2820990 62 69100 287 756
2821055 62 69100 287 756
2821126 62 69100 287 756
2821190 62 69100 287 756
2821252 62 69100 287 756
2821318 62 69100 287 756
2821387 62 69100 287 756
2821448 62 69100 287 756
2821514 62 69100 287 756
2821583 62 69100 287 756
2821655 62 69100 287 756
2821717 62 69100 287 756
2821780 62 69100 287 756
2821840 62 69100 287 756
2821904 62 69100 287 756
2821964 62 69100 287 756
2822025 62 69100 287 756
2822087 62 69100 287 756
2822147 62 69100 287 756
2822208 62 69100 287 756
2822271 62 69100 287 756
2822331 62 69100 287 756
2822395 62 69100 287 756
2822458 62 69100 287 756
2822520 62 69100 287 756
2822584 62 69100 287 756
2822650 62 69100 287 756
2822711 62 69100 287 756
2822773 62 69100 287 756
2822837 62 69100 287 756
2822898 62 69100 287 756
2822961 62 69100 287 756
2823024 62 69100 287 756
2823086 62 69100 287 756
2823148 62 69100 287 756
2823216 62 69100 287 756
2823288 62 69100 287 756
2823355 62 69100 287 756
2823416 62 69100 287 756
2823483 62 69100 287 756
2823553 62 69100 287 756
2823614 62 69100 287 756
2823678 62 69100 287 756
2823739 62 69100 287 756
2823801 62 69100 287 756
2823866 62 69100 287 756
2823926 62 69100 287 756
2823989 62 69100 287 756
2824054 62 69100 287 756
2824114 62 69100 287 756
2824177 62 69100 287 756
2824242 62 69100 287 756
2824303 62 69100 287 756
2824365 62 69100 287 756
2824429 62 69100 287 756
2824490 62 69100 287 756
2824552 62 69100 287 756
2824616 62 69100 287 756
2824677 62 69100 287 756
2824742 62 69100 287 756
2824808 62 69100 287 756
2824869 62 69100 287 756
2824930 62 69100 287 756
2824998 62 69100 287 756
2825059 62 69100 287 756
2825121 62 69100 287 756
2825186 62 69100 287 756
2825256 62 69100 287 756
2825327 62 69100 287 756
2825394 62 69100 287 756
2825455 62 69100 287 756
2825517 62 69100 287 756
2825582 62 69100 287 756
2825650 62 69100 287 756
2825710 62 69100 287 756
2825777 62 69100 287 756
2825847 62 69100 287 756
2825907 62 69100 287 756
2825969 62 69100 287 756
2826033 62 69100 287 756
2826094 62 69100 287 756
2826158 62 69100 287 756
2826221 62 69100 287 756
2826290 62 69100 287 756
2826359 62 69100 287 756
2826425 62 69100 287 756
2826488 62 69100 287 756
2826549 62 69100 287 756
2826613 62 69100 287 756
2826673 62 69100 287 756
2826744 62 69100 287 756
2826808 62 69100 287 756
2826870 62 69100 287 756
2826932 62 69100 287 756
2826999 62 69100 287 756
2827059 62 69100 287 756
2827119 62 69100 287 756
2827185 62 69100 287 756
2827247 62 69100 287 756
2827318 62 69100 287 756
2827381 62 69100 287 756
2827454 62 69100 287 756
2827515 62 69100 287 756
2827576 62 69100 287 756
2827641 62 69100 287 756
2827703 62 69100 287 756
2827766 62 69100 287 756
2827830 62 69100 287 756
2827890 62 69100 287 756
2827953 62 69100 287 756
2828018 62 69100 287 756
2828088 62 69100 287 756
2828160 62 69100 287 756
2828227 62 69100 287 756
2828300 62 69100 287 756
2828366 62 69100 287 756
2828431 62 69100 287 756
2828498 62 69100 287 756
2828559 62 69100 287 756
2828624 62 69100 287 756
2828688 62 69100 287 756
2828759 62 69100 287 756
2828819 62 69100 287 756
2828884 62 69100 287 756
2828946 62 69100 287 756
2829015 62 69100 287 756
2829076 62 69100 287 756
2829140 62 69100 287 756
2829200 62 69100 287 756
2829262 62 69100 287 756
2829327 62 69100 287 756
2829388 62 69100 287 756
2829451 62 69100 287 756
2829512 62 69100 287 756
2829573 62 69100 287 756
2829637 62 69100 287 756
2829697 62 69100 287 756
2829767 62 69100 287 756
2829827 62 69100 287 756
2829894 62 69100 287 756
2829956 62 69100 287 756
2830026 62 69100 287 756
2830090 62 69100 287 756
2830151 62 69100 287 756
2830222 62 69100 287 756
2830288 62 69100 287 756
2830353 62 69100 287 756
2830443 62 69100 287 756
2830504 62 69100 287 756
2830566 62 69100 287 756
2830632 62 69100 287 756
2830700 62 69100 287 756
2830773 62 69100 287 756
2830843 62 69100 287 756
2830907 62 69100 287 756
2830967 62 69100 287 756
2831028 62 69100 287 756
2831092 62 69100 287 756
2831154 62 69100 287 756
2831217 62 69100 287 756
2831282 62 69100 287 756
2831346 62 69100 287 756
2831407 62 69100 287 756
2831471 62 69100 287 756
2831532 62 69100 287 756
2831598 62 69100 287 756
2831663 62 69100 287 756
2831725 62 69100 287 756
2831793 62 69100 287 756
2831858 62 69100 287 756
2831922 62 69100 287 756
2831983 62 69100 287 756
2832050 62 69100 287 756
2832120 62 69100 287 756
2832188 62 69100 287 756
2832249 62 69100 287 756
2832310 62 69100 287 756
2832370 62 69100 287 756
2832438 62 69100 287 756
2832503 62 69100 287 756
2832563 62 69100 287 756
2832630 62 69100 287 756
2832697 62 69100 287 756
2832769 62 69100 287 756
2832837 62 69100 287 756
2832897 62 69100 287 756
2832961 62 69100 287 756
2833021 62 69100 287 756
2833081 62 69100 287 756
2833148 62 69100 287 756
2833208 62 69100 287 756
2833279 62 69100 287 756
2833344 62 69100 287 756
2833415 62 69100 287 756
2833482 62 69100 287 756
2833543 62 69100 287 756
2833610 62 69100 287 756
2833670 62 69100 287 756
2833740 62 69100 287 756
2833805 62 69100 287 756
2833866 62 69100 287 756
2833930 62 69100 287 756
2833994 62 69100 287 756
2834054 62 69100 287 756
2834123 62 69100 287 756
2834188 62 69100 287 756
2834248 62 69100 287 756
2834310 62 69100 287 756
2834375 62 69100 287 756
2834436 62 69100 287 756
2834498 62 69100 287 756
2834565 62 69100 287 756
2834631 62 69100 287 756
2834694 62 69100 287 756
2834759 62 69100 287 756
2834820 62 69100 287 756
2834882 62 69100 287 756
2834948 62 69100 287 756
2835018 62 69100 287 756
2835079 62 69100 287 756
2835147 62 69100 287 756
2835212 62 69100 287 756
2835272 62 69100 287 756
2835343 62 69100 287 756
2835410 62 69100 287 756
2835470 62 69100 287 756
2835540 62 69100 287 756
2835602 62 69100 287 756
2835665 62 69100 287 756
2835726 62 69100 287 756
2835790 62 69100 287 756
2835860 62 69100 287 756
2835929 62 69100 287 756
2835989 62 69100 287 756
2836054 62 69100 287 756
2836114 62 69100 287 756
2836176 62 69100 287 756
2836240 62 69100 287 756
2836301 62 69100 287 756
2836365 62 69100 287 756
2836432 62 69100 287 756
2836500 62 69100 287 756
2836566 62 69100 287 756
2836630 62 69100 287 756
2836692 62 69100 287 756
2836762 62 69100 287 756
2836823 62 69100 287 756
2836890 62 69100 287 756
2836951 62 69100 287 756
2837013 62 69100 287 756
2837080 62 69100 287 756
2837140 62 69100 287 756
2837209 62 69100 287 756
2837273 62 69100 287 756
2837333 62 69100 287 756
2837395 62 69100 287 756
2837460 62 69100 287 756
2837521 62 69100 287 756
2837581 62 69100 287 756
2837649 62 69100 287 756
2837712 62 69100 287 756
2837773 62 69100 287 756
2837841 62 69100 287 756
2837902 62 69100 287 756
2837963 62 69100 287 756
2838027 62 69100 287 756
2838087 62 69100 287 756
2838148 62 69100 287 756
2838213 62 69100 287 756
2838285 62 69100 287 756
2838347 62 69100 287 756
2838413 62 69100 287 756
2838484 62 69100 287 756
2838554 62 69100 287 756
2838616 62 69100 287 756
2838681 62 69100 287 756
2838751 62 69100 287 756
2838821 62 69100 287 756
2838885 62 69100 287 756
2838947 62 69100 287 756
2839009 62 69100 287 756
2839076 62 69100 287 756
2839136 62 69100 287 756
2839197 62 69100 287 756
2839260 62 69100 287 756
2839321 62 69100 287 756
2839384 62 69100 287 756
2839449 62 69100 287 756
2839511 62 69100 287 756
2839580 62 69100 287 756
2839646 62 69100 287 756
2839708 62 69100 287 756
2839769 62 69100 287 756
2839835 62 69100 287 756
2839898 62 69100 287 756
2839961 62 69100 287 756
2840025 62 69100 287 756
2840096 62 69100 287 756
2840156 62 69100 287 756
2840221 62 69100 287 756
2840284 62 69100 287 756
2840347 62 69100 287 756
2840413 62 69100 287 756
2840484 62 69100 287 756
2840547 62 69100 287 756
2840618 62 69100 287 756
2840682 62 69100 287 756
2840744 62 69100 287 756
2840804 62 69100 287 756
2840871 62 69100 287 756
2840940 62 69100 287 756
2841001 62 69100 287 756
2841066 62 69100 287 756
2841128 62 69100 287 756
2841197 62 69100 287 756
2841263 62 69100 287 756
2841324 62 69100 287 756
2841385 62 69100 287 756
2841450 62 69100 287 756
2841511 62 69100 287 756
2841574 62 69100 287 756
2841636 62 69100 287 756
2841705 62 69100 287 756
2841766 62 69100 287 756
2841829 62 69100 287 756
2841894 62 69100 287 756
2841954 62 69100 287 756
2842017 62 69100 287 756
2842081 62 69100 287 756
2842142 62 69100 287 756
2842206 62 69100 287 756
2842268 62 69100 287 756
2842329 62 69100 287 756
2842395 62 69100 287 756
2842464 62 69100 287 756
2842531 62 69100 287 756
2842591 62 69100 287 756
2842658 62 69100 287 756
2842729 62 69100 287 756
2842798 62 69100 287 756
2842862 62 69100 287 756
2842926 62 69100 287 756
2842988 62 69100 287 756
2843052 62 69100 287 756
2843115 62 69100 287 756
2843177 62 69100 287 756
2844185 62 69100 287 756
2844539 62 69100 287 756
2844606 62 69100 287 756
2844667 62 69100 287 756
2844727 62 69100 287 756
2844792 62 69100 287 756
2844854 62 69100 287 756
2844916 62 69100 287 756
2844980 62 69100 287 756
2845041 62 69100 287 756
2845108 62 69100 287 756
2845168 62 69100 287 756
2845228 62 69100 287 756
2845291 62 69100 287 756
2845354 62 69100 287 756
2845414 62 69100 287 756
2845481 62 69100 287 756
2845542 62 69100 287 756
2845604 62 69100 287 756
2845672 62 69100 287 756
2845733 62 69100 287 756
2845795 62 69100 287 756
2845860 62 69100 287 756
2845922 62 69100 287 756
2845992 62 69100 287 756
2846056 62 69100 287 756
2846121 62 69100 287 756
2846184 62 69100 287 756
2846245 62 69100 287 756
2846309 62 69100 287 756
2846371 62 69100 287 756
2846433 62 69100 287 756
2846495 62 69100 287 756
2846557 62 69100 287 756
2846622 62 69100 287 756
2846684 62 69100 287 756
2846747 62 69100 287 756
2846810 62 69100 287 756
2846873 62 69100 287 756
2846942 62 69100 287 756
2847004 62 69100 287 756
2847069 62 69100 287 756
2847129 62 69100 287 756
2847189 62 69100 287 756
2847254 62 69100 287 756
2847327 62 69100 287 756
2847397 62 69100 287 756
2847463 62 69100 287 756
2847524 62 69100 287 756
2847584 62 69100 287 756
2847649 62 69100 287 756
2847713 62 69100 287 756
2847782 62 69100 287 756
2847848 62 69100 287 756
2847909 62 69100 287 756
2847981 62 69100 287 756
2848053 62 69100 287 756
2848117 62 69100 287 756
2848178 62 69100 287 756
2848238 62 69100 287 756
2848305 62 69100 287 756
2848366 62 69100 287 756
2848436 62 69100 287 756
2848501 62 69100 287 756
2848572 62 69100 287 756
2848633 62 69100 287 756
2848696 62 69100 287 756
2848759 62 69100 287 756
2848822 62 69100 287 756
2848887 62 69100 287 756
2848948 62 69100 287 756
2849008 62 69100 287 756
2849074 62 69100 287 756
2849140 62 69100 287 756
2849201 62 69100 287 756
2849267 62 69100 287 756
2849328 62 69100 287 756
2849388 62 69100 287 756
2849455 62 69100 287 756
2849515 62 69100 287 756
2849575 62 69100 287 756
2849643 62 69100 287 756
2849703 62 69100 287 756
2849774 62 69100 287 756
2849836 62 69100 287 756
2849899 62 69100 287 756
2849960 62 69100 287 756
2850025 62 69100 287 756
2850087 62 69100 287 756
2850149 62 69100 287 756
2850215 62 69100 287 756
2850276 62 69100 287 756
2850338 62 69100 287 756
2850403 62 69100 287 756
2850466 62 69100 287 756
2850527 62 69100 287 756
2850591 62 69100 287 756
2850652 62 69100 287 756
2850716 62 69100 287 756
2850780 62 69100 287 756
2850843 62 69100 287 756
2850904 62 69100 287 756
2850971 62 69100 287 756
2851031 62 69100 287 756
2851091 62 69100 287 756
2851154 62 69100 287 756
2851215 62 69100 287 756
2851276 62 69100 287 756
2851340 62 69100 287 756
2851403 62 69100 287 756
2851463 62 69100 287 756
2851526 62 69100 287 756
2851589 62 69100 287 756
2851659 62 69100 287 756
2851719 62 69100 287 756
2851790 62 69100 287 756
2851859 62 69100 287 756
2851926 62 69100 287 756
2851991 62 69100 287 756
2852062 62 69100 287 756
2852123 62 69100 287 756
2852183 62 69100 287 756
2852246 62 69100 287 756
2852306 62 69100 287 756
2852371 62 69100 287 756
2852433 62 69100 287 756
2852499 62 69100 287 756
2852559 62 69100 287 756
2852624 62 69100 287 756
2852684 62 69100 287 756
2852749 62 69100 287 756
2852814 62 69100 287 756
2852874 62 69100 287 756
2852937 62 69100 287 756
2852998 62 69100 287 756
2853069 62 69100 287 756
2853137 62 69100 287 756
2853205 62 69100 287 756
2853265 62 69100 287 756
2853325 62 69100 287 756
2853390 62 69100 287 756
2853458 62 69100 287 756
2853519 62 69100 287 756
2853584 62 69100 287 756
2853645 62 69100 287 756
2853715 62 69100 287 756
2853775 62 69100 287 756
2853840 62 69100 287 756
2853902 62 69100 287 756
2853966 62 69100 287 756
2854028 62 69100 287 756
2854091 62 69100 287 756
2854156 62 69100 287 756
2854217 62 69100 287 756
2854278 62 69100 287 756
2854347 62 69100 287 756
2854408 62 69100 287 756
2854476 62 69100 287 756
2854539 62 69100 287 756
2854603 62 69100 287 756
2854663 62 69100 287 756
2854728 62 69100 287 756
2854795 62 69100 287 756
2854857 62 69100 287 756
2854917 62 69100 287 756
2854982 62 69100 287 756
2855043 62 69100 287 756
2855103 62 69100 287 756
2855168 62 69100 287 756
2855228 62 69100 287 756
2855291 62 69100 287 756
2855356 62 69100 287 756
2855424 62 69100 287 756
2855487 62 69100 287 756
2855552 62 69100 287 756
2855622 62 69100 287 756
2855682 62 69100 287 756
2855748 62 69100 287 756
2855811 62 69100 287 756
2855871 62 69100 287 756
2855938 62 69100 287 756
2856000 62 69100 287 756
2856060 62 69100 287 756
2856124 62 69100 287 756
2856185 62 69100 287 756
2856245 62 69100 287 756
2856311 62 69100 287 756
2856371 62 69100 287 756
2856431 62 69100 287 756
2856498 62 69100 287 756
2856558 62 69100 287 756
2856618 62 69100 287 756
2856685 62 69100 287 756
2856746 62 69100 287 756
2856815 62 69100 287 756
2856882 62 69100 287 756
2856945 62 69100 287 756
2857052 62 69100 287 756
2857118 62 69100 287 756
2857197 62 69100 287 756
2857264 62 69100 287 756
2857326 62 69100 287 756
2857395 62 69100 287 756
2857461 62 69100 287 756
2857521 62 69100 287 756
2857591 62 69100 287 756
2857657 62 69100 287 756
2857718 62 69100 287 756
2857788 62 69100 287 756
2857850 62 69100 287 756
2857915 62 69100 287 756
2857978 62 69100 287 756
2858041 62 69100 287 756
2858106 62 69100 287 756
2858176 62 69100 287 756
2858247 62 69100 287 756
2858312 62 69100 287 756
2858379 62 69100 287 756
2858440 62 69100 287 756
2858505 62 69100 287 756
2858566 62 69100 287 756
2858630 62 69100 287 756
2858694 62 69100 287 756
2858756 62 69100 287 756
2858818 62 69100 287 756
2858885 62 69100 287 756
2858945 62 69100 287 756
2859014 62 69100 287 756
2859077 62 69100 287 756
2859140 62 69100 287 756
2859200 62 69100 287 756
2859268 62 69100 287 756
2859328 62 69100 287 756
2859397 62 69100 287 756
2859469 62 69100 287 756
2859534 62 69100 287 756
2859597 62 69100 287 756
2859666 62 69100 287 756
2859733 62 69100 287 756
2859803 62 69100 287 756
2859864 62 69100 287 756
2859926 62 69100 287 756
2859990 62 69100 287 756
2860061 62 69100 287 756
2860130 62 69100 287 756
2860194 62 69100 287 756
2860256 62 69100 287 756
2860316 62 69100 287 756
2860383 62 69100 287 756
2860444 62 69100 287 756
2860506 62 69100 287 756
2860572 62 69100 287 756
2860642 62 69100 287 756
2860703 62 69100 287 756
2860767 62 69100 287 756
2860828 62 69100 287 756
2860890 62 69100 287 756
2860954 62 69100 287 756
2861016 62 69100 287 756
2861078 62 69100 287 756
2861145 62 69100 287 756
2861206 62 69100 287 756
2861274 62 69100 287 756
2861338 62 69100 287 756
2861399 62 69100 287 756
2861461 62 69100 287 756
2861522 62 69100 287 756
2861591 62 69100 287 756
2861657 62 69100 287 756
2861717 62 69100 287 756
2861778 62 69100 287 756
2861844 62 69100 287 756
2861912 62 69100 287 756
2861973 62 69100 287 756
2862038 62 69100 287 756
2862109 62 69100 287 756
2862169 62 69100 287 756
2862233 62 69100 287 756
2862293 62 69100 287 756
2862355 62 69100 287 756
2862419 62 69100 287 756
2862479 62 69100 287 756
2862541 62 69100 287 756
2862608 62 69100 287 756
2862669 62 69100 287 756
2862730 62 69100 287 756
2862796 62 69100 287 756
2862858 62 69100 287 756
2862918 62 69100 287 756
2862984 62 69100 287 756
2863046 62 69100 287 756
2863106 62 69100 287 756
2863169 62 69100 287 756
2863233 62 69100 287 756
2863295 62 69100 287 756
2863361 62 69100 287 756
2863421 62 69100 287 756
2863492 62 69100 287 756
2863557 62 69100 287 756
2863618 62 69100 287 756
2863678 62 69100 287 756
2863744 62 69100 287 756
2863805 62 69100 287 756
2863868 62 69100 287 756
2863936 62 69100 287 756
2863999 62 69100 287 756
2864060 62 69100 287 756
2864125 62 69100 287 756
2864185 62 69100 287 756
2864247 62 69100 287 756
2864311 62 69100 287 756
2864372 62 69100 287 756
2864432 62 69100 287 756
2864497 62 69100 287 756
2864569 62 69100 287 756
2864633 62 69100 287 756
2864696 62 69100 287 756
2864756 62 69100 287 756
2864818 62 69100 287 756
2864885 62 69100 287 756
2864956 62 69100 287 756
2865023 62 69100 287 756
2865087 62 69100 287 756
2865153 62 69100 287 756
2865213 62 69100 287 756
2865274 62 69100 287 756
2865341 62 69100 287 756
2865412 62 69100 287 756
2865473 62 69100 287 756
2865538 62 69100 287 756
2865610 62 69100 287 756
2865670 62 69100 287 756
2865733 62 69100 287 756
2865795 62 69100 287 756
2865857 62 69100 287 756
2865923 62 69100 287 756
2865985 62 69100 287 756
2866047 62 69100 287 756
2866115 62 69100 287 756
2866177 62 69100 287 756
2866237 62 69100 287 756
2866298 62 69100 287 756
2866359 62 69100 287 756
2866421 62 69100 287 756
2866488 62 69100 287 756
2866550 62 69100 287 756
2866612 62 69100 287 756
2866678 62 69100 287 756
2866738 62 69100 287 756
2866807 62 69100 287 756
2866867 62 69100 287 756
2866932 62 69100 287 756
2866992 62 69100 287 756
2867056 62 69100 287 756
2867118 62 69100 287 756
2867178 62 69100 287 756
2867244 62 69100 287 756
2867305 62 69100 287 756
2867365 62 69100 287 756
2867432 62 69100 287 756
2867493 62 69100 287 756
2867555 62 69100 287 756
2867620 62 69100 287 756
2867680 62 69100 287 756
2867740 62 69100 287 756
2867807 62 69100 287 756
2867867 62 69100 287 756
2867927 62 69100 287 756
2867994 62 69100 287 756
2868058 62 69100 287 756
2868118 62 69100 287 756
2868185 62 69100 287 756
2868249 62 69100 287 756
2868309 62 69100 287 756
2868375 62 69100 287 756
2868436 62 69100 287 756
2868505 62 69100 287 756
2868571 62 69100 287 756
2868631 62 69100 287 756
2868692 62 69100 287 756
2868755 62 69100 287 756
2868818 62 69100 287 756
2868879 62 69100 287 756
2868946 62 69100 287 756
2869009 62 69100 287 756
2869070 62 69100 287 756
2869135 62 69100 287 756
2869200 62 69100 287 756
2869261 62 69100 287 756
2869326 62 69100 287 756
2869388 62 69100 287 756
2869448 62 69100 287 756
2869513 62 69100 287 756
2869575 62 69100 287 756
2869638 62 69100 287 756
2869704 62 69100 287 756
2869765 62 69100 287 756
2869825 62 69100 287 756
2876964 62 69100 287 756
2877029 62 69100 287 756
2877099 62 69100 287 756
2877159 62 69100 287 756
2877224 62 69100 287 756
2877285 62 69100 287 756
2877348 62 69100 287 756
2877412 62 69100 287 756
2877474 62 69100 287 756
2877540 62 69100 287 756
2877606 62 69100 287 756
2877668 62 69100 287 756
2877739 62 69100 287 756
2877803 62 69100 287 756
2877865 62 69100 287 756
2877925 62 69100 287 756
2877992 62 69100 287 756
2878052 62 69100 287 756
2878114 62 69100 287 756
2878178 62 69100 287 756
2878241 62 69100 287 756
2878301 62 69100 287 756
2878364 62 69100 287 756
2878426 62 69100 287 756
2878487 62 69100 287 756
2878552 62 69100 287 756
2878615 62 69100 287 756
2878675 62 69100 287 756
2878741 62 69100 287 756
2878804 62 69100 287 756
2878864 62 69100 287 756
2878930 62 69100 287 756
2878991 62 69100 287 756
2879053 62 69100 287 756
2879117 62 69100 287 756
2879179 62 69100 287 756
2879240 62 69100 287 756
2879306 62 69100 287 756
2879369 62 69100 287 756
2879441 62 69100 287 756
2879504 62 69100 287 756
2879567 62 69100 287 756
2879627 62 69100 287 756
2879693 62 69100 287 756
2879754 62 69100 287 756
2879816 62 69100 287 756
2879881 62 69100 287 756
2879941 62 69100 287 756
2880002 62 69100 287 756
2880067 62 69100 287 756
2880131 62 69100 287 756
2880193 62 69100 287 756
2880257 62 69100 287 756
2880318 62 69100 287 756
2880386 62 69100 287 756
2880450 62 69100 287 756
2880513 62 69100 287 756
2880580 62 69100 287 756
2880643 62 69100 287 756
2880705 62 69100 287 756
2880767 62 69100 287 756
2880831 62 69100 287 756
2880893 62 69100 287 756
2880954 62 69100 287 756
2881019 62 69100 287 756
2881079 62 69100 287 756
2881143 62 69100 287 756
2881208 62 69100 287 756
2881269 62 69100 287 756
2881331 62 69100 287 756
2881397 62 69100 287 756
2881458 62 69100 287 756
2881520 62 69100 287 756
2881586 62 69100 287 756
2881649 62 69100 287 756
2881718 62 69100 287 756
2881780 62 69100 287 756
2881845 62 69100 287 756
2881914 62 69100 287 756
2881976 62 69100 287 756
2882041 62 69100 287 756
2882102 62 69100 287 756
2882164 62 69100 287 756
2882227 62 69100 287 756
2882289 62 69100 287 756
2882349 62 69100 287 756
2882415 62 69100 287 756
2882477 62 69100 287 756
2882548 62 69100 287 756
2882613 62 69100 287 756
2882673 62 69100 287 756
2882736 62 69100 287 756
2882801 62 69100 287 756
2882872 62 69100 287 756
2882943 62 69100 287 756
2883008 62 69100 287 756
2883069 62 69100 287 756
2883131 62 69100 287 756
2883196 62 69100 287 756
2883260 62 69100 287 756
2883320 62 69100 287 756
2883385 62 69100 287 756
2883446 62 69100 287 756
2883507 62 69100 287 756
2883572 62 69100 287 756
2883632 62 69100 287 756
2883695 62 69100 287 756
2883760 62 69100 287 756
2883829 62 69100 287 756
2883891 62 69100 287 756
2883956 62 69100 287 756
2884017 62 69100 287 756
2884079 62 69100 287 756
2884144 62 69100 287 756
2884204 62 69100 287 756
2884276 62 69100 287 756
2884343 62 69100 287 756
2884407 62 69100 287 756
2884470 62 69100 287 756
2884531 62 69100 287 756
2884595 62 69100 287 756
2884657 62 69100 287 756
2884719 62 69100 287 756
2884783 62 69100 287 756
2884843 62 69100 287 756
2884905 62 69100 287 756
2884968 62 69100 287 756
2885029 62 69100 287 756
2885099 62 69100 287 756
2885164 62 69100 287 756
2885226 62 69100 287 756
2885298 62 69100 287 756
2885362 62 69100 287 756
2885423 62 69100 287 756
2885483 62 69100 287 756
2885547 62 69100 287 756
2885608 62 69100 287 756
2885671 62 69100 287 756
2885737 62 69100 287 756
2885797 62 69100 287 756
2885858 62 69100 287 756
2885925 62 69100 287 756
2885994 62 69100 287 756
2886055 62 69100 287 756
2886117 62 69100 287 756
2886181 62 69100 287 756
2886241 62 69100 287 756
2886306 62 69100 287 756
2886371 62 69100 287 756
2886441 62 69100 287 756
2886504 62 69100 287 756
2886571 62 69100 287 756
2886640 62 69100 287 756
2886701 62 69100 287 756
2886768 62 69100 287 756
2886834 62 69100 287 756
2886897 62 69100 287 756
2886963 62 69100 287 756
2887027 62 69100 287 756
2887087 62 69100 287 756
2887152 62 69100 287 756
2887214 62 69100 287 756
2887274 62 69100 287 756
2887339 62 69100 287 756
2887399 62 69100 287 756
2887461 62 69100 287 756
2887525 62 69100 287 756
2887585 62 69100 287 756
2887645 62 69100 287 756
2887712 62 69100 287 756
2887772 62 69100 287 756
2887843 62 69100 287 756
2887906 62 69100 287 756
2887976 62 69100 287 756
2888047 62 69100 287 756
2888108 62 69100 287 756
2888175 62 69100 287 756
2888237 62 69100 287 756
2888300 62 69100 287 756
2888366 62 69100 287 756
2888426 62 69100 287 756
2888488 62 69100 287 756
2888554 62 69100 287 756
2888614 62 69100 287 756
2888675 62 69100 287 756
2888740 62 69100 287 756
2888800 62 69100 287 756
2888861 62 69100 287 756
2888929 62 69100 287 756
2888991 62 69100 287 756
2889053 62 69100 287 756
2889118 62 69100 287 756
2889179 62 69100 287 756
2889240 62 69100 287 756
2889306 62 69100 287 756
2889366 62 69100 287 756
2889427 62 69100 287 756
2889491 62 69100 287 756
2889553 62 69100 287 756
2907047 62 69100 287 756
2907118 62 69100 287 756
2907182 62 69100 287 756
2907244 62 69100 287 756
2907305 62 69100 287 756
2907367 62 69100 287 756
2907438 62 69100 287 756
2907498 62 69100 287 756
2907563 62 69100 287 756
2907625 62 69100 287 756
2907691 62 69100 287 756
2907753 62 69100 287 756
2907818 62 69100 287 756
2907888 62 69100 287 756
2907951 62 69100 287 756
2908018 62 69100 287 756
2908079 62 69100 287 756
2908143 62 69100 287 756
2908208 62 69100 287 756
2908279 62 69100 287 756
2908347 62 69100 287 756
2908412 62 69100 287 756
2908474 62 69100 287 756
2908535 62 69100 287 756
2908601 62 69100 287 756
2908664 62 69100 287 756
2908724 62 69100 287 756
2908788 62 69100 287 756
2908857 62 69100 287 756
2908927 62 69100 287 756
2908988 62 69100 287 756
2909054 62 69100 287 756
2909115 62 69100 287 756
2909178 62 69100 287 756
2909245 62 69100 287 756
2909316 62 69100 287 756
2909376 62 69100 287 756
2909441 62 69100 287 756
2909510 62 69100 287 756
2909580 62 69100 287 756
2909649 62 69100 287 756
2909714 62 69100 287 756
2909785 62 69100 287 756
2909856 62 69100 287 756
2909916 62 69100 287 756
2909983 62 69100 287 756
2910044 62 69100 287 756
2910115 62 69100 287 756
2910180 62 69100 287 756
2910249 62 69100 287 756
2910309 62 69100 287 756
2910375 62 69100 287 756
2910436 62 69100 287 756
2910505 62 69100 287 756
2910568 62 69100 287 756
2910632 62 69100 287 756
2910693 62 69100 287 756
2910757 62 69100 287 756
2910821 62 69100 287 756
2910882 62 69100 287 756
2910947 62 69100 287 756
2911008 62 69100 287 756
2911068 62 69100 287 756
2911133 62 69100 287 756
2911203 62 69100 287 756
2911275 62 69100 287 756
2911345 62 69100 287 756
2911411 62 69100 287 756
2911471 62 69100 287 756
2911534 62 69100 287 756
2911601 62 69100 287 756
2911669 62 69100 287 756
2911729 62 69100 287 756
2911794 62 69100 287 756
2911864 62 69100 287 756
2911933 62 69100 287 756
2911994 62 69100 287 756
2912061 62 69100 287 756
2912130 62 69100 287 756
2912190 62 69100 287 756
2912257 62 69100 287 756
2912328 62 69100 287 756
2912388 62 69100 287 756
2912449 62 69100 287 756
2912513 62 69100 287 756
2912573 62 69100 287 756
2912637 62 69100 287 756
2912698 62 69100 287 756
2912759 62 69100 287 756
2912826 62 69100 287 756
2912887 62 69100 287 756
2912947 62 69100 287 756
2913014 62 69100 287 756
2913074 62 69100 287 756
2913135 62 69100 287 756
2913200 62 69100 287 756
2913267 62 69100 287 756
2913329 62 69100 287 756
2913391 62 69100 287 756
2913454 62 69100 287 756
2913516 62 69100 287 756
2913578 62 69100 287 756
2913645 62 69100 287 756
2913707 62 69100 287 756
2913769 62 69100 287 756
2913841 62 69100 287 756
2913910 62 69100 287 756
2913970 62 69100 287 756
2914036 62 69100 287 756
2914098 62 69100 287 756
2914160 62 69100 287 756
2914225 62 69100 287 756
2914285 62 69100 287 756
2914347 62 69100 287 756
2914413 62 69100 287 756
2914473 62 69100 287 756
2914542 62 69100 287 756
2914611 62 69100 287 756
2914672 62 69100 287 756
2914734 62 69100 287 756
2914799 62 69100 287 756
2914860 62 69100 287 756
2914920 62 69100 287 756
2914987 62 69100 287 756
2915047 62 69100 287 756
2915109 62 69100 287 756
2915173 62 69100 287 756
2915233 62 69100 287 756
2915294 62 69100 287 756
2915359 62 69100 287 756
2915419 62 69100 287 756
2915489 62 69100 287 756
2915553 62 69100 287 756
2915614 62 69100 287 756
2915674 62 69100 287 756
2915741 62 69100 287 756
2915801 62 69100 287 756
2915863 62 69100 287 756
2915930 62 69100 287 756
2916001 62 69100 287 756
2916070 62 69100 287 756
2916132 62 69100 287 756
2916199 62 69100 287 756
2916261 62 69100 287 756
2916331 62 69100 287 756
2916397 62 69100 287 756
2916460 62 69100 287 756
2916520 62 69100 287 756
2916585 62 69100 287 756
2916656 62 69100 287 756
2916722 62 69100 287 756
2916784 62 69100 287 756
2916848 62 69100 287 756
2916909 62 69100 287 756
2916974 62 69100 287 756
2917034 62 69100 287 756
2917095 62 69100 287 756
2917161 62 69100 287 756
2917223 62 69100 287 756
2917286 62 69100 287 756
2917352 62 69100 287 756
2917423 62 69100 287 756
2917494 62 69100 287 756
2917555 62 69100 287 756
2917620 62 69100 287 756
2917681 62 69100 287 756
2917742 62 69100 287 756
2917808 62 69100 287 756
2917870 62 69100 287 756
2917942 62 69100 287 756
2918006 62 69100 287 756
2918066 62 69100 287 756
2918127 62 69100 287 756
2918192 62 69100 287 756
2918252 62 69100 287 756
2918323 62 69100 287 756
2918388 62 69100 287 756
2918452 62 69100 287 756
2918514 62 69100 287 756
2918581 62 69100 287 756
2918641 62 69100 287 756
2918703 62 69100 287 756
2918770 62 69100 287 756
2918830 62 69100 287 756
2918890 62 69100 287 756
2918955 62 69100 287 756
2919017 62 69100 287 756
2919077 62 69100 287 756
2919141 62 69100 287 756
2919202 62 69100 287 756
2919266 62 69100 287 756
2919332 62 69100 287 756
2919396 62 69100 287 756
2919456 62 69100 287 756
2919523 62 69100 287 756
2919583 62 69100 287 756
2919643 62 69100 287 756
2919707 62 69100 287 756
2919767 62 69100 287 756
2940066 62 69100 287 756
2940127 62 69100 287 756
2940189 62 69100 287 756
2940254 62 69100 287 756
2940315 62 69100 287 756
2940387 62 69100 287 756
2940452 62 69100 287 756
2940512 62 69100 287 756
2940573 62 69100 287 756
2940638 62 69100 287 756
2940699 62 69100 287 756
2940761 62 69100 287 756
2940827 62 69100 287 756
2940888 62 69100 287 756
2940949 62 69100 287 756
2941014 62 69100 287 756
2941074 62 69100 287 756
2941141 62 69100 287 756
2941205 62 69100 287 756
2941270 62 69100 287 756
2941334 62 69100 287 756
2941396 62 69100 287 756
2941461 62 69100 287 756
2941529 62 69100 287 756
2941596 62 69100 287 756
2941665 62 69100 287 756
2941728 62 69100 287 756
2941798 62 69100 287 756
2941863 62 69100 287 756
2941923 62 69100 287 756
2941984 62 69100 287 756
2942051 62 69100 287 756
2942112 62 69100 287 756
2942174 62 69100 287 756
2942237 62 69100 287 756
2942297 62 69100 287 756
2942358 62 69100 287 756
2942423 62 69100 287 756
2942485 62 69100 287 756
2942552 62 69100 287 756
2942617 62 69100 287 756
2942682 62 69100 287 756
2942744 62 69100 287 756
2942808 62 69100 287 756
2942871 62 69100 287 756
2942942 62 69100 287 756
2943004 62 69100 287 756
2943070 62 69100 287 756
2943132 62 69100 287 756
2943192 62 69100 287 756
2943257 62 69100 287 756
2943320 62 69100 287 756
2943381 62 69100 287 756
2943444 62 69100 287 756
2943508 62 69100 287 756
2943571 62 69100 287 756
2943637 62 69100 287 756
2943699 62 69100 287 756
2943760 62 69100 287 756
2943824 62 69100 287 756
2943886 62 69100 287 756
2943949 62 69100 287 756
2944012 62 69100 287 756
2944074 62 69100 287 756
2944139 62 69100 287 756
2944203 62 69100 287 756
2944265 62 69100 287 756
2944328 62 69100 287 756
2944329 62 69000 287 756
