 -4.3083E-01 -3.3676E+00  3.4751E+01  4.4744E-01  1.7901E+02  4.9668E+01 -1.4043E+02
 -4.2936E-01 -3.3607E+00  3.4751E+01  4.4760E-01  1.7900E+02  4.9711E+01 -1.4038E+02
 -4.2788E-01 -3.3537E+00  3.4751E+01  4.4777E-01  1.7900E+02  4.9755E+01 -1.4034E+02
 -4.2640E-01 -3.3467E+00  3.4751E+01  4.4793E-01  1.7900E+02  4.9799E+01 -1.4029E+02
 -4.2492E-01 -3.3397E+00  3.4751E+01  4.4810E-01  1.7900E+02  4.9843E+01 -1.4024E+02
 -4.2344E-01 -3.3327E+00  3.4751E+01  4.4826E-01  1.7900E+02  4.9886E+01 -1.4020E+02
 -4.2196E-01 -3.3257E+00  3.4751E+01  4.4843E-01  1.7900E+02  4.9930E+01 -1.4015E+02
 -4.2047E-01 -3.3188E+00  3.4751E+01  4.4859E-01  1.7900E+02  4.9974E+01 -1.4010E+02
 -4.1899E-01 -3.3118E+00  3.4751E+01  4.4876E-01  1.7899E+02  5.0017E+01 -1.4006E+02
 -4.1751E-01 -3.3048E+00  3.4751E+01  4.4892E-01  1.7899E+02  5.0061E+01 -1.4001E+02
 -4.1603E-01 -3.2978E+00  3.4751E+01  4.4909E-01  1.7899E+02  5.0105E+01 -1.3996E+02
 -4.1455E-01 -3.2908E+00  3.4751E+01  4.4925E-01  1.7899E+02  5.0149E+01 -1.3992E+02
 -4.1307E-01 -3.2838E+00  3.4751E+01  4.4942E-01  1.7899E+02  5.0192E+01 -1.3987E+02
 -4.1159E-01 -3.2768E+00  3.4751E+01  4.4958E-01  1.7899E+02  5.0236E+01 -1.3982E+02
 -4.1011E-01 -3.2699E+00  3.4751E+01  4.4975E-01  1.7898E+02  5.0280E+01 -1.3978E+02
 -4.0863E-01 -3.2629E+00  3.4751E+01  4.4991E-01  1.7898E+02  5.0324E+01 -1.3973E+02
 -4.0715E-01 -3.2559E+00  3.4751E+01  4.5008E-01  1.7898E+02  5.0367E+01 -1.3968E+02
 -4.0566E-01 -3.2489E+00  3.4751E+01  4.5025E-01  1.7898E+02  5.0411E+01 -1.3964E+02
 -4.0418E-01 -3.2419E+00  3.4751E+01  4.5041E-01  1.7898E+02  5.0455E+01 -1.3959E+02
 -4.0270E-01 -3.2349E+00  3.4751E+01  4.5058E-01  1.7898E+02  5.0499E+01 -1.3954E+02
 -4.0122E-01 -3.2279E+00  3.4751E+01  4.5074E-01  1.7898E+02  5.0542E+01 -1.3949E+02
 -3.9974E-01 -3.2209E+00  3.4751E+01  4.5091E-01  1.7897E+02  5.0586E+01 -1.3945E+02
 -3.9826E-01 -3.2140E+00  3.4751E+01  4.5108E-01  1.7897E+02  5.0630E+01 -1.3940E+02
 -3.9678E-01 -3.2070E+00  3.4751E+01  4.5124E-01  1.7897E+02  5.0674E+01 -1.3935E+02
 -3.9530E-01 -3.2000E+00  3.4751E+01  4.5141E-01  1.7897E+02  5.0718E+01 -1.3931E+02
 -3.9382E-01 -3.1930E+00  3.4751E+01  4.5158E-01  1.7897E+02  5.0761E+01 -1.3926E+02
 -3.9234E-01 -3.1860E+00  3.4751E+01  4.5174E-01  1.7897E+02  5.0805E+01 -1.3921E+02
 -3.9086E-01 -3.1790E+00  3.4751E+01  4.5191E-01  1.7896E+02  5.0849E+01 -1.3917E+02
 -3.8937E-01 -3.1720E+00  3.4751E+01  4.5208E-01  1.7896E+02  5.0893E+01 -1.3912E+02
 -3.8789E-01 -3.1651E+00  3.4751E+01  4.5224E-01  1.7896E+02  5.0936E+01 -1.3907E+02
 -3.8641E-01 -3.1581E+00  3.4751E+01  4.5241E-01  1.7896E+02  5.0980E+01 -1.3903E+02
 -3.8493E-01 -3.1511E+00  3.4751E+01  4.5258E-01  1.7896E+02  5.1024E+01 -1.3898E+02
 -3.8345E-01 -3.1441E+00  3.4751E+01  4.5274E-01  1.7896E+02  5.1068E+01 -1.3893E+02
 -3.8197E-01 -3.1371E+00  3.4751E+01  4.5291E-01  1.7896E+02  5.1112E+01 -1.3889E+02
 -3.8049E-01 -3.1301E+00  3.4751E+01  4.5308E-01  1.7895E+02  5.1155E+01 -1.3884E+02
 -3.7901E-01 -3.1231E+00  3.4751E+01  4.5325E-01  1.7895E+02  5.1199E+01 -1.3880E+02
 -3.7753E-01 -3.1161E+00  3.4751E+01  4.5343E-01  1.7895E+02  5.1243E+01 -1.3875E+02
 -3.7605E-01 -3.1092E+00  3.4751E+01  4.5360E-01  1.7895E+02  5.1287E+01 -1.3871E+02
 -3.7456E-01 -3.1022E+00  3.4751E+01  4.5379E-01  1.7895E+02  5.1331E+01 -1.3866E+02
 -3.7308E-01 -3.0952E+00  3.4751E+01  4.5398E-01  1.7895E+02  5.1375E+01 -1.3862E+02
 -3.7160E-01 -3.0882E+00  3.4751E+01  4.5418E-01  1.7894E+02  5.1418E+01 -1.3858E+02
 -3.7012E-01 -3.0812E+00  3.4751E+01  4.5440E-01  1.7894E+02  5.1462E+01 -1.3854E+02
 -3.6864E-01 -3.0742E+00  3.4751E+01  4.5465E-01  1.7894E+02  5.1506E+01 -1.3851E+02
 -3.6716E-01 -3.0673E+00  3.4751E+01  4.5493E-01  1.7894E+02  5.1551E+01 -1.3849E+02
 -3.6568E-01 -3.0603E+00  3.4751E+01  4.5527E-01  1.7894E+02  5.1595E+01 -1.3848E+02
 -3.6420E-01 -3.0533E+00  3.4751E+01  4.5567E-01  1.7894E+02  5.1639E+01 -1.3848E+02
 -3.6272E-01 -3.0463E+00  3.4751E+01  4.5616E-01  1.7894E+02  5.1684E+01 -1.3849E+02
 -3.6124E-01 -3.0394E+00  3.4751E+01  4.5676E-01  1.7893E+02  5.1728E+01 -1.3853E+02
 -3.5976E-01 -3.0324E+00  3.4751E+01  4.5747E-01  1.7893E+02  5.1773E+01 -1.3859E+02
 -3.5827E-01 -3.0255E+00  3.4751E+01  4.5830E-01  1.7893E+02  5.1819E+01 -1.3868E+02
 -3.5679E-01 -3.0186E+00  3.4751E+01  4.5924E-01  1.7893E+02  5.1864E+01 -1.3879E+02
 -3.5531E-01 -3.0117E+00  3.4751E+01  4.6029E-01  1.7893E+02  5.1910E+01 -1.3891E+02
 -3.5383E-01 -3.0048E+00  3.4751E+01  4.6142E-01  1.7893E+02  5.1955E+01 -1.3905E+02
 -3.5235E-01 -2.9980E+00  3.4751E+01  4.6262E-01  1.7892E+02  5.2000E+01 -1.3921E+02
 -3.5087E-01 -2.9912E+00  3.4751E+01  4.6386E-01  1.7892E+02  5.2046E+01 -1.3937E+02
 -3.4939E-01 -2.9844E+00  3.4751E+01  4.6515E-01  1.7892E+02  5.2091E+01 -1.3954E+02
 -3.4791E-01 -2.9776E+00  3.4751E+01  4.6648E-01  1.7892E+02  5.2136E+01 -1.3972E+02
 -3.4653E-01 -2.9713E+00  3.4751E+01  4.6773E-01  1.7892E+02  5.2177E+01 -1.3988E+02
 -3.4499E-01 -2.9643E+00  3.4751E+01  4.6915E-01  1.7892E+02  5.2223E+01 -1.4007E+02
 -3.4346E-01 -2.9574E+00  3.4751E+01  4.7058E-01  1.7892E+02  5.2268E+01 -1.4026E+02
 -3.4207E-01 -2.9511E+00  3.4751E+01  4.7190E-01  1.7891E+02  5.2309E+01 -1.4044E+02
 -3.4051E-01 -2.9441E+00  3.4751E+01  4.7338E-01  1.7891E+02  5.2355E+01 -1.4063E+02
 -3.3910E-01 -2.9378E+00  3.4751E+01  4.7474E-01  1.7891E+02  5.2395E+01 -1.4081E+02
 -3.3754E-01 -2.9308E+00  3.4751E+01  4.7626E-01  1.7891E+02  5.2440E+01 -1.4101E+02
 -3.3612E-01 -2.9245E+00  3.4751E+01  4.7765E-01  1.7891E+02  5.2481E+01 -1.4119E+02
 -3.3458E-01 -2.9177E+00  3.4751E+01  4.7918E-01  1.7891E+02  5.2525E+01 -1.4139E+02
 -3.3315E-01 -2.9114E+00  3.4751E+01  4.8059E-01  1.7890E+02  5.2565E+01 -1.4158E+02
 -3.3162E-01 -2.9046E+00  3.4751E+01  4.8213E-01  1.7890E+02  5.2608E+01 -1.4178E+02
 -3.3018E-01 -2.8983E+00  3.4751E+01  4.8358E-01  1.7890E+02  5.2648E+01 -1.4196E+02
 -3.2874E-01 -2.8920E+00  3.4751E+01  4.8504E-01  1.7890E+02  5.2687E+01 -1.4215E+02
 -3.2717E-01 -2.8852E+00  3.4751E+01  4.8664E-01  1.7890E+02  5.2730E+01 -1.4235E+02
 -3.2573E-01 -2.8789E+00  3.4751E+01  4.8813E-01  1.7890E+02  5.2769E+01 -1.4254E+02
 -3.2427E-01 -2.8726E+00  3.4751E+01  4.8963E-01  1.7890E+02  5.2808E+01 -1.4273E+02
 -3.2281E-01 -2.8663E+00  3.4751E+01  4.9114E-01  1.7889E+02  5.2847E+01 -1.4292E+02
 -3.2135E-01 -2.8600E+00  3.4751E+01  4.9267E-01  1.7889E+02  5.2886E+01 -1.4311E+02
 -3.1977E-01 -2.8532E+00  3.4751E+01  4.9432E-01  1.7889E+02  5.2928E+01 -1.4331E+02
 -3.1830E-01 -2.8469E+00  3.4751E+01  4.9587E-01  1.7889E+02  5.2966E+01 -1.4350E+02
 -3.1682E-01 -2.8406E+00  3.4751E+01  4.9744E-01  1.7889E+02  5.3004E+01 -1.4369E+02
 -3.1534E-01 -2.8343E+00  3.4751E+01  4.9901E-01  1.7889E+02  5.3043E+01 -1.4388E+02
 -3.1386E-01 -2.8280E+00  3.4751E+01  5.0060E-01  1.7889E+02  5.3080E+01 -1.4407E+02
 -3.1237E-01 -2.8217E+00  3.4751E+01  5.0220E-01  1.7888E+02  5.3118E+01 -1.4426E+02
 -3.1088E-01 -2.8154E+00  3.4751E+01  5.0380E-01  1.7888E+02  5.3156E+01 -1.4445E+02
 -3.0940E-01 -2.8092E+00  3.4751E+01  5.0541E-01  1.7888E+02  5.3192E+01 -1.4464E+02
 -3.0792E-01 -2.8030E+00  3.4751E+01  5.0702E-01  1.7888E+02  5.3229E+01 -1.4483E+02
 -3.0644E-01 -2.7968E+00  3.4751E+01  5.0863E-01  1.7888E+02  5.3266E+01 -1.4502E+02
 -3.0496E-01 -2.7906E+00  3.4751E+01  5.1026E-01  1.7888E+02  5.3302E+01 -1.4521E+02
 -3.0348E-01 -2.7845E+00  3.4751E+01  5.1189E-01  1.7888E+02  5.3338E+01 -1.4539E+02
 -3.0200E-01 -2.7783E+00  3.4751E+01  5.1352E-01  1.7888E+02  5.3373E+01 -1.4558E+02
 -3.0052E-01 -2.7722E+00  3.4751E+01  5.1516E-01  1.7887E+02  5.3409E+01 -1.4577E+02
 -2.9904E-01 -2.7661E+00  3.4751E+01  5.1681E-01  1.7887E+02  5.3444E+01 -1.4595E+02
 -2.9756E-01 -2.7600E+00  3.4751E+01  5.1846E-01  1.7887E+02  5.3479E+01 -1.4613E+02
 -2.9607E-01 -2.7539E+00  3.4751E+01  5.2012E-01  1.7887E+02  5.3514E+01 -1.4632E+02
 -2.9459E-01 -2.7478E+00  3.4751E+01  5.2178E-01  1.7887E+02  5.3548E+01 -1.4650E+02
 -2.9311E-01 -2.7418E+00  3.4751E+01  5.2344E-01  1.7887E+02  5.3582E+01 -1.4668E+02
 -2.9163E-01 -2.7358E+00  3.4751E+01  5.2511E-01  1.7887E+02  5.3616E+01 -1.4686E+02
 -2.9015E-01 -2.7297E+00  3.4751E+01  5.2679E-01  1.7887E+02  5.3650E+01 -1.4704E+02
 -2.8877E-01 -2.7241E+00  3.4751E+01  5.2835E-01  1.7886E+02  5.3681E+01 -1.4721E+02
 -2.8721E-01 -2.7178E+00  3.4751E+01  5.3012E-01  1.7886E+02  5.3716E+01 -1.4739E+02
 -2.8571E-01 -2.7118E+00  3.4751E+01  5.3183E-01  1.7886E+02  5.3749E+01 -1.4757E+02
 -2.8432E-01 -2.7062E+00  3.4751E+01  5.3342E-01  1.7886E+02  5.3780E+01 -1.4774E+02
 -2.8275E-01 -2.6999E+00  3.4751E+01  5.3522E-01  1.7886E+02  5.3814E+01 -1.4792E+02
 -2.8135E-01 -2.6943E+00  3.4751E+01  5.3682E-01  1.7886E+02  5.3845E+01 -1.4809E+02
 -2.7978E-01 -2.6880E+00  3.4751E+01  5.3861E-01  1.7886E+02  5.3878E+01 -1.4827E+02
 -2.7838E-01 -2.6824E+00  3.4751E+01  5.4023E-01  1.7886E+02  5.3908E+01 -1.4843E+02
 -2.7682E-01 -2.6762E+00  3.4751E+01  5.4202E-01  1.7885E+02  5.3942E+01 -1.4861E+02
 -2.7541E-01 -2.6706E+00  3.4751E+01  5.4365E-01  1.7885E+02  5.3971E+01 -1.4877E+02
 -2.7386E-01 -2.6645E+00  3.4751E+01  5.4544E-01  1.7885E+02  5.4004E+01 -1.4895E+02
 -2.7244E-01 -2.6589E+00  3.4751E+01  5.4708E-01  1.7885E+02  5.4033E+01 -1.4911E+02
 -2.7090E-01 -2.6528E+00  3.4751E+01  5.4887E-01  1.7885E+02  5.4065E+01 -1.4928E+02
 -2.6948E-01 -2.6472E+00  3.4751E+01  5.5052E-01  1.7885E+02  5.4094E+01 -1.4944E+02
 -2.6794E-01 -2.6411E+00  3.4751E+01  5.5231E-01  1.7885E+02  5.4126E+01 -1.4961E+02
 -2.6651E-01 -2.6355E+00  3.4751E+01  5.5397E-01  1.7885E+02  5.4155E+01 -1.4977E+02
 -2.6497E-01 -2.6295E+00  3.4751E+01  5.5575E-01  1.7885E+02  5.4185E+01 -1.4993E+02
 -2.6354E-01 -2.6239E+00  3.4751E+01  5.5742E-01  1.7885E+02  5.4214E+01 -1.5009E+02
 -2.6210E-01 -2.6183E+00  3.4751E+01  5.5910E-01  1.7884E+02  5.4242E+01 -1.5024E+02
 -2.6053E-01 -2.6122E+00  3.4751E+01  5.6093E-01  1.7884E+02  5.4273E+01 -1.5041E+02
 -2.5909E-01 -2.6066E+00  3.4751E+01  5.6261E-01  1.7884E+02  5.4301E+01 -1.5056E+02
 -2.5764E-01 -2.6010E+00  3.4751E+01  5.6430E-01  1.7884E+02  5.4329E+01 -1.5071E+02
 -2.5609E-01 -2.5950E+00  3.4751E+01  5.6611E-01  1.7884E+02  5.4359E+01 -1.5088E+02
 -2.5464E-01 -2.5894E+00  3.4751E+01  5.6780E-01  1.7884E+02  5.4386E+01 -1.5103E+02
 -2.5318E-01 -2.5838E+00  3.4751E+01  5.6950E-01  1.7884E+02  5.4414E+01 -1.5118E+02
 -2.5172E-01 -2.5782E+00  3.4751E+01  5.7121E-01  1.7884E+02  5.4441E+01 -1.5132E+02
 -2.5026E-01 -2.5726E+00  3.4751E+01  5.7291E-01  1.7884E+02  5.4468E+01 -1.5147E+02
 -2.4868E-01 -2.5666E+00  3.4751E+01  5.7476E-01  1.7884E+02  5.4498E+01 -1.5163E+02
 -2.4722E-01 -2.5610E+00  3.4751E+01  5.7647E-01  1.7883E+02  5.4524E+01 -1.5177E+02
 -2.4575E-01 -2.5554E+00  3.4751E+01  5.7818E-01  1.7883E+02  5.4551E+01 -1.5192E+02
 -2.4428E-01 -2.5498E+00  3.4751E+01  5.7990E-01  1.7883E+02  5.4578E+01 -1.5206E+02
 -2.4280E-01 -2.5442E+00  3.4751E+01  5.8162E-01  1.7883E+02  5.4604E+01 -1.5221E+02
 -2.4133E-01 -2.5386E+00  3.4751E+01  5.8334E-01  1.7883E+02  5.4630E+01 -1.5235E+02
 -2.3985E-01 -2.5330E+00  3.4751E+01  5.8507E-01  1.7883E+02  5.4656E+01 -1.5249E+02
 -2.3836E-01 -2.5274E+00  3.4751E+01  5.8679E-01  1.7883E+02  5.4682E+01 -1.5263E+02
 -2.3688E-01 -2.5218E+00  3.4751E+01  5.8852E-01  1.7883E+02  5.4708E+01 -1.5277E+02
 -2.3539E-01 -2.5162E+00  3.4751E+01  5.9025E-01  1.7883E+02  5.4734E+01 -1.5291E+02
 -2.3390E-01 -2.5106E+00  3.4751E+01  5.9198E-01  1.7883E+02  5.4759E+01 -1.5304E+02
 -2.3241E-01 -2.5050E+00  3.4751E+01  5.9371E-01  1.7883E+02  5.4785E+01 -1.5318E+02
 -2.3092E-01 -2.4994E+00  3.4751E+01  5.9545E-01  1.7882E+02  5.4810E+01 -1.5331E+02
 -2.2943E-01 -2.4939E+00  3.4751E+01  5.9717E-01  1.7882E+02  5.4834E+01 -1.5345E+02
 -2.2795E-01 -2.4883E+00  3.4751E+01  5.9888E-01  1.7882E+02  5.4859E+01 -1.5358E+02
 -2.2647E-01 -2.4828E+00  3.4751E+01  6.0059E-01  1.7882E+02  5.4883E+01 -1.5371E+02
 -2.2499E-01 -2.4773E+00  3.4751E+01  6.0230E-01  1.7882E+02  5.4907E+01 -1.5384E+02
 -2.2351E-01 -2.4718E+00  3.4751E+01  6.0401E-01  1.7882E+02  5.4931E+01 -1.5397E+02
 -2.2203E-01 -2.4663E+00  3.4751E+01  6.0571E-01  1.7882E+02  5.4955E+01 -1.5409E+02
 -2.2055E-01 -2.4608E+00  3.4751E+01  6.0741E-01  1.7882E+02  5.4979E+01 -1.5422E+02
 -2.1907E-01 -2.4553E+00  3.4751E+01  6.0911E-01  1.7882E+02  5.5002E+01 -1.5434E+02
 -2.1758E-01 -2.4499E+00  3.4751E+01  6.1080E-01  1.7882E+02  5.5025E+01 -1.5447E+02
 -2.1610E-01 -2.4444E+00  3.4751E+01  6.1250E-01  1.7882E+02  5.5048E+01 -1.5459E+02
 -2.1462E-01 -2.4390E+00  3.4751E+01  6.1419E-01  1.7881E+02  5.5071E+01 -1.5471E+02
 -2.1314E-01 -2.4335E+00  3.4751E+01  6.1587E-01  1.7881E+02  5.5094E+01 -1.5483E+02
 -2.1166E-01 -2.4281E+00  3.4751E+01  6.1755E-01  1.7881E+02  5.5116E+01 -1.5495E+02
 -2.1018E-01 -2.4226E+00  3.4751E+01  6.1923E-01  1.7881E+02  5.5139E+01 -1.5507E+02
 -2.0870E-01 -2.4172E+00  3.4751E+01  6.2091E-01  1.7881E+02  5.5161E+01 -1.5518E+02
 -2.0722E-01 -2.4118E+00  3.4751E+01  6.2258E-01  1.7881E+02  5.5183E+01 -1.5530E+02
 -2.0574E-01 -2.4064E+00  3.4751E+01  6.2424E-01  1.7881E+02  5.5204E+01 -1.5541E+02
 -2.0426E-01 -2.4010E+00  3.4751E+01  6.2591E-01  1.7881E+02  5.5226E+01 -1.5552E+02
 -2.0277E-01 -2.3956E+00  3.4751E+01  6.2756E-01  1.7881E+02  5.5247E+01 -1.5564E+02
 -2.0129E-01 -2.3902E+00  3.4751E+01  6.2922E-01  1.7881E+02  5.5268E+01 -1.5575E+02
 -1.9981E-01 -2.3849E+00  3.4751E+01  6.3087E-01  1.7881E+02  5.5289E+01 -1.5586E+02
 -1.9833E-01 -2.3795E+00  3.4751E+01  6.3251E-01  1.7881E+02  5.5310E+01 -1.5597E+02
 -1.9685E-01 -2.3741E+00  3.4751E+01  6.3415E-01  1.7881E+02  5.5331E+01 -1.5607E+02
 -1.9537E-01 -2.3688E+00  3.4751E+01  6.3579E-01  1.7881E+02  5.5351E+01 -1.5618E+02
 -1.9389E-01 -2.3634E+00  3.4751E+01  6.3742E-01  1.7880E+02  5.5372E+01 -1.5628E+02
 -1.9241E-01 -2.3581E+00  3.4751E+01  6.3904E-01  1.7880E+02  5.5392E+01 -1.5639E+02
 -1.9093E-01 -2.3528E+00  3.4751E+01  6.4066E-01  1.7880E+02  5.5412E+01 -1.5649E+02
 -1.8945E-01 -2.3474E+00  3.4751E+01  6.4228E-01  1.7880E+02  5.5431E+01 -1.5659E+02
 -1.8797E-01 -2.3421E+00  3.4751E+01  6.4389E-01  1.7880E+02  5.5451E+01 -1.5670E+02
 -1.8648E-01 -2.3368E+00  3.4751E+01  6.4549E-01  1.7880E+02  5.5470E+01 -1.5680E+02
 -1.8500E-01 -2.3315E+00  3.4751E+01  6.4709E-01  1.7880E+02  5.5490E+01 -1.5689E+02
 -1.8352E-01 -2.3262E+00  3.4751E+01  6.4868E-01  1.7880E+02  5.5509E+01 -1.5699E+02
 -1.8204E-01 -2.3209E+00  3.4751E+01  6.5027E-01  1.7880E+02  5.5528E+01 -1.5709E+02
 -1.8056E-01 -2.3156E+00  3.4751E+01  6.5185E-01  1.7880E+02  5.5546E+01 -1.5719E+02
 -1.7908E-01 -2.3103E+00  3.4751E+01  6.5342E-01  1.7880E+02  5.5565E+01 -1.5728E+02
 -1.7760E-01 -2.3051E+00  3.4751E+01  6.5499E-01  1.7880E+02  5.5583E+01 -1.5737E+02
 -1.7612E-01 -2.2998E+00  3.4751E+01  6.5655E-01  1.7880E+02  5.5601E+01 -1.5747E+02
 -1.7464E-01 -2.2945E+00  3.4751E+01  6.5810E-01  1.7880E+02  5.5620E+01 -1.5756E+02
 -1.7316E-01 -2.2893E+00  3.4751E+01  6.5965E-01  1.7879E+02  5.5637E+01 -1.5765E+02
 -1.7177E-01 -2.2844E+00  3.4751E+01  6.6109E-01  1.7879E+02  5.5654E+01 -1.5773E+02
 -1.7019E-01 -2.2788E+00  3.4751E+01  6.6272E-01  1.7879E+02  5.5673E+01 -1.5783E+02
 -1.6881E-01 -2.2739E+00  3.4751E+01  6.6415E-01  1.7879E+02  5.5689E+01 -1.5791E+02
 -1.6723E-01 -2.2683E+00  3.4751E+01  6.6577E-01  1.7879E+02  5.5707E+01 -1.5800E+02
 -1.6584E-01 -2.2634E+00  3.4751E+01  6.6719E-01  1.7879E+02  5.5723E+01 -1.5808E+02
 -1.6427E-01 -2.2579E+00  3.4751E+01  6.6879E-01  1.7879E+02  5.5741E+01 -1.5818E+02
 -1.6288E-01 -2.2530E+00  3.4751E+01  6.7019E-01  1.7879E+02  5.5757E+01 -1.5825E+02
 -1.6131E-01 -2.2474E+00  3.4751E+01  6.7177E-01  1.7879E+02  5.5774E+01 -1.5834E+02
 -1.5991E-01 -2.2425E+00  3.4751E+01  6.7317E-01  1.7879E+02  5.5790E+01 -1.5842E+02
 -1.5835E-01 -2.2370E+00  3.4751E+01  6.7473E-01  1.7879E+02  5.5807E+01 -1.5851E+02
 -1.5695E-01 -2.2321E+00  3.4751E+01  6.7611E-01  1.7879E+02  5.5822E+01 -1.5858E+02
 -1.5538E-01 -2.2266E+00  3.4751E+01  6.7766E-01  1.7879E+02  5.5839E+01 -1.5867E+02
 -1.5398E-01 -2.2217E+00  3.4751E+01  6.7903E-01  1.7879E+02  5.5854E+01 -1.5874E+02
 -1.5242E-01 -2.2163E+00  3.4751E+01  6.8055E-01  1.7879E+02  5.5870E+01 -1.5882E+02
 -1.5102E-01 -2.2114E+00  3.4751E+01  6.8191E-01  1.7878E+02  5.5885E+01 -1.5889E+02
 -1.4946E-01 -2.2059E+00  3.4751E+01  6.8341E-01  1.7878E+02  5.5901E+01 -1.5897E+02
 -1.4806E-01 -2.2010E+00  3.4751E+01  6.8475E-01  1.7878E+02  5.5915E+01 -1.5905E+02
 -1.4650E-01 -2.1956E+00  3.4751E+01  6.8623E-01  1.7878E+02  5.5931E+01 -1.5912E+02
 -1.4509E-01 -2.1907E+00  3.4751E+01  6.8756E-01  1.7878E+02  5.5945E+01 -1.5919E+02
 -1.4354E-01 -2.1853E+00  3.4751E+01  6.8902E-01  1.7878E+02  5.5960E+01 -1.5927E+02
 -1.4213E-01 -2.1804E+00  3.4751E+01  6.9033E-01  1.7878E+02  5.5974E+01 -1.5934E+02
 -1.4057E-01 -2.1750E+00  3.4751E+01  6.9177E-01  1.7878E+02  5.5989E+01 -1.5941E+02
 -1.3916E-01 -2.1701E+00  3.4751E+01  6.9307E-01  1.7878E+02  5.6003E+01 -1.5948E+02
 -1.3761E-01 -2.1647E+00  3.4751E+01  6.9449E-01  1.7878E+02  5.6017E+01 -1.5955E+02
 -1.3620E-01 -2.1598E+00  3.4751E+01  6.9577E-01  1.7878E+02  5.6030E+01 -1.5961E+02
 -1.3465E-01 -2.1545E+00  3.4751E+01  6.9716E-01  1.7878E+02  5.6045E+01 -1.5968E+02
 -1.3323E-01 -2.1496E+00  3.4751E+01  6.9843E-01  1.7878E+02  5.6058E+01 -1.5975E+02
 -1.3169E-01 -2.1442E+00  3.4751E+01  6.9980E-01  1.7878E+02  5.6072E+01 -1.5982E+02
 -1.3027E-01 -2.1393E+00  3.4751E+01  7.0105E-01  1.7878E+02  5.6084E+01 -1.5988E+02
 -1.2873E-01 -2.1340E+00  3.4751E+01  7.0240E-01  1.7878E+02  5.6098E+01 -1.5994E+02
 -1.2731E-01 -2.1291E+00  3.4751E+01  7.0363E-01  1.7877E+02  5.6110E+01 -1.6000E+02
 -1.2577E-01 -2.1238E+00  3.4751E+01  7.0496E-01  1.7877E+02  5.6123E+01 -1.6007E+02
 -1.2434E-01 -2.1189E+00  3.4751E+01  7.0617E-01  1.7877E+02  5.6135E+01 -1.6013E+02
 -1.2280E-01 -2.1136E+00  3.4751E+01  7.0747E-01  1.7877E+02  5.6148E+01 -1.6019E+02
 -1.2138E-01 -2.1087E+00  3.4751E+01  7.0867E-01  1.7877E+02  5.6160E+01 -1.6025E+02
 -1.1984E-01 -2.1035E+00  3.4751E+01  7.0995E-01  1.7877E+02  5.6173E+01 -1.6031E+02
 -1.1841E-01 -2.0986E+00  3.4751E+01  7.1113E-01  1.7877E+02  5.6184E+01 -1.6037E+02
 -1.1688E-01 -2.0933E+00  3.4751E+01  7.1238E-01  1.7877E+02  5.6196E+01 -1.6042E+02
 -1.1545E-01 -2.0884E+00  3.4751E+01  7.1354E-01  1.7877E+02  5.6208E+01 -1.6048E+02
 -1.1392E-01 -2.0832E+00  3.4751E+01  7.1476E-01  1.7877E+02  5.6220E+01 -1.6054E+02
 -1.1249E-01 -2.0783E+00  3.4751E+01  7.1590E-01  1.7877E+02  5.6231E+01 -1.6059E+02
 -1.1105E-01 -2.0734E+00  3.4751E+01  7.1703E-01  1.7877E+02  5.6241E+01 -1.6064E+02
 -1.0947E-01 -2.0680E+00  3.4751E+01  7.1826E-01  1.7877E+02  5.6253E+01 -1.6070E+02
 -1.0804E-01 -2.0631E+00  3.4751E+01  7.1937E-01  1.7877E+02  5.6264E+01 -1.6075E+02
 -1.0660E-01 -2.0582E+00  3.4751E+01  7.2046E-01  1.7877E+02  5.6274E+01 -1.6080E+02
 -1.0503E-01 -2.0528E+00  3.4751E+01  7.2165E-01  1.7877E+02  5.6285E+01 -1.6085E+02
 -1.0359E-01 -2.0479E+00  3.4751E+01  7.2272E-01  1.7876E+02  5.6295E+01 -1.6090E+02
 -1.0216E-01 -2.0430E+00  3.4751E+01  7.2379E-01  1.7876E+02  5.6305E+01 -1.6095E+02
 -1.0059E-01 -2.0377E+00  3.4751E+01  7.2493E-01  1.7876E+02  5.6316E+01 -1.6100E+02
 -9.9149E-02 -2.0328E+00  3.4751E+01  7.2597E-01  1.7876E+02  5.6326E+01 -1.6105E+02
 -9.7708E-02 -2.0279E+00  3.4751E+01  7.2700E-01  1.7876E+02  5.6335E+01 -1.6109E+02
 -9.6146E-02 -2.0226E+00  3.4751E+01  7.2811E-01  1.7876E+02  5.6346E+01 -1.6114E+02
 -9.4703E-02 -2.0177E+00  3.4751E+01  7.2911E-01  1.7876E+02  5.6355E+01 -1.6119E+02
 -9.3260E-02 -2.0128E+00  3.4751E+01  7.3011E-01  1.7876E+02  5.6364E+01 -1.6123E+02
 -9.1703E-02 -2.0075E+00  3.4751E+01  7.3116E-01  1.7876E+02  5.6374E+01 -1.6128E+02
 -9.0258E-02 -2.0026E+00  3.4751E+01  7.3214E-01  1.7876E+02  5.6383E+01 -1.6132E+02
 -8.8812E-02 -1.9977E+00  3.4751E+01  7.3309E-01  1.7876E+02  5.6391E+01 -1.6136E+02
 -8.7261E-02 -1.9924E+00  3.4751E+01  7.3411E-01  1.7876E+02  5.6400E+01 -1.6141E+02
 -8.5813E-02 -1.9875E+00  3.4751E+01  7.3504E-01  1.7876E+02  5.6409E+01 -1.6145E+02
 -8.4365E-02 -1.9826E+00  3.4751E+01  7.3596E-01  1.7876E+02  5.6417E+01 -1.6149E+02
 -8.2916E-02 -1.9777E+00  3.4751E+01  7.3687E-01  1.7876E+02  5.6425E+01 -1.6152E+02
 -8.1337E-02 -1.9724E+00  3.4751E+01  7.3785E-01  1.7876E+02  5.6434E+01 -1.6157E+02
 -7.9886E-02 -1.9675E+00  3.4751E+01  7.3873E-01  1.7875E+02  5.6442E+01 -1.6160E+02
 -7.8435E-02 -1.9626E+00  3.4751E+01  7.3960E-01  1.7875E+02  5.6450E+01 -1.6164E+02
 -7.6984E-02 -1.9577E+00  3.4751E+01  7.4046E-01  1.7875E+02  5.6457E+01 -1.6168E+02
 -7.5413E-02 -1.9524E+00  3.4751E+01  7.4137E-01  1.7875E+02  5.6465E+01 -1.6171E+02
 -7.3960E-02 -1.9475E+00  3.4751E+01  7.4220E-01  1.7875E+02  5.6473E+01 -1.6175E+02
 -7.2506E-02 -1.9426E+00  3.4751E+01  7.4302E-01  1.7875E+02  5.6480E+01 -1.6178E+02
 -7.1052E-02 -1.9377E+00  3.4751E+01  7.4382E-01  1.7875E+02  5.6487E+01 -1.6182E+02
 -6.9489E-02 -1.9324E+00  3.4751E+01  7.4467E-01  1.7875E+02  5.6494E+01 -1.6185E+02
 -6.8034E-02 -1.9275E+00  3.4751E+01  7.4544E-01  1.7875E+02  5.6501E+01 -1.6188E+02
 -6.6578E-02 -1.9226E+00  3.4751E+01  7.4620E-01  1.7875E+02  5.6508E+01 -1.6192E+02
 -6.5121E-02 -1.9177E+00  3.4751E+01  7.4695E-01  1.7875E+02  5.6514E+01 -1.6195E+02
 -6.3664E-02 -1.9128E+00  3.4751E+01  7.4768E-01  1.7875E+02  5.6520E+01 -1.6198E+02
 -6.2084E-02 -1.9075E+00  3.4751E+01  7.4846E-01  1.7875E+02  5.6527E+01 -1.6201E+02
 -6.0626E-02 -1.9026E+00  3.4751E+01  7.4916E-01  1.7875E+02  5.6533E+01 -1.6204E+02
 -5.9168E-02 -1.8977E+00  3.4751E+01  7.4985E-01  1.7875E+02  5.6539E+01 -1.6206E+02
 -5.7709E-02 -1.8928E+00  3.4751E+01  7.5052E-01  1.7874E+02  5.6545E+01 -1.6209E+02
 -5.6249E-02 -1.8879E+00  3.4751E+01  7.5118E-01  1.7874E+02  5.6550E+01 -1.6212E+02
 -5.4680E-02 -1.8827E+00  3.4751E+01  7.5188E-01  1.7874E+02  5.6556E+01 -1.6215E+02
 -5.3219E-02 -1.8778E+00  3.4751E+01  7.5250E-01  1.7874E+02  5.6561E+01 -1.6217E+02
 -5.1758E-02 -1.8729E+00  3.4751E+01  7.5312E-01  1.7874E+02  5.6567E+01 -1.6219E+02
 -5.0297E-02 -1.8680E+00  3.4751E+01  7.5372E-01  1.7874E+02  5.6572E+01 -1.6222E+02
 -4.8835E-02 -1.8631E+00  3.4751E+01  7.5430E-01  1.7874E+02  5.6577E+01 -1.6224E+02
 -4.7373E-02 -1.8582E+00  3.4751E+01  7.5487E-01  1.7874E+02  5.6581E+01 -1.6226E+02
 -4.5794E-02 -1.8529E+00  3.4751E+01  7.5546E-01  1.7874E+02  5.6586E+01 -1.6229E+02
 -4.4331E-02 -1.8480E+00  3.4751E+01  7.5600E-01  1.7874E+02  5.6591E+01 -1.6231E+02
 -4.2867E-02 -1.8431E+00  3.4751E+01  7.5651E-01  1.7874E+02  5.6595E+01 -1.6233E+02
 -4.1404E-02 -1.8382E+00  3.4751E+01  7.5702E-01  1.7874E+02  5.6599E+01 -1.6235E+02
 -3.9940E-02 -1.8333E+00  3.4751E+01  7.5750E-01  1.7874E+02  5.6603E+01 -1.6237E+02
 -3.8475E-02 -1.8284E+00  3.4751E+01  7.5798E-01  1.7873E+02  5.6607E+01 -1.6238E+02
 -3.6908E-02 -1.8231E+00  3.4751E+01  7.5846E-01  1.7873E+02  5.6611E+01 -1.6240E+02
 -3.5443E-02 -1.8182E+00  3.4751E+01  7.5890E-01  1.7873E+02  5.6614E+01 -1.6242E+02
 -3.3978E-02 -1.8133E+00  3.4751E+01  7.5932E-01  1.7873E+02  5.6618E+01 -1.6243E+02
 -3.2512E-02 -1.8084E+00  3.4751E+01  7.5972E-01  1.7873E+02  5.6621E+01 -1.6245E+02
 -3.1046E-02 -1.8035E+00  3.4751E+01  7.6011E-01  1.7873E+02  5.6624E+01 -1.6246E+02
 -2.9580E-02 -1.7986E+00  3.4751E+01  7.6048E-01  1.7873E+02  5.6627E+01 -1.6248E+02
 -2.8113E-02 -1.7937E+00  3.4751E+01  7.6083E-01  1.7873E+02  5.6630E+01 -1.6249E+02
 -2.6542E-02 -1.7885E+00  3.4751E+01  7.6119E-01  1.7873E+02  5.6633E+01 -1.6250E+02
 -2.5075E-02 -1.7836E+00  3.4751E+01  7.6151E-01  1.7873E+02  5.6635E+01 -1.6252E+02
 -2.3608E-02 -1.7787E+00  3.4751E+01  7.6181E-01  1.7872E+02  5.6638E+01 -1.6253E+02
 -2.2140E-02 -1.7738E+00  3.4751E+01  7.6209E-01  1.7872E+02  5.6640E+01 -1.6254E+02
 -2.0673E-02 -1.7689E+00  3.4751E+01  7.6235E-01  1.7872E+02  5.6642E+01 -1.6255E+02
 -1.9205E-02 -1.7640E+00  3.4751E+01  7.6260E-01  1.7872E+02  5.6644E+01 -1.6255E+02
 -1.7737E-02 -1.7591E+00  3.4751E+01  7.6282E-01  1.7872E+02  5.6645E+01 -1.6256E+02
 -1.6269E-02 -1.7542E+00  3.4751E+01  7.6304E-01  1.7872E+02  5.6647E+01 -1.6257E+02
 -1.4694E-02 -1.7489E+00  3.4751E+01  7.6324E-01  1.7872E+02  5.6648E+01 -1.6258E+02
 -1.3226E-02 -1.7440E+00  3.4751E+01  7.6341E-01  1.7872E+02  5.6649E+01 -1.6258E+02
 -1.1757E-02 -1.7391E+00  3.4751E+01  7.6357E-01  1.7872E+02  5.6650E+01 -1.6259E+02
 -1.0289E-02 -1.7342E+00  3.4751E+01  7.6371E-01  1.7871E+02  5.6651E+01 -1.6259E+02
 -8.8205E-03 -1.7293E+00  3.4751E+01  7.6383E-01  1.7871E+02  5.6651E+01 -1.6260E+02
 -7.3519E-03 -1.7244E+00  3.4751E+01  7.6393E-01  1.7871E+02  5.6652E+01 -1.6260E+02
 -5.8833E-03 -1.7195E+00  3.4751E+01  7.6402E-01  1.7871E+02  5.6652E+01 -1.6260E+02
 -4.4146E-03 -1.7146E+00  3.4751E+01  7.6410E-01  1.7871E+02  5.6652E+01 -1.6260E+02
 -2.9458E-03 -1.7097E+00  3.4751E+01  7.6416E-01  1.7871E+02  5.6652E+01 -1.6260E+02
 -1.3655E-03 -1.7044E+00  3.4751E+01  7.6421E-01  1.7871E+02  5.6652E+01 -1.6261E+02
  1.0327E-04 -1.6995E+00  3.4751E+01  7.6425E-01  1.7871E+02  5.6651E+01 -1.6261E+02
  1.5721E-03 -1.6946E+00  3.4751E+01  7.6427E-01  1.7870E+02  5.6651E+01 -1.6261E+02
  3.0409E-03 -1.6897E+00  3.4751E+01  7.6429E-01  1.7870E+02  5.6651E+01 -1.6261E+02
  4.5097E-03 -1.6848E+00  3.4751E+01  7.6431E-01  1.7870E+02  5.6650E+01 -1.6261E+02
  5.9785E-03 -1.6799E+00  3.4751E+01  7.6432E-01  1.7870E+02  5.6650E+01 -1.6260E+02
  7.4473E-03 -1.6750E+00  3.4751E+01  7.6433E-01  1.7870E+02  5.6650E+01 -1.6260E+02
  8.9161E-03 -1.6701E+00  3.4751E+01  7.6433E-01  1.7870E+02  5.6649E+01 -1.6260E+02
  1.0385E-02 -1.6652E+00  3.4751E+01  7.6433E-01  1.7870E+02  5.6649E+01 -1.6260E+02
  1.1963E-02 -1.6600E+00  3.4751E+01  7.6433E-01  1.7869E+02  5.6649E+01 -1.6260E+02
  1.3432E-02 -1.6551E+00  3.4751E+01  7.6433E-01  1.7869E+02  5.6648E+01 -1.6260E+02
  1.4901E-02 -1.6502E+00  3.4751E+01  7.6433E-01  1.7869E+02  5.6648E+01 -1.6260E+02
  1.6369E-02 -1.6453E+00  3.4751E+01  7.6433E-01  1.7869E+02  5.6648E+01 -1.6260E+02
  1.7838E-02 -1.6404E+00  3.4751E+01  7.6433E-01  1.7869E+02  5.6648E+01 -1.6259E+02
  1.9307E-02 -1.6355E+00  3.4751E+01  7.6432E-01  1.7869E+02  5.6647E+01 -1.6259E+02
  2.0776E-02 -1.6306E+00  3.4751E+01  7.6432E-01  1.7869E+02  5.6647E+01 -1.6259E+02
  2.2245E-02 -1.6257E+00  3.4751E+01  7.6432E-01  1.7869E+02  5.6647E+01 -1.6259E+02
  2.3714E-02 -1.6208E+00  3.4751E+01  7.6431E-01  1.7869E+02  5.6647E+01 -1.6259E+02
  2.5292E-02 -1.6155E+00  3.4751E+01  7.6431E-01  1.7868E+02  5.6647E+01 -1.6259E+02
  2.6760E-02 -1.6106E+00  3.4751E+01  7.6431E-01  1.7868E+02  5.6647E+01 -1.6259E+02
  2.8229E-02 -1.6057E+00  3.4751E+01  7.6430E-01  1.7868E+02  5.6646E+01 -1.6259E+02
  2.9698E-02 -1.6008E+00  3.4751E+01  7.6430E-01  1.7868E+02  5.6646E+01 -1.6258E+02
  3.1167E-02 -1.5959E+00  3.4751E+01  7.6429E-01  1.7868E+02  5.6646E+01 -1.6258E+02
  3.2636E-02 -1.5910E+00  3.4751E+01  7.6429E-01  1.7868E+02  5.6646E+01 -1.6258E+02
  3.4105E-02 -1.5861E+00  3.4751E+01  7.6429E-01  1.7868E+02  5.6646E+01 -1.6258E+02
  3.5573E-02 -1.5812E+00  3.4751E+01  7.6428E-01  1.7868E+02  5.6646E+01 -1.6258E+02
  3.7042E-02 -1.5763E+00  3.4751E+01  7.6428E-01  1.7868E+02  5.6646E+01 -1.6258E+02
  3.8620E-02 -1.5711E+00  3.4751E+01  7.6427E-01  1.7867E+02  5.6645E+01 -1.6258E+02
  4.0089E-02 -1.5662E+00  3.4751E+01  7.6427E-01  1.7867E+02  5.6645E+01 -1.6258E+02
  4.1558E-02 -1.5613E+00  3.4751E+01  7.6427E-01  1.7867E+02  5.6645E+01 -1.6257E+02
  4.3027E-02 -1.5564E+00  3.4751E+01  7.6426E-01  1.7867E+02  5.6645E+01 -1.6257E+02
  4.4495E-02 -1.5515E+00  3.4751E+01  7.6426E-01  1.7867E+02  5.6645E+01 -1.6257E+02
  4.5964E-02 -1.5466E+00  3.4751E+01  7.6425E-01  1.7867E+02  5.6645E+01 -1.6257E+02
  4.7433E-02 -1.5417E+00  3.4751E+01  7.6425E-01  1.7867E+02  5.6645E+01 -1.6257E+02
  4.8902E-02 -1.5368E+00  3.4751E+01  7.6425E-01  1.7867E+02  5.6645E+01 -1.6257E+02
  5.0371E-02 -1.5319E+00  3.4751E+01  7.6424E-01  1.7867E+02  5.6645E+01 -1.6257E+02
  5.1949E-02 -1.5266E+00  3.4751E+01  7.6424E-01  1.7867E+02  5.6645E+01 -1.6257E+02
  5.3418E-02 -1.5217E+00  3.4751E+01  7.6423E-01  1.7867E+02  5.6645E+01 -1.6257E+02
  5.4886E-02 -1.5168E+00  3.4751E+01  7.6423E-01  1.7866E+02  5.6645E+01 -1.6256E+02
  5.6355E-02 -1.5119E+00  3.4751E+01  7.6423E-01  1.7866E+02  5.6645E+01 -1.6256E+02
  5.7824E-02 -1.5070E+00  3.4751E+01  7.6422E-01  1.7866E+02  5.6645E+01 -1.6256E+02
  5.9293E-02 -1.5021E+00  3.4751E+01  7.6422E-01  1.7866E+02  5.6645E+01 -1.6256E+02
  6.0762E-02 -1.4972E+00  3.4751E+01  7.6421E-01  1.7866E+02  5.6644E+01 -1.6256E+02
  6.2230E-02 -1.4923E+00  3.4751E+01  7.6421E-01  1.7866E+02  5.6644E+01 -1.6256E+02
  6.3699E-02 -1.4874E+00  3.4751E+01  7.6421E-01  1.7866E+02  5.6644E+01 -1.6256E+02
  6.5277E-02 -1.4821E+00  3.4751E+01  7.6420E-01  1.7866E+02  5.6644E+01 -1.6256E+02
  6.6746E-02 -1.4772E+00  3.4751E+01  7.6420E-01  1.7866E+02  5.6644E+01 -1.6256E+02
  6.8215E-02 -1.4723E+00  3.4751E+01  7.6419E-01  1.7866E+02  5.6644E+01 -1.6256E+02
  6.9684E-02 -1.4674E+00  3.4751E+01  7.6419E-01  1.7866E+02  5.6644E+01 -1.6255E+02
  7.1153E-02 -1.4625E+00  3.4751E+01  7.6419E-01  1.7866E+02  5.6644E+01 -1.6255E+02
  7.2621E-02 -1.4576E+00  3.4751E+01  7.6418E-01  1.7866E+02  5.6644E+01 -1.6255E+02
  7.4090E-02 -1.4527E+00  3.4751E+01  7.6418E-01  1.7865E+02  5.6644E+01 -1.6255E+02
  7.5559E-02 -1.4478E+00  3.4751E+01  7.6417E-01  1.7865E+02  5.6644E+01 -1.6255E+02
  7.7028E-02 -1.4429E+00  3.4751E+01  7.6417E-01  1.7865E+02  5.6644E+01 -1.6255E+02
  7.8606E-02 -1.4377E+00  3.4751E+01  7.6417E-01  1.7865E+02  5.6644E+01 -1.6255E+02
  8.0075E-02 -1.4328E+00  3.4751E+01  7.6416E-01  1.7865E+02  5.6644E+01 -1.6255E+02
  8.1543E-02 -1.4279E+00  3.4751E+01  7.6416E-01  1.7865E+02  5.6644E+01 -1.6255E+02
  8.3012E-02 -1.4230E+00  3.4751E+01  7.6415E-01  1.7865E+02  5.6644E+01 -1.6255E+02
  8.4481E-02 -1.4181E+00  3.4751E+01  7.6415E-01  1.7865E+02  5.6644E+01 -1.6254E+02
  8.5950E-02 -1.4132E+00  3.4751E+01  7.6415E-01  1.7865E+02  5.6644E+01 -1.6254E+02
  8.7419E-02 -1.4083E+00  3.4751E+01  7.6414E-01  1.7865E+02  5.6644E+01 -1.6254E+02
  8.8888E-02 -1.4034E+00  3.4751E+01  7.6414E-01  1.7865E+02  5.6644E+01 -1.6254E+02
  9.0356E-02 -1.3985E+00  3.4751E+01  7.6413E-01  1.7865E+02  5.6644E+01 -1.6254E+02
  9.1934E-02 -1.3932E+00  3.4751E+01  7.6413E-01  1.7865E+02  5.6644E+01 -1.6254E+02
  9.3403E-02 -1.3883E+00  3.4751E+01  7.6413E-01  1.7865E+02  5.6644E+01 -1.6254E+02
  9.4872E-02 -1.3834E+00  3.4751E+01  7.6412E-01  1.7864E+02  5.6644E+01 -1.6254E+02
  9.6341E-02 -1.3785E+00  3.4751E+01  7.6412E-01  1.7864E+02  5.6644E+01 -1.6254E+02
  9.7810E-02 -1.3736E+00  3.4751E+01  7.6411E-01  1.7864E+02  5.6644E+01 -1.6254E+02
  9.9278E-02 -1.3687E+00  3.4751E+01  7.6411E-01  1.7864E+02  5.6644E+01 -1.6254E+02
  1.0075E-01 -1.3638E+00  3.4751E+01  7.6411E-01  1.7864E+02  5.6644E+01 -1.6253E+02
  1.0222E-01 -1.3589E+00  3.4751E+01  7.6410E-01  1.7864E+02  5.6644E+01 -1.6253E+02
  1.0368E-01 -1.3540E+00  3.4751E+01  7.6410E-01  1.7864E+02  5.6644E+01 -1.6253E+02
  1.0526E-01 -1.3487E+00  3.4751E+01  7.6409E-01  1.7864E+02  5.6644E+01 -1.6253E+02
  1.0673E-01 -1.3438E+00  3.4751E+01  7.6409E-01  1.7864E+02  5.6644E+01 -1.6253E+02
  1.0820E-01 -1.3389E+00  3.4751E+01  7.6409E-01  1.7864E+02  5.6644E+01 -1.6253E+02
  1.0967E-01 -1.3340E+00  3.4751E+01  7.6408E-01  1.7864E+02  5.6644E+01 -1.6253E+02
  1.1114E-01 -1.3291E+00  3.4751E+01  7.6408E-01  1.7864E+02  5.6644E+01 -1.6253E+02
  1.1261E-01 -1.3242E+00  3.4751E+01  7.6407E-01  1.7864E+02  5.6644E+01 -1.6253E+02
  1.1408E-01 -1.3193E+00  3.4751E+01  7.6407E-01  1.7864E+02  5.6644E+01 -1.6253E+02
  1.1554E-01 -1.3144E+00  3.4751E+01  7.6407E-01  1.7864E+02  5.6644E+01 -1.6253E+02
  1.1701E-01 -1.3095E+00  3.4751E+01  7.6406E-01  1.7863E+02  5.6644E+01 -1.6252E+02
  1.1859E-01 -1.3043E+00  3.4751E+01  7.6406E-01  1.7863E+02  5.6644E+01 -1.6252E+02
  1.2006E-01 -1.2994E+00  3.4751E+01  7.6405E-01  1.7863E+02  5.6644E+01 -1.6252E+02
  1.2153E-01 -1.2945E+00  3.4751E+01  7.6405E-01  1.7863E+02  5.6644E+01 -1.6252E+02
  1.2300E-01 -1.2896E+00  3.4751E+01  7.6405E-01  1.7863E+02  5.6644E+01 -1.6252E+02
  1.2447E-01 -1.2847E+00  3.4751E+01  7.6404E-01  1.7863E+02  5.6644E+01 -1.6252E+02
  1.2594E-01 -1.2798E+00  3.4751E+01  7.6404E-01  1.7863E+02  5.6644E+01 -1.6252E+02
  1.2740E-01 -1.2749E+00  3.4751E+01  7.6403E-01  1.7863E+02  5.6644E+01 -1.6252E+02
  1.2887E-01 -1.2700E+00  3.4751E+01  7.6403E-01  1.7863E+02  5.6644E+01 -1.6252E+02
  1.3034E-01 -1.2651E+00  3.4751E+01  7.6403E-01  1.7863E+02  5.6644E+01 -1.6252E+02
  1.3192E-01 -1.2598E+00  3.4751E+01  7.6402E-01  1.7863E+02  5.6644E+01 -1.6252E+02
  1.3339E-01 -1.2549E+00  3.4751E+01  7.6402E-01  1.7863E+02  5.6644E+01 -1.6252E+02
  1.3486E-01 -1.2500E+00  3.4751E+01  7.6401E-01  1.7863E+02  5.6644E+01 -1.6251E+02
  1.3633E-01 -1.2451E+00  3.4751E+01  7.6401E-01  1.7863E+02  5.6644E+01 -1.6251E+02
  1.3780E-01 -1.2402E+00  3.4751E+01  7.6401E-01  1.7863E+02  5.6644E+01 -1.6251E+02
  1.3926E-01 -1.2353E+00  3.4751E+01  7.6400E-01  1.7863E+02  5.6644E+01 -1.6251E+02
  1.4073E-01 -1.2304E+00  3.4751E+01  7.6400E-01  1.7862E+02  5.6644E+01 -1.6251E+02
  1.4220E-01 -1.2255E+00  3.4751E+01  7.6399E-01  1.7862E+02  5.6644E+01 -1.6251E+02
  1.4367E-01 -1.2206E+00  3.4751E+01  7.6399E-01  1.7862E+02  5.6644E+01 -1.6251E+02
  1.4525E-01 -1.2153E+00  3.4751E+01  7.6399E-01  1.7862E+02  5.6644E+01 -1.6251E+02
  1.4672E-01 -1.2104E+00  3.4751E+01  7.6398E-01  1.7862E+02  5.6644E+01 -1.6251E+02
  1.4819E-01 -1.2055E+00  3.4751E+01  7.6398E-01  1.7862E+02  5.6645E+01 -1.6251E+02
  1.4965E-01 -1.2006E+00  3.4751E+01  7.6397E-01  1.7862E+02  5.6645E+01 -1.6251E+02
  1.5112E-01 -1.1957E+00  3.4751E+01  7.6397E-01  1.7862E+02  5.6645E+01 -1.6251E+02
  1.5259E-01 -1.1908E+00  3.4751E+01  7.6397E-01  1.7862E+02  5.6645E+01 -1.6250E+02
  1.5406E-01 -1.1859E+00  3.4751E+01  7.6396E-01  1.7862E+02  5.6645E+01 -1.6250E+02
  1.5553E-01 -1.1810E+00  3.4751E+01  7.6396E-01  1.7862E+02  5.6645E+01 -1.6250E+02
  1.5700E-01 -1.1761E+00  3.4751E+01  7.6395E-01  1.7862E+02  5.6645E+01 -1.6250E+02
  1.5858E-01 -1.1709E+00  3.4751E+01  7.6395E-01  1.7862E+02  5.6645E+01 -1.6250E+02
  1.6005E-01 -1.1660E+00  3.4751E+01  7.6395E-01  1.7862E+02  5.6645E+01 -1.6250E+02
  1.6151E-01 -1.1611E+00  3.4751E+01  7.6394E-01  1.7862E+02  5.6645E+01 -1.6250E+02
  1.6298E-01 -1.1562E+00  3.4751E+01  7.6394E-01  1.7862E+02  5.6645E+01 -1.6250E+02
  1.6445E-01 -1.1513E+00  3.4751E+01  7.6393E-01  1.7862E+02  5.6645E+01 -1.6250E+02
  1.6592E-01 -1.1464E+00  3.4751E+01  7.6393E-01  1.7862E+02  5.6645E+01 -1.6250E+02
  1.6739E-01 -1.1415E+00  3.4751E+01  7.6393E-01  1.7862E+02  5.6645E+01 -1.6250E+02
  1.6886E-01 -1.1366E+00  3.4751E+01  7.6392E-01  1.7861E+02  5.6645E+01 -1.6250E+02
  1.7033E-01 -1.1317E+00  3.4751E+01  7.6392E-01  1.7861E+02  5.6645E+01 -1.6249E+02
  1.7191E-01 -1.1264E+00  3.4751E+01  7.6391E-01  1.7861E+02  5.6645E+01 -1.6249E+02
  1.7337E-01 -1.1215E+00  3.4751E+01  7.6391E-01  1.7861E+02  5.6645E+01 -1.6249E+02
  1.7484E-01 -1.1166E+00  3.4751E+01  7.6391E-01  1.7861E+02  5.6645E+01 -1.6249E+02
  1.7631E-01 -1.1117E+00  3.4751E+01  7.6390E-01  1.7861E+02  5.6646E+01 -1.6249E+02
  1.7778E-01 -1.1068E+00  3.4751E+01  7.6390E-01  1.7861E+02  5.6646E+01 -1.6249E+02
  1.7925E-01 -1.1019E+00  3.4751E+01  7.6389E-01  1.7861E+02  5.6646E+01 -1.6249E+02
  1.8072E-01 -1.0970E+00  3.4751E+01  7.6389E-01  1.7861E+02  5.6646E+01 -1.6249E+02
  1.8219E-01 -1.0921E+00  3.4751E+01  7.6389E-01  1.7861E+02  5.6646E+01 -1.6249E+02
  1.8366E-01 -1.0872E+00  3.4751E+01  7.6388E-01  1.7861E+02  5.6646E+01 -1.6249E+02
  1.8523E-01 -1.0819E+00  3.4751E+01  7.6388E-01  1.7861E+02  5.6646E+01 -1.6249E+02
  1.8670E-01 -1.0770E+00  3.4751E+01  7.6387E-01  1.7861E+02  5.6646E+01 -1.6249E+02
  1.8817E-01 -1.0721E+00  3.4751E+01  7.6387E-01  1.7861E+02  5.6646E+01 -1.6249E+02
  1.8964E-01 -1.0672E+00  3.4751E+01  7.6387E-01  1.7861E+02  5.6646E+01 -1.6248E+02
  1.9111E-01 -1.0623E+00  3.4751E+01  7.6386E-01  1.7861E+02  5.6646E+01 -1.6248E+02
  1.9258E-01 -1.0574E+00  3.4751E+01  7.6386E-01  1.7861E+02  5.6646E+01 -1.6248E+02
  1.9405E-01 -1.0525E+00  3.4751E+01  7.6385E-01  1.7861E+02  5.6646E+01 -1.6248E+02
  1.9552E-01 -1.0476E+00  3.4751E+01  7.6385E-01  1.7861E+02  5.6646E+01 -1.6248E+02
  1.9698E-01 -1.0427E+00  3.4751E+01  7.6385E-01  1.7860E+02  5.6646E+01 -1.6248E+02
  1.9856E-01 -1.0375E+00  3.4751E+01  7.6384E-01  1.7860E+02  5.6646E+01 -1.6248E+02
  2.0003E-01 -1.0326E+00  3.4751E+01  7.6384E-01  1.7860E+02  5.6646E+01 -1.6248E+02
  2.0150E-01 -1.0277E+00  3.4751E+01  7.6383E-01  1.7860E+02  5.6647E+01 -1.6248E+02
  2.0297E-01 -1.0228E+00  3.4751E+01  7.6383E-01  1.7860E+02  5.6647E+01 -1.6248E+02
  2.0444E-01 -1.0179E+00  3.4751E+01  7.6383E-01  1.7860E+02  5.6647E+01 -1.6248E+02
  2.0591E-01 -1.0130E+00  3.4751E+01  7.6382E-01  1.7860E+02  5.6647E+01 -1.6248E+02
  2.0738E-01 -1.0081E+00  3.4751E+01  7.6382E-01  1.7860E+02  5.6647E+01 -1.6248E+02
  2.0884E-01 -1.0032E+00  3.4751E+01  7.6381E-01  1.7860E+02  5.6647E+01 -1.6247E+02
  2.1031E-01 -9.9828E-01  3.4751E+01  7.6381E-01  1.7860E+02  5.6647E+01 -1.6247E+02
  2.1189E-01 -9.9302E-01  3.4751E+01  7.6381E-01  1.7860E+02  5.6647E+01 -1.6247E+02
  2.1336E-01 -9.8812E-01  3.4751E+01  7.6380E-01  1.7860E+02  5.6647E+01 -1.6247E+02
  2.1483E-01 -9.8322E-01  3.4751E+01  7.6380E-01  1.7860E+02  5.6647E+01 -1.6247E+02
  2.1630E-01 -9.7832E-01  3.4751E+01  7.6379E-01  1.7860E+02  5.6647E+01 -1.6247E+02
  2.1777E-01 -9.7342E-01  3.4751E+01  7.6379E-01  1.7860E+02  5.6647E+01 -1.6247E+02
  2.1924E-01 -9.6852E-01  3.4751E+01  7.6379E-01  1.7860E+02  5.6647E+01 -1.6247E+02
  2.2070E-01 -9.6362E-01  3.4751E+01  7.6378E-01  1.7860E+02  5.6647E+01 -1.6247E+02
  2.2217E-01 -9.5872E-01  3.4751E+01  7.6378E-01  1.7860E+02  5.6648E+01 -1.6247E+02
  2.2364E-01 -9.5382E-01  3.4751E+01  7.6377E-01  1.7860E+02  5.6648E+01 -1.6247E+02
  2.2522E-01 -9.4855E-01  3.4751E+01  7.6377E-01  1.7860E+02  5.6648E+01 -1.6247E+02
  2.2669E-01 -9.4365E-01  3.4751E+01  7.6377E-01  1.7860E+02  5.6648E+01 -1.6247E+02
  2.2816E-01 -9.3875E-01  3.4751E+01  7.6376E-01  1.7859E+02  5.6648E+01 -1.6247E+02
  2.2963E-01 -9.3385E-01  3.4751E+01  7.6376E-01  1.7859E+02  5.6648E+01 -1.6246E+02
  2.3110E-01 -9.2895E-01  3.4751E+01  7.6375E-01  1.7859E+02  5.6648E+01 -1.6246E+02
  2.3256E-01 -9.2405E-01  3.4751E+01  7.6375E-01  1.7859E+02  5.6648E+01 -1.6246E+02
  2.3403E-01 -9.1915E-01  3.4751E+01  7.6375E-01  1.7859E+02  5.6648E+01 -1.6246E+02
  2.3550E-01 -9.1425E-01  3.4751E+01  7.6374E-01  1.7859E+02  5.6648E+01 -1.6246E+02
  2.3697E-01 -9.0935E-01  3.4751E+01  7.6374E-01  1.7859E+02  5.6648E+01 -1.6246E+02
  2.3855E-01 -9.0409E-01  3.4751E+01  7.6373E-01  1.7859E+02  5.6648E+01 -1.6246E+02
  2.4002E-01 -8.9919E-01  3.4751E+01  7.6373E-01  1.7859E+02  5.6649E+01 -1.6246E+02
  2.4149E-01 -8.9429E-01  3.4751E+01  7.6373E-01  1.7859E+02  5.6649E+01 -1.6246E+02
  2.4295E-01 -8.8939E-01  3.4751E+01  7.6372E-01  1.7859E+02  5.6649E+01 -1.6246E+02
  2.4442E-01 -8.8449E-01  3.4751E+01  7.6372E-01  1.7859E+02  5.6649E+01 -1.6246E+02
  2.4589E-01 -8.7959E-01  3.4751E+01  7.6371E-01  1.7859E+02  5.6649E+01 -1.6246E+02
  2.4736E-01 -8.7469E-01  3.4751E+01  7.6371E-01  1.7859E+02  5.6649E+01 -1.6246E+02
  2.4883E-01 -8.6979E-01  3.4751E+01  7.6371E-01  1.7859E+02  5.6649E+01 -1.6246E+02
  2.5030E-01 -8.6489E-01  3.4751E+01  7.6370E-01  1.7859E+02  5.6649E+01 -1.6245E+02
  2.5188E-01 -8.5962E-01  3.4751E+01  7.6370E-01  1.7859E+02  5.6649E+01 -1.6245E+02
  2.5335E-01 -8.5472E-01  3.4751E+01  7.6369E-01  1.7859E+02  5.6649E+01 -1.6245E+02
  2.5481E-01 -8.4982E-01  3.4751E+01  7.6369E-01  1.7859E+02  5.6649E+01 -1.6245E+02
  2.5628E-01 -8.4492E-01  3.4751E+01  7.6369E-01  1.7859E+02  5.6650E+01 -1.6245E+02
  2.5775E-01 -8.4002E-01  3.4751E+01  7.6368E-01  1.7859E+02  5.6650E+01 -1.6245E+02
  2.5922E-01 -8.3512E-01  3.4751E+01  7.6368E-01  1.7859E+02  5.6650E+01 -1.6245E+02
  2.6069E-01 -8.3022E-01  3.4751E+01  7.6367E-01  1.7858E+02  5.6650E+01 -1.6245E+02
  2.6216E-01 -8.2532E-01  3.4751E+01  7.6367E-01  1.7858E+02  5.6650E+01 -1.6245E+02
  2.6363E-01 -8.2042E-01  3.4751E+01  7.6367E-01  1.7858E+02  5.6650E+01 -1.6245E+02
  2.6521E-01 -8.1516E-01  3.4751E+01  7.6366E-01  1.7858E+02  5.6650E+01 -1.6245E+02
  2.6667E-01 -8.1026E-01  3.4751E+01  7.6366E-01  1.7858E+02  5.6650E+01 -1.6245E+02
  2.6814E-01 -8.0536E-01  3.4751E+01  7.6365E-01  1.7858E+02  5.6650E+01 -1.6245E+02
  2.6961E-01 -8.0046E-01  3.4751E+01  7.6365E-01  1.7858E+02  5.6650E+01 -1.6245E+02
  2.7108E-01 -7.9556E-01  3.4751E+01  7.6365E-01  1.7858E+02  5.6650E+01 -1.6244E+02
  2.7255E-01 -7.9066E-01  3.4751E+01  7.6364E-01  1.7858E+02  5.6651E+01 -1.6244E+02
  2.7402E-01 -7.8576E-01  3.4751E+01  7.6364E-01  1.7858E+02  5.6651E+01 -1.6244E+02
  2.7549E-01 -7.8086E-01  3.4751E+01  7.6363E-01  1.7858E+02  5.6651E+01 -1.6244E+02
  2.7696E-01 -7.7596E-01  3.4751E+01  7.6363E-01  1.7858E+02  5.6651E+01 -1.6244E+02
  2.7853E-01 -7.7069E-01  3.4751E+01  7.6363E-01  1.7858E+02  5.6651E+01 -1.6244E+02
  2.8000E-01 -7.6579E-01  3.4751E+01  7.6362E-01  1.7858E+02  5.6651E+01 -1.6244E+02
  2.8147E-01 -7.6089E-01  3.4751E+01  7.6362E-01  1.7858E+02  5.6651E+01 -1.6244E+02
  2.8294E-01 -7.5599E-01  3.4751E+01  7.6361E-01  1.7858E+02  5.6651E+01 -1.6244E+02
  2.8441E-01 -7.5109E-01  3.4751E+01  7.6361E-01  1.7858E+02  5.6651E+01 -1.6244E+02
  2.8588E-01 -7.4619E-01  3.4751E+01  7.6361E-01  1.7858E+02  5.6652E+01 -1.6244E+02
  2.8735E-01 -7.4129E-01  3.4751E+01  7.6360E-01  1.7858E+02  5.6652E+01 -1.6244E+02
  2.8882E-01 -7.3639E-01  3.4751E+01  7.6360E-01  1.7858E+02  5.6652E+01 -1.6244E+02
  2.9028E-01 -7.3149E-01  3.4751E+01  7.6359E-01  1.7858E+02  5.6652E+01 -1.6244E+02
  2.9186E-01 -7.2623E-01  3.4751E+01  7.6359E-01  1.7858E+02  5.6652E+01 -1.6243E+02
  2.9333E-01 -7.2133E-01  3.4751E+01  7.6359E-01  1.7858E+02  5.6652E+01 -1.6243E+02
  2.9480E-01 -7.1643E-01  3.4751E+01  7.6358E-01  1.7858E+02  5.6652E+01 -1.6243E+02
  2.9627E-01 -7.1153E-01  3.4751E+01  7.6358E-01  1.7857E+02  5.6652E+01 -1.6243E+02
  2.9774E-01 -7.0663E-01  3.4751E+01  7.6357E-01  1.7857E+02  5.6652E+01 -1.6243E+02
  2.9921E-01 -7.0173E-01  3.4751E+01  7.6357E-01  1.7857E+02  5.6652E+01 -1.6243E+02
  3.0068E-01 -6.9683E-01  3.4751E+01  7.6357E-01  1.7857E+02  5.6653E+01 -1.6243E+02
  3.0214E-01 -6.9193E-01  3.4751E+01  7.6356E-01  1.7857E+02  5.6653E+01 -1.6243E+02
  3.0361E-01 -6.8703E-01  3.4751E+01  7.6356E-01  1.7857E+02  5.6653E+01 -1.6243E+02
  3.0519E-01 -6.8177E-01  3.4751E+01  7.6355E-01  1.7857E+02  5.6653E+01 -1.6243E+02
  3.0666E-01 -6.7687E-01  3.4751E+01  7.6355E-01  1.7857E+02  5.6653E+01 -1.6243E+02
  3.0813E-01 -6.7197E-01  3.4751E+01  7.6355E-01  1.7857E+02  5.6653E+01 -1.6243E+02
  3.0960E-01 -6.6707E-01  3.4751E+01  7.6354E-01  1.7857E+02  5.6653E+01 -1.6243E+02
  3.1002E-01 -6.6567E-01  3.4751E+01  7.6354E-01  1.7857E+02  5.6653E+01 -1.6243E+02
  3.1107E-01 -6.6217E-01  3.4751E+01  7.6354E-01  1.7857E+02  5.6653E+01 -1.6243E+02
  3.1254E-01 -6.5727E-01  3.4751E+01  7.6353E-01  1.7857E+02  5.6653E+01 -1.6243E+02
  3.1400E-01 -6.5237E-01  3.4751E+01  7.6353E-01  1.7857E+02  5.6654E+01 -1.6242E+02
  3.1547E-01 -6.4747E-01  3.4751E+01  7.6353E-01  1.7857E+02  5.6654E+01 -1.6242E+02
  3.1694E-01 -6.4257E-01  3.4751E+01  7.6352E-01  1.7857E+02  5.6654E+01 -1.6242E+02
  3.1852E-01 -6.3730E-01  3.4751E+01  7.6352E-01  1.7857E+02  5.6654E+01 -1.6242E+02
  3.1999E-01 -6.3240E-01  3.4751E+01  7.6351E-01  1.7857E+02  5.6654E+01 -1.6242E+02
  3.2146E-01 -6.2750E-01  3.4751E+01  7.6351E-01  1.7857E+02  5.6654E+01 -1.6242E+02
  3.2293E-01 -6.2260E-01  3.4751E+01  7.6351E-01  1.7857E+02  5.6654E+01 -1.6242E+02
  3.2439E-01 -6.1770E-01  3.4751E+01  7.6350E-01  1.7857E+02  5.6654E+01 -1.6242E+02
  3.2586E-01 -6.1280E-01  3.4751E+01  7.6350E-01  1.7857E+02  5.6654E+01 -1.6242E+02
  3.2733E-01 -6.0790E-01  3.4751E+01  7.6349E-01  1.7857E+02  5.6655E+01 -1.6242E+02
  3.2880E-01 -6.0300E-01  3.4751E+01  7.6349E-01  1.7857E+02  5.6655E+01 -1.6242E+02
  3.3027E-01 -5.9810E-01  3.4751E+01  7.6349E-01  1.7857E+02  5.6655E+01 -1.6242E+02
  3.3185E-01 -5.9284E-01  3.4751E+01  7.6348E-01  1.7857E+02  5.6655E+01 -1.6242E+02
  3.3332E-01 -5.8794E-01  3.4751E+01  7.6348E-01  1.7857E+02  5.6655E+01 -1.6242E+02
  3.3479E-01 -5.8304E-01  3.4751E+01  7.6348E-01  1.7856E+02  5.6655E+01 -1.6242E+02
  3.3625E-01 -5.7814E-01  3.4751E+01  7.6347E-01  1.7856E+02  5.6655E+01 -1.6241E+02
  3.3772E-01 -5.7324E-01  3.4751E+01  7.6347E-01  1.7856E+02  5.6655E+01 -1.6241E+02
  3.3919E-01 -5.6834E-01  3.4751E+01  7.6347E-01  1.7856E+02  5.6656E+01 -1.6241E+02
  3.4066E-01 -5.6344E-01  3.4751E+01  7.6347E-01  1.7856E+02  5.6656E+01 -1.6241E+02
  3.4213E-01 -5.5854E-01  3.4751E+01  7.6346E-01  1.7856E+02  5.6656E+01 -1.6241E+02
  3.4360E-01 -5.5364E-01  3.4751E+01  7.6346E-01  1.7856E+02  5.6656E+01 -1.6241E+02
  3.4518E-01 -5.4837E-01  3.4751E+01  7.6346E-01  1.7856E+02  5.6656E+01 -1.6241E+02
  3.4665E-01 -5.4347E-01  3.4751E+01  7.6346E-01  1.7856E+02  5.6656E+01 -1.6241E+02
  3.4811E-01 -5.3857E-01  3.4751E+01  7.6346E-01  1.7856E+02  5.6656E+01 -1.6241E+02
  3.4958E-01 -5.3367E-01  3.4751E+01  7.6346E-01  1.7856E+02  5.6656E+01 -1.6241E+02
  3.5105E-01 -5.2877E-01  3.4751E+01  7.6345E-01  1.7856E+02  5.6656E+01 -1.6241E+02
  3.5252E-01 -5.2387E-01  3.4751E+01  7.6345E-01  1.7856E+02  5.6656E+01 -1.6241E+02
  3.5399E-01 -5.1897E-01  3.4751E+01  7.6345E-01  1.7856E+02  5.6657E+01 -1.6241E+02
  3.5546E-01 -5.1407E-01  3.4751E+01  7.6345E-01  1.7856E+02  5.6657E+01 -1.6241E+02
  3.5693E-01 -5.0917E-01  3.4751E+01  7.6345E-01  1.7856E+02  5.6657E+01 -1.6241E+02
  3.5851E-01 -5.0391E-01  3.4751E+01  7.6345E-01  1.7856E+02  5.6657E+01 -1.6241E+02
  3.5997E-01 -4.9901E-01  3.4751E+01  7.6345E-01  1.7856E+02  5.6657E+01 -1.6241E+02
  3.6144E-01 -4.9411E-01  3.4751E+01  7.6344E-01  1.7856E+02  5.6657E+01 -1.6241E+02
  3.6291E-01 -4.8921E-01  3.4751E+01  7.6344E-01  1.7856E+02  5.6657E+01 -1.6241E+02
  3.6438E-01 -4.8431E-01  3.4751E+01  7.6344E-01  1.7856E+02  5.6657E+01 -1.6241E+02
  3.6585E-01 -4.7941E-01  3.4751E+01  7.6344E-01  1.7856E+02  5.6657E+01 -1.6241E+02
  3.6732E-01 -4.7451E-01  3.4751E+01  7.6344E-01  1.7856E+02  5.6657E+01 -1.6241E+02
  3.6879E-01 -4.6961E-01  3.4751E+01  7.6344E-01  1.7856E+02  5.6657E+01 -1.6240E+02
  3.7026E-01 -4.6471E-01  3.4751E+01  7.6343E-01  1.7856E+02  5.6657E+01 -1.6240E+02
  3.7183E-01 -4.5945E-01  3.4751E+01  7.6343E-01  1.7856E+02  5.6657E+01 -1.6240E+02
  3.7330E-01 -4.5455E-01  3.4751E+01  7.6343E-01  1.7856E+02  5.6657E+01 -1.6240E+02
  3.7477E-01 -4.4965E-01  3.4751E+01  7.6343E-01  1.7856E+02  5.6657E+01 -1.6240E+02
  3.7624E-01 -4.4475E-01  3.4751E+01  7.6342E-01  1.7856E+02  5.6657E+01 -1.6240E+02
  3.7771E-01 -4.3985E-01  3.4751E+01  7.6342E-01  1.7856E+02  5.6657E+01 -1.6240E+02
  3.7918E-01 -4.3495E-01  3.4751E+01  7.6342E-01  1.7856E+02  5.6657E+01 -1.6240E+02
  3.8065E-01 -4.3005E-01  3.4751E+01  7.6341E-01  1.7856E+02  5.6657E+01 -1.6240E+02
  3.8212E-01 -4.2515E-01  3.4751E+01  7.6341E-01  1.7856E+02  5.6657E+01 -1.6240E+02
  3.8358E-01 -4.2025E-01  3.4751E+01  7.6341E-01  1.7856E+02  5.6657E+01 -1.6240E+02
  3.8516E-01 -4.1498E-01  3.4751E+01  7.6340E-01  1.7856E+02  5.6657E+01 -1.6240E+02
  3.8663E-01 -4.1008E-01  3.4751E+01  7.6340E-01  1.7856E+02  5.6657E+01 -1.6240E+02
  3.8810E-01 -4.0518E-01  3.4751E+01  7.6339E-01  1.7856E+02  5.6657E+01 -1.6240E+02
  3.8957E-01 -4.0028E-01  3.4751E+01  7.6339E-01  1.7856E+02  5.6657E+01 -1.6240E+02
  3.9104E-01 -3.9538E-01  3.4751E+01  7.6338E-01  1.7856E+02  5.6657E+01 -1.6240E+02
  3.9251E-01 -3.9048E-01  3.4751E+01  7.6338E-01  1.7856E+02  5.6657E+01 -1.6240E+02
  3.9398E-01 -3.8558E-01  3.4751E+01  7.6337E-01  1.7856E+02  5.6657E+01 -1.6240E+02
  3.9544E-01 -3.8068E-01  3.4751E+01  7.6337E-01  1.7855E+02  5.6657E+01 -1.6240E+02
  3.9691E-01 -3.7578E-01  3.4751E+01  7.6336E-01  1.7855E+02  5.6657E+01 -1.6240E+02
  3.9849E-01 -3.7052E-01  3.4751E+01  7.6335E-01  1.7855E+02  5.6657E+01 -1.6240E+02
  3.9996E-01 -3.6562E-01  3.4751E+01  7.6335E-01  1.7855E+02  5.6656E+01 -1.6240E+02
  4.0143E-01 -3.6072E-01  3.4751E+01  7.6334E-01  1.7855E+02  5.6656E+01 -1.6240E+02
  4.0290E-01 -3.5582E-01  3.4751E+01  7.6333E-01  1.7855E+02  5.6656E+01 -1.6240E+02
  4.0437E-01 -3.5092E-01  3.4751E+01  7.6332E-01  1.7855E+02  5.6656E+01 -1.6240E+02
  4.0583E-01 -3.4602E-01  3.4751E+01  7.6331E-01  1.7855E+02  5.6656E+01 -1.6240E+02
  4.0730E-01 -3.4112E-01  3.4751E+01  7.6330E-01  1.7855E+02  5.6656E+01 -1.6240E+02
  4.0877E-01 -3.3622E-01  3.4751E+01  7.6329E-01  1.7855E+02  5.6656E+01 -1.6239E+02
  4.1024E-01 -3.3132E-01  3.4751E+01  7.6328E-01  1.7855E+02  5.6656E+01 -1.6239E+02
  4.1182E-01 -3.2605E-01  3.4751E+01  7.6327E-01  1.7855E+02  5.6656E+01 -1.6239E+02
  4.1329E-01 -3.2115E-01  3.4751E+01  7.6326E-01  1.7855E+02  5.6656E+01 -1.6239E+02
  4.1476E-01 -3.1625E-01  3.4751E+01  7.6325E-01  1.7855E+02  5.6656E+01 -1.6239E+02
  4.1623E-01 -3.1135E-01  3.4751E+01  7.6324E-01  1.7855E+02  5.6656E+01 -1.6239E+02
  4.1769E-01 -3.0645E-01  3.4751E+01  7.6322E-01  1.7855E+02  5.6656E+01 -1.6239E+02
  4.1916E-01 -3.0155E-01  3.4751E+01  7.6321E-01  1.7855E+02  5.6656E+01 -1.6239E+02
  4.2063E-01 -2.9665E-01  3.4751E+01  7.6320E-01  1.7855E+02  5.6656E+01 -1.6239E+02
  4.2210E-01 -2.9175E-01  3.4751E+01  7.6318E-01  1.7855E+02  5.6656E+01 -1.6239E+02
  4.2357E-01 -2.8685E-01  3.4751E+01  7.6317E-01  1.7855E+02  5.6656E+01 -1.6239E+02
  4.2515E-01 -2.8159E-01  3.4751E+01  7.6315E-01  1.7855E+02  5.6656E+01 -1.6239E+02
  4.2662E-01 -2.7669E-01  3.4751E+01  7.6313E-01  1.7855E+02  5.6656E+01 -1.6239E+02
  4.2809E-01 -2.7179E-01  3.4751E+01  7.6312E-01  1.7855E+02  5.6655E+01 -1.6239E+02
  4.2955E-01 -2.6689E-01  3.4751E+01  7.6310E-01  1.7855E+02  5.6655E+01 -1.6239E+02
  4.3102E-01 -2.6199E-01  3.4751E+01  7.6308E-01  1.7855E+02  5.6655E+01 -1.6239E+02
  4.3249E-01 -2.5709E-01  3.4751E+01  7.6307E-01  1.7855E+02  5.6655E+01 -1.6238E+02
  4.3396E-01 -2.5219E-01  3.4751E+01  7.6305E-01  1.7855E+02  5.6656E+01 -1.6238E+02
  4.3543E-01 -2.4729E-01  3.4751E+01  7.6303E-01  1.7855E+02  5.6656E+01 -1.6238E+02
  4.3690E-01 -2.4239E-01  3.4751E+01  7.6302E-01  1.7855E+02  5.6656E+01 -1.6238E+02
  4.3848E-01 -2.3712E-01  3.4751E+01  7.6300E-01  1.7855E+02  5.6656E+01 -1.6238E+02
  4.3995E-01 -2.3222E-01  3.4751E+01  7.6298E-01  1.7855E+02  5.6656E+01 -1.6238E+02
  4.4141E-01 -2.2732E-01  3.4751E+01  7.6296E-01  1.7855E+02  5.6656E+01 -1.6238E+02
  4.4288E-01 -2.2242E-01  3.4751E+01  7.6295E-01  1.7855E+02  5.6656E+01 -1.6238E+02
  4.4435E-01 -2.1752E-01  3.4751E+01  7.6293E-01  1.7855E+02  5.6656E+01 -1.6238E+02
  4.4582E-01 -2.1262E-01  3.4751E+01  7.6291E-01  1.7855E+02  5.6656E+01 -1.6238E+02
  4.4729E-01 -2.0772E-01  3.4751E+01  7.6289E-01  1.7855E+02  5.6656E+01 -1.6238E+02
  4.4876E-01 -2.0282E-01  3.4751E+01  7.6288E-01  1.7855E+02  5.6656E+01 -1.6238E+02
  4.5023E-01 -1.9792E-01  3.4751E+01  7.6286E-01  1.7855E+02  5.6657E+01 -1.6237E+02
  4.5181E-01 -1.9266E-01  3.4751E+01  7.6284E-01  1.7855E+02  5.6657E+01 -1.6237E+02
  4.5327E-01 -1.8776E-01  3.4751E+01  7.6282E-01  1.7855E+02  5.6657E+01 -1.6237E+02
  4.5474E-01 -1.8286E-01  3.4751E+01  7.6281E-01  1.7855E+02  5.6657E+01 -1.6237E+02
  4.5621E-01 -1.7796E-01  3.4751E+01  7.6279E-01  1.7855E+02  5.6657E+01 -1.6237E+02
  4.5768E-01 -1.7306E-01  3.4751E+01  7.6277E-01  1.7855E+02  5.6657E+01 -1.6237E+02
  4.5915E-01 -1.6816E-01  3.4751E+01  7.6276E-01  1.7855E+02  5.6657E+01 -1.6237E+02
  4.6062E-01 -1.6326E-01  3.4751E+01  7.6274E-01  1.7855E+02  5.6657E+01 -1.6237E+02
  4.6209E-01 -1.5836E-01  3.4751E+01  7.6272E-01  1.7855E+02  5.6657E+01 -1.6237E+02
  4.6356E-01 -1.5346E-01  3.4751E+01  7.6270E-01  1.7855E+02  5.6658E+01 -1.6237E+02
  4.6513E-01 -1.4819E-01  3.4751E+01  7.6269E-01  1.7855E+02  5.6658E+01 -1.6237E+02
  4.6660E-01 -1.4329E-01  3.4751E+01  7.6267E-01  1.7855E+02  5.6658E+01 -1.6237E+02
  4.6807E-01 -1.3839E-01  3.4751E+01  7.6265E-01  1.7855E+02  5.6658E+01 -1.6236E+02
  4.6954E-01 -1.3349E-01  3.4751E+01  7.6263E-01  1.7855E+02  5.6658E+01 -1.6236E+02
  4.7101E-01 -1.2859E-01  3.4751E+01  7.6262E-01  1.7855E+02  5.6658E+01 -1.6236E+02
  4.7248E-01 -1.2369E-01  3.4751E+01  7.6260E-01  1.7855E+02  5.6658E+01 -1.6236E+02
  4.7395E-01 -1.1879E-01  3.4751E+01  7.6258E-01  1.7855E+02  5.6658E+01 -1.6236E+02
  4.7542E-01 -1.1389E-01  3.4751E+01  7.6257E-01  1.7855E+02  5.6659E+01 -1.6236E+02
  4.7688E-01 -1.0899E-01  3.4751E+01  7.6255E-01  1.7855E+02  5.6659E+01 -1.6236E+02
  4.7846E-01 -1.0373E-01  3.4751E+01  7.6253E-01  1.7855E+02  5.6659E+01 -1.6236E+02
  4.7993E-01 -9.8827E-02  3.4751E+01  7.6251E-01  1.7855E+02  5.6659E+01 -1.6236E+02
  4.8140E-01 -9.3927E-02  3.4751E+01  7.6250E-01  1.7855E+02  5.6659E+01 -1.6236E+02
  4.8287E-01 -8.9027E-02  3.4751E+01  7.6248E-01  1.7855E+02  5.6659E+01 -1.6236E+02
  4.8434E-01 -8.4127E-02  3.4751E+01  7.6246E-01  1.7855E+02  5.6659E+01 -1.6236E+02
  4.8581E-01 -7.9227E-02  3.4751E+01  7.6244E-01  1.7855E+02  5.6659E+01 -1.6235E+02
  4.8727E-01 -7.4327E-02  3.4751E+01  7.6243E-01  1.7855E+02  5.6659E+01 -1.6235E+02
  4.8874E-01 -6.9427E-02  3.4751E+01  7.6241E-01  1.7855E+02  5.6660E+01 -1.6235E+02
  4.9021E-01 -6.4527E-02  3.4751E+01  7.6239E-01  1.7855E+02  5.6660E+01 -1.6235E+02
  4.9179E-01 -5.9262E-02  3.4751E+01  7.6238E-01  1.7855E+02  5.6660E+01 -1.6235E+02
  4.9326E-01 -5.4362E-02  3.4751E+01  7.6236E-01  1.7855E+02  5.6660E+01 -1.6235E+02
  4.9473E-01 -4.9462E-02  3.4751E+01  7.6234E-01  1.7855E+02  5.6660E+01 -1.6235E+02
  4.9620E-01 -4.4562E-02  3.4751E+01  7.6232E-01  1.7855E+02  5.6660E+01 -1.6235E+02
  4.9767E-01 -3.9662E-02  3.4751E+01  7.6231E-01  1.7855E+02  5.6660E+01 -1.6235E+02
  4.9913E-01 -3.4762E-02  3.4751E+01  7.6229E-01  1.7855E+02  5.6660E+01 -1.6235E+02
  5.0060E-01 -2.9862E-02  3.4751E+01  7.6227E-01  1.7855E+02  5.6661E+01 -1.6235E+02
  5.0207E-01 -2.4962E-02  3.4751E+01  7.6226E-01  1.7855E+02  5.6661E+01 -1.6234E+02
  5.0354E-01 -2.0062E-02  3.4751E+01  7.6224E-01  1.7855E+02  5.6661E+01 -1.6234E+02
  5.0512E-01 -1.4797E-02  3.4751E+01  7.6222E-01  1.7855E+02  5.6661E+01 -1.6234E+02
  5.0659E-01 -9.8967E-03  3.4751E+01  7.6220E-01  1.7855E+02  5.6661E+01 -1.6234E+02
  5.0806E-01 -4.9967E-03  3.4751E+01  7.6219E-01  1.7855E+02  5.6661E+01 -1.6234E+02
  5.0953E-01 -9.6681E-05  3.4751E+01  7.6217E-01  1.7855E+02  5.6661E+01 -1.6234E+02
  5.1099E-01  4.8033E-03  3.4751E+01  7.6215E-01  1.7855E+02  5.6661E+01 -1.6234E+02
  5.1246E-01  9.7033E-03  3.4751E+01  7.6213E-01  1.7855E+02  5.6662E+01 -1.6234E+02
  5.1393E-01  1.4603E-02  3.4751E+01  7.6212E-01  1.7855E+02  5.6662E+01 -1.6234E+02
  5.1540E-01  1.9503E-02  3.4751E+01  7.6210E-01  1.7855E+02  5.6662E+01 -1.6234E+02
  5.1687E-01  2.4403E-02  3.4751E+01  7.6208E-01  1.7855E+02  5.6662E+01 -1.6234E+02
  5.1845E-01  2.9669E-02  3.4751E+01  7.6207E-01  1.7855E+02  5.6662E+01 -1.6234E+02
  5.1992E-01  3.4569E-02  3.4751E+01  7.6205E-01  1.7855E+02  5.6662E+01 -1.6233E+02
  5.2139E-01  3.9469E-02  3.4751E+01  7.6203E-01  1.7855E+02  5.6662E+01 -1.6233E+02
  5.2285E-01  4.4369E-02  3.4751E+01  7.6201E-01  1.7855E+02  5.6662E+01 -1.6233E+02
  5.2432E-01  4.9269E-02  3.4751E+01  7.6200E-01  1.7855E+02  5.6663E+01 -1.6233E+02
  5.2579E-01  5.4169E-02  3.4751E+01  7.6198E-01  1.7855E+02  5.6663E+01 -1.6233E+02
  5.2726E-01  5.9069E-02  3.4751E+01  7.6196E-01  1.7855E+02  5.6663E+01 -1.6233E+02
  5.2873E-01  6.3969E-02  3.4751E+01  7.6195E-01  1.7855E+02  5.6663E+01 -1.6233E+02
  5.3020E-01  6.8869E-02  3.4751E+01  7.6193E-01  1.7855E+02  5.6663E+01 -1.6233E+02
  5.3178E-01  7.4134E-02  3.4751E+01  7.6191E-01  1.7855E+02  5.6663E+01 -1.6233E+02
  5.3325E-01  7.9034E-02  3.4751E+01  7.6189E-01  1.7855E+02  5.6663E+01 -1.6233E+02
  5.3471E-01  8.3934E-02  3.4751E+01  7.6188E-01  1.7855E+02  5.6663E+01 -1.6233E+02
  5.3618E-01  8.8834E-02  3.4751E+01  7.6186E-01  1.7855E+02  5.6664E+01 -1.6232E+02
  5.3765E-01  9.3734E-02  3.4751E+01  7.6184E-01  1.7855E+02  5.6664E+01 -1.6232E+02
  5.3912E-01  9.8634E-02  3.4751E+01  7.6183E-01  1.7855E+02  5.6664E+01 -1.6232E+02
  5.4059E-01  1.0353E-01  3.4751E+01  7.6181E-01  1.7855E+02  5.6664E+01 -1.6232E+02
  5.4206E-01  1.0843E-01  3.4751E+01  7.6179E-01  1.7855E+02  5.6664E+01 -1.6232E+02
  5.4353E-01  1.1333E-01  3.4751E+01  7.6177E-01  1.7855E+02  5.6664E+01 -1.6232E+02
  5.4510E-01  1.1860E-01  3.4751E+01  7.6176E-01  1.7855E+02  5.6664E+01 -1.6232E+02
  5.4657E-01  1.2350E-01  3.4751E+01  7.6174E-01  1.7855E+02  5.6665E+01 -1.6232E+02
  5.4804E-01  1.2840E-01  3.4751E+01  7.6172E-01  1.7855E+02  5.6665E+01 -1.6232E+02
  5.4951E-01  1.3330E-01  3.4751E+01  7.6171E-01  1.7855E+02  5.6665E+01 -1.6232E+02
  5.5098E-01  1.3820E-01  3.4751E+01  7.6169E-01  1.7855E+02  5.6665E+01 -1.6232E+02
  5.5245E-01  1.4310E-01  3.4751E+01  7.6167E-01  1.7855E+02  5.6665E+01 -1.6231E+02
  5.5392E-01  1.4800E-01  3.4751E+01  7.6165E-01  1.7855E+02  5.6665E+01 -1.6231E+02
  5.5539E-01  1.5290E-01  3.4751E+01  7.6164E-01  1.7855E+02  5.6665E+01 -1.6231E+02
  5.5686E-01  1.5780E-01  3.4751E+01  7.6162E-01  1.7855E+02  5.6666E+01 -1.6231E+02
  5.5843E-01  1.6306E-01  3.4751E+01  7.6160E-01  1.7855E+02  5.6666E+01 -1.6231E+02
  5.5990E-01  1.6796E-01  3.4751E+01  7.6158E-01  1.7855E+02  5.6666E+01 -1.6231E+02
  5.6137E-01  1.7286E-01  3.4751E+01  7.6157E-01  1.7855E+02  5.6666E+01 -1.6231E+02
  5.6284E-01  1.7776E-01  3.4751E+01  7.6155E-01  1.7855E+02  5.6666E+01 -1.6231E+02
  5.6431E-01  1.8266E-01  3.4751E+01  7.6153E-01  1.7855E+02  5.6666E+01 -1.6231E+02
  5.6578E-01  1.8756E-01  3.4751E+01  7.6152E-01  1.7855E+02  5.6666E+01 -1.6231E+02
  5.6725E-01  1.9246E-01  3.4751E+01  7.6150E-01  1.7855E+02  5.6666E+01 -1.6231E+02
  5.6871E-01  1.9736E-01  3.4751E+01  7.6148E-01  1.7855E+02  5.6667E+01 -1.6230E+02
  5.7018E-01  2.0226E-01  3.4751E+01  7.6147E-01  1.7855E+02  5.6667E+01 -1.6230E+02
  5.7176E-01  2.0753E-01  3.4751E+01  7.6145E-01  1.7855E+02  5.6667E+01 -1.6230E+02
  5.7323E-01  2.1243E-01  3.4751E+01  7.6143E-01  1.7855E+02  5.6667E+01 -1.6230E+02
  5.7470E-01  2.1733E-01  3.4751E+01  7.6141E-01  1.7855E+02  5.6667E+01 -1.6230E+02
  5.7617E-01  2.2223E-01  3.4751E+01  7.6140E-01  1.7855E+02  5.6667E+01 -1.6230E+02
  5.7764E-01  2.2713E-01  3.4751E+01  7.6138E-01  1.7855E+02  5.6667E+01 -1.6230E+02
  5.7911E-01  2.3203E-01  3.4751E+01  7.6136E-01  1.7855E+02  5.6668E+01 -1.6230E+02
  5.8057E-01  2.3693E-01  3.4751E+01  7.6135E-01  1.7855E+02  5.6668E+01 -1.6230E+02
  5.8204E-01  2.4183E-01  3.4751E+01  7.6133E-01  1.7855E+02  5.6668E+01 -1.6230E+02
  5.8351E-01  2.4673E-01  3.4751E+01  7.6131E-01  1.7855E+02  5.6668E+01 -1.6230E+02
  5.8509E-01  2.5199E-01  3.4751E+01  7.6129E-01  1.7855E+02  5.6668E+01 -1.6229E+02
  5.8656E-01  2.5689E-01  3.4751E+01  7.6128E-01  1.7855E+02  5.6668E+01 -1.6229E+02
  5.8803E-01  2.6179E-01  3.4751E+01  7.6126E-01  1.7855E+02  5.6668E+01 -1.6229E+02
  5.8950E-01  2.6669E-01  3.4751E+01  7.6124E-01  1.7855E+02  5.6669E+01 -1.6229E+02
  5.9097E-01  2.7159E-01  3.4751E+01  7.6123E-01  1.7855E+02  5.6669E+01 -1.6229E+02
  5.9243E-01  2.7649E-01  3.4751E+01  7.6121E-01  1.7855E+02  5.6669E+01 -1.6229E+02
  5.9390E-01  2.8139E-01  3.4751E+01  7.6119E-01  1.7855E+02  5.6669E+01 -1.6229E+02
  5.9537E-01  2.8629E-01  3.4751E+01  7.6118E-01  1.7855E+02  5.6669E+01 -1.6229E+02
  5.9684E-01  2.9119E-01  3.4751E+01  7.6116E-01  1.7855E+02  5.6669E+01 -1.6229E+02
  5.9842E-01  2.9646E-01  3.4751E+01  7.6114E-01  1.7855E+02  5.6669E+01 -1.6229E+02
  5.9989E-01  3.0136E-01  3.4751E+01  7.6112E-01  1.7855E+02  5.6669E+01 -1.6228E+02
  6.0136E-01  3.0626E-01  3.4751E+01  7.6111E-01  1.7855E+02  5.6670E+01 -1.6228E+02
  6.0283E-01  3.1116E-01  3.4751E+01  7.6109E-01  1.7855E+02  5.6670E+01 -1.6228E+02
  6.0429E-01  3.1606E-01  3.4751E+01  7.6107E-01  1.7855E+02  5.6670E+01 -1.6228E+02
  6.0576E-01  3.2096E-01  3.4751E+01  7.6106E-01  1.7855E+02  5.6670E+01 -1.6228E+02
  6.0723E-01  3.2586E-01  3.4751E+01  7.6104E-01  1.7855E+02  5.6670E+01 -1.6228E+02
  6.0870E-01  3.3076E-01  3.4751E+01  7.6102E-01  1.7855E+02  5.6670E+01 -1.6228E+02
  6.1017E-01  3.3566E-01  3.4751E+01  7.6100E-01  1.7855E+02  5.6670E+01 -1.6228E+02
  6.1175E-01  3.4093E-01  3.4751E+01  7.6099E-01  1.7855E+02  5.6671E+01 -1.6228E+02
  6.1322E-01  3.4583E-01  3.4751E+01  7.6097E-01  1.7855E+02  5.6671E+01 -1.6228E+02
  6.1469E-01  3.5073E-01  3.4751E+01  7.6095E-01  1.7855E+02  5.6671E+01 -1.6227E+02
  6.1615E-01  3.5563E-01  3.4751E+01  7.6094E-01  1.7855E+02  5.6671E+01 -1.6227E+02
  6.1762E-01  3.6053E-01  3.4751E+01  7.6092E-01  1.7855E+02  5.6671E+01 -1.6227E+02
  6.1909E-01  3.6543E-01  3.4751E+01  7.6090E-01  1.7855E+02  5.6671E+01 -1.6227E+02
  6.2056E-01  3.7033E-01  3.4751E+01  7.6089E-01  1.7855E+02  5.6671E+01 -1.6227E+02
  6.2203E-01  3.7523E-01  3.4751E+01  7.6087E-01  1.7855E+02  5.6671E+01 -1.6227E+02
  6.2350E-01  3.8013E-01  3.4751E+01  7.6085E-01  1.7855E+02  5.6672E+01 -1.6227E+02
  6.2508E-01  3.8539E-01  3.4751E+01  7.6083E-01  1.7855E+02  5.6672E+01 -1.6227E+02
  6.2654E-01  3.9029E-01  3.4751E+01  7.6082E-01  1.7855E+02  5.6672E+01 -1.6227E+02
  6.2801E-01  3.9519E-01  3.4751E+01  7.6080E-01  1.7855E+02  5.6672E+01 -1.6226E+02
  6.2948E-01  4.0009E-01  3.4751E+01  7.6078E-01  1.7855E+02  5.6672E+01 -1.6226E+02
  6.3095E-01  4.0499E-01  3.4751E+01  7.6077E-01  1.7855E+02  5.6672E+01 -1.6226E+02
  6.3242E-01  4.0989E-01  3.4751E+01  7.6075E-01  1.7855E+02  5.6672E+01 -1.6226E+02
  6.3389E-01  4.1479E-01  3.4751E+01  7.6074E-01  1.7855E+02  5.6672E+01 -1.6226E+02
  6.3536E-01  4.1969E-01  3.4751E+01  7.6072E-01  1.7854E+02  5.6672E+01 -1.6226E+02
  6.3683E-01  4.2459E-01  3.4751E+01  7.6070E-01  1.7854E+02  5.6672E+01 -1.6226E+02
  6.3840E-01  4.2986E-01  3.4751E+01  7.6069E-01  1.7854E+02  5.6673E+01 -1.6226E+02
  6.3987E-01  4.3476E-01  3.4751E+01  7.6067E-01  1.7854E+02  5.6673E+01 -1.6226E+02
  6.4134E-01  4.3966E-01  3.4751E+01  7.6065E-01  1.7854E+02  5.6673E+01 -1.6226E+02
  6.4281E-01  4.4456E-01  3.4751E+01  7.6064E-01  1.7854E+02  5.6673E+01 -1.6225E+02
  6.4428E-01  4.4946E-01  3.4751E+01  7.6062E-01  1.7854E+02  5.6673E+01 -1.6225E+02
  6.4575E-01  4.5436E-01  3.4751E+01  7.6061E-01  1.7854E+02  5.6673E+01 -1.6225E+02
  6.4722E-01  4.5926E-01  3.4751E+01  7.6059E-01  1.7854E+02  5.6673E+01 -1.6225E+02
  6.4869E-01  4.6416E-01  3.4751E+01  7.6057E-01  1.7854E+02  5.6673E+01 -1.6225E+02
  6.5016E-01  4.6906E-01  3.4751E+01  7.6056E-01  1.7854E+02  5.6673E+01 -1.6225E+02
  6.5173E-01  4.7432E-01  3.4751E+01  7.6054E-01  1.7854E+02  5.6673E+01 -1.6225E+02
  6.5320E-01  4.7922E-01  3.4751E+01  7.6052E-01  1.7854E+02  5.6673E+01 -1.6225E+02
  6.5467E-01  4.8412E-01  3.4751E+01  7.6051E-01  1.7854E+02  5.6673E+01 -1.6225E+02
  6.5614E-01  4.8902E-01  3.4751E+01  7.6049E-01  1.7854E+02  5.6673E+01 -1.6225E+02
  6.5761E-01  4.9392E-01  3.4751E+01  7.6047E-01  1.7854E+02  5.6673E+01 -1.6224E+02
  6.5908E-01  4.9882E-01  3.4751E+01  7.6046E-01  1.7854E+02  5.6673E+01 -1.6224E+02
  6.6055E-01  5.0372E-01  3.4751E+01  7.6044E-01  1.7854E+02  5.6673E+01 -1.6224E+02
  6.6201E-01  5.0862E-01  3.4751E+01  7.6043E-01  1.7854E+02  5.6673E+01 -1.6224E+02
  6.6348E-01  5.1352E-01  3.4751E+01  7.6041E-01  1.7854E+02  5.6673E+01 -1.6224E+02
  6.6506E-01  5.1879E-01  3.4751E+01  7.6039E-01  1.7854E+02  5.6673E+01 -1.6224E+02
  6.6653E-01  5.2369E-01  3.4751E+01  7.6038E-01  1.7854E+02  5.6673E+01 -1.6224E+02
  6.6800E-01  5.2859E-01  3.4751E+01  7.6036E-01  1.7854E+02  5.6673E+01 -1.6224E+02
  6.6947E-01  5.3349E-01  3.4751E+01  7.6034E-01  1.7854E+02  5.6672E+01 -1.6224E+02
  6.7094E-01  5.3839E-01  3.4751E+01  7.6033E-01  1.7854E+02  5.6672E+01 -1.6224E+02
  6.7241E-01  5.4329E-01  3.4751E+01  7.6031E-01  1.7854E+02  5.6672E+01 -1.6223E+02
  6.7387E-01  5.4819E-01  3.4751E+01  7.6029E-01  1.7854E+02  5.6672E+01 -1.6223E+02
  6.7534E-01  5.5309E-01  3.4751E+01  7.6028E-01  1.7854E+02  5.6672E+01 -1.6223E+02
  6.7681E-01  5.5799E-01  3.4751E+01  7.6026E-01  1.7854E+02  5.6672E+01 -1.6223E+02
  6.7839E-01  5.6325E-01  3.4751E+01  7.6024E-01  1.7854E+02  5.6672E+01 -1.6223E+02
  6.7986E-01  5.6815E-01  3.4751E+01  7.6022E-01  1.7854E+02  5.6672E+01 -1.6223E+02
  6.8133E-01  5.7305E-01  3.4751E+01  7.6021E-01  1.7854E+02  5.6672E+01 -1.6223E+02
  6.8280E-01  5.7795E-01  3.4751E+01  7.6019E-01  1.7854E+02  5.6671E+01 -1.6223E+02
  6.8427E-01  5.8285E-01  3.4751E+01  7.6017E-01  1.7854E+02  5.6671E+01 -1.6223E+02
  6.8573E-01  5.8775E-01  3.4751E+01  7.6015E-01  1.7854E+02  5.6671E+01 -1.6223E+02
  6.8720E-01  5.9265E-01  3.4751E+01  7.6014E-01  1.7854E+02  5.6671E+01 -1.6222E+02
  6.8867E-01  5.9755E-01  3.4751E+01  7.6012E-01  1.7854E+02  5.6671E+01 -1.6222E+02
  6.9014E-01  6.0245E-01  3.4751E+01  7.6010E-01  1.7853E+02  5.6671E+01 -1.6222E+02
  6.9172E-01  6.0772E-01  3.4751E+01  7.6008E-01  1.7853E+02  5.6670E+01 -1.6222E+02
  6.9319E-01  6.1262E-01  3.4751E+01  7.6006E-01  1.7853E+02  5.6670E+01 -1.6222E+02
  6.9466E-01  6.1752E-01  3.4751E+01  7.6005E-01  1.7853E+02  5.6670E+01 -1.6222E+02
  6.9613E-01  6.2242E-01  3.4751E+01  7.6003E-01  1.7853E+02  5.6670E+01 -1.6222E+02
  6.9759E-01  6.2732E-01  3.4751E+01  7.6001E-01  1.7853E+02  5.6669E+01 -1.6222E+02
  6.9906E-01  6.3222E-01  3.4751E+01  7.5999E-01  1.7853E+02  5.6669E+01 -1.6222E+02
  7.0053E-01  6.3712E-01  3.4751E+01  7.5997E-01  1.7853E+02  5.6669E+01 -1.6221E+02
  7.0200E-01  6.4202E-01  3.4751E+01  7.5995E-01  1.7853E+02  5.6669E+01 -1.6221E+02
  7.0347E-01  6.4692E-01  3.4751E+01  7.5993E-01  1.7853E+02  5.6668E+01 -1.6221E+02
  7.0505E-01  6.5218E-01  3.4751E+01  7.5991E-01  1.7853E+02  5.6668E+01 -1.6221E+02
  7.0652E-01  6.5708E-01  3.4751E+01  7.5989E-01  1.7853E+02  5.6668E+01 -1.6221E+02
  7.0799E-01  6.6198E-01  3.4751E+01  7.5987E-01  1.7853E+02  5.6668E+01 -1.6221E+02
  7.0945E-01  6.6688E-01  3.4751E+01  7.5985E-01  1.7853E+02  5.6667E+01 -1.6221E+02
  7.1092E-01  6.7178E-01  3.4751E+01  7.5983E-01  1.7853E+02  5.6667E+01 -1.6220E+02
  7.1239E-01  6.7668E-01  3.4751E+01  7.5981E-01  1.7853E+02  5.6667E+01 -1.6220E+02
  7.1386E-01  6.8158E-01  3.4751E+01  7.5979E-01  1.7853E+02  5.6666E+01 -1.6220E+02
  7.1533E-01  6.8648E-01  3.4751E+01  7.5977E-01  1.7853E+02  5.6666E+01 -1.6220E+02
  7.1680E-01  6.9138E-01  3.4751E+01  7.5975E-01  1.7853E+02  5.6666E+01 -1.6220E+02
  7.1838E-01  6.9665E-01  3.4751E+01  7.5973E-01  1.7853E+02  5.6665E+01 -1.6220E+02
  7.1984E-01  7.0155E-01  3.4751E+01  7.5971E-01  1.7852E+02  5.6665E+01 -1.6220E+02
  7.2131E-01  7.0645E-01  3.4751E+01  7.5969E-01  1.7852E+02  5.6665E+01 -1.6220E+02
  7.2278E-01  7.1135E-01  3.4751E+01  7.5967E-01  1.7852E+02  5.6664E+01 -1.6219E+02
  7.2425E-01  7.1625E-01  3.4751E+01  7.5965E-01  1.7852E+02  5.6664E+01 -1.6219E+02
  7.2572E-01  7.2115E-01  3.4751E+01  7.5963E-01  1.7852E+02  5.6664E+01 -1.6219E+02
  7.2719E-01  7.2605E-01  3.4751E+01  7.5960E-01  1.7852E+02  5.6663E+01 -1.6219E+02
  7.2866E-01  7.3095E-01  3.4751E+01  7.5958E-01  1.7852E+02  5.6663E+01 -1.6219E+02
  7.3013E-01  7.3585E-01  3.4751E+01  7.5956E-01  1.7852E+02  5.6663E+01 -1.6219E+02
  7.3170E-01  7.4111E-01  3.4751E+01  7.5954E-01  1.7852E+02  5.6662E+01 -1.6218E+02
  7.3317E-01  7.4601E-01  3.4751E+01  7.5952E-01  1.7852E+02  5.6662E+01 -1.6218E+02
  7.3464E-01  7.5091E-01  3.4751E+01  7.5950E-01  1.7852E+02  5.6662E+01 -1.6218E+02
  7.3611E-01  7.5581E-01  3.4751E+01  7.5948E-01  1.7852E+02  5.6661E+01 -1.6218E+02
  7.3758E-01  7.6071E-01  3.4751E+01  7.5946E-01  1.7852E+02  5.6661E+01 -1.6218E+02
  7.3905E-01  7.6561E-01  3.4751E+01  7.5943E-01  1.7852E+02  5.6661E+01 -1.6218E+02
  7.4052E-01  7.7051E-01  3.4751E+01  7.5941E-01  1.7851E+02  5.6660E+01 -1.6218E+02
  7.4199E-01  7.7541E-01  3.4751E+01  7.5939E-01  1.7851E+02  5.6660E+01 -1.6217E+02
  7.4345E-01  7.8031E-01  3.4751E+01  7.5937E-01  1.7851E+02  5.6660E+01 -1.6217E+02
  7.4503E-01  7.8558E-01  3.4751E+01  7.5935E-01  1.7851E+02  5.6659E+01 -1.6217E+02
  7.4650E-01  7.9048E-01  3.4751E+01  7.5933E-01  1.7851E+02  5.6659E+01 -1.6217E+02
  7.4797E-01  7.9538E-01  3.4751E+01  7.5931E-01  1.7851E+02  5.6659E+01 -1.6217E+02
  7.4944E-01  8.0028E-01  3.4751E+01  7.5929E-01  1.7851E+02  5.6658E+01 -1.6217E+02
  7.5091E-01  8.0518E-01  3.4751E+01  7.5927E-01  1.7851E+02  5.6658E+01 -1.6216E+02
  7.5238E-01  8.1008E-01  3.4751E+01  7.5924E-01  1.7851E+02  5.6658E+01 -1.6216E+02
  7.5385E-01  8.1498E-01  3.4751E+01  7.5922E-01  1.7851E+02  5.6657E+01 -1.6216E+02
  7.5531E-01  8.1988E-01  3.4751E+01  7.5920E-01  1.7851E+02  5.6657E+01 -1.6216E+02
  7.5678E-01  8.2478E-01  3.4751E+01  7.5918E-01  1.7851E+02  5.6657E+01 -1.6216E+02
  7.5836E-01  8.3004E-01  3.4751E+01  7.5916E-01  1.7850E+02  5.6656E+01 -1.6215E+02
  7.5983E-01  8.3494E-01  3.4751E+01  7.5914E-01  1.7850E+02  5.6656E+01 -1.6215E+02
  7.6130E-01  8.3984E-01  3.4751E+01  7.5912E-01  1.7850E+02  5.6656E+01 -1.6215E+02
  7.6277E-01  8.4474E-01  3.4751E+01  7.5910E-01  1.7850E+02  5.6655E+01 -1.6215E+02
  7.6424E-01  8.4964E-01  3.4751E+01  7.5907E-01  1.7850E+02  5.6655E+01 -1.6215E+02
  7.6571E-01  8.5454E-01  3.4751E+01  7.5905E-01  1.7850E+02  5.6655E+01 -1.6215E+02
  7.6717E-01  8.5944E-01  3.4751E+01  7.5903E-01  1.7850E+02  5.6655E+01 -1.6214E+02
  7.6864E-01  8.6434E-01  3.4751E+01  7.5901E-01  1.7850E+02  5.6654E+01 -1.6214E+02
  7.7011E-01  8.6924E-01  3.4751E+01  7.5899E-01  1.7850E+02  5.6654E+01 -1.6214E+02
  7.7169E-01  8.7451E-01  3.4751E+01  7.5897E-01  1.7850E+02  5.6654E+01 -1.6214E+02
  7.7316E-01  8.7941E-01  3.4751E+01  7.5895E-01  1.7849E+02  5.6653E+01 -1.6214E+02
  7.7463E-01  8.8431E-01  3.4751E+01  7.5893E-01  1.7849E+02  5.6653E+01 -1.6213E+02
  7.7610E-01  8.8921E-01  3.4751E+01  7.5891E-01  1.7849E+02  5.6653E+01 -1.6213E+02
  7.7757E-01  8.9411E-01  3.4751E+01  7.5888E-01  1.7849E+02  5.6652E+01 -1.6213E+02
  7.7903E-01  8.9901E-01  3.4751E+01  7.5886E-01  1.7849E+02  5.6652E+01 -1.6213E+02
  7.8050E-01  9.0391E-01  3.4751E+01  7.5884E-01  1.7849E+02  5.6652E+01 -1.6213E+02
  7.8197E-01  9.0881E-01  3.4751E+01  7.5882E-01  1.7849E+02  5.6651E+01 -1.6212E+02
  7.8344E-01  9.1371E-01  3.4751E+01  7.5880E-01  1.7849E+02  5.6651E+01 -1.6212E+02
  7.8502E-01  9.1897E-01  3.4751E+01  7.5878E-01  1.7849E+02  5.6651E+01 -1.6212E+02
  7.8649E-01  9.2387E-01  3.4751E+01  7.5876E-01  1.7848E+02  5.6650E+01 -1.6212E+02
  7.8796E-01  9.2877E-01  3.4751E+01  7.5874E-01  1.7848E+02  5.6650E+01 -1.6212E+02
  7.8943E-01  9.3367E-01  3.4751E+01  7.5872E-01  1.7848E+02  5.6650E+01 -1.6211E+02
  7.9089E-01  9.3857E-01  3.4751E+01  7.5869E-01  1.7848E+02  5.6649E+01 -1.6211E+02
  7.9236E-01  9.4347E-01  3.4751E+01  7.5867E-01  1.7848E+02  5.6649E+01 -1.6211E+02
  7.9383E-01  9.4837E-01  3.4751E+01  7.5865E-01  1.7848E+02  5.6649E+01 -1.6211E+02
  7.9530E-01  9.5327E-01  3.4751E+01  7.5863E-01  1.7848E+02  5.6648E+01 -1.6210E+02
  7.9677E-01  9.5817E-01  3.4751E+01  7.5861E-01  1.7847E+02  5.6648E+01 -1.6210E+02
  7.9835E-01  9.6344E-01  3.4751E+01  7.5859E-01  1.7847E+02  5.6648E+01 -1.6210E+02
  7.9982E-01  9.6834E-01  3.4751E+01  7.5857E-01  1.7847E+02  5.6647E+01 -1.6210E+02
  8.0128E-01  9.7324E-01  3.4751E+01  7.5855E-01  1.7847E+02  5.6647E+01 -1.6210E+02
  8.0275E-01  9.7814E-01  3.4751E+01  7.5853E-01  1.7847E+02  5.6646E+01 -1.6209E+02
  8.0422E-01  9.8304E-01  3.4751E+01  7.5851E-01  1.7847E+02  5.6646E+01 -1.6209E+02
  8.0569E-01  9.8794E-01  3.4751E+01  7.5848E-01  1.7847E+02  5.6646E+01 -1.6209E+02
  8.0716E-01  9.9284E-01  3.4751E+01  7.5846E-01  1.7846E+02  5.6645E+01 -1.6209E+02
  8.0863E-01  9.9774E-01  3.4751E+01  7.5844E-01  1.7846E+02  5.6645E+01 -1.6208E+02
  8.1010E-01  1.0026E+00  3.4751E+01  7.5842E-01  1.7846E+02  5.6645E+01 -1.6208E+02
  8.1168E-01  1.0079E+00  3.4751E+01  7.5840E-01  1.7846E+02  5.6644E+01 -1.6208E+02
  8.1314E-01  1.0128E+00  3.4751E+01  7.5838E-01  1.7846E+02  5.6644E+01 -1.6208E+02
  8.1461E-01  1.0177E+00  3.4751E+01  7.5836E-01  1.7846E+02  5.6644E+01 -1.6207E+02
  8.1608E-01  1.0226E+00  3.4751E+01  7.5834E-01  1.7846E+02  5.6643E+01 -1.6207E+02
  8.1755E-01  1.0275E+00  3.4751E+01  7.5832E-01  1.7845E+02  5.6643E+01 -1.6207E+02
  8.1902E-01  1.0324E+00  3.4751E+01  7.5829E-01  1.7845E+02  5.6643E+01 -1.6207E+02
  8.2049E-01  1.0373E+00  3.4751E+01  7.5827E-01  1.7845E+02  5.6642E+01 -1.6206E+02
  8.2196E-01  1.0422E+00  3.4751E+01  7.5825E-01  1.7845E+02  5.6642E+01 -1.6206E+02
  8.2343E-01  1.0471E+00  3.4751E+01  7.5823E-01  1.7845E+02  5.6642E+01 -1.6206E+02
  8.2500E-01  1.0524E+00  3.4751E+01  7.5821E-01  1.7845E+02  5.6641E+01 -1.6206E+02
  8.2647E-01  1.0573E+00  3.4751E+01  7.5819E-01  1.7844E+02  5.6641E+01 -1.6205E+02
  8.2794E-01  1.0622E+00  3.4751E+01  7.5817E-01  1.7844E+02  5.6640E+01 -1.6205E+02
  8.2941E-01  1.0671E+00  3.4751E+01  7.5815E-01  1.7844E+02  5.6640E+01 -1.6205E+02
  8.3088E-01  1.0720E+00  3.4751E+01  7.5813E-01  1.7844E+02  5.6640E+01 -1.6204E+02
  8.3235E-01  1.0769E+00  3.4751E+01  7.5811E-01  1.7844E+02  5.6639E+01 -1.6204E+02
  8.3382E-01  1.0818E+00  3.4751E+01  7.5809E-01  1.7843E+02  5.6639E+01 -1.6204E+02
  8.3529E-01  1.0867E+00  3.4751E+01  7.5806E-01  1.7843E+02  5.6639E+01 -1.6204E+02
  8.3675E-01  1.0916E+00  3.4751E+01  7.5804E-01  1.7843E+02  5.6638E+01 -1.6203E+02
  8.3833E-01  1.0968E+00  3.4751E+01  7.5802E-01  1.7843E+02  5.6638E+01 -1.6203E+02
  8.3980E-01  1.1017E+00  3.4751E+01  7.5800E-01  1.7843E+02  5.6638E+01 -1.6203E+02
  8.4127E-01  1.1066E+00  3.4751E+01  7.5798E-01  1.7842E+02  5.6637E+01 -1.6203E+02
  8.4274E-01  1.1115E+00  3.4751E+01  7.5796E-01  1.7842E+02  5.6637E+01 -1.6202E+02
  8.4421E-01  1.1164E+00  3.4751E+01  7.5794E-01  1.7842E+02  5.6636E+01 -1.6202E+02
  8.4568E-01  1.1213E+00  3.4751E+01  7.5792E-01  1.7842E+02  5.6636E+01 -1.6202E+02
  8.4715E-01  1.1262E+00  3.4751E+01  7.5790E-01  1.7842E+02  5.6636E+01 -1.6201E+02
  8.4861E-01  1.1311E+00  3.4751E+01  7.5788E-01  1.7842E+02  5.6635E+01 -1.6201E+02
  8.5008E-01  1.1360E+00  3.4751E+01  7.5785E-01  1.7841E+02  5.6635E+01 -1.6201E+02
  8.5166E-01  1.1413E+00  3.4751E+01  7.5783E-01  1.7841E+02  5.6635E+01 -1.6200E+02
  8.5313E-01  1.1462E+00  3.4751E+01  7.5781E-01  1.7841E+02  5.6634E+01 -1.6200E+02
  8.5460E-01  1.1511E+00  3.4751E+01  7.5779E-01  1.7841E+02  5.6634E+01 -1.6200E+02
  8.5607E-01  1.1560E+00  3.4751E+01  7.5777E-01  1.7840E+02  5.6633E+01 -1.6200E+02
  8.5754E-01  1.1609E+00  3.4751E+01  7.5775E-01  1.7840E+02  5.6633E+01 -1.6199E+02
  8.5901E-01  1.1658E+00  3.4751E+01  7.5773E-01  1.7840E+02  5.6633E+01 -1.6199E+02
  8.6047E-01  1.1707E+00  3.4751E+01  7.5771E-01  1.7840E+02  5.6632E+01 -1.6199E+02
  8.6194E-01  1.1756E+00  3.4751E+01  7.5769E-01  1.7840E+02  5.6632E+01 -1.6198E+02
  8.6341E-01  1.1805E+00  3.4751E+01  7.5767E-01  1.7839E+02  5.6632E+01 -1.6198E+02
  8.6499E-01  1.1858E+00  3.4751E+01  7.5764E-01  1.7839E+02  5.6631E+01 -1.6198E+02
  8.6646E-01  1.1907E+00  3.4751E+01  7.5762E-01  1.7839E+02  5.6631E+01 -1.6197E+02
  8.6793E-01  1.1956E+00  3.4751E+01  7.5760E-01  1.7839E+02  5.6630E+01 -1.6197E+02
  8.6940E-01  1.2005E+00  3.4751E+01  7.5758E-01  1.7839E+02  5.6630E+01 -1.6197E+02
  8.7087E-01  1.2054E+00  3.4751E+01  7.5756E-01  1.7838E+02  5.6630E+01 -1.6196E+02
  8.7233E-01  1.2103E+00  3.4751E+01  7.5754E-01  1.7838E+02  5.6629E+01 -1.6196E+02
  8.7380E-01  1.2152E+00  3.4751E+01  7.5752E-01  1.7838E+02  5.6629E+01 -1.6196E+02
  8.7527E-01  1.2201E+00  3.4751E+01  7.5750E-01  1.7838E+02  5.6628E+01 -1.6196E+02
  8.7674E-01  1.2250E+00  3.4751E+01  7.5748E-01  1.7837E+02  5.6628E+01 -1.6195E+02
  8.7832E-01  1.2302E+00  3.4751E+01  7.5746E-01  1.7837E+02  5.6628E+01 -1.6195E+02
  8.7979E-01  1.2351E+00  3.4751E+01  7.5744E-01  1.7837E+02  5.6627E+01 -1.6195E+02
  8.8126E-01  1.2400E+00  3.4751E+01  7.5741E-01  1.7837E+02  5.6627E+01 -1.6194E+02
  8.8272E-01  1.2449E+00  3.4751E+01  7.5739E-01  1.7836E+02  5.6626E+01 -1.6194E+02
  8.8419E-01  1.2498E+00  3.4751E+01  7.5737E-01  1.7836E+02  5.6626E+01 -1.6194E+02
  8.8566E-01  1.2547E+00  3.4751E+01  7.5735E-01  1.7836E+02  5.6626E+01 -1.6193E+02
  8.8713E-01  1.2596E+00  3.4751E+01  7.5733E-01  1.7836E+02  5.6625E+01 -1.6193E+02
  8.8860E-01  1.2645E+00  3.4751E+01  7.5731E-01  1.7836E+02  5.6625E+01 -1.6193E+02
  8.9007E-01  1.2694E+00  3.4751E+01  7.5729E-01  1.7835E+02  5.6624E+01 -1.6192E+02
  8.9165E-01  1.2747E+00  3.4751E+01  7.5727E-01  1.7835E+02  5.6624E+01 -1.6192E+02
  8.9312E-01  1.2796E+00  3.4751E+01  7.5725E-01  1.7835E+02  5.6624E+01 -1.6192E+02
  8.9458E-01  1.2845E+00  3.4751E+01  7.5723E-01  1.7835E+02  5.6623E+01 -1.6191E+02
  8.9605E-01  1.2894E+00  3.4751E+01  7.5721E-01  1.7834E+02  5.6623E+01 -1.6191E+02
  8.9752E-01  1.2943E+00  3.4751E+01  7.5719E-01  1.7834E+02  5.6622E+01 -1.6191E+02
  8.9899E-01  1.2992E+00  3.4751E+01  7.5716E-01  1.7834E+02  5.6622E+01 -1.6190E+02
  9.0046E-01  1.3041E+00  3.4751E+01  7.5714E-01  1.7834E+02  5.6622E+01 -1.6190E+02
  9.0193E-01  1.3090E+00  3.4751E+01  7.5712E-01  1.7833E+02  5.6621E+01 -1.6189E+02
  9.0340E-01  1.3139E+00  3.4751E+01  7.5710E-01  1.7833E+02  5.6621E+01 -1.6189E+02
  9.0498E-01  1.3192E+00  3.4751E+01  7.5708E-01  1.7833E+02  5.6620E+01 -1.6189E+02
  9.0644E-01  1.3241E+00  3.4751E+01  7.5706E-01  1.7832E+02  5.6620E+01 -1.6188E+02
  9.0791E-01  1.3290E+00  3.4751E+01  7.5704E-01  1.7832E+02  5.6619E+01 -1.6188E+02
  9.0938E-01  1.3339E+00  3.4751E+01  7.5702E-01  1.7832E+02  5.6619E+01 -1.6188E+02
  9.1085E-01  1.3388E+00  3.4751E+01  7.5700E-01  1.7832E+02  5.6619E+01 -1.6187E+02
  9.1232E-01  1.3437E+00  3.4751E+01  7.5698E-01  1.7831E+02  5.6618E+01 -1.6187E+02
  9.1379E-01  1.3486E+00  3.4751E+01  7.5696E-01  1.7831E+02  5.6618E+01 -1.6187E+02
  9.1526E-01  1.3535E+00  3.4751E+01  7.5695E-01  1.7831E+02  5.6618E+01 -1.6186E+02
  9.1673E-01  1.3584E+00  3.4751E+01  7.5693E-01  1.7831E+02  5.6618E+01 -1.6186E+02
  9.1830E-01  1.3636E+00  3.4751E+01  7.5691E-01  1.7830E+02  5.6617E+01 -1.6185E+02
  9.1977E-01  1.3685E+00  3.4751E+01  7.5690E-01  1.7830E+02  5.6617E+01 -1.6185E+02
  9.2124E-01  1.3734E+00  3.4751E+01  7.5688E-01  1.7830E+02  5.6617E+01 -1.6185E+02
  9.2271E-01  1.3783E+00  3.4751E+01  7.5687E-01  1.7829E+02  5.6617E+01 -1.6184E+02
  9.2418E-01  1.3832E+00  3.4751E+01  7.5686E-01  1.7829E+02  5.6617E+01 -1.6184E+02
  9.2565E-01  1.3881E+00  3.4751E+01  7.5684E-01  1.7829E+02  5.6617E+01 -1.6184E+02
  9.2712E-01  1.3930E+00  3.4751E+01  7.5683E-01  1.7829E+02  5.6617E+01 -1.6183E+02
  9.2859E-01  1.3979E+00  3.4751E+01  7.5682E-01  1.7829E+02  5.6617E+01 -1.6183E+02
  9.3005E-01  1.4028E+00  3.4751E+01  7.5681E-01  1.7828E+02  5.6616E+01 -1.6183E+02
  9.3163E-01  1.4081E+00  3.4751E+01  7.5680E-01  1.7828E+02  5.6616E+01 -1.6182E+02
  9.3310E-01  1.4130E+00  3.4751E+01  7.5679E-01  1.7828E+02  5.6616E+01 -1.6182E+02
  9.3457E-01  1.4179E+00  3.4751E+01  7.5678E-01  1.7828E+02  5.6616E+01 -1.6182E+02
  9.3604E-01  1.4228E+00  3.4751E+01  7.5678E-01  1.7827E+02  5.6616E+01 -1.6182E+02
  9.3751E-01  1.4277E+00  3.4751E+01  7.5677E-01  1.7827E+02  5.6616E+01 -1.6181E+02
  9.3898E-01  1.4326E+00  3.4751E+01  7.5676E-01  1.7827E+02  5.6616E+01 -1.6181E+02
  9.4045E-01  1.4375E+00  3.4751E+01  7.5676E-01  1.7827E+02  5.6616E+01 -1.6181E+02
  9.4191E-01  1.4424E+00  3.4751E+01  7.5675E-01  1.7826E+02  5.6616E+01 -1.6181E+02
  9.4338E-01  1.4473E+00  3.4751E+01  7.5674E-01  1.7826E+02  5.6616E+01 -1.6180E+02
  9.4496E-01  1.4526E+00  3.4751E+01  7.5674E-01  1.7826E+02  5.6616E+01 -1.6180E+02
  9.4643E-01  1.4575E+00  3.4751E+01  7.5673E-01  1.7826E+02  5.6616E+01 -1.6180E+02
  9.4790E-01  1.4624E+00  3.4751E+01  7.5673E-01  1.7826E+02  5.6616E+01 -1.6180E+02
  9.4937E-01  1.4673E+00  3.4751E+01  7.5672E-01  1.7826E+02  5.6616E+01 -1.6179E+02
  9.5084E-01  1.4722E+00  3.4751E+01  7.5672E-01  1.7825E+02  5.6616E+01 -1.6179E+02
  9.5231E-01  1.4771E+00  3.4751E+01  7.5672E-01  1.7825E+02  5.6616E+01 -1.6179E+02
  9.5377E-01  1.4820E+00  3.4751E+01  7.5671E-01  1.7825E+02  5.6616E+01 -1.6179E+02
  9.5524E-01  1.4869E+00  3.4751E+01  7.5671E-01  1.7825E+02  5.6616E+01 -1.6179E+02
  9.5671E-01  1.4918E+00  3.4751E+01  7.5671E-01  1.7825E+02  5.6616E+01 -1.6179E+02
  9.5829E-01  1.4970E+00  3.4751E+01  7.5671E-01  1.7825E+02  5.6616E+01 -1.6178E+02
  9.5976E-01  1.5019E+00  3.4751E+01  7.5670E-01  1.7825E+02  5.6616E+01 -1.6178E+02
  9.6123E-01  1.5068E+00  3.4751E+01  7.5670E-01  1.7824E+02  5.6616E+01 -1.6178E+02
  9.6270E-01  1.5117E+00  3.4751E+01  7.5670E-01  1.7824E+02  5.6616E+01 -1.6178E+02
  9.6417E-01  1.5166E+00  3.4751E+01  7.5670E-01  1.7824E+02  5.6616E+01 -1.6178E+02
  9.6563E-01  1.5215E+00  3.4751E+01  7.5670E-01  1.7824E+02  5.6616E+01 -1.6178E+02
  9.6710E-01  1.5264E+00  3.4751E+01  7.5670E-01  1.7824E+02  5.6616E+01 -1.6178E+02
  9.6857E-01  1.5313E+00  3.4751E+01  7.5669E-01  1.7824E+02  5.6616E+01 -1.6178E+02
  9.7004E-01  1.5362E+00  3.4751E+01  7.5669E-01  1.7824E+02  5.6616E+01 -1.6177E+02
  9.7162E-01  1.5415E+00  3.4751E+01  7.5669E-01  1.7824E+02  5.6616E+01 -1.6177E+02
  9.7309E-01  1.5464E+00  3.4751E+01  7.5669E-01  1.7824E+02  5.6616E+01 -1.6177E+02
  9.7456E-01  1.5513E+00  3.4751E+01  7.5669E-01  1.7824E+02  5.6616E+01 -1.6177E+02
  9.7602E-01  1.5562E+00  3.4751E+01  7.5669E-01  1.7824E+02  5.6616E+01 -1.6177E+02
  9.7749E-01  1.5611E+00  3.4751E+01  7.5669E-01  1.7824E+02  5.6616E+01 -1.6177E+02
  9.7896E-01  1.5660E+00  3.4751E+01  7.5668E-01  1.7824E+02  5.6616E+01 -1.6177E+02
  9.8043E-01  1.5709E+00  3.4751E+01  7.5668E-01  1.7824E+02  5.6616E+01 -1.6177E+02
  9.8190E-01  1.5758E+00  3.4751E+01  7.5668E-01  1.7824E+02  5.6616E+01 -1.6177E+02
  9.8337E-01  1.5807E+00  3.4751E+01  7.5668E-01  1.7824E+02  5.6616E+01 -1.6177E+02
  9.8495E-01  1.5859E+00  3.4751E+01  7.5668E-01  1.7824E+02  5.6616E+01 -1.6177E+02
  9.8642E-01  1.5908E+00  3.4751E+01  7.5667E-01  1.7824E+02  5.6616E+01 -1.6177E+02
  9.8788E-01  1.5957E+00  3.4751E+01  7.5667E-01  1.7824E+02  5.6616E+01 -1.6177E+02
  9.8935E-01  1.6006E+00  3.4751E+01  7.5667E-01  1.7824E+02  5.6616E+01 -1.6177E+02
  9.9082E-01  1.6055E+00  3.4751E+01  7.5666E-01  1.7824E+02  5.6616E+01 -1.6177E+02
  9.9229E-01  1.6104E+00  3.4751E+01  7.5666E-01  1.7824E+02  5.6616E+01 -1.6177E+02
  9.9376E-01  1.6153E+00  3.4751E+01  7.5666E-01  1.7824E+02  5.6616E+01 -1.6177E+02
  9.9523E-01  1.6202E+00  3.4751E+01  7.5665E-01  1.7824E+02  5.6616E+01 -1.6177E+02
  9.9670E-01  1.6251E+00  3.4751E+01  7.5665E-01  1.7824E+02  5.6616E+01 -1.6177E+02
  9.9828E-01  1.6304E+00  3.4751E+01  7.5664E-01  1.7824E+02  5.6615E+01 -1.6177E+02
  9.9974E-01  1.6353E+00  3.4751E+01  7.5664E-01  1.7824E+02  5.6615E+01 -1.6177E+02
  1.0012E+00  1.6402E+00  3.4751E+01  7.5663E-01  1.7824E+02  5.6615E+01 -1.6177E+02
  1.0027E+00  1.6451E+00  3.4751E+01  7.5663E-01  1.7824E+02  5.6615E+01 -1.6177E+02
  1.0042E+00  1.6500E+00  3.4751E+01  7.5662E-01  1.7824E+02  5.6615E+01 -1.6178E+02
  1.0056E+00  1.6549E+00  3.4751E+01  7.5661E-01  1.7824E+02  5.6615E+01 -1.6178E+02
  1.0071E+00  1.6598E+00  3.4751E+01  7.5661E-01  1.7824E+02  5.6615E+01 -1.6178E+02
  1.0086E+00  1.6647E+00  3.4751E+01  7.5660E-01  1.7825E+02  5.6615E+01 -1.6178E+02
  1.0100E+00  1.6696E+00  3.4751E+01  7.5659E-01  1.7825E+02  5.6614E+01 -1.6178E+02
  1.0116E+00  1.6749E+00  3.4751E+01  7.5658E-01  1.7825E+02  5.6614E+01 -1.6178E+02
  1.0131E+00  1.6798E+00  3.4751E+01  7.5657E-01  1.7825E+02  5.6614E+01 -1.6178E+02
  1.0145E+00  1.6847E+00  3.4751E+01  7.5656E-01  1.7825E+02  5.6614E+01 -1.6178E+02
  1.0160E+00  1.6896E+00  3.4751E+01  7.5655E-01  1.7825E+02  5.6614E+01 -1.6178E+02
  1.0175E+00  1.6945E+00  3.4751E+01  7.5654E-01  1.7825E+02  5.6614E+01 -1.6179E+02
  1.0189E+00  1.6994E+00  3.4751E+01  7.5654E-01  1.7825E+02  5.6614E+01 -1.6179E+02
  1.0204E+00  1.7043E+00  3.4751E+01  7.5653E-01  1.7826E+02  5.6614E+01 -1.6179E+02
  1.0219E+00  1.7092E+00  3.4751E+01  7.5652E-01  1.7826E+02  5.6614E+01 -1.6179E+02
  1.0234E+00  1.7141E+00  3.4751E+01  7.5651E-01  1.7826E+02  5.6614E+01 -1.6179E+02
  1.0249E+00  1.7193E+00  3.4751E+01  7.5650E-01  1.7826E+02  5.6614E+01 -1.6179E+02
  1.0264E+00  1.7242E+00  3.4751E+01  7.5649E-01  1.7826E+02  5.6613E+01 -1.6179E+02
  1.0279E+00  1.7291E+00  3.4751E+01  7.5648E-01  1.7826E+02  5.6613E+01 -1.6179E+02
  1.0293E+00  1.7340E+00  3.4751E+01  7.5647E-01  1.7827E+02  5.6613E+01 -1.6180E+02
  1.0308E+00  1.7389E+00  3.4751E+01  7.5646E-01  1.7827E+02  5.6613E+01 -1.6180E+02
  1.0323E+00  1.7438E+00  3.4751E+01  7.5646E-01  1.7827E+02  5.6613E+01 -1.6180E+02
  1.0337E+00  1.7487E+00  3.4751E+01  7.5645E-01  1.7827E+02  5.6613E+01 -1.6180E+02
  1.0352E+00  1.7536E+00  3.4751E+01  7.5644E-01  1.7827E+02  5.6613E+01 -1.6180E+02
  1.0367E+00  1.7585E+00  3.4751E+01  7.5643E-01  1.7827E+02  5.6613E+01 -1.6180E+02
  1.0383E+00  1.7638E+00  3.4751E+01  7.5642E-01  1.7827E+02  5.6613E+01 -1.6180E+02
  1.0397E+00  1.7687E+00  3.4751E+01  7.5641E-01  1.7828E+02  5.6613E+01 -1.6180E+02
  1.0412E+00  1.7736E+00  3.4751E+01  7.5640E-01  1.7828E+02  5.6613E+01 -1.6181E+02
  1.0427E+00  1.7785E+00  3.4751E+01  7.5639E-01  1.7828E+02  5.6613E+01 -1.6181E+02
  1.0441E+00  1.7834E+00  3.4751E+01  7.5639E-01  1.7828E+02  5.6613E+01 -1.6181E+02
  1.0456E+00  1.7883E+00  3.4751E+01  7.5638E-01  1.7828E+02  5.6613E+01 -1.6181E+02
  1.0471E+00  1.7932E+00  3.4751E+01  7.5637E-01  1.7828E+02  5.6613E+01 -1.6181E+02
  1.0485E+00  1.7981E+00  3.4751E+01  7.5636E-01  1.7828E+02  5.6613E+01 -1.6181E+02
  1.0500E+00  1.8030E+00  3.4751E+01  7.5635E-01  1.7829E+02  5.6613E+01 -1.6181E+02
  1.0516E+00  1.8083E+00  3.4751E+01  7.5634E-01  1.7829E+02  5.6613E+01 -1.6181E+02
  1.0531E+00  1.8132E+00  3.4751E+01  7.5633E-01  1.7829E+02  5.6613E+01 -1.6182E+02
  1.0545E+00  1.8181E+00  3.4751E+01  7.5632E-01  1.7829E+02  5.6613E+01 -1.6182E+02
  1.0560E+00  1.8230E+00  3.4751E+01  7.5631E-01  1.7829E+02  5.6613E+01 -1.6182E+02
  1.0575E+00  1.8279E+00  3.4751E+01  7.5631E-01  1.7829E+02  5.6613E+01 -1.6182E+02
  1.0589E+00  1.8328E+00  3.4751E+01  7.5630E-01  1.7829E+02  5.6613E+01 -1.6182E+02
  1.0604E+00  1.8377E+00  3.4751E+01  7.5629E-01  1.7830E+02  5.6613E+01 -1.6182E+02
  1.0619E+00  1.8426E+00  3.4751E+01  7.5628E-01  1.7830E+02  5.6613E+01 -1.6182E+02
  1.0633E+00  1.8475E+00  3.4751E+01  7.5627E-01  1.7830E+02  5.6613E+01 -1.6182E+02
  1.0649E+00  1.8527E+00  3.4751E+01  7.5626E-01  1.7830E+02  5.6613E+01 -1.6182E+02
  1.0664E+00  1.8576E+00  3.4751E+01  7.5625E-01  1.7830E+02  5.6613E+01 -1.6183E+02
  1.0679E+00  1.8625E+00  3.4751E+01  7.5624E-01  1.7830E+02  5.6613E+01 -1.6183E+02
  1.0693E+00  1.8674E+00  3.4751E+01  7.5623E-01  1.7831E+02  5.6613E+01 -1.6183E+02
  1.0708E+00  1.8723E+00  3.4751E+01  7.5623E-01  1.7831E+02  5.6613E+01 -1.6183E+02
  1.0723E+00  1.8772E+00  3.4751E+01  7.5622E-01  1.7831E+02  5.6613E+01 -1.6183E+02
  1.0737E+00  1.8821E+00  3.4751E+01  7.5621E-01  1.7831E+02  5.6613E+01 -1.6183E+02
  1.0752E+00  1.8870E+00  3.4751E+01  7.5620E-01  1.7831E+02  5.6613E+01 -1.6183E+02
  1.0767E+00  1.8919E+00  3.4751E+01  7.5619E-01  1.7831E+02  5.6613E+01 -1.6183E+02
  1.0782E+00  1.8972E+00  3.4751E+01  7.5618E-01  1.7831E+02  5.6613E+01 -1.6184E+02
  1.0797E+00  1.9021E+00  3.4751E+01  7.5617E-01  1.7832E+02  5.6613E+01 -1.6184E+02
  1.0812E+00  1.9070E+00  3.4751E+01  7.5616E-01  1.7832E+02  5.6613E+01 -1.6184E+02
  1.0827E+00  1.9119E+00  3.4751E+01  7.5616E-01  1.7832E+02  5.6613E+01 -1.6184E+02
  1.0841E+00  1.9168E+00  3.4751E+01  7.5615E-01  1.7832E+02  5.6613E+01 -1.6184E+02
  1.0856E+00  1.9217E+00  3.4751E+01  7.5614E-01  1.7832E+02  5.6613E+01 -1.6184E+02
  1.0871E+00  1.9266E+00  3.4751E+01  7.5613E-01  1.7832E+02  5.6613E+01 -1.6184E+02
  1.0885E+00  1.9315E+00  3.4751E+01  7.5612E-01  1.7832E+02  5.6613E+01 -1.6184E+02
  1.0900E+00  1.9364E+00  3.4751E+01  7.5611E-01  1.7833E+02  5.6613E+01 -1.6184E+02
  1.0916E+00  1.9417E+00  3.4751E+01  7.5610E-01  1.7833E+02  5.6613E+01 -1.6185E+02
  1.0930E+00  1.9466E+00  3.4751E+01  7.5609E-01  1.7833E+02  5.6613E+01 -1.6185E+02
  1.0945E+00  1.9515E+00  3.4751E+01  7.5608E-01  1.7833E+02  5.6613E+01 -1.6185E+02
  1.0960E+00  1.9564E+00  3.4751E+01  7.5608E-01  1.7833E+02  5.6613E+01 -1.6185E+02
  1.0975E+00  1.9613E+00  3.4751E+01  7.5607E-01  1.7833E+02  5.6613E+01 -1.6185E+02
  1.0989E+00  1.9662E+00  3.4751E+01  7.5606E-01  1.7833E+02  5.6614E+01 -1.6185E+02
  1.1004E+00  1.9711E+00  3.4751E+01  7.5605E-01  1.7833E+02  5.6614E+01 -1.6185E+02
  1.1019E+00  1.9760E+00  3.4751E+01  7.5604E-01  1.7834E+02  5.6614E+01 -1.6185E+02
  1.1033E+00  1.9809E+00  3.4751E+01  7.5603E-01  1.7834E+02  5.6614E+01 -1.6185E+02
  1.1049E+00  1.9861E+00  3.4751E+01  7.5602E-01  1.7834E+02  5.6614E+01 -1.6186E+02
  1.1064E+00  1.9910E+00  3.4751E+01  7.5601E-01  1.7834E+02  5.6614E+01 -1.6186E+02
  1.1078E+00  1.9959E+00  3.4751E+01  7.5601E-01  1.7834E+02  5.6614E+01 -1.6186E+02
  1.1093E+00  2.0008E+00  3.4751E+01  7.5600E-01  1.7834E+02  5.6614E+01 -1.6186E+02
  1.1108E+00  2.0057E+00  3.4751E+01  7.5599E-01  1.7834E+02  5.6614E+01 -1.6186E+02
  1.1122E+00  2.0106E+00  3.4751E+01  7.5598E-01  1.7835E+02  5.6614E+01 -1.6186E+02
  1.1137E+00  2.0155E+00  3.4751E+01  7.5597E-01  1.7835E+02  5.6614E+01 -1.6186E+02
  1.1152E+00  2.0204E+00  3.4751E+01  7.5596E-01  1.7835E+02  5.6614E+01 -1.6186E+02
  1.1167E+00  2.0253E+00  3.4751E+01  7.5595E-01  1.7835E+02  5.6614E+01 -1.6186E+02
  1.1182E+00  2.0306E+00  3.4751E+01  7.5594E-01  1.7835E+02  5.6614E+01 -1.6187E+02
  1.1197E+00  2.0355E+00  3.4751E+01  7.5593E-01  1.7835E+02  5.6614E+01 -1.6187E+02
  1.1212E+00  2.0404E+00  3.4751E+01  7.5593E-01  1.7835E+02  5.6614E+01 -1.6187E+02
  1.1242E+00  2.0504E+00  3.4751E+01  7.5591E-01  1.7836E+02  5.6614E+01 -1.6187E+02
