 -4.3083E-01 -3.3676E+00 -2.1989E+02  4.2849E-01  5.0913E+00  7.1920E+01 -3.7532E+00
 -4.2936E-01 -3.3607E+00 -2.1842E+02  4.2864E-01  5.0912E+00  7.1980E+01 -3.7516E+00
 -4.2788E-01 -3.3537E+00 -2.1693E+02  4.2879E-01  5.0912E+00  7.2041E+01 -3.7499E+00
 -4.2640E-01 -3.3467E+00 -2.1545E+02  4.2893E-01  5.0911E+00  7.2102E+01 -3.7483E+00
 -4.2492E-01 -3.3397E+00 -2.1397E+02  4.2908E-01  5.0911E+00  7.2162E+01 -3.7466E+00
 -4.2344E-01 -3.3327E+00 -2.1249E+02  4.2923E-01  5.0910E+00  7.2223E+01 -3.7450E+00
 -4.2196E-01 -3.3257E+00 -2.1101E+02  4.2938E-01  5.0910E+00  7.2284E+01 -3.7434E+00
 -4.2047E-01 -3.3188E+00 -2.0953E+02  4.2952E-01  5.0910E+00  7.2344E+01 -3.7417E+00
 -4.1899E-01 -3.3118E+00 -2.0805E+02  4.2967E-01  5.0909E+00  7.2405E+01 -3.7401E+00
 -4.1751E-01 -3.3048E+00 -2.0657E+02  4.2982E-01  5.0909E+00  7.2466E+01 -3.7385E+00
 -4.1603E-01 -3.2978E+00 -2.0509E+02  4.2997E-01  5.0908E+00  7.2526E+01 -3.7368E+00
 -4.1455E-01 -3.2908E+00 -2.0361E+02  4.3012E-01  5.0908E+00  7.2587E+01 -3.7352E+00
 -4.1307E-01 -3.2838E+00 -2.0213E+02  4.3026E-01  5.0907E+00  7.2648E+01 -3.7336E+00
 -4.1159E-01 -3.2768E+00 -2.0064E+02  4.3041E-01  5.0907E+00  7.2708E+01 -3.7319E+00
 -4.1011E-01 -3.2699E+00 -1.9916E+02  4.3056E-01  5.0907E+00  7.2769E+01 -3.7303E+00
 -4.0863E-01 -3.2629E+00 -1.9768E+02  4.3071E-01  5.0906E+00  7.2830E+01 -3.7287E+00
 -4.0715E-01 -3.2559E+00 -1.9620E+02  4.3086E-01  5.0906E+00  7.2890E+01 -3.7270E+00
 -4.0566E-01 -3.2489E+00 -1.9472E+02  4.3101E-01  5.0905E+00  7.2951E+01 -3.7254E+00
 -4.0418E-01 -3.2419E+00 -1.9324E+02  4.3115E-01  5.0905E+00  7.3012E+01 -3.7238E+00
 -4.0270E-01 -3.2349E+00 -1.9176E+02  4.3130E-01  5.0904E+00  7.3073E+01 -3.7221E+00
 -4.0122E-01 -3.2279E+00 -1.9028E+02  4.3145E-01  5.0904E+00  7.3133E+01 -3.7205E+00
 -3.9974E-01 -3.2209E+00 -1.8880E+02  4.3160E-01  5.0903E+00  7.3194E+01 -3.7189E+00
 -3.9826E-01 -3.2140E+00 -1.8732E+02  4.3175E-01  5.0903E+00  7.3255E+01 -3.7172E+00
 -3.9678E-01 -3.2070E+00 -1.8584E+02  4.3190E-01  5.0903E+00  7.3315E+01 -3.7156E+00
 -3.9530E-01 -3.2000E+00 -1.8435E+02  4.3205E-01  5.0902E+00  7.3376E+01 -3.7140E+00
 -3.9382E-01 -3.1930E+00 -1.8287E+02  4.3220E-01  5.0902E+00  7.3437E+01 -3.7123E+00
 -3.9234E-01 -3.1860E+00 -1.8139E+02  4.3235E-01  5.0901E+00  7.3498E+01 -3.7107E+00
 -3.9086E-01 -3.1790E+00 -1.7991E+02  4.3250E-01  5.0901E+00  7.3558E+01 -3.7091E+00
 -3.8937E-01 -3.1720E+00 -1.7843E+02  4.3265E-01  5.0900E+00  7.3619E+01 -3.7074E+00
 -3.8789E-01 -3.1651E+00 -1.7695E+02  4.3280E-01  5.0900E+00  7.3680E+01 -3.7058E+00
 -3.8641E-01 -3.1581E+00 -1.7547E+02  4.3295E-01  5.0900E+00  7.3741E+01 -3.7042E+00
 -3.8493E-01 -3.1511E+00 -1.7399E+02  4.3310E-01  5.0899E+00  7.3801E+01 -3.7026E+00
 -3.8345E-01 -3.1441E+00 -1.7251E+02  4.3325E-01  5.0899E+00  7.3862E+01 -3.7009E+00
 -3.8197E-01 -3.1371E+00 -1.7103E+02  4.3340E-01  5.0898E+00  7.3923E+01 -3.6993E+00
 -3.8049E-01 -3.1301E+00 -1.6955E+02  4.3355E-01  5.0927E+00  7.4025E+01 -3.6999E+00
 -3.7901E-01 -3.1231E+00 -1.6806E+02  4.3369E-01  5.0941E+00  7.4107E+01 -3.6993E+00
 -3.7753E-01 -3.1161E+00 -1.6658E+02  4.3384E-01  5.0963E+00  7.4200E+01 -3.6993E+00
 -3.7605E-01 -3.1092E+00 -1.6510E+02  4.3398E-01  5.0996E+00  7.4310E+01 -3.7001E+00
 -3.7456E-01 -3.1022E+00 -1.6362E+02  4.3411E-01  5.1046E+00  7.4444E+01 -3.7022E+00
 -3.7308E-01 -3.0952E+00 -1.6214E+02  4.3424E-01  5.1120E+00  7.4616E+01 -3.7061E+00
 -3.7160E-01 -3.0882E+00 -1.6066E+02  4.3436E-01  5.1231E+00  7.4841E+01 -3.7126E+00
 -3.7012E-01 -3.0812E+00 -1.5918E+02  4.3446E-01  5.1395E+00  7.5144E+01 -3.7230E+00
 -3.6864E-01 -3.0742E+00 -1.5770E+02  4.3453E-01  5.1631E+00  7.5555E+01 -3.7387E+00
 -3.6716E-01 -3.0673E+00 -1.5622E+02  4.3457E-01  5.1965E+00  7.6113E+01 -3.7616E+00
 -3.6568E-01 -3.0603E+00 -1.5475E+02  4.3456E-01  5.2422E+00  7.6856E+01 -3.7932E+00
 -3.6420E-01 -3.0533E+00 -1.5327E+02  4.3449E-01  5.3017E+00  7.7811E+01 -3.8349E+00
 -3.6272E-01 -3.0463E+00 -1.5180E+02  4.3433E-01  5.3749E+00  7.8982E+01 -3.8862E+00
 -3.6124E-01 -3.0394E+00 -1.5034E+02  4.3406E-01  5.4583E+00  8.0327E+01 -3.9445E+00
 -3.5976E-01 -3.0324E+00 -1.4887E+02  4.3369E-01  5.5457E+00  8.1761E+01 -4.0048E+00
 -3.5827E-01 -3.0255E+00 -1.4742E+02  4.3319E-01  5.6291E+00  8.3174E+01 -4.0610E+00
 -3.5679E-01 -3.0186E+00 -1.4597E+02  4.3258E-01  5.7012E+00  8.4465E+01 -4.1077E+00
 -3.5531E-01 -3.0117E+00 -1.4453E+02  4.3187E-01  5.7579E+00  8.5568E+01 -4.1418E+00
 -3.5383E-01 -3.0048E+00 -1.4310E+02  4.3107E-01  5.7981E+00  8.6464E+01 -4.1626E+00
 -3.5235E-01 -2.9980E+00 -1.4167E+02  4.3020E-01  5.8235E+00  8.7168E+01 -4.1715E+00
 -3.5087E-01 -2.9912E+00 -1.4026E+02  4.2927E-01  5.8368E+00  8.7712E+01 -4.1707E+00
 -3.4939E-01 -2.9844E+00 -1.3886E+02  4.2830E-01  5.8410E+00  8.8133E+01 -4.1624E+00
 -3.4791E-01 -2.9776E+00 -1.3747E+02  4.2729E-01  5.8385E+00  8.8464E+01 -4.1488E+00
 -3.4653E-01 -2.9713E+00 -1.3619E+02  4.2632E-01  5.8321E+00  8.8713E+01 -4.1327E+00
 -3.4499E-01 -2.9643E+00 -1.3476E+02  4.2521E-01  5.8217E+00  8.8945E+01 -4.1120E+00
 -3.4346E-01 -2.9574E+00 -1.3337E+02  4.2409E-01  5.8093E+00  8.9141E+01 -4.0896E+00
 -3.4207E-01 -2.9511E+00 -1.3210E+02  4.2305E-01  5.7968E+00  8.9301E+01 -4.0679E+00
 -3.4051E-01 -2.9441E+00 -1.3069E+02  4.2186E-01  5.7820E+00  8.9465E+01 -4.0429E+00
 -3.3910E-01 -2.9378E+00 -1.2943E+02  4.2077E-01  5.7683E+00  8.9604E+01 -4.0197E+00
 -3.3754E-01 -2.9308E+00 -1.2804E+02  4.1954E-01  5.7547E+00  8.9780E+01 -3.9949E+00
 -3.3612E-01 -2.9245E+00 -1.2679E+02  4.1841E-01  5.7400E+00  8.9901E+01 -3.9704E+00
 -3.3458E-01 -2.9177E+00 -1.2544E+02  4.1716E-01  5.7243E+00  9.0034E+01 -3.9436E+00
 -3.3315E-01 -2.9114E+00 -1.2420E+02  4.1599E-01  5.7101E+00  9.0156E+01 -3.9188E+00
 -3.3162E-01 -2.9046E+00 -1.2288E+02  4.1472E-01  5.6951E+00  9.0288E+01 -3.8920E+00
 -3.3018E-01 -2.8983E+00 -1.2165E+02  4.1352E-01  5.6813E+00  9.0411E+01 -3.8669E+00
 -3.2874E-01 -2.8920E+00 -1.2043E+02  4.1230E-01  5.6677E+00  9.0535E+01 -3.8416E+00
 -3.2717E-01 -2.8852E+00 -1.1911E+02  4.1096E-01  5.6532E+00  9.0670E+01 -3.8139E+00
 -3.2573E-01 -2.8789E+00 -1.1790E+02  4.0970E-01  5.6401E+00  9.0796E+01 -3.7882E+00
 -3.2427E-01 -2.8726E+00 -1.1669E+02  4.0843E-01  5.6271E+00  9.0921E+01 -3.7623E+00
 -3.2281E-01 -2.8663E+00 -1.1549E+02  4.0715E-01  5.6143E+00  9.1048E+01 -3.7362E+00
 -3.2135E-01 -2.8600E+00 -1.1430E+02  4.0584E-01  5.6017E+00  9.1174E+01 -3.7099E+00
 -3.1977E-01 -2.8532E+00 -1.1302E+02  4.0442E-01  5.5884E+00  9.1312E+01 -3.6812E+00
 -3.1830E-01 -2.8469E+00 -1.1183E+02  4.0309E-01  5.5762E+00  9.1439E+01 -3.6544E+00
 -3.1682E-01 -2.8406E+00 -1.1066E+02  4.0174E-01  5.5642E+00  9.1568E+01 -3.6273E+00
 -3.1534E-01 -2.8343E+00 -1.0948E+02  4.0038E-01  5.5524E+00  9.1697E+01 -3.5999E+00
 -3.1386E-01 -2.8280E+00 -1.0832E+02  3.9900E-01  5.5408E+00  9.1826E+01 -3.5722E+00
 -3.1237E-01 -2.8217E+00 -1.0716E+02  3.9761E-01  5.5293E+00  9.1955E+01 -3.5442E+00
 -3.1088E-01 -2.8154E+00 -1.0601E+02  3.9622E-01  5.5181E+00  9.2085E+01 -3.5161E+00
 -3.0940E-01 -2.8092E+00 -1.0487E+02  3.9482E-01  5.5071E+00  9.2214E+01 -3.4878E+00
 -3.0792E-01 -2.8030E+00 -1.0374E+02  3.9341E-01  5.4963E+00  9.2343E+01 -3.4593E+00
 -3.0644E-01 -2.7968E+00 -1.0262E+02  3.9200E-01  5.4857E+00  9.2472E+01 -3.4304E+00
 -3.0496E-01 -2.7906E+00 -1.0151E+02  3.9058E-01  5.4753E+00  9.2601E+01 -3.4014E+00
 -3.0348E-01 -2.7845E+00 -1.0041E+02  3.8915E-01  5.4650E+00  9.2730E+01 -3.3720E+00
 -3.0200E-01 -2.7783E+00 -9.9313E+01  3.8771E-01  5.4550E+00  9.2860E+01 -3.3423E+00
 -3.0052E-01 -2.7722E+00 -9.8227E+01  3.8627E-01  5.4451E+00  9.2989E+01 -3.3123E+00
 -2.9904E-01 -2.7661E+00 -9.7148E+01  3.8482E-01  5.4354E+00  9.3118E+01 -3.2820E+00
 -2.9756E-01 -2.7600E+00 -9.6078E+01  3.8337E-01  5.4259E+00  9.3247E+01 -3.2513E+00
 -2.9607E-01 -2.7539E+00 -9.5015E+01  3.8192E-01  5.4165E+00  9.3376E+01 -3.2203E+00
 -2.9459E-01 -2.7478E+00 -9.3961E+01  3.8046E-01  5.4073E+00  9.3505E+01 -3.1890E+00
 -2.9311E-01 -2.7418E+00 -9.2915E+01  3.7900E-01  5.3983E+00  9.3635E+01 -3.1573E+00
 -2.9163E-01 -2.7358E+00 -9.1876E+01  3.7753E-01  5.3894E+00  9.3763E+01 -3.1251E+00
 -2.9015E-01 -2.7297E+00 -9.0846E+01  3.7607E-01  5.3806E+00  9.3892E+01 -3.0926E+00
 -2.8877E-01 -2.7241E+00 -8.9892E+01  3.7470E-01  5.3726E+00  9.4013E+01 -3.0619E+00
 -2.8721E-01 -2.7178E+00 -8.8824E+01  3.7316E-01  5.3638E+00  9.4148E+01 -3.0269E+00
 -2.8571E-01 -2.7118E+00 -8.7800E+01  3.7167E-01  5.3554E+00  9.4279E+01 -2.9926E+00
 -2.8432E-01 -2.7062E+00 -8.6861E+01  3.7029E-01  5.3477E+00  9.4399E+01 -2.9605E+00
 -2.8275E-01 -2.6999E+00 -8.5809E+01  3.6874E-01  5.3392E+00  9.4535E+01 -2.9238E+00
 -2.8135E-01 -2.6943E+00 -8.4879E+01  3.6736E-01  5.3318E+00  9.4656E+01 -2.8906E+00
 -2.7978E-01 -2.6880E+00 -8.3845E+01  3.6581E-01  5.3237E+00  9.4792E+01 -2.8530E+00
 -2.7838E-01 -2.6824E+00 -8.2926E+01  3.6443E-01  5.3165E+00  9.4913E+01 -2.8187E+00
 -2.7682E-01 -2.6762E+00 -8.1913E+01  3.6290E-01  5.3086E+00  9.5048E+01 -2.7802E+00
 -2.7541E-01 -2.6706E+00 -8.1002E+01  3.6153E-01  5.3016E+00  9.5170E+01 -2.7448E+00
 -2.7386E-01 -2.6645E+00 -8.0009E+01  3.6002E-01  5.2941E+00  9.5303E+01 -2.7054E+00
 -2.7244E-01 -2.6589E+00 -7.9109E+01  3.5864E-01  5.2873E+00  9.5425E+01 -2.6688E+00
 -2.7090E-01 -2.6528E+00 -7.8134E+01  3.5715E-01  5.2801E+00  9.5558E+01 -2.6283E+00
 -2.6948E-01 -2.6472E+00 -7.7243E+01  3.5579E-01  5.2735E+00  9.5680E+01 -2.5905E+00
 -2.6794E-01 -2.6411E+00 -7.6287E+01  3.5432E-01  5.2665E+00  9.5812E+01 -2.5491E+00
 -2.6651E-01 -2.6355E+00 -7.5407E+01  3.5297E-01  5.2601E+00  9.5934E+01 -2.5100E+00
 -2.6497E-01 -2.6295E+00 -7.4469E+01  3.5153E-01  5.2534E+00  9.6065E+01 -2.4674E+00
 -2.6354E-01 -2.6239E+00 -7.3598E+01  3.5019E-01  5.2472E+00  9.6187E+01 -2.4269E+00
 -2.6210E-01 -2.6183E+00 -7.2732E+01  3.4886E-01  5.2412E+00  9.6310E+01 -2.3858E+00
 -2.6053E-01 -2.6122E+00 -7.1793E+01  3.4742E-01  5.2346E+00  9.6443E+01 -2.3403E+00
 -2.5909E-01 -2.6066E+00 -7.0937E+01  3.4611E-01  5.2287E+00  9.6566E+01 -2.2977E+00
 -2.5764E-01 -2.6010E+00 -7.0085E+01  3.4482E-01  5.2229E+00  9.6688E+01 -2.2544E+00
 -2.5609E-01 -2.5950E+00 -6.9178E+01  3.4344E-01  5.2168E+00  9.6819E+01 -2.2073E+00
 -2.5464E-01 -2.5894E+00 -6.8336E+01  3.4217E-01  5.2112E+00  9.6942E+01 -2.1625E+00
 -2.5318E-01 -2.5838E+00 -6.7499E+01  3.4092E-01  5.2056E+00  9.7064E+01 -2.1170E+00
 -2.5172E-01 -2.5782E+00 -6.6667E+01  3.3968E-01  5.2002E+00  9.7187E+01 -2.0707E+00
 -2.5026E-01 -2.5726E+00 -6.5840E+01  3.3846E-01  5.1948E+00  9.7309E+01 -2.0237E+00
 -2.4868E-01 -2.5666E+00 -6.4953E+01  3.3716E-01  5.1891E+00  9.7441E+01 -1.9720E+00
 -2.4722E-01 -2.5610E+00 -6.4136E+01  3.3598E-01  5.1839E+00  9.7563E+01 -1.9234E+00
 -2.4575E-01 -2.5554E+00 -6.3323E+01  3.3481E-01  5.1787E+00  9.7685E+01 -1.8739E+00
 -2.4428E-01 -2.5498E+00 -6.2516E+01  3.3367E-01  5.1737E+00  9.7807E+01 -1.8236E+00
 -2.4280E-01 -2.5442E+00 -6.1713E+01  3.3255E-01  5.1687E+00  9.7930E+01 -1.7725E+00
 -2.4133E-01 -2.5386E+00 -6.0915E+01  3.3145E-01  5.1638E+00  9.8052E+01 -1.7206E+00
 -2.3985E-01 -2.5330E+00 -6.0122E+01  3.3038E-01  5.1590E+00  9.8173E+01 -1.6679E+00
 -2.3836E-01 -2.5274E+00 -5.9334E+01  3.2934E-01  5.1543E+00  9.8295E+01 -1.6144E+00
 -2.3688E-01 -2.5218E+00 -5.8551E+01  3.2832E-01  5.1496E+00  9.8417E+01 -1.5600E+00
 -2.3539E-01 -2.5162E+00 -5.7772E+01  3.2733E-01  5.1450E+00  9.8538E+01 -1.5048E+00
 -2.3390E-01 -2.5106E+00 -5.6999E+01  3.2637E-01  5.1405E+00  9.8660E+01 -1.4487E+00
 -2.3241E-01 -2.5050E+00 -5.6230E+01  3.2544E-01  5.1360E+00  9.8781E+01 -1.3918E+00
 -2.3092E-01 -2.4994E+00 -5.5467E+01  3.2455E-01  5.1317E+00  9.8902E+01 -1.3341E+00
 -2.2943E-01 -2.4939E+00 -5.4715E+01  3.2370E-01  5.1274E+00  9.9022E+01 -1.2761E+00
 -2.2795E-01 -2.4883E+00 -5.3971E+01  3.2288E-01  5.1232E+00  9.9141E+01 -1.2175E+00
 -2.2647E-01 -2.4828E+00 -5.3233E+01  3.2210E-01  5.1191E+00  9.9260E+01 -1.1582E+00
 -2.2499E-01 -2.4773E+00 -5.2500E+01  3.2136E-01  5.1151E+00  9.9378E+01 -1.0982E+00
 -2.2351E-01 -2.4718E+00 -5.1774E+01  3.2066E-01  5.1111E+00  9.9496E+01 -1.0375E+00
 -2.2203E-01 -2.4663E+00 -5.1054E+01  3.2000E-01  5.1072E+00  9.9614E+01 -9.7617E-01
 -2.2055E-01 -2.4608E+00 -5.0339E+01  3.1938E-01  5.1034E+00  9.9731E+01 -9.1417E-01
 -2.1907E-01 -2.4553E+00 -4.9631E+01  3.1881E-01  5.0996E+00  9.9848E+01 -8.5154E-01
 -2.1758E-01 -2.4499E+00 -4.8928E+01  3.1828E-01  5.0959E+00  9.9965E+01 -7.8829E-01
 -2.1610E-01 -2.4444E+00 -4.8231E+01  3.1779E-01  5.0923E+00  1.0008E+02 -7.2445E-01
 -2.1462E-01 -2.4390E+00 -4.7540E+01  3.1735E-01  5.0888E+00  1.0020E+02 -6.6003E-01
 -2.1314E-01 -2.4335E+00 -4.6855E+01  3.1696E-01  5.0853E+00  1.0031E+02 -5.9505E-01
 -2.1166E-01 -2.4281E+00 -4.6175E+01  3.1662E-01  5.0818E+00  1.0043E+02 -5.2954E-01
 -2.1018E-01 -2.4226E+00 -4.5502E+01  3.1632E-01  5.0785E+00  1.0054E+02 -4.6353E-01
 -2.0870E-01 -2.4172E+00 -4.4833E+01  3.1608E-01  5.0752E+00  1.0065E+02 -3.9704E-01
 -2.0722E-01 -2.4118E+00 -4.4171E+01  3.1589E-01  5.0719E+00  1.0077E+02 -3.3011E-01
 -2.0574E-01 -2.4064E+00 -4.3514E+01  3.1575E-01  5.0687E+00  1.0088E+02 -2.6275E-01
 -2.0426E-01 -2.4010E+00 -4.2863E+01  3.1566E-01  5.0656E+00  1.0099E+02 -1.9500E-01
 -2.0277E-01 -2.3956E+00 -4.2217E+01  3.1563E-01  5.0626E+00  1.0111E+02 -1.2691E-01
 -2.0129E-01 -2.3902E+00 -4.1578E+01  3.1566E-01  5.0595E+00  1.0122E+02 -5.8487E-02
 -1.9981E-01 -2.3849E+00 -4.0943E+01  3.1574E-01  5.0566E+00  1.0133E+02  1.0218E-02
 -1.9833E-01 -2.3795E+00 -4.0314E+01  3.1588E-01  5.0537E+00  1.0144E+02  7.9171E-02
 -1.9685E-01 -2.3741E+00 -3.9691E+01  3.1608E-01  5.0508E+00  1.0155E+02  1.4834E-01
 -1.9537E-01 -2.3688E+00 -3.9073E+01  3.1634E-01  5.0480E+00  1.0166E+02  2.1767E-01
 -1.9389E-01 -2.3634E+00 -3.8461E+01  3.1666E-01  5.0453E+00  1.0177E+02  2.8715E-01
 -1.9241E-01 -2.3581E+00 -3.7854E+01  3.1704E-01  5.0426E+00  1.0188E+02  3.5671E-01
 -1.9093E-01 -2.3528E+00 -3.7252E+01  3.1748E-01  5.0400E+00  1.0199E+02  4.2633E-01
 -1.8945E-01 -2.3474E+00 -3.6656E+01  3.1798E-01  5.0374E+00  1.0209E+02  4.9596E-01
 -1.8797E-01 -2.3421E+00 -3.6065E+01  3.1855E-01  5.0349E+00  1.0220E+02  5.6556E-01
 -1.8648E-01 -2.3368E+00 -3.5480E+01  3.1918E-01  5.0324E+00  1.0231E+02  6.3510E-01
 -1.8500E-01 -2.3315E+00 -3.4900E+01  3.1988E-01  5.0299E+00  1.0241E+02  7.0452E-01
 -1.8352E-01 -2.3262E+00 -3.4325E+01  3.2064E-01  5.0275E+00  1.0252E+02  7.7379E-01
 -1.8204E-01 -2.3209E+00 -3.3756E+01  3.2146E-01  5.0252E+00  1.0262E+02  8.4286E-01
 -1.8056E-01 -2.3156E+00 -3.3192E+01  3.2236E-01  5.0229E+00  1.0273E+02  9.1169E-01
 -1.7908E-01 -2.3103E+00 -3.2633E+01  3.2332E-01  5.0206E+00  1.0283E+02  9.8025E-01
 -1.7760E-01 -2.3051E+00 -3.2079E+01  3.2434E-01  5.0184E+00  1.0294E+02  1.0485E+00
 -1.7612E-01 -2.2998E+00 -3.1531E+01  3.2544E-01  5.0163E+00  1.0304E+02  1.1164E+00
 -1.7464E-01 -2.2945E+00 -3.0988E+01  3.2660E-01  5.0141E+00  1.0314E+02  1.1839E+00
 -1.7316E-01 -2.2893E+00 -3.0450E+01  3.2783E-01  5.0121E+00  1.0324E+02  1.2509E+00
 -1.7177E-01 -2.2844E+00 -2.9953E+01  3.2903E-01  5.0102E+00  1.0334E+02  1.3131E+00
 -1.7019E-01 -2.2788E+00 -2.9390E+01  3.3049E-01  5.0080E+00  1.0345E+02  1.3836E+00
 -1.6881E-01 -2.2739E+00 -2.8901E+01  3.3183E-01  5.0062E+00  1.0354E+02  1.4449E+00
 -1.6723E-01 -2.2683E+00 -2.8350E+01  3.3342E-01  5.0042E+00  1.0364E+02  1.5141E+00
 -1.6584E-01 -2.2634E+00 -2.7870E+01  3.3489E-01  5.0024E+00  1.0374E+02  1.5745E+00
 -1.6427E-01 -2.2579E+00 -2.7331E+01  3.3663E-01  5.0004E+00  1.0384E+02  1.6422E+00
 -1.6288E-01 -2.2530E+00 -2.6859E+01  3.3824E-01  4.9988E+00  1.0393E+02  1.7015E+00
 -1.6131E-01 -2.2474E+00 -2.6332E+01  3.4012E-01  4.9969E+00  1.0404E+02  1.7677E+00
 -1.5991E-01 -2.2425E+00 -2.5868E+01  3.4185E-01  4.9953E+00  1.0413E+02  1.8257E+00
 -1.5835E-01 -2.2370E+00 -2.5353E+01  3.4388E-01  4.9935E+00  1.0423E+02  1.8903E+00
 -1.5695E-01 -2.2321E+00 -2.4898E+01  3.4574E-01  4.9919E+00  1.0432E+02  1.9470E+00
 -1.5538E-01 -2.2266E+00 -2.4394E+01  3.4791E-01  4.9902E+00  1.0442E+02  2.0098E+00
 -1.5398E-01 -2.2217E+00 -2.3948E+01  3.4991E-01  4.9887E+00  1.0451E+02  2.0652E+00
 -1.5242E-01 -2.2163E+00 -2.3455E+01  3.5221E-01  4.9871E+00  1.0461E+02  2.1261E+00
 -1.5102E-01 -2.2114E+00 -2.3018E+01  3.5434E-01  4.9856E+00  1.0469E+02  2.1800E+00
 -1.4946E-01 -2.2059E+00 -2.2536E+01  3.5678E-01  4.9841E+00  1.0479E+02  2.2391E+00
 -1.4806E-01 -2.2010E+00 -2.2107E+01  3.5904E-01  4.9827E+00  1.0488E+02  2.2915E+00
 -1.4650E-01 -2.1956E+00 -2.1637E+01  3.6162E-01  4.9812E+00  1.0497E+02  2.3487E+00
 -1.4509E-01 -2.1907E+00 -2.1217E+01  3.6401E-01  4.9799E+00  1.0506E+02  2.3995E+00
 -1.4354E-01 -2.1853E+00 -2.0758E+01  3.6672E-01  4.9785E+00  1.0515E+02  2.4547E+00
 -1.4213E-01 -2.1804E+00 -2.0346E+01  3.6924E-01  4.9772E+00  1.0524E+02  2.5040E+00
 -1.4057E-01 -2.1750E+00 -1.9897E+01  3.7208E-01  4.9759E+00  1.0533E+02  2.5572E+00
 -1.3916E-01 -2.1701E+00 -1.9494E+01  3.7473E-01  4.9747E+00  1.0541E+02  2.6048E+00
 -1.3761E-01 -2.1647E+00 -1.9057E+01  3.7770E-01  4.9734E+00  1.0550E+02  2.6561E+00
 -1.3620E-01 -2.1598E+00 -1.8662E+01  3.8047E-01  4.9723E+00  1.0559E+02  2.7020E+00
 -1.3465E-01 -2.1545E+00 -1.8235E+01  3.8357E-01  4.9710E+00  1.0567E+02  2.7513E+00
 -1.3323E-01 -2.1496E+00 -1.7849E+01  3.8646E-01  4.9699E+00  1.0576E+02  2.7956E+00
 -1.3169E-01 -2.1442E+00 -1.7433E+01  3.8969E-01  4.9688E+00  1.0584E+02  2.8430E+00
 -1.3027E-01 -2.1393E+00 -1.7056E+01  3.9270E-01  4.9677E+00  1.0592E+02  2.8857E+00
 -1.2873E-01 -2.1340E+00 -1.6650E+01  3.9605E-01  4.9666E+00  1.0601E+02  2.9311E+00
 -1.2731E-01 -2.1291E+00 -1.6281E+01  3.9919E-01  4.9656E+00  1.0609E+02  2.9721E+00
 -1.2577E-01 -2.1238E+00 -1.5886E+01  4.0265E-01  4.9646E+00  1.0617E+02  3.0157E+00
 -1.2434E-01 -2.1189E+00 -1.5526E+01  4.0591E-01  4.9636E+00  1.0625E+02  3.0551E+00
 -1.2280E-01 -2.1136E+00 -1.5141E+01  4.0949E-01  4.9626E+00  1.0633E+02  3.0968E+00
 -1.2138E-01 -2.1087E+00 -1.4789E+01  4.1286E-01  4.9617E+00  1.0641E+02  3.1346E+00
 -1.1984E-01 -2.1035E+00 -1.4415E+01  4.1655E-01  4.9608E+00  1.0649E+02  3.1745E+00
 -1.1841E-01 -2.0986E+00 -1.4071E+01  4.2004E-01  4.9599E+00  1.0656E+02  3.2108E+00
 -1.1688E-01 -2.0933E+00 -1.3707E+01  4.2385E-01  4.9590E+00  1.0664E+02  3.2489E+00
 -1.1545E-01 -2.0884E+00 -1.3372E+01  4.2745E-01  4.9582E+00  1.0672E+02  3.2837E+00
 -1.1392E-01 -2.0832E+00 -1.3019E+01  4.3136E-01  4.9574E+00  1.0679E+02  3.3201E+00
 -1.1249E-01 -2.0783E+00 -1.2692E+01  4.3507E-01  4.9566E+00  1.0687E+02  3.3534E+00
 -1.1105E-01 -2.0734E+00 -1.2370E+01  4.3884E-01  4.9559E+00  1.0694E+02  3.3860E+00
 -1.0947E-01 -2.0680E+00 -1.2020E+01  4.4304E-01  4.9551E+00  1.0702E+02  3.4211E+00
 -1.0804E-01 -2.0631E+00 -1.1707E+01  4.4691E-01  4.9544E+00  1.0708E+02  3.4523E+00
 -1.0660E-01 -2.0582E+00 -1.1397E+01  4.5084E-01  4.9537E+00  1.0715E+02  3.4828E+00
 -1.0503E-01 -2.0528E+00 -1.1064E+01  4.5519E-01  4.9529E+00  1.0723E+02  3.5154E+00
 -1.0359E-01 -2.0479E+00 -1.0763E+01  4.5922E-01  4.9523E+00  1.0730E+02  3.5445E+00
 -1.0216E-01 -2.0430E+00 -1.0466E+01  4.6330E-01  4.9517E+00  1.0736E+02  3.5730E+00
 -1.0059E-01 -2.0377E+00 -1.0148E+01  4.6780E-01  4.9510E+00  1.0744E+02  3.6033E+00
 -9.9149E-02 -2.0328E+00 -9.8605E+00  4.7198E-01  4.9504E+00  1.0750E+02  3.6305E+00
 -9.7708E-02 -2.0279E+00 -9.5768E+00  4.7621E-01  4.9498E+00  1.0757E+02  3.6571E+00
 -9.6146E-02 -2.0226E+00 -9.2742E+00  4.8085E-01  4.9492E+00  1.0764E+02  3.6853E+00
 -9.4703E-02 -2.0177E+00 -8.9992E+00  4.8518E-01  4.9487E+00  1.0770E+02  3.7107E+00
 -9.3260E-02 -2.0128E+00 -8.7283E+00  4.8956E-01  4.9481E+00  1.0776E+02  3.7355E+00
 -9.1703E-02 -2.0075E+00 -8.4411E+00  4.9433E-01  4.9476E+00  1.0783E+02  3.7617E+00
 -9.0258E-02 -2.0026E+00 -8.1788E+00  4.9881E-01  4.9471E+00  1.0789E+02  3.7853E+00
 -8.8812E-02 -1.9977E+00 -7.9207E+00  5.0333E-01  4.9466E+00  1.0795E+02  3.8085E+00
 -8.7261E-02 -1.9924E+00 -7.6486E+00  5.0823E-01  4.9461E+00  1.0801E+02  3.8328E+00
 -8.5813E-02 -1.9875E+00 -7.3992E+00  5.1284E-01  4.9457E+00  1.0807E+02  3.8549E+00
 -8.4365E-02 -1.9826E+00 -7.1539E+00  5.1750E-01  4.9453E+00  1.0813E+02  3.8765E+00
 -8.2916E-02 -1.9777E+00 -6.9129E+00  5.2221E-01  4.9449E+00  1.0818E+02  3.8976E+00
 -8.1337E-02 -1.9724E+00 -6.6550E+00  5.2738E-01  4.9444E+00  1.0825E+02  3.9201E+00
 -7.9886E-02 -1.9675E+00 -6.4227E+00  5.3218E-01  4.9440E+00  1.0830E+02  3.9402E+00
 -7.8435E-02 -1.9626E+00 -6.1946E+00  5.3701E-01  4.9437E+00  1.0836E+02  3.9599E+00
 -7.6984E-02 -1.9577E+00 -5.9706E+00  5.4190E-01  4.9433E+00  1.0841E+02  3.9791E+00
 -7.5413E-02 -1.9524E+00 -5.7331E+00  5.4722E-01  4.9429E+00  1.0847E+02  3.9994E+00
 -7.3960E-02 -1.9475E+00 -5.5179E+00  5.5219E-01  4.9426E+00  1.0852E+02  4.0178E+00
 -7.2506E-02 -1.9426E+00 -5.3069E+00  5.5720E-01  4.9423E+00  1.0857E+02  4.0357E+00
 -7.1052E-02 -1.9377E+00 -5.1000E+00  5.6225E-01  4.9420E+00  1.0862E+02  4.0532E+00
 -6.9489E-02 -1.9324E+00 -4.8825E+00  5.6772E-01  4.9417E+00  1.0867E+02  4.0716E+00
 -6.8034E-02 -1.9275E+00 -4.6843E+00  5.7286E-01  4.9414E+00  1.0872E+02  4.0883E+00
 -6.6578E-02 -1.9226E+00 -4.4904E+00  5.7804E-01  4.9411E+00  1.0877E+02  4.1047E+00
 -6.5121E-02 -1.9177E+00 -4.3007E+00  5.8325E-01  4.9408E+00  1.0881E+02  4.1206E+00
 -6.3664E-02 -1.9128E+00 -4.1152E+00  5.8851E-01  4.9406E+00  1.0886E+02  4.1362E+00
 -6.2084E-02 -1.9075E+00 -3.9188E+00  5.9425E-01  4.9403E+00  1.0891E+02  4.1528E+00
 -6.0626E-02 -1.9026E+00 -3.7421E+00  5.9958E-01  4.9401E+00  1.0895E+02  4.1677E+00
 -5.9168E-02 -1.8977E+00 -3.5695E+00  6.0496E-01  4.9399E+00  1.0899E+02  4.1822E+00
 -5.7709E-02 -1.8928E+00 -3.4012E+00  6.1037E-01  4.9397E+00  1.0904E+02  4.1965E+00
 -5.6249E-02 -1.8879E+00 -3.2370E+00  6.1582E-01  4.9395E+00  1.0908E+02  4.2104E+00
 -5.4680E-02 -1.8827E+00 -3.0653E+00  6.2172E-01  4.9393E+00  1.0912E+02  4.2250E+00
 -5.3219E-02 -1.8778E+00 -2.9099E+00  6.2725E-01  4.9391E+00  1.0916E+02  4.2383E+00
 -5.1758E-02 -1.8729E+00 -2.7587E+00  6.3281E-01  4.9390E+00  1.0920E+02  4.2513E+00
 -5.0297E-02 -1.8680E+00 -2.6118E+00  6.3841E-01  4.9388E+00  1.0924E+02  4.2640E+00
 -4.8835E-02 -1.8631E+00 -2.4690E+00  6.4405E-01  4.9387E+00  1.0927E+02  4.2764E+00
 -4.7373E-02 -1.8582E+00 -2.3305E+00  6.4972E-01  4.9385E+00  1.0931E+02  4.2886E+00
 -4.5794E-02 -1.8529E+00 -2.1857E+00  6.5588E-01  4.9384E+00  1.0935E+02  4.3014E+00
 -4.4331E-02 -1.8480E+00 -2.0560E+00  6.6163E-01  4.9382E+00  1.0938E+02  4.3130E+00
 -4.2867E-02 -1.8431E+00 -1.9305E+00  6.6741E-01  4.9381E+00  1.0941E+02  4.3243E+00
 -4.1404E-02 -1.8382E+00 -1.8091E+00  6.7323E-01  4.9380E+00  1.0944E+02  4.3354E+00
 -3.9940E-02 -1.8333E+00 -1.6921E+00  6.7908E-01  4.9379E+00  1.0947E+02  4.3463E+00
 -3.8475E-02 -1.8284E+00 -1.5792E+00  6.8497E-01  4.9378E+00  1.0950E+02  4.3569E+00
 -3.6908E-02 -1.8231E+00 -1.4632E+00  6.9130E-01  4.9377E+00  1.0953E+02  4.3681E+00
 -3.5443E-02 -1.8182E+00 -1.3590E+00  6.9726E-01  4.9376E+00  1.0956E+02  4.3782E+00
 -3.3978E-02 -1.8133E+00 -1.2592E+00  7.0325E-01  4.9375E+00  1.0959E+02  4.3882E+00
 -3.2512E-02 -1.8084E+00 -1.1635E+00  7.0927E-01  4.9375E+00  1.0961E+02  4.3979E+00
 -3.1046E-02 -1.8035E+00 -1.0721E+00  7.1533E-01  4.9371E+00  1.0964E+02  4.4071E+00
 -2.9580E-02 -1.7986E+00 -9.8488E-01  7.2142E-01  4.9343E+00  1.0965E+02  4.4134E+00
 -2.8113E-02 -1.7937E+00 -9.0190E-01  7.2753E-01  4.9322E+00  1.0966E+02  4.4203E+00
 -2.6542E-02 -1.7885E+00 -8.1766E-01  7.3412E-01  4.9303E+00  1.0968E+02  4.4279E+00
 -2.5075E-02 -1.7836E+00 -7.4341E-01  7.4030E-01  4.9279E+00  1.0969E+02  4.4340E+00
 -2.3608E-02 -1.7787E+00 -6.7336E-01  7.4650E-01  4.9247E+00  1.0970E+02  4.4392E+00
 -2.2140E-02 -1.7738E+00 -6.0751E-01  7.5273E-01  4.9204E+00  1.0971E+02  4.4430E+00
 -2.0673E-02 -1.7689E+00 -5.4585E-01  7.5898E-01  4.9148E+00  1.0971E+02  4.4451E+00
 -1.9205E-02 -1.7640E+00 -4.8835E-01  7.6525E-01  4.9073E+00  1.0970E+02  4.4450E+00
 -1.7737E-02 -1.7591E+00 -4.3499E-01  7.7154E-01  4.8974E+00  1.0970E+02  4.4422E+00
 -1.6269E-02 -1.7542E+00 -3.8575E-01  7.7785E-01  4.8844E+00  1.0968E+02  4.4358E+00
 -1.4694E-02 -1.7489E+00 -3.3745E-01  7.8461E-01  4.8659E+00  1.0965E+02  4.4239E+00
 -1.3226E-02 -1.7440E+00 -2.9660E-01  7.9092E-01  4.8433E+00  1.0962E+02  4.4067E+00
 -1.1757E-02 -1.7391E+00 -2.5970E-01  7.9721E-01  4.8142E+00  1.0958E+02  4.3824E+00
 -1.0289E-02 -1.7342E+00 -2.2666E-01  8.0348E-01  4.7773E+00  1.0953E+02  4.3494E+00
 -8.8205E-03 -1.7293E+00 -1.9737E-01  8.0972E-01  4.7312E+00  1.0948E+02  4.3061E+00
 -7.3519E-03 -1.7244E+00 -1.7170E-01  8.1589E-01  4.6747E+00  1.0941E+02  4.2514E+00
 -5.8833E-03 -1.7195E+00 -1.4946E-01  8.2199E-01  4.6072E+00  1.0934E+02  4.1843E+00
 -4.4146E-03 -1.7146E+00 -1.3045E-01  8.2800E-01  4.5289E+00  1.0927E+02  4.1051E+00
 -2.9458E-03 -1.7097E+00 -1.1443E-01  8.3390E-01  4.4411E+00  1.0921E+02  4.0150E+00
 -1.3655E-03 -1.7044E+00 -1.0022E-01  8.4011E-01  4.3389E+00  1.0914E+02  3.9091E+00
  1.0327E-04 -1.6995E+00 -8.9521E-02  8.4573E-01  4.2407E+00  1.0910E+02  3.8063E+00
  1.5721E-03 -1.6946E+00 -8.0916E-02  8.5121E-01  4.1434E+00  1.0907E+02  3.7040E+00
  3.0409E-03 -1.6897E+00 -7.4102E-02  8.5656E-01  4.0512E+00  1.0905E+02  3.6066E+00
  4.5097E-03 -1.6848E+00 -6.8786E-02  8.6177E-01  3.9672E+00  1.0906E+02  3.5177E+00
  5.9785E-03 -1.6799E+00 -6.4700E-02  8.6687E-01  3.8934E+00  1.0908E+02  3.4398E+00
  7.4473E-03 -1.6750E+00 -6.1605E-02  8.7186E-01  3.8306E+00  1.0911E+02  3.3739E+00
  8.9161E-03 -1.6701E+00 -5.9297E-02  8.7677E-01  3.7786E+00  1.0915E+02  3.3200E+00
  1.0385E-02 -1.6652E+00 -5.7605E-02  8.8162E-01  3.7366E+00  1.0919E+02  3.2772E+00
  1.1963E-02 -1.6600E+00 -5.6317E-02  8.8676E-01  3.7011E+00  1.0924E+02  3.2420E+00
  1.3432E-02 -1.6551E+00 -5.5493E-02  8.9151E-01  3.6755E+00  1.0928E+02  3.2177E+00
  1.4901E-02 -1.6502E+00 -5.4944E-02  8.9622E-01  3.6558E+00  1.0931E+02  3.1999E+00
  1.6369E-02 -1.6453E+00 -5.4603E-02  9.0092E-01  3.6406E+00  1.0935E+02  3.1875E+00
  1.7838E-02 -1.6404E+00 -5.4419E-02  9.0560E-01  3.6291E+00  1.0937E+02  3.1791E+00
  1.9307E-02 -1.6355E+00 -5.4353E-02  9.1027E-01  3.6204E+00  1.0939E+02  3.1739E+00
  2.0776E-02 -1.6306E+00 -5.4376E-02  9.1494E-01  3.6138E+00  1.0941E+02  3.1711E+00
  2.2245E-02 -1.6257E+00 -5.4465E-02  9.1960E-01  3.6089E+00  1.0943E+02  3.1701E+00
  2.3714E-02 -1.6208E+00 -5.4605E-02  9.2427E-01  3.6051E+00  1.0944E+02  3.1705E+00
  2.5292E-02 -1.6155E+00 -5.4796E-02  9.2928E-01  3.6022E+00  1.0945E+02  3.1720E+00
  2.6760E-02 -1.6106E+00 -5.5002E-02  9.3395E-01  3.6001E+00  1.0946E+02  3.1742E+00
  2.8229E-02 -1.6057E+00 -5.5229E-02  9.3862E-01  3.5986E+00  1.0947E+02  3.1770E+00
  2.9698E-02 -1.6008E+00 -5.5470E-02  9.4329E-01  3.5964E+00  1.0948E+02  3.1788E+00
  3.1167E-02 -1.5959E+00 -5.5719E-02  9.4797E-01  3.5942E+00  1.0948E+02  3.1807E+00
  3.2636E-02 -1.5910E+00 -5.5970E-02  9.5265E-01  3.5942E+00  1.0949E+02  3.1849E+00
  3.4105E-02 -1.5861E+00 -5.6220E-02  9.5734E-01  3.5942E+00  1.0949E+02  3.1891E+00
  3.5573E-02 -1.5812E+00 -5.6471E-02  9.6204E-01  3.5942E+00  1.0949E+02  3.1933E+00
  3.7042E-02 -1.5763E+00 -5.6722E-02  9.6674E-01  3.5942E+00  1.0949E+02  3.1975E+00
  3.8620E-02 -1.5711E+00 -5.6991E-02  9.7180E-01  3.5942E+00  1.0949E+02  3.2018E+00
  4.0089E-02 -1.5662E+00 -5.7242E-02  9.7651E-01  3.5942E+00  1.0949E+02  3.2058E+00
  4.1558E-02 -1.5613E+00 -5.7492E-02  9.8123E-01  3.5942E+00  1.0949E+02  3.2098E+00
  4.3027E-02 -1.5564E+00 -5.7743E-02  9.8596E-01  3.5942E+00  1.0949E+02  3.2137E+00
  4.4495E-02 -1.5515E+00 -5.7993E-02  9.9069E-01  3.5942E+00  1.0949E+02  3.2175E+00
  4.5964E-02 -1.5466E+00 -5.8244E-02  9.9542E-01  3.5942E+00  1.0949E+02  3.2213E+00
  4.7433E-02 -1.5417E+00 -5.8495E-02  1.0002E+00  3.5942E+00  1.0949E+02  3.2250E+00
  4.8902E-02 -1.5368E+00 -5.8745E-02  1.0049E+00  3.5942E+00  1.0949E+02  3.2287E+00
  5.0371E-02 -1.5319E+00 -5.8996E-02  1.0097E+00  3.5942E+00  1.0950E+02  3.2323E+00
  5.1949E-02 -1.5266E+00 -5.9265E-02  1.0148E+00  3.5942E+00  1.0950E+02  3.2361E+00
  5.3418E-02 -1.5217E+00 -5.9516E-02  1.0195E+00  3.5942E+00  1.0950E+02  3.2396E+00
  5.4886E-02 -1.5168E+00 -5.9766E-02  1.0243E+00  3.5942E+00  1.0950E+02  3.2431E+00
  5.6355E-02 -1.5119E+00 -6.0017E-02  1.0291E+00  3.5942E+00  1.0950E+02  3.2465E+00
  5.7824E-02 -1.5070E+00 -6.0268E-02  1.0339E+00  3.5942E+00  1.0950E+02  3.2499E+00
  5.9293E-02 -1.5021E+00 -6.0518E-02  1.0386E+00  3.5942E+00  1.0950E+02  3.2532E+00
  6.0762E-02 -1.4972E+00 -6.0769E-02  1.0434E+00  3.5942E+00  1.0950E+02  3.2565E+00
  6.2230E-02 -1.4923E+00 -6.1020E-02  1.0482E+00  3.5942E+00  1.0950E+02  3.2598E+00
  6.3699E-02 -1.4874E+00 -6.1270E-02  1.0530E+00  3.5942E+00  1.0950E+02  3.2629E+00
  6.5277E-02 -1.4821E+00 -6.1539E-02  1.0582E+00  3.5942E+00  1.0950E+02  3.2663E+00
  6.6746E-02 -1.4772E+00 -6.1790E-02  1.0630E+00  3.5942E+00  1.0950E+02  3.2694E+00
  6.8215E-02 -1.4723E+00 -6.2041E-02  1.0678E+00  3.5942E+00  1.0950E+02  3.2725E+00
  6.9684E-02 -1.4674E+00 -6.2291E-02  1.0726E+00  3.5942E+00  1.0951E+02  3.2755E+00
  7.1153E-02 -1.4625E+00 -6.2542E-02  1.0774E+00  3.5942E+00  1.0951E+02  3.2785E+00
  7.2621E-02 -1.4576E+00 -6.2793E-02  1.0823E+00  3.5942E+00  1.0951E+02  3.2814E+00
  7.4090E-02 -1.4527E+00 -6.3043E-02  1.0871E+00  3.5942E+00  1.0951E+02  3.2843E+00
  7.5559E-02 -1.4478E+00 -6.3294E-02  1.0919E+00  3.5942E+00  1.0951E+02  3.2872E+00
  7.7028E-02 -1.4429E+00 -6.3544E-02  1.0968E+00  3.5942E+00  1.0951E+02  3.2900E+00
  7.8606E-02 -1.4377E+00 -6.3814E-02  1.1020E+00  3.5942E+00  1.0951E+02  3.2930E+00
  8.0075E-02 -1.4328E+00 -6.4064E-02  1.1068E+00  3.5942E+00  1.0951E+02  3.2958E+00
  8.1543E-02 -1.4279E+00 -6.4315E-02  1.1117E+00  3.5942E+00  1.0951E+02  3.2985E+00
  8.3012E-02 -1.4230E+00 -6.4565E-02  1.1165E+00  3.5942E+00  1.0951E+02  3.3011E+00
  8.4481E-02 -1.4181E+00 -6.4816E-02  1.1214E+00  3.5942E+00  1.0951E+02  3.3038E+00
  8.5950E-02 -1.4132E+00 -6.5067E-02  1.1262E+00  3.5942E+00  1.0951E+02  3.3064E+00
  8.7419E-02 -1.4083E+00 -6.5317E-02  1.1311E+00  3.5942E+00  1.0952E+02  3.3090E+00
  8.8888E-02 -1.4034E+00 -6.5568E-02  1.1360E+00  3.5942E+00  1.0952E+02  3.3115E+00
  9.0356E-02 -1.3985E+00 -6.5819E-02  1.1409E+00  3.5942E+00  1.0952E+02  3.3140E+00
  9.1934E-02 -1.3932E+00 -6.6088E-02  1.1461E+00  3.5942E+00  1.0952E+02  3.3167E+00
  9.3403E-02 -1.3883E+00 -6.6338E-02  1.1510E+00  3.5942E+00  1.0952E+02  3.3191E+00
  9.4872E-02 -1.3834E+00 -6.6589E-02  1.1559E+00  3.5942E+00  1.0952E+02  3.3215E+00
  9.6341E-02 -1.3785E+00 -6.6840E-02  1.1608E+00  3.5942E+00  1.0952E+02  3.3239E+00
  9.7810E-02 -1.3736E+00 -6.7090E-02  1.1656E+00  3.5942E+00  1.0952E+02  3.3263E+00
  9.9278E-02 -1.3687E+00 -6.7341E-02  1.1705E+00  3.5942E+00  1.0952E+02  3.3286E+00
  1.0075E-01 -1.3638E+00 -6.7592E-02  1.1754E+00  3.5942E+00  1.0952E+02  3.3309E+00
  1.0222E-01 -1.3589E+00 -6.7842E-02  1.1803E+00  3.5942E+00  1.0952E+02  3.3332E+00
  1.0368E-01 -1.3540E+00 -6.8093E-02  1.1852E+00  3.5942E+00  1.0952E+02  3.3354E+00
  1.0526E-01 -1.3487E+00 -6.8362E-02  1.1905E+00  3.5942E+00  1.0952E+02  3.3378E+00
  1.0673E-01 -1.3438E+00 -6.8613E-02  1.1954E+00  3.5942E+00  1.0953E+02  3.3399E+00
  1.0820E-01 -1.3389E+00 -6.8863E-02  1.2003E+00  3.5942E+00  1.0953E+02  3.3421E+00
  1.0967E-01 -1.3340E+00 -6.9114E-02  1.2053E+00  3.5942E+00  1.0953E+02  3.3442E+00
  1.1114E-01 -1.3291E+00 -6.9365E-02  1.2102E+00  3.5942E+00  1.0953E+02  3.3463E+00
  1.1261E-01 -1.3242E+00 -6.9615E-02  1.2151E+00  3.5942E+00  1.0953E+02  3.3484E+00
  1.1408E-01 -1.3193E+00 -6.9866E-02  1.2200E+00  3.5942E+00  1.0953E+02  3.3505E+00
  1.1554E-01 -1.3144E+00 -7.0116E-02  1.2250E+00  3.5942E+00  1.0953E+02  3.3525E+00
  1.1701E-01 -1.3095E+00 -7.0367E-02  1.2299E+00  3.5942E+00  1.0953E+02  3.3545E+00
  1.1859E-01 -1.3043E+00 -7.0636E-02  1.2352E+00  3.5942E+00  1.0953E+02  3.3566E+00
  1.2006E-01 -1.2994E+00 -7.0887E-02  1.2401E+00  3.5942E+00  1.0953E+02  3.3586E+00
  1.2153E-01 -1.2945E+00 -7.1138E-02  1.2451E+00  3.5942E+00  1.0953E+02  3.3605E+00
  1.2300E-01 -1.2896E+00 -7.1388E-02  1.2500E+00  3.5942E+00  1.0953E+02  3.3624E+00
  1.2447E-01 -1.2847E+00 -7.1639E-02  1.2550E+00  3.5942E+00  1.0954E+02  3.3643E+00
  1.2594E-01 -1.2798E+00 -7.1889E-02  1.2599E+00  3.5942E+00  1.0954E+02  3.3661E+00
  1.2740E-01 -1.2749E+00 -7.2140E-02  1.2649E+00  3.5942E+00  1.0954E+02  3.3680E+00
  1.2887E-01 -1.2700E+00 -7.2391E-02  1.2698E+00  3.5942E+00  1.0954E+02  3.3698E+00
  1.3034E-01 -1.2651E+00 -7.2641E-02  1.2748E+00  3.5942E+00  1.0954E+02  3.3716E+00
  1.3192E-01 -1.2598E+00 -7.2911E-02  1.2801E+00  3.5942E+00  1.0954E+02  3.3735E+00
  1.3339E-01 -1.2549E+00 -7.3161E-02  1.2851E+00  3.5942E+00  1.0954E+02  3.3753E+00
  1.3486E-01 -1.2500E+00 -7.3412E-02  1.2901E+00  3.5942E+00  1.0954E+02  3.3770E+00
  1.3633E-01 -1.2451E+00 -7.3662E-02  1.2950E+00  3.5942E+00  1.0954E+02  3.3787E+00
  1.3780E-01 -1.2402E+00 -7.3913E-02  1.3000E+00  3.5942E+00  1.0954E+02  3.3804E+00
  1.3926E-01 -1.2353E+00 -7.4164E-02  1.3050E+00  3.5942E+00  1.0954E+02  3.3821E+00
  1.4073E-01 -1.2304E+00 -7.4414E-02  1.3100E+00  3.5942E+00  1.0954E+02  3.3837E+00
  1.4220E-01 -1.2255E+00 -7.4665E-02  1.3149E+00  3.5943E+00  1.0955E+02  3.3854E+00
  1.4367E-01 -1.2206E+00 -7.4916E-02  1.3199E+00  3.5943E+00  1.0955E+02  3.3870E+00
  1.4525E-01 -1.2153E+00 -7.5185E-02  1.3253E+00  3.5943E+00  1.0955E+02  3.3887E+00
  1.4672E-01 -1.2104E+00 -7.5435E-02  1.3303E+00  3.5943E+00  1.0955E+02  3.3903E+00
  1.4819E-01 -1.2055E+00 -7.5686E-02  1.3352E+00  3.5943E+00  1.0955E+02  3.3919E+00
  1.4965E-01 -1.2006E+00 -7.5937E-02  1.3402E+00  3.5943E+00  1.0955E+02  3.3934E+00
  1.5112E-01 -1.1957E+00 -7.6187E-02  1.3452E+00  3.5943E+00  1.0955E+02  3.3949E+00
  1.5259E-01 -1.1908E+00 -7.6438E-02  1.3502E+00  3.5943E+00  1.0955E+02  3.3965E+00
  1.5406E-01 -1.1859E+00 -7.6689E-02  1.3552E+00  3.5943E+00  1.0955E+02  3.3980E+00
  1.5553E-01 -1.1810E+00 -7.6939E-02  1.3602E+00  3.5943E+00  1.0955E+02  3.3994E+00
  1.5700E-01 -1.1761E+00 -7.7190E-02  1.3652E+00  3.5943E+00  1.0955E+02  3.4009E+00
  1.5858E-01 -1.1709E+00 -7.7459E-02  1.3706E+00  3.5943E+00  1.0955E+02  3.4025E+00
  1.6005E-01 -1.1660E+00 -7.7710E-02  1.3756E+00  3.5943E+00  1.0956E+02  3.4039E+00
  1.6151E-01 -1.1611E+00 -7.7960E-02  1.3806E+00  3.5943E+00  1.0956E+02  3.4053E+00
  1.6298E-01 -1.1562E+00 -7.8211E-02  1.3856E+00  3.5943E+00  1.0956E+02  3.4067E+00
  1.6445E-01 -1.1513E+00 -7.8462E-02  1.3906E+00  3.5943E+00  1.0956E+02  3.4081E+00
  1.6592E-01 -1.1464E+00 -7.8712E-02  1.3957E+00  3.5943E+00  1.0956E+02  3.4095E+00
  1.6739E-01 -1.1415E+00 -7.8963E-02  1.4007E+00  3.5943E+00  1.0956E+02  3.4108E+00
  1.6886E-01 -1.1366E+00 -7.9213E-02  1.4057E+00  3.5943E+00  1.0956E+02  3.4122E+00
  1.7033E-01 -1.1317E+00 -7.9464E-02  1.4107E+00  3.5943E+00  1.0956E+02  3.4135E+00
  1.7191E-01 -1.1264E+00 -7.9733E-02  1.4161E+00  3.5943E+00  1.0956E+02  3.4149E+00
  1.7337E-01 -1.1215E+00 -7.9984E-02  1.4211E+00  3.5943E+00  1.0956E+02  3.4162E+00
  1.7484E-01 -1.1166E+00 -8.0235E-02  1.4262E+00  3.5943E+00  1.0956E+02  3.4175E+00
  1.7631E-01 -1.1117E+00 -8.0485E-02  1.4312E+00  3.5943E+00  1.0956E+02  3.4187E+00
  1.7778E-01 -1.1068E+00 -8.0736E-02  1.4362E+00  3.5943E+00  1.0957E+02  3.4200E+00
  1.7925E-01 -1.1019E+00 -8.0986E-02  1.4413E+00  3.5943E+00  1.0957E+02  3.4212E+00
  1.8072E-01 -1.0970E+00 -8.1237E-02  1.4463E+00  3.5943E+00  1.0957E+02  3.4225E+00
  1.8219E-01 -1.0921E+00 -8.1488E-02  1.4513E+00  3.5943E+00  1.0957E+02  3.4237E+00
  1.8366E-01 -1.0872E+00 -8.1738E-02  1.4564E+00  3.5943E+00  1.0957E+02  3.4249E+00
  1.8523E-01 -1.0819E+00 -8.2008E-02  1.4618E+00  3.5943E+00  1.0957E+02  3.4262E+00
  1.8670E-01 -1.0770E+00 -8.2258E-02  1.4668E+00  3.5943E+00  1.0957E+02  3.4274E+00
  1.8817E-01 -1.0721E+00 -8.2509E-02  1.4719E+00  3.5943E+00  1.0957E+02  3.4285E+00
  1.8964E-01 -1.0672E+00 -8.2759E-02  1.4769E+00  3.5943E+00  1.0957E+02  3.4297E+00
  1.9111E-01 -1.0623E+00 -8.3010E-02  1.4819E+00  3.5943E+00  1.0957E+02  3.4308E+00
  1.9258E-01 -1.0574E+00 -8.3261E-02  1.4870E+00  3.5943E+00  1.0957E+02  3.4320E+00
  1.9405E-01 -1.0525E+00 -8.3511E-02  1.4920E+00  3.5943E+00  1.0957E+02  3.4331E+00
  1.9552E-01 -1.0476E+00 -8.3762E-02  1.4971E+00  3.5943E+00  1.0958E+02  3.4342E+00
  1.9698E-01 -1.0427E+00 -8.4013E-02  1.5021E+00  3.5943E+00  1.0958E+02  3.4353E+00
  1.9856E-01 -1.0375E+00 -8.4282E-02  1.5076E+00  3.5943E+00  1.0958E+02  3.4365E+00
  2.0003E-01 -1.0326E+00 -8.4532E-02  1.5126E+00  3.5943E+00  1.0958E+02  3.4375E+00
  2.0150E-01 -1.0277E+00 -8.4783E-02  1.5177E+00  3.5943E+00  1.0958E+02  3.4386E+00
  2.0297E-01 -1.0228E+00 -8.5034E-02  1.5228E+00  3.5943E+00  1.0958E+02  3.4397E+00
  2.0444E-01 -1.0179E+00 -8.5284E-02  1.5278E+00  3.5943E+00  1.0958E+02  3.4407E+00
  2.0591E-01 -1.0130E+00 -8.5535E-02  1.5329E+00  3.5943E+00  1.0958E+02  3.4417E+00
  2.0738E-01 -1.0081E+00 -8.5786E-02  1.5379E+00  3.5943E+00  1.0958E+02  3.4428E+00
  2.0884E-01 -1.0032E+00 -8.6036E-02  1.5430E+00  3.5943E+00  1.0958E+02  3.4438E+00
  2.1031E-01 -9.9828E-01 -8.6287E-02  1.5481E+00  3.5943E+00  1.0958E+02  3.4448E+00
  2.1189E-01 -9.9302E-01 -8.6556E-02  1.5535E+00  3.5943E+00  1.0958E+02  3.4458E+00
  2.1336E-01 -9.8812E-01 -8.6807E-02  1.5586E+00  3.5943E+00  1.0959E+02  3.4468E+00
  2.1483E-01 -9.8322E-01 -8.7057E-02  1.5637E+00  3.5943E+00  1.0959E+02  3.4478E+00
  2.1630E-01 -9.7832E-01 -8.7308E-02  1.5687E+00  3.5943E+00  1.0959E+02  3.4488E+00
  2.1777E-01 -9.7342E-01 -8.7559E-02  1.5738E+00  3.5943E+00  1.0959E+02  3.4497E+00
  2.1924E-01 -9.6852E-01 -8.7809E-02  1.5789E+00  3.5943E+00  1.0959E+02  3.4507E+00
  2.2070E-01 -9.6362E-01 -8.8060E-02  1.5840E+00  3.5943E+00  1.0959E+02  3.4516E+00
  2.2217E-01 -9.5872E-01 -8.8310E-02  1.5890E+00  3.5943E+00  1.0959E+02  3.4525E+00
  2.2364E-01 -9.5382E-01 -8.8561E-02  1.5941E+00  3.5943E+00  1.0959E+02  3.4534E+00
  2.2522E-01 -9.4855E-01 -8.8830E-02  1.5996E+00  3.5943E+00  1.0959E+02  3.4544E+00
  2.2669E-01 -9.4365E-01 -8.9081E-02  1.6047E+00  3.5943E+00  1.0959E+02  3.4553E+00
  2.2816E-01 -9.3875E-01 -8.9332E-02  1.6097E+00  3.5943E+00  1.0959E+02  3.4562E+00
  2.2963E-01 -9.3385E-01 -8.9582E-02  1.6148E+00  3.5943E+00  1.0960E+02  3.4571E+00
  2.3110E-01 -9.2895E-01 -8.9833E-02  1.6199E+00  3.5943E+00  1.0960E+02  3.4580E+00
  2.3256E-01 -9.2405E-01 -9.0083E-02  1.6250E+00  3.5943E+00  1.0960E+02  3.4589E+00
  2.3403E-01 -9.1915E-01 -9.0334E-02  1.6301E+00  3.5943E+00  1.0960E+02  3.4597E+00
  2.3550E-01 -9.1425E-01 -9.0585E-02  1.6352E+00  3.5943E+00  1.0960E+02  3.4606E+00
  2.3697E-01 -9.0935E-01 -9.0835E-02  1.6403E+00  3.5943E+00  1.0960E+02  3.4614E+00
  2.3855E-01 -9.0409E-01 -9.1105E-02  1.6457E+00  3.5943E+00  1.0960E+02  3.4623E+00
  2.4002E-01 -8.9919E-01 -9.1355E-02  1.6508E+00  3.5943E+00  1.0960E+02  3.4631E+00
  2.4149E-01 -8.9429E-01 -9.1606E-02  1.6559E+00  3.5943E+00  1.0960E+02  3.4640E+00
  2.4295E-01 -8.8939E-01 -9.1856E-02  1.6610E+00  3.5943E+00  1.0960E+02  3.4648E+00
  2.4442E-01 -8.8449E-01 -9.2107E-02  1.6661E+00  3.5943E+00  1.0960E+02  3.4656E+00
  2.4589E-01 -8.7959E-01 -9.2358E-02  1.6712E+00  3.5943E+00  1.0960E+02  3.4664E+00
  2.4736E-01 -8.7469E-01 -9.2608E-02  1.6763E+00  3.5943E+00  1.0961E+02  3.4672E+00
  2.4883E-01 -8.6979E-01 -9.2859E-02  1.6814E+00  3.5943E+00  1.0961E+02  3.4679E+00
  2.5030E-01 -8.6489E-01 -9.3110E-02  1.6865E+00  3.5943E+00  1.0961E+02  3.4687E+00
  2.5188E-01 -8.5962E-01 -9.3379E-02  1.6920E+00  3.5943E+00  1.0961E+02  3.4695E+00
  2.5335E-01 -8.5472E-01 -9.3629E-02  1.6971E+00  3.5943E+00  1.0961E+02  3.4703E+00
  2.5481E-01 -8.4982E-01 -9.3880E-02  1.7022E+00  3.5943E+00  1.0961E+02  3.4711E+00
  2.5628E-01 -8.4492E-01 -9.4131E-02  1.7073E+00  3.5943E+00  1.0961E+02  3.4718E+00
  2.5775E-01 -8.4002E-01 -9.4381E-02  1.7124E+00  3.5943E+00  1.0961E+02  3.4726E+00
  2.5922E-01 -8.3512E-01 -9.4632E-02  1.7175E+00  3.5943E+00  1.0961E+02  3.4733E+00
  2.6069E-01 -8.3022E-01 -9.4883E-02  1.7227E+00  3.5943E+00  1.0961E+02  3.4740E+00
  2.6216E-01 -8.2532E-01 -9.5133E-02  1.7278E+00  3.5943E+00  1.0961E+02  3.4747E+00
  2.6363E-01 -8.2042E-01 -9.5384E-02  1.7329E+00  3.5943E+00  1.0961E+02  3.4755E+00
  2.6521E-01 -8.1516E-01 -9.5653E-02  1.7384E+00  3.5943E+00  1.0962E+02  3.4762E+00
  2.6667E-01 -8.1026E-01 -9.5904E-02  1.7435E+00  3.5943E+00  1.0962E+02  3.4769E+00
  2.6814E-01 -8.0536E-01 -9.6154E-02  1.7486E+00  3.5943E+00  1.0962E+02  3.4776E+00
  2.6961E-01 -8.0046E-01 -9.6405E-02  1.7537E+00  3.5943E+00  1.0962E+02  3.4783E+00
  2.7108E-01 -7.9556E-01 -9.6656E-02  1.7588E+00  3.5943E+00  1.0962E+02  3.4790E+00
  2.7255E-01 -7.9066E-01 -9.6906E-02  1.7640E+00  3.5943E+00  1.0962E+02  3.4797E+00
  2.7402E-01 -7.8576E-01 -9.7157E-02  1.7691E+00  3.5943E+00  1.0962E+02  3.4803E+00
  2.7549E-01 -7.8086E-01 -9.7408E-02  1.7742E+00  3.5943E+00  1.0962E+02  3.4810E+00
  2.7696E-01 -7.7596E-01 -9.7658E-02  1.7793E+00  3.5943E+00  1.0962E+02  3.4817E+00
  2.7853E-01 -7.7069E-01 -9.7927E-02  1.7848E+00  3.5943E+00  1.0962E+02  3.4824E+00
  2.8000E-01 -7.6579E-01 -9.8178E-02  1.7899E+00  3.5943E+00  1.0962E+02  3.4830E+00
  2.8147E-01 -7.6089E-01 -9.8429E-02  1.7951E+00  3.5943E+00  1.0963E+02  3.4837E+00
  2.8294E-01 -7.5599E-01 -9.8679E-02  1.8002E+00  3.5943E+00  1.0963E+02  3.4843E+00
  2.8441E-01 -7.5109E-01 -9.8930E-02  1.8053E+00  3.5943E+00  1.0963E+02  3.4849E+00
  2.8588E-01 -7.4619E-01 -9.9181E-02  1.8104E+00  3.5943E+00  1.0963E+02  3.4856E+00
  2.8735E-01 -7.4129E-01 -9.9431E-02  1.8156E+00  3.5943E+00  1.0963E+02  3.4862E+00
  2.8882E-01 -7.3639E-01 -9.9682E-02  1.8207E+00  3.5944E+00  1.0963E+02  3.4868E+00
  2.9028E-01 -7.3149E-01 -9.9932E-02  1.8258E+00  3.5944E+00  1.0963E+02  3.4874E+00
  2.9186E-01 -7.2623E-01 -1.0020E-01  1.8313E+00  3.5944E+00  1.0963E+02  3.4881E+00
  2.9333E-01 -7.2133E-01 -1.0045E-01  1.8365E+00  3.5944E+00  1.0963E+02  3.4887E+00
  2.9480E-01 -7.1643E-01 -1.0070E-01  1.8416E+00  3.5944E+00  1.0963E+02  3.4893E+00
  2.9627E-01 -7.1153E-01 -1.0095E-01  1.8467E+00  3.5944E+00  1.0963E+02  3.4899E+00
  2.9774E-01 -7.0663E-01 -1.0120E-01  1.8519E+00  3.5944E+00  1.0963E+02  3.4904E+00
  2.9921E-01 -7.0173E-01 -1.0145E-01  1.8570E+00  3.5944E+00  1.0964E+02  3.4910E+00
  3.0068E-01 -6.9683E-01 -1.0171E-01  1.8621E+00  3.5944E+00  1.0964E+02  3.4916E+00
  3.0214E-01 -6.9193E-01 -1.0196E-01  1.8673E+00  3.5944E+00  1.0964E+02  3.4922E+00
  3.0361E-01 -6.8703E-01 -1.0221E-01  1.8724E+00  3.5944E+00  1.0964E+02  3.4927E+00
  3.0519E-01 -6.8177E-01 -1.0248E-01  1.8779E+00  3.5944E+00  1.0964E+02  3.4933E+00
  3.0666E-01 -6.7687E-01 -1.0273E-01  1.8831E+00  3.5944E+00  1.0964E+02  3.4939E+00
  3.0813E-01 -6.7197E-01 -1.0298E-01  1.8882E+00  3.5944E+00  1.0964E+02  3.4945E+00
  3.0960E-01 -6.6707E-01 -1.0323E-01  1.8934E+00  3.5944E+00  1.0964E+02  3.4950E+00
  3.1002E-01 -6.6567E-01 -1.0330E-01  1.8948E+00  3.5944E+00  1.0964E+02  3.4952E+00
  3.1107E-01 -6.6217E-01 -1.0348E-01  1.8985E+00  3.5944E+00  1.0964E+02  3.4956E+00
  3.1254E-01 -6.5727E-01 -1.0373E-01  1.9036E+00  3.5944E+00  1.0964E+02  3.4961E+00
  3.1400E-01 -6.5237E-01 -1.0398E-01  1.9088E+00  3.5944E+00  1.0964E+02  3.4966E+00
  3.1547E-01 -6.4747E-01 -1.0423E-01  1.9139E+00  3.5944E+00  1.0965E+02  3.4972E+00
  3.1694E-01 -6.4257E-01 -1.0448E-01  1.9191E+00  3.5943E+00  1.0965E+02  3.4976E+00
  3.1852E-01 -6.3730E-01 -1.0475E-01  1.9246E+00  3.5939E+00  1.0966E+02  3.4977E+00
  3.1999E-01 -6.3240E-01 -1.0500E-01  1.9298E+00  3.5930E+00  1.0967E+02  3.4974E+00
  3.2146E-01 -6.2750E-01 -1.0525E-01  1.9349E+00  3.5915E+00  1.0968E+02  3.4962E+00
  3.2293E-01 -6.2260E-01 -1.0550E-01  1.9400E+00  3.5886E+00  1.0971E+02  3.4938E+00
  3.2439E-01 -6.1770E-01 -1.0574E-01  1.9452E+00  3.5836E+00  1.0976E+02  3.4891E+00
  3.2586E-01 -6.1280E-01 -1.0599E-01  1.9503E+00  3.5749E+00  1.0984E+02  3.4804E+00
  3.2733E-01 -6.0790E-01 -1.0623E-01  1.9554E+00  3.5598E+00  1.0997E+02  3.4653E+00
  3.2880E-01 -6.0300E-01 -1.0646E-01  1.9605E+00  3.5349E+00  1.1016E+02  3.4398E+00
  3.3027E-01 -5.9810E-01 -1.0667E-01  1.9655E+00  3.4955E+00  1.1041E+02  3.3994E+00
  3.3185E-01 -5.9284E-01 -1.0688E-01  1.9708E+00  3.4320E+00  1.1073E+02  3.3340E+00
  3.3332E-01 -5.8794E-01 -1.0706E-01  1.9757E+00  3.3503E+00  1.1101E+02  3.2499E+00
  3.3479E-01 -5.8304E-01 -1.0721E-01  1.9804E+00  3.2473E+00  1.1123E+02  3.1436E+00
  3.3625E-01 -5.7814E-01 -1.0733E-01  1.9849E+00  3.1261E+00  1.1138E+02  3.0184E+00
  3.3772E-01 -5.7324E-01 -1.0744E-01  1.9893E+00  2.9914E+00  1.1148E+02  2.8790E+00
  3.3919E-01 -5.6834E-01 -1.0752E-01  1.9934E+00  2.8478E+00  1.1154E+02  2.7299E+00
  3.4066E-01 -5.6344E-01 -1.0759E-01  1.9973E+00  2.6988E+00  1.1157E+02  2.5745E+00
  3.4213E-01 -5.5854E-01 -1.0764E-01  2.0010E+00  2.5469E+00  1.1159E+02  2.4153E+00
  3.4360E-01 -5.5364E-01 -1.0768E-01  2.0044E+00  2.3938E+00  1.1160E+02  2.2537E+00
  3.4518E-01 -5.4837E-01 -1.0770E-01  2.0078E+00  2.2292E+00  1.1161E+02  2.0785E+00
  3.4665E-01 -5.4347E-01 -1.0770E-01  2.0108E+00  2.0766E+00  1.1161E+02  1.9144E+00
  3.4811E-01 -5.3857E-01 -1.0769E-01  2.0134E+00  1.9253E+00  1.1162E+02  1.7497E+00
  3.4958E-01 -5.3367E-01 -1.0767E-01  2.0159E+00  1.7761E+00  1.1162E+02  1.5845E+00
  3.5105E-01 -5.2877E-01 -1.0763E-01  2.0181E+00  1.6298E+00  1.1162E+02  1.4190E+00
  3.5252E-01 -5.2387E-01 -1.0758E-01  2.0201E+00  1.4874E+00  1.1162E+02  1.2534E+00
  3.5399E-01 -5.1897E-01 -1.0751E-01  2.0218E+00  1.3502E+00  1.1162E+02  1.0876E+00
  3.5546E-01 -5.1407E-01 -1.0743E-01  2.0233E+00  1.2201E+00  1.1162E+02  9.2167E-01
  3.5693E-01 -5.0917E-01 -1.0734E-01  2.0245E+00  1.0998E+00  1.1162E+02  7.5564E-01
  3.5851E-01 -5.0391E-01 -1.0722E-01  2.0256E+00  9.8536E-01  1.1162E+02  5.7717E-01
  3.5997E-01 -4.9901E-01 -1.0709E-01  2.0263E+00  8.9791E-01  1.1162E+02  4.1097E-01
  3.6144E-01 -4.9411E-01 -1.0695E-01  2.0268E+00  8.3483E-01  1.1162E+02  2.4473E-01
  3.6291E-01 -4.8921E-01 -1.0680E-01  2.0270E+00  8.0191E-01  1.1162E+02  7.8446E-02
  3.6438E-01 -4.8431E-01 -1.0663E-01  2.0270E+00  8.0288E-01  1.1162E+02 -8.7842E-02
  3.6585E-01 -4.7941E-01 -1.0645E-01  2.0267E+00  8.3764E-01  1.1162E+02 -2.5412E-01
  3.6732E-01 -4.7451E-01 -1.0626E-01  2.0262E+00  9.0227E-01  1.1162E+02 -4.2037E-01
  3.6879E-01 -4.6961E-01 -1.0605E-01  2.0255E+00  9.9091E-01  1.1162E+02 -5.8656E-01
  3.7026E-01 -4.6471E-01 -1.0582E-01  2.0245E+00  1.0977E+00  1.1162E+02 -7.5268E-01
  3.7183E-01 -4.5945E-01 -1.0557E-01  2.0232E+00  1.2273E+00  1.1162E+02 -9.3104E-01
  3.7330E-01 -4.5455E-01 -1.0532E-01  2.0217E+00  1.3578E+00  1.1162E+02 -1.0969E+00
  3.7477E-01 -4.4965E-01 -1.0505E-01  2.0199E+00  1.4953E+00  1.1162E+02 -1.2627E+00
  3.7624E-01 -4.4475E-01 -1.0477E-01  2.0180E+00  1.6379E+00  1.1162E+02 -1.4283E+00
  3.7771E-01 -4.3985E-01 -1.0448E-01  2.0157E+00  1.7844E+00  1.1162E+02 -1.5938E+00
  3.7918E-01 -4.3495E-01 -1.0417E-01  2.0133E+00  1.9339E+00  1.1162E+02 -1.7590E+00
  3.8065E-01 -4.3005E-01 -1.0385E-01  2.0106E+00  2.0855E+00  1.1162E+02 -1.9241E+00
  3.8212E-01 -4.2515E-01 -1.0351E-01  2.0076E+00  2.2389E+00  1.1162E+02 -2.0889E+00
  3.8358E-01 -4.2025E-01 -1.0316E-01  2.0044E+00  2.3936E+00  1.1162E+02 -2.2534E+00
  3.8516E-01 -4.1498E-01 -1.0277E-01  2.0007E+00  2.5609E+00  1.1162E+02 -2.4299E+00
  3.8663E-01 -4.1008E-01 -1.0239E-01  1.9970E+00  2.7174E+00  1.1162E+02 -2.5938E+00
  3.8810E-01 -4.0518E-01 -1.0200E-01  1.9931E+00  2.8745E+00  1.1162E+02 -2.7575E+00
  3.8957E-01 -4.0028E-01 -1.0160E-01  1.9889E+00  3.0319E+00  1.1162E+02 -2.9208E+00
  3.9104E-01 -3.9538E-01 -1.0118E-01  1.9845E+00  3.1897E+00  1.1162E+02 -3.0837E+00
  3.9251E-01 -3.9048E-01 -1.0075E-01  1.9798E+00  3.3475E+00  1.1162E+02 -3.2463E+00
  3.9398E-01 -3.8558E-01 -1.0030E-01  1.9749E+00  3.5055E+00  1.1162E+02 -3.4085E+00
  3.9544E-01 -3.8068E-01 -9.9841E-02  1.9698E+00  3.6635E+00  1.1162E+02 -3.5702E+00
  3.9691E-01 -3.7578E-01 -9.9369E-02  1.9644E+00  3.8213E+00  1.1162E+02 -3.7315E+00
  3.9849E-01 -3.7052E-01 -9.8848E-02  1.9584E+00  3.9908E+00  1.1162E+02 -3.9043E+00
  3.9996E-01 -3.6562E-01 -9.8349E-02  1.9525E+00  4.1483E+00  1.1162E+02 -4.0647E+00
  4.0143E-01 -3.6072E-01 -9.7836E-02  1.9464E+00  4.3055E+00  1.1163E+02 -4.2245E+00
  4.0290E-01 -3.5582E-01 -9.7311E-02  1.9401E+00  4.4625E+00  1.1163E+02 -4.3839E+00
  4.0437E-01 -3.5092E-01 -9.6773E-02  1.9335E+00  4.6191E+00  1.1163E+02 -4.5427E+00
  4.0583E-01 -3.4602E-01 -9.6222E-02  1.9267E+00  4.7753E+00  1.1163E+02 -4.7009E+00
  4.0730E-01 -3.4112E-01 -9.5658E-02  1.9197E+00  4.9311E+00  1.1163E+02 -4.8586E+00
  4.0877E-01 -3.3622E-01 -9.5081E-02  1.9124E+00  5.0865E+00  1.1163E+02 -5.0157E+00
  4.1024E-01 -3.3132E-01 -9.4492E-02  1.9049E+00  5.2414E+00  1.1163E+02 -5.1721E+00
  4.1182E-01 -3.2605E-01 -9.3845E-02  1.8966E+00  5.4072E+00  1.1163E+02 -5.3395E+00
  4.1329E-01 -3.2115E-01 -9.3230E-02  1.8886E+00  5.5610E+00  1.1164E+02 -5.4946E+00
  4.1476E-01 -3.1625E-01 -9.2602E-02  1.8804E+00  5.7142E+00  1.1164E+02 -5.6491E+00
  4.1623E-01 -3.1135E-01 -9.1962E-02  1.8720E+00  5.8669E+00  1.1164E+02 -5.8029E+00
  4.1769E-01 -3.0645E-01 -9.1310E-02  1.8634E+00  6.0188E+00  1.1163E+02 -5.9558E+00
  4.1916E-01 -3.0155E-01 -9.0646E-02  1.8545E+00  6.1698E+00  1.1163E+02 -6.1078E+00
  4.2063E-01 -2.9665E-01 -8.9970E-02  1.8454E+00  6.3196E+00  1.1162E+02 -6.2585E+00
  4.2210E-01 -2.9175E-01 -8.9282E-02  1.8361E+00  6.4681E+00  1.1160E+02 -6.4078E+00
  4.2357E-01 -2.8685E-01 -8.8584E-02  1.8265E+00  6.6147E+00  1.1157E+02 -6.5551E+00
  4.2515E-01 -2.8159E-01 -8.7822E-02  1.8160E+00  6.7690E+00  1.1151E+02 -6.7102E+00
  4.2662E-01 -2.7669E-01 -8.7104E-02  1.8061E+00  6.9081E+00  1.1142E+02 -6.8500E+00
  4.2809E-01 -2.7179E-01 -8.6379E-02  1.7959E+00  7.0404E+00  1.1127E+02 -6.9829E+00
  4.2955E-01 -2.6689E-01 -8.5650E-02  1.7855E+00  7.1626E+00  1.1106E+02 -7.1056E+00
  4.3102E-01 -2.6199E-01 -8.4922E-02  1.7750E+00  7.2705E+00  1.1079E+02 -7.2140E+00
  4.3249E-01 -2.5709E-01 -8.4198E-02  1.7643E+00  7.3603E+00  1.1051E+02 -7.3041E+00
  4.3396E-01 -2.5219E-01 -8.3482E-02  1.7535E+00  7.4298E+00  1.1027E+02 -7.3737E+00
  4.3543E-01 -2.4729E-01 -8.2776E-02  1.7426E+00  7.4797E+00  1.1011E+02 -7.4234E+00
  4.3690E-01 -2.4239E-01 -8.2078E-02  1.7317E+00  7.5129E+00  1.1002E+02 -7.4562E+00
  4.3848E-01 -2.3712E-01 -8.1336E-02  1.7199E+00  7.5348E+00  1.0997E+02 -7.4776E+00
  4.3995E-01 -2.3222E-01 -8.0650E-02  1.7088E+00  7.5468E+00  1.0996E+02 -7.4889E+00
  4.4141E-01 -2.2732E-01 -7.9967E-02  1.6978E+00  7.5537E+00  1.0995E+02 -7.4951E+00
  4.4288E-01 -2.2242E-01 -7.9286E-02  1.6868E+00  7.5576E+00  1.0995E+02 -7.4983E+00
  4.4435E-01 -2.1752E-01 -7.8606E-02  1.6758E+00  7.5598E+00  1.0995E+02 -7.4997E+00
  4.4582E-01 -2.1262E-01 -7.7926E-02  1.6647E+00  7.5610E+00  1.0995E+02 -7.5002E+00
  4.4729E-01 -2.0772E-01 -7.7247E-02  1.6537E+00  7.5617E+00  1.0995E+02 -7.5000E+00
  4.4876E-01 -2.0282E-01 -7.6568E-02  1.6427E+00  7.5619E+00  1.0995E+02 -7.4994E+00
  4.5023E-01 -1.9792E-01 -7.5889E-02  1.6316E+00  7.5620E+00  1.0996E+02 -7.4986E+00
  4.5181E-01 -1.9266E-01 -7.5159E-02  1.6198E+00  7.5620E+00  1.0996E+02 -7.4977E+00
  4.5327E-01 -1.8776E-01 -7.4480E-02  1.6087E+00  7.5620E+00  1.0996E+02 -7.4968E+00
  4.5474E-01 -1.8286E-01 -7.3801E-02  1.5977E+00  7.5620E+00  1.0996E+02 -7.4959E+00
  4.5621E-01 -1.7796E-01 -7.3122E-02  1.5867E+00  7.5620E+00  1.0996E+02 -7.4950E+00
  4.5768E-01 -1.7306E-01 -7.2443E-02  1.5757E+00  7.5620E+00  1.0997E+02 -7.4940E+00
  4.5915E-01 -1.6816E-01 -7.1764E-02  1.5646E+00  7.5620E+00  1.0997E+02 -7.4930E+00
  4.6062E-01 -1.6326E-01 -7.1086E-02  1.5536E+00  7.5620E+00  1.0997E+02 -7.4921E+00
  4.6209E-01 -1.5836E-01 -7.0407E-02  1.5426E+00  7.5620E+00  1.0997E+02 -7.4910E+00
  4.6356E-01 -1.5346E-01 -6.9728E-02  1.5316E+00  7.5620E+00  1.0997E+02 -7.4900E+00
  4.6513E-01 -1.4819E-01 -6.8998E-02  1.5197E+00  7.5620E+00  1.0998E+02 -7.4889E+00
  4.6660E-01 -1.4329E-01 -6.8319E-02  1.5087E+00  7.5620E+00  1.0998E+02 -7.4878E+00
  4.6807E-01 -1.3839E-01 -6.7640E-02  1.4977E+00  7.5620E+00  1.0998E+02 -7.4867E+00
  4.6954E-01 -1.3349E-01 -6.6961E-02  1.4867E+00  7.5620E+00  1.0998E+02 -7.4856E+00
  4.7101E-01 -1.2859E-01 -6.6282E-02  1.4757E+00  7.5620E+00  1.0999E+02 -7.4844E+00
  4.7248E-01 -1.2369E-01 -6.5604E-02  1.4647E+00  7.5620E+00  1.0999E+02 -7.4832E+00
  4.7395E-01 -1.1879E-01 -6.4925E-02  1.4537E+00  7.5620E+00  1.0999E+02 -7.4820E+00
  4.7542E-01 -1.1389E-01 -6.4246E-02  1.4426E+00  7.5620E+00  1.0999E+02 -7.4808E+00
  4.7688E-01 -1.0899E-01 -6.3567E-02  1.4316E+00  7.5620E+00  1.0999E+02 -7.4795E+00
  4.7846E-01 -1.0373E-01 -6.2837E-02  1.4198E+00  7.5620E+00  1.1000E+02 -7.4781E+00
  4.7993E-01 -9.8827E-02 -6.2158E-02  1.4088E+00  7.5620E+00  1.1000E+02 -7.4768E+00
  4.8140E-01 -9.3927E-02 -6.1479E-02  1.3978E+00  7.5620E+00  1.1000E+02 -7.4755E+00
  4.8287E-01 -8.9027E-02 -6.0800E-02  1.3868E+00  7.5620E+00  1.1000E+02 -7.4741E+00
  4.8434E-01 -8.4127E-02 -6.0122E-02  1.3758E+00  7.5620E+00  1.1000E+02 -7.4726E+00
  4.8581E-01 -7.9227E-02 -5.9443E-02  1.3648E+00  7.5620E+00  1.1001E+02 -7.4712E+00
  4.8727E-01 -7.4327E-02 -5.8764E-02  1.3538E+00  7.5620E+00  1.1001E+02 -7.4697E+00
  4.8874E-01 -6.9427E-02 -5.8085E-02  1.3429E+00  7.5620E+00  1.1001E+02 -7.4682E+00
  4.9021E-01 -6.4527E-02 -5.7406E-02  1.3319E+00  7.5620E+00  1.1001E+02 -7.4666E+00
  4.9179E-01 -5.9262E-02 -5.6676E-02  1.3201E+00  7.5620E+00  1.1001E+02 -7.4649E+00
  4.9326E-01 -5.4362E-02 -5.5997E-02  1.3091E+00  7.5620E+00  1.1002E+02 -7.4632E+00
  4.9473E-01 -4.9462E-02 -5.5318E-02  1.2981E+00  7.5620E+00  1.1002E+02 -7.4615E+00
  4.9620E-01 -4.4562E-02 -5.4640E-02  1.2871E+00  7.5620E+00  1.1002E+02 -7.4598E+00
  4.9767E-01 -3.9662E-02 -5.3961E-02  1.2762E+00  7.5620E+00  1.1002E+02 -7.4580E+00
  4.9913E-01 -3.4762E-02 -5.3282E-02  1.2652E+00  7.5620E+00  1.1002E+02 -7.4562E+00
  5.0060E-01 -2.9862E-02 -5.2603E-02  1.2542E+00  7.5620E+00  1.1003E+02 -7.4543E+00
  5.0207E-01 -2.4962E-02 -5.1924E-02  1.2433E+00  7.5620E+00  1.1003E+02 -7.4524E+00
  5.0354E-01 -2.0062E-02 -5.1245E-02  1.2323E+00  7.5620E+00  1.1003E+02 -7.4504E+00
  5.0512E-01 -1.4797E-02 -5.0515E-02  1.2205E+00  7.5620E+00  1.1003E+02 -7.4482E+00
  5.0659E-01 -9.8967E-03 -4.9836E-02  1.2096E+00  7.5620E+00  1.1004E+02 -7.4461E+00
  5.0806E-01 -4.9967E-03 -4.9158E-02  1.1986E+00  7.5620E+00  1.1004E+02 -7.4440E+00
  5.0953E-01 -9.6681E-05 -4.8479E-02  1.1877E+00  7.5620E+00  1.1004E+02 -7.4418E+00
  5.1099E-01  4.8033E-03 -4.7800E-02  1.1767E+00  7.5620E+00  1.1004E+02 -7.4395E+00
  5.1246E-01  9.7033E-03 -4.7121E-02  1.1658E+00  7.5620E+00  1.1004E+02 -7.4372E+00
  5.1393E-01  1.4603E-02 -4.6442E-02  1.1548E+00  7.5620E+00  1.1005E+02 -7.4348E+00
  5.1540E-01  1.9503E-02 -4.5763E-02  1.1439E+00  7.5620E+00  1.1005E+02 -7.4323E+00
  5.1687E-01  2.4403E-02 -4.5084E-02  1.1330E+00  7.5620E+00  1.1005E+02 -7.4297E+00
  5.1845E-01  2.9669E-02 -4.4354E-02  1.1212E+00  7.5620E+00  1.1005E+02 -7.4269E+00
  5.1992E-01  3.4569E-02 -4.3676E-02  1.1103E+00  7.5620E+00  1.1006E+02 -7.4242E+00
  5.2139E-01  3.9469E-02 -4.2997E-02  1.0994E+00  7.5620E+00  1.1006E+02 -7.4214E+00
  5.2285E-01  4.4369E-02 -4.2318E-02  1.0885E+00  7.5620E+00  1.1006E+02 -7.4186E+00
  5.2432E-01  4.9269E-02 -4.1639E-02  1.0775E+00  7.5620E+00  1.1006E+02 -7.4156E+00
  5.2579E-01  5.4169E-02 -4.0960E-02  1.0666E+00  7.5619E+00  1.1006E+02 -7.4126E+00
  5.2726E-01  5.9069E-02 -4.0281E-02  1.0557E+00  7.5619E+00  1.1007E+02 -7.4094E+00
  5.2873E-01  6.3969E-02 -3.9602E-02  1.0448E+00  7.5619E+00  1.1007E+02 -7.4062E+00
  5.3020E-01  6.8869E-02 -3.8923E-02  1.0339E+00  7.5619E+00  1.1007E+02 -7.4029E+00
  5.3178E-01  7.4134E-02 -3.8194E-02  1.0222E+00  7.5619E+00  1.1007E+02 -7.3992E+00
  5.3325E-01  7.9034E-02 -3.7515E-02  1.0114E+00  7.5619E+00  1.1008E+02 -7.3956E+00
  5.3471E-01  8.3934E-02 -3.6836E-02  1.0005E+00  7.5619E+00  1.1008E+02 -7.3919E+00
  5.3618E-01  8.8834E-02 -3.6157E-02  9.8961E-01  7.5619E+00  1.1008E+02 -7.3881E+00
  5.3765E-01  9.3734E-02 -3.5478E-02  9.7874E-01  7.5619E+00  1.1008E+02 -7.3842E+00
  5.3912E-01  9.8634E-02 -3.4799E-02  9.6788E-01  7.5619E+00  1.1008E+02 -7.3801E+00
  5.4059E-01  1.0353E-01 -3.4120E-02  9.5703E-01  7.5619E+00  1.1009E+02 -7.3759E+00
  5.4206E-01  1.0843E-01 -3.3441E-02  9.4618E-01  7.5619E+00  1.1009E+02 -7.3715E+00
  5.4353E-01  1.1333E-01 -3.2762E-02  9.3534E-01  7.5619E+00  1.1009E+02 -7.3670E+00
  5.4510E-01  1.1860E-01 -3.2033E-02  9.2370E-01  7.5619E+00  1.1009E+02 -7.3620E+00
  5.4657E-01  1.2350E-01 -3.1354E-02  9.1287E-01  7.5619E+00  1.1010E+02 -7.3571E+00
  5.4804E-01  1.2840E-01 -3.0675E-02  9.0205E-01  7.5619E+00  1.1010E+02 -7.3521E+00
  5.4951E-01  1.3330E-01 -2.9996E-02  8.9124E-01  7.5619E+00  1.1010E+02 -7.3469E+00
  5.5098E-01  1.3820E-01 -2.9317E-02  8.8043E-01  7.5619E+00  1.1010E+02 -7.3415E+00
  5.5245E-01  1.4310E-01 -2.8638E-02  8.6964E-01  7.5619E+00  1.1011E+02 -7.3359E+00
  5.5392E-01  1.4800E-01 -2.7959E-02  8.5885E-01  7.5619E+00  1.1011E+02 -7.3301E+00
  5.5539E-01  1.5290E-01 -2.7280E-02  8.4807E-01  7.5619E+00  1.1011E+02 -7.3241E+00
  5.5686E-01  1.5780E-01 -2.6601E-02  8.3730E-01  7.5619E+00  1.1011E+02 -7.3178E+00
  5.5843E-01  1.6306E-01 -2.5872E-02  8.2574E-01  7.5619E+00  1.1011E+02 -7.3108E+00
  5.5990E-01  1.6796E-01 -2.5193E-02  8.1499E-01  7.5619E+00  1.1012E+02 -7.3040E+00
  5.6137E-01  1.7286E-01 -2.4514E-02  8.0425E-01  7.5619E+00  1.1012E+02 -7.2969E+00
  5.6284E-01  1.7776E-01 -2.3835E-02  7.9352E-01  7.5619E+00  1.1012E+02 -7.2895E+00
  5.6431E-01  1.8266E-01 -2.3156E-02  7.8280E-01  7.5619E+00  1.1012E+02 -7.2819E+00
  5.6578E-01  1.8756E-01 -2.2477E-02  7.7209E-01  7.5619E+00  1.1013E+02 -7.2739E+00
  5.6725E-01  1.9246E-01 -2.1798E-02  7.6140E-01  7.5619E+00  1.1013E+02 -7.2656E+00
  5.6871E-01  1.9736E-01 -2.1119E-02  7.5072E-01  7.5619E+00  1.1013E+02 -7.2569E+00
  5.7018E-01  2.0226E-01 -2.0440E-02  7.4005E-01  7.5619E+00  1.1013E+02 -7.2478E+00
  5.7176E-01  2.0753E-01 -1.9711E-02  7.2860E-01  7.5619E+00  1.1014E+02 -7.2376E+00
  5.7323E-01  2.1243E-01 -1.9032E-02  7.1796E-01  7.5619E+00  1.1014E+02 -7.2277E+00
  5.7470E-01  2.1733E-01 -1.8353E-02  7.0733E-01  7.5619E+00  1.1014E+02 -7.2173E+00
  5.7617E-01  2.2223E-01 -1.7674E-02  6.9672E-01  7.5619E+00  1.1014E+02 -7.2065E+00
  5.7764E-01  2.2713E-01 -1.6995E-02  6.8613E-01  7.5619E+00  1.1014E+02 -7.1951E+00
  5.7911E-01  2.3203E-01 -1.6316E-02  6.7555E-01  7.5619E+00  1.1015E+02 -7.1832E+00
  5.8057E-01  2.3693E-01 -1.5637E-02  6.6500E-01  7.5619E+00  1.1015E+02 -7.1707E+00
  5.8204E-01  2.4183E-01 -1.4959E-02  6.5446E-01  7.5619E+00  1.1015E+02 -7.1577E+00
  5.8351E-01  2.4673E-01 -1.4280E-02  6.4394E-01  7.5619E+00  1.1015E+02 -7.1439E+00
  5.8509E-01  2.5199E-01 -1.3550E-02  6.3266E-01  7.5619E+00  1.1016E+02 -7.1284E+00
  5.8656E-01  2.5689E-01 -1.2871E-02  6.2218E-01  7.5619E+00  1.1016E+02 -7.1132E+00
  5.8803E-01  2.6179E-01 -1.2192E-02  6.1173E-01  7.5619E+00  1.1016E+02 -7.0972E+00
  5.8950E-01  2.6669E-01 -1.1513E-02  6.0130E-01  7.5619E+00  1.1016E+02 -7.0804E+00
  5.9097E-01  2.7159E-01 -1.0834E-02  5.9090E-01  7.5619E+00  1.1017E+02 -7.0627E+00
  5.9243E-01  2.7649E-01 -1.0156E-02  5.8052E-01  7.5619E+00  1.1017E+02 -7.0440E+00
  5.9390E-01  2.8139E-01 -9.4766E-03  5.7017E-01  7.5619E+00  1.1017E+02 -7.0243E+00
  5.9537E-01  2.8629E-01 -8.7977E-03  5.5986E-01  7.5619E+00  1.1017E+02 -7.0034E+00
  5.9684E-01  2.9119E-01 -8.1188E-03  5.4957E-01  7.5619E+00  1.1018E+02 -6.9814E+00
  5.9842E-01  2.9646E-01 -7.3893E-03  5.3856E-01  7.5619E+00  1.1018E+02 -6.9564E+00
  5.9989E-01  3.0136E-01 -6.7104E-03  5.2834E-01  7.5619E+00  1.1018E+02 -6.9316E+00
  6.0136E-01  3.0626E-01 -6.0314E-03  5.1816E-01  7.5619E+00  1.1018E+02 -6.9054E+00
  6.0283E-01  3.1116E-01 -5.3525E-03  5.0803E-01  7.5619E+00  1.1019E+02 -6.8776E+00
  6.0429E-01  3.1606E-01 -4.6736E-03  4.9793E-01  7.5619E+00  1.1019E+02 -6.8481E+00
  6.0576E-01  3.2096E-01 -3.9947E-03  4.8788E-01  7.5619E+00  1.1019E+02 -6.8167E+00
  6.0723E-01  3.2586E-01 -3.3158E-03  4.7788E-01  7.5619E+00  1.1019E+02 -6.7833E+00
  6.0870E-01  3.3076E-01 -2.6369E-03  4.6792E-01  7.5618E+00  1.1020E+02 -6.7477E+00
  6.1017E-01  3.3566E-01 -1.9581E-03  4.5803E-01  7.5616E+00  1.1020E+02 -6.7096E+00
  6.1175E-01  3.4093E-01 -1.2288E-03  4.4746E-01  7.5613E+00  1.1020E+02 -6.6658E+00
  6.1322E-01  3.4583E-01 -5.5029E-04  4.3768E-01  7.5607E+00  1.1020E+02 -6.6218E+00
  6.1469E-01  3.5073E-01  1.2799E-04  4.2798E-01  7.5598E+00  1.1020E+02 -6.5744E+00
  6.1615E-01  3.5563E-01  8.0584E-04  4.1834E-01  7.5581E+00  1.1020E+02 -6.5230E+00
  6.1762E-01  3.6053E-01  1.4830E-03  4.0879E-01  7.5554E+00  1.1020E+02 -6.4668E+00
  6.1909E-01  3.6543E-01  2.1591E-03  3.9932E-01  7.5511E+00  1.1019E+02 -6.4050E+00
  6.2056E-01  3.7033E-01  2.8337E-03  3.8995E-01  7.5446E+00  1.1019E+02 -6.3363E+00
  6.2203E-01  3.7523E-01  3.5065E-03  3.8069E-01  7.5354E+00  1.1018E+02 -6.2598E+00
  6.2350E-01  3.8013E-01  4.1774E-03  3.7154E-01  7.5233E+00  1.1018E+02 -6.1747E+00
  6.2508E-01  3.8539E-01  4.8963E-03  3.6186E-01  7.5075E+00  1.1018E+02 -6.0736E+00
  6.2654E-01  3.9029E-01  5.5640E-03  3.5300E-01  7.4909E+00  1.1018E+02 -5.9707E+00
  6.2801E-01  3.9519E-01  6.2310E-03  3.4430E-01  7.4733E+00  1.1018E+02 -5.8599E+00
  6.2948E-01  4.0009E-01  6.8979E-03  3.3577E-01  7.4553E+00  1.1018E+02 -5.7413E+00
  6.3095E-01  4.0499E-01  7.5649E-03  3.2742E-01  7.4375E+00  1.1018E+02 -5.6149E+00
  6.3242E-01  4.0989E-01  8.2323E-03  3.1926E-01  7.4201E+00  1.1019E+02 -5.4805E+00
  6.3389E-01  4.1479E-01  8.9003E-03  3.1130E-01  7.4034E+00  1.1019E+02 -5.3377E+00
  6.3536E-01  4.1969E-01  9.5691E-03  3.0356E-01  7.3874E+00  1.1019E+02 -5.1860E+00
  6.3683E-01  4.2459E-01  1.0239E-02  2.9605E-01  7.3721E+00  1.1019E+02 -5.0245E+00
  6.3840E-01  4.2986E-01  1.0959E-02  2.8825E-01  7.3566E+00  1.1020E+02 -4.8395E+00
  6.3987E-01  4.3476E-01  1.1631E-02  2.8127E-01  7.3430E+00  1.1020E+02 -4.6558E+00
  6.4134E-01  4.3966E-01  1.2304E-02  2.7457E-01  7.3302E+00  1.1020E+02 -4.4602E+00
  6.4281E-01  4.4456E-01  1.2978E-02  2.6816E-01  7.3183E+00  1.1020E+02 -4.2522E+00
  6.4428E-01  4.4946E-01  1.3653E-02  2.6207E-01  7.3072E+00  1.1020E+02 -4.0310E+00
  6.4575E-01  4.5436E-01  1.4330E-02  2.5631E-01  7.2969E+00  1.1021E+02 -3.7961E+00
  6.4722E-01  4.5926E-01  1.5008E-02  2.5091E-01  7.2875E+00  1.1021E+02 -3.5470E+00
  6.4869E-01  4.6416E-01  1.5688E-02  2.4589E-01  7.2789E+00  1.1021E+02 -3.2836E+00
  6.5016E-01  4.6906E-01  1.6370E-02  2.4126E-01  7.2711E+00  1.1021E+02 -3.0056E+00
  6.5173E-01  4.7432E-01  1.7104E-02  2.3676E-01  7.2637E+00  1.1022E+02 -2.6909E+00
  6.5320E-01  4.7922E-01  1.7789E-02  2.3303E-01  7.2576E+00  1.1022E+02 -2.3837E+00
  6.5467E-01  4.8412E-01  1.8475E-02  2.2976E-01  7.2524E+00  1.1022E+02 -2.0633E+00
  6.5614E-01  4.8902E-01  1.9164E-02  2.2697E-01  7.2479E+00  1.1022E+02 -1.7309E+00
  6.5761E-01  4.9392E-01  1.9855E-02  2.2468E-01  7.2444E+00  1.1022E+02 -1.3880E+00
  6.5908E-01  4.9882E-01  2.0548E-02  2.2290E-01  7.2416E+00  1.1023E+02 -1.0362E+00
  6.6055E-01  5.0372E-01  2.1243E-02  2.2164E-01  7.2396E+00  1.1023E+02 -6.7758E-01
  6.6201E-01  5.0862E-01  2.1940E-02  2.2092E-01  7.2385E+00  1.1023E+02 -3.1442E-01
  6.6348E-01  5.1352E-01  2.2640E-02  2.2073E-01  7.2382E+00  1.1023E+02  5.0885E-02
  6.6506E-01  5.1879E-01  2.3395E-02  2.2112E-01  7.2388E+00  1.1023E+02  4.4293E-01
  6.6653E-01  5.2369E-01  2.4100E-02  2.2204E-01  7.2402E+00  1.1024E+02  8.0472E-01
  6.6800E-01  5.2859E-01  2.4807E-02  2.2349E-01  7.2425E+00  1.1024E+02  1.1611E+00
  6.6947E-01  5.3349E-01  2.5517E-02  2.2546E-01  7.2455E+00  1.1024E+02  1.5099E+00
  6.7094E-01  5.3839E-01  2.6230E-02  2.2794E-01  7.2494E+00  1.1024E+02  1.8492E+00
  6.7241E-01  5.4329E-01  2.6946E-02  2.3091E-01  7.2541E+00  1.1024E+02  2.1774E+00
  6.7387E-01  5.4819E-01  2.7664E-02  2.3435E-01  7.2597E+00  1.1024E+02  2.4931E+00
  6.7534E-01  5.5309E-01  2.8386E-02  2.3825E-01  7.2660E+00  1.1025E+02  2.7954E+00
  6.7681E-01  5.5799E-01  2.9111E-02  2.4258E-01  7.2732E+00  1.1025E+02  3.0837E+00
  6.7839E-01  5.6325E-01  2.9893E-02  2.4769E-01  7.2818E+00  1.1025E+02  3.3774E+00
  6.7986E-01  5.6815E-01  3.0625E-02  2.5285E-01  7.2907E+00  1.1025E+02  3.6356E+00
  6.8133E-01  5.7305E-01  3.1359E-02  2.5839E-01  7.3005E+00  1.1025E+02  3.8795E+00
  6.8280E-01  5.7795E-01  3.2098E-02  2.6427E-01  7.3110E+00  1.1026E+02  4.1094E+00
  6.8427E-01  5.8285E-01  3.2840E-02  2.7048E-01  7.3224E+00  1.1026E+02  4.3258E+00
  6.8573E-01  5.8775E-01  3.3585E-02  2.7700E-01  7.3346E+00  1.1026E+02  4.5293E+00
  6.8720E-01  5.9265E-01  3.4334E-02  2.8381E-01  7.3477E+00  1.1026E+02  4.7205E+00
  6.8867E-01  5.9755E-01  3.5087E-02  2.9089E-01  7.3616E+00  1.1026E+02  4.9001E+00
  6.9014E-01  6.0245E-01  3.5844E-02  2.9823E-01  7.3763E+00  1.1027E+02  5.0690E+00
  6.9172E-01  6.0772E-01  3.6661E-02  3.0638E-01  7.3931E+00  1.1027E+02  5.2392E+00
  6.9319E-01  6.1262E-01  3.7426E-02  3.1421E-01  7.4095E+00  1.1027E+02  5.3879E+00
  6.9466E-01  6.1752E-01  3.8196E-02  3.2224E-01  7.4268E+00  1.1027E+02  5.5281E+00
  6.9613E-01  6.2242E-01  3.8969E-02  3.3048E-01  7.4450E+00  1.1027E+02  5.6603E+00
  6.9759E-01  6.2732E-01  3.9747E-02  3.3890E-01  7.4639E+00  1.1027E+02  5.7853E+00
  6.9906E-01  6.3222E-01  4.0529E-02  3.4750E-01  7.4838E+00  1.1028E+02  5.9037E+00
  7.0053E-01  6.3712E-01  4.1316E-02  3.5627E-01  7.5045E+00  1.1028E+02  6.0159E+00
  7.0200E-01  6.4202E-01  4.2107E-02  3.6521E-01  7.5260E+00  1.1028E+02  6.1226E+00
  7.0347E-01  6.4692E-01  4.2903E-02  3.7430E-01  7.5484E+00  1.1028E+02  6.2243E+00
  7.0505E-01  6.5218E-01  4.3764E-02  3.8422E-01  7.5734E+00  1.1028E+02  6.3285E+00
  7.0652E-01  6.5708E-01  4.4570E-02  3.9360E-01  7.5975E+00  1.1028E+02  6.4211E+00
  7.0799E-01  6.6198E-01  4.5381E-02  4.0312E-01  7.6225E+00  1.1029E+02  6.5100E+00
  7.0945E-01  6.6688E-01  4.6197E-02  4.1277E-01  7.6483E+00  1.1029E+02  6.5954E+00
  7.1092E-01  6.7178E-01  4.7018E-02  4.2253E-01  7.6748E+00  1.1029E+02  6.6776E+00
  7.1239E-01  6.7668E-01  4.7845E-02  4.3242E-01  7.7021E+00  1.1029E+02  6.7570E+00
  7.1386E-01  6.8158E-01  4.8676E-02  4.4242E-01  7.7299E+00  1.1029E+02  6.8335E+00
  7.1533E-01  6.8648E-01  4.9512E-02  4.5253E-01  7.7581E+00  1.1029E+02  6.9073E+00
  7.1680E-01  6.9138E-01  5.0353E-02  4.6275E-01  7.7863E+00  1.1029E+02  6.9781E+00
  7.1838E-01  6.9665E-01  5.1262E-02  4.7384E-01  7.8159E+00  1.1029E+02  7.0503E+00
  7.1984E-01  7.0155E-01  5.2111E-02  4.8427E-01  7.8419E+00  1.1029E+02  7.1132E+00
  7.2131E-01  7.0645E-01  5.2962E-02  4.9478E-01  7.8652E+00  1.1029E+02  7.1710E+00
  7.2278E-01  7.1135E-01  5.3813E-02  5.0537E-01  7.8848E+00  1.1029E+02  7.2226E+00
  7.2425E-01  7.1625E-01  5.4665E-02  5.1603E-01  7.9002E+00  1.1029E+02  7.2676E+00
  7.2572E-01  7.2115E-01  5.5515E-02  5.2676E-01  7.9114E+00  1.1029E+02  7.3063E+00
  7.2719E-01  7.2605E-01  5.6364E-02  5.3754E-01  7.9190E+00  1.1029E+02  7.3394E+00
  7.2866E-01  7.3095E-01  5.7211E-02  5.4836E-01  7.9239E+00  1.1030E+02  7.3681E+00
  7.3013E-01  7.3585E-01  5.8057E-02  5.5922E-01  7.9268E+00  1.1030E+02  7.3935E+00
  7.3170E-01  7.4111E-01  5.8966E-02  5.7093E-01  7.9287E+00  1.1030E+02  7.4178E+00
  7.3317E-01  7.4601E-01  5.9812E-02  5.8186E-01  7.9297E+00  1.1030E+02  7.4385E+00
  7.3464E-01  7.5091E-01  6.0657E-02  5.9283E-01  7.9303E+00  1.1030E+02  7.4577E+00
  7.3611E-01  7.5581E-01  6.1502E-02  6.0381E-01  7.9306E+00  1.1031E+02  7.4756E+00
  7.3758E-01  7.6071E-01  6.2348E-02  6.1483E-01  7.9308E+00  1.1031E+02  7.4923E+00
  7.3905E-01  7.6561E-01  6.3193E-02  6.2587E-01  7.9308E+00  1.1031E+02  7.5082E+00
  7.4052E-01  7.7051E-01  6.4038E-02  6.3693E-01  7.9308E+00  1.1031E+02  7.5231E+00
  7.4199E-01  7.7541E-01  6.4883E-02  6.4801E-01  7.9308E+00  1.1031E+02  7.5373E+00
  7.4345E-01  7.8031E-01  6.5728E-02  6.5911E-01  7.9308E+00  1.1032E+02  7.5507E+00
  7.4503E-01  7.8558E-01  6.6636E-02  6.7106E-01  7.9308E+00  1.1032E+02  7.5645E+00
  7.4650E-01  7.9048E-01  6.7481E-02  6.8220E-01  7.9308E+00  1.1032E+02  7.5766E+00
  7.4797E-01  7.9538E-01  6.8326E-02  6.9336E-01  7.9308E+00  1.1032E+02  7.5882E+00
  7.4944E-01  8.0028E-01  6.9171E-02  7.0454E-01  7.9308E+00  1.1032E+02  7.5992E+00
  7.5091E-01  8.0518E-01  7.0016E-02  7.1573E-01  7.9308E+00  1.1033E+02  7.6097E+00
  7.5238E-01  8.1008E-01  7.0861E-02  7.2693E-01  7.9308E+00  1.1033E+02  7.6197E+00
  7.5385E-01  8.1498E-01  7.1706E-02  7.3815E-01  7.9308E+00  1.1033E+02  7.6292E+00
  7.5531E-01  8.1988E-01  7.2551E-02  7.4939E-01  7.9308E+00  1.1033E+02  7.6384E+00
  7.5678E-01  8.2478E-01  7.3395E-02  7.6063E-01  7.9308E+00  1.1033E+02  7.6471E+00
  7.5836E-01  8.3004E-01  7.4304E-02  7.7273E-01  7.9308E+00  1.1034E+02  7.6561E+00
  7.5983E-01  8.3494E-01  7.5148E-02  7.8401E-01  7.9308E+00  1.1034E+02  7.6640E+00
  7.6130E-01  8.3984E-01  7.5993E-02  7.9529E-01  7.9308E+00  1.1034E+02  7.6717E+00
  7.6277E-01  8.4474E-01  7.6838E-02  8.0659E-01  7.9308E+00  1.1034E+02  7.6790E+00
  7.6424E-01  8.4964E-01  7.7683E-02  8.1789E-01  7.9308E+00  1.1034E+02  7.6860E+00
  7.6571E-01  8.5454E-01  7.8528E-02  8.2921E-01  7.9308E+00  1.1035E+02  7.6927E+00
  7.6717E-01  8.5944E-01  7.9373E-02  8.4053E-01  7.9308E+00  1.1035E+02  7.6992E+00
  7.6864E-01  8.6434E-01  8.0218E-02  8.5187E-01  7.9308E+00  1.1035E+02  7.7054E+00
  7.7011E-01  8.6924E-01  8.1063E-02  8.6321E-01  7.9308E+00  1.1035E+02  7.7114E+00
  7.7169E-01  8.7451E-01  8.1971E-02  8.7541E-01  7.9308E+00  1.1035E+02  7.7175E+00
  7.7316E-01  8.7941E-01  8.2816E-02  8.8677E-01  7.9308E+00  1.1036E+02  7.7230E+00
  7.7463E-01  8.8431E-01  8.3661E-02  8.9814E-01  7.9308E+00  1.1036E+02  7.7283E+00
  7.7610E-01  8.8921E-01  8.4506E-02  9.0952E-01  7.9308E+00  1.1036E+02  7.7334E+00
  7.7757E-01  8.9411E-01  8.5351E-02  9.2090E-01  7.9308E+00  1.1036E+02  7.7383E+00
  7.7903E-01  8.9901E-01  8.6196E-02  9.3229E-01  7.9308E+00  1.1036E+02  7.7430E+00
  7.8050E-01  9.0391E-01  8.7041E-02  9.4369E-01  7.9308E+00  1.1037E+02  7.7476E+00
  7.8197E-01  9.0881E-01  8.7886E-02  9.5509E-01  7.9308E+00  1.1037E+02  7.7520E+00
  7.8344E-01  9.1371E-01  8.8731E-02  9.6651E-01  7.9308E+00  1.1037E+02  7.7562E+00
  7.8502E-01  9.1897E-01  8.9639E-02  9.7877E-01  7.9308E+00  1.1037E+02  7.7606E+00
  7.8649E-01  9.2387E-01  9.0484E-02  9.9020E-01  7.9308E+00  1.1038E+02  7.7645E+00
  7.8796E-01  9.2877E-01  9.1329E-02  1.0016E+00  7.9308E+00  1.1038E+02  7.7684E+00
  7.8943E-01  9.3367E-01  9.2174E-02  1.0131E+00  7.9308E+00  1.1038E+02  7.7720E+00
  7.9089E-01  9.3857E-01  9.3019E-02  1.0245E+00  7.9308E+00  1.1038E+02  7.7756E+00
  7.9236E-01  9.4347E-01  9.3864E-02  1.0359E+00  7.9308E+00  1.1038E+02  7.7790E+00
  7.9383E-01  9.4837E-01  9.4709E-02  1.0474E+00  7.9308E+00  1.1039E+02  7.7824E+00
  7.9530E-01  9.5327E-01  9.5554E-02  1.0589E+00  7.9308E+00  1.1039E+02  7.7856E+00
  7.9677E-01  9.5817E-01  9.6399E-02  1.0703E+00  7.9308E+00  1.1039E+02  7.7887E+00
  7.9835E-01  9.6344E-01  9.7307E-02  1.0826E+00  7.9308E+00  1.1039E+02  7.7919E+00
  7.9982E-01  9.6834E-01  9.8152E-02  1.0941E+00  7.9308E+00  1.1039E+02  7.7948E+00
  8.0128E-01  9.7324E-01  9.8997E-02  1.1056E+00  7.9308E+00  1.1040E+02  7.7977E+00
  8.0275E-01  9.7814E-01  9.9842E-02  1.1170E+00  7.9308E+00  1.1040E+02  7.8004E+00
  8.0422E-01  9.8304E-01  1.0069E-01  1.1285E+00  7.9308E+00  1.1040E+02  7.8031E+00
  8.0569E-01  9.8794E-01  1.0153E-01  1.1400E+00  7.9308E+00  1.1040E+02  7.8056E+00
  8.0716E-01  9.9284E-01  1.0238E-01  1.1515E+00  7.9308E+00  1.1041E+02  7.8081E+00
  8.0863E-01  9.9774E-01  1.0322E-01  1.1630E+00  7.9308E+00  1.1041E+02  7.8106E+00
  8.1010E-01  1.0026E+00  1.0407E-01  1.1745E+00  7.9308E+00  1.1041E+02  7.8129E+00
  8.1168E-01  1.0079E+00  1.0498E-01  1.1868E+00  7.9308E+00  1.1041E+02  7.8154E+00
  8.1314E-01  1.0128E+00  1.0582E-01  1.1983E+00  7.9308E+00  1.1041E+02  7.8176E+00
  8.1461E-01  1.0177E+00  1.0667E-01  1.2099E+00  7.9308E+00  1.1042E+02  7.8198E+00
  8.1608E-01  1.0226E+00  1.0751E-01  1.2214E+00  7.9308E+00  1.1042E+02  7.8219E+00
  8.1755E-01  1.0275E+00  1.0835E-01  1.2329E+00  7.9308E+00  1.1042E+02  7.8239E+00
  8.1902E-01  1.0324E+00  1.0920E-01  1.2444E+00  7.9308E+00  1.1042E+02  7.8259E+00
  8.2049E-01  1.0373E+00  1.1004E-01  1.2559E+00  7.9308E+00  1.1043E+02  7.8278E+00
  8.2196E-01  1.0422E+00  1.1089E-01  1.2674E+00  7.9308E+00  1.1043E+02  7.8297E+00
  8.2343E-01  1.0471E+00  1.1173E-01  1.2790E+00  7.9308E+00  1.1043E+02  7.8315E+00
  8.2500E-01  1.0524E+00  1.1264E-01  1.2913E+00  7.9308E+00  1.1043E+02  7.8334E+00
  8.2647E-01  1.0573E+00  1.1349E-01  1.3029E+00  7.9308E+00  1.1044E+02  7.8351E+00
  8.2794E-01  1.0622E+00  1.1433E-01  1.3144E+00  7.9308E+00  1.1044E+02  7.8368E+00
  8.2941E-01  1.0671E+00  1.1518E-01  1.3259E+00  7.9308E+00  1.1044E+02  7.8384E+00
  8.3088E-01  1.0720E+00  1.1602E-01  1.3375E+00  7.9308E+00  1.1044E+02  7.8400E+00
  8.3235E-01  1.0769E+00  1.1687E-01  1.3490E+00  7.9308E+00  1.1044E+02  7.8416E+00
  8.3382E-01  1.0818E+00  1.1771E-01  1.3605E+00  7.9308E+00  1.1045E+02  7.8431E+00
  8.3529E-01  1.0867E+00  1.1856E-01  1.3721E+00  7.9308E+00  1.1045E+02  7.8446E+00
  8.3675E-01  1.0916E+00  1.1940E-01  1.3836E+00  7.9308E+00  1.1045E+02  7.8460E+00
  8.3833E-01  1.0968E+00  1.2031E-01  1.3960E+00  7.9309E+00  1.1045E+02  7.8475E+00
  8.3980E-01  1.1017E+00  1.2116E-01  1.4076E+00  7.9309E+00  1.1046E+02  7.8489E+00
  8.4127E-01  1.1066E+00  1.2200E-01  1.4191E+00  7.9309E+00  1.1046E+02  7.8502E+00
  8.4274E-01  1.1115E+00  1.2285E-01  1.4307E+00  7.9309E+00  1.1046E+02  7.8515E+00
  8.4421E-01  1.1164E+00  1.2369E-01  1.4422E+00  7.9309E+00  1.1046E+02  7.8528E+00
  8.4568E-01  1.1213E+00  1.2454E-01  1.4538E+00  7.9309E+00  1.1047E+02  7.8540E+00
  8.4715E-01  1.1262E+00  1.2538E-01  1.4654E+00  7.9309E+00  1.1047E+02  7.8552E+00
  8.4861E-01  1.1311E+00  1.2623E-01  1.4769E+00  7.9309E+00  1.1047E+02  7.8564E+00
  8.5008E-01  1.1360E+00  1.2707E-01  1.4885E+00  7.9309E+00  1.1047E+02  7.8576E+00
  8.5166E-01  1.1413E+00  1.2798E-01  1.5009E+00  7.9309E+00  1.1048E+02  7.8588E+00
  8.5313E-01  1.1462E+00  1.2882E-01  1.5125E+00  7.9309E+00  1.1048E+02  7.8599E+00
  8.5460E-01  1.1511E+00  1.2967E-01  1.5240E+00  7.9309E+00  1.1048E+02  7.8610E+00
  8.5607E-01  1.1560E+00  1.3051E-01  1.5356E+00  7.9309E+00  1.1048E+02  7.8620E+00
  8.5754E-01  1.1609E+00  1.3136E-01  1.5472E+00  7.9309E+00  1.1049E+02  7.8630E+00
  8.5901E-01  1.1658E+00  1.3220E-01  1.5588E+00  7.9309E+00  1.1049E+02  7.8640E+00
  8.6047E-01  1.1707E+00  1.3305E-01  1.5703E+00  7.9309E+00  1.1049E+02  7.8650E+00
  8.6194E-01  1.1756E+00  1.3389E-01  1.5819E+00  7.9309E+00  1.1049E+02  7.8660E+00
  8.6341E-01  1.1805E+00  1.3474E-01  1.5935E+00  7.9309E+00  1.1049E+02  7.8669E+00
  8.6499E-01  1.1858E+00  1.3565E-01  1.6059E+00  7.9309E+00  1.1050E+02  7.8679E+00
  8.6646E-01  1.1907E+00  1.3649E-01  1.6175E+00  7.9309E+00  1.1050E+02  7.8688E+00
  8.6793E-01  1.1956E+00  1.3734E-01  1.6291E+00  7.9309E+00  1.1050E+02  7.8697E+00
  8.6940E-01  1.2005E+00  1.3818E-01  1.6407E+00  7.9309E+00  1.1051E+02  7.8706E+00
  8.7087E-01  1.2054E+00  1.3903E-01  1.6522E+00  7.9309E+00  1.1051E+02  7.8714E+00
  8.7233E-01  1.2103E+00  1.3987E-01  1.6638E+00  7.9309E+00  1.1051E+02  7.8722E+00
  8.7380E-01  1.2152E+00  1.4072E-01  1.6754E+00  7.9309E+00  1.1051E+02  7.8730E+00
  8.7527E-01  1.2201E+00  1.4156E-01  1.6870E+00  7.9309E+00  1.1052E+02  7.8738E+00
  8.7674E-01  1.2250E+00  1.4241E-01  1.6986E+00  7.9309E+00  1.1052E+02  7.8746E+00
  8.7832E-01  1.2302E+00  1.4331E-01  1.7110E+00  7.9309E+00  1.1052E+02  7.8754E+00
  8.7979E-01  1.2351E+00  1.4416E-01  1.7226E+00  7.9309E+00  1.1052E+02  7.8762E+00
  8.8126E-01  1.2400E+00  1.4500E-01  1.7342E+00  7.9309E+00  1.1053E+02  7.8769E+00
  8.8272E-01  1.2449E+00  1.4585E-01  1.7458E+00  7.9309E+00  1.1053E+02  7.8776E+00
  8.8419E-01  1.2498E+00  1.4669E-01  1.7574E+00  7.9309E+00  1.1053E+02  7.8783E+00
  8.8566E-01  1.2547E+00  1.4754E-01  1.7690E+00  7.9309E+00  1.1053E+02  7.8790E+00
  8.8713E-01  1.2596E+00  1.4838E-01  1.7806E+00  7.9309E+00  1.1054E+02  7.8797E+00
  8.8860E-01  1.2645E+00  1.4923E-01  1.7922E+00  7.9309E+00  1.1054E+02  7.8803E+00
  8.9007E-01  1.2694E+00  1.5007E-01  1.8038E+00  7.9309E+00  1.1054E+02  7.8810E+00
  8.9165E-01  1.2747E+00  1.5098E-01  1.8162E+00  7.9309E+00  1.1054E+02  7.8817E+00
  8.9312E-01  1.2796E+00  1.5183E-01  1.8278E+00  7.9309E+00  1.1055E+02  7.8823E+00
  8.9458E-01  1.2845E+00  1.5267E-01  1.8394E+00  7.9309E+00  1.1055E+02  7.8829E+00
  8.9605E-01  1.2894E+00  1.5352E-01  1.8510E+00  7.9309E+00  1.1055E+02  7.8835E+00
  8.9752E-01  1.2943E+00  1.5436E-01  1.8626E+00  7.9307E+00  1.1056E+02  7.8839E+00
  8.9899E-01  1.2992E+00  1.5521E-01  1.8742E+00  7.9301E+00  1.1057E+02  7.8839E+00
  9.0046E-01  1.3041E+00  1.5605E-01  1.8858E+00  7.9290E+00  1.1058E+02  7.8834E+00
  9.0193E-01  1.3090E+00  1.5689E-01  1.8974E+00  7.9270E+00  1.1060E+02  7.8819E+00
  9.0340E-01  1.3139E+00  1.5773E-01  1.9090E+00  7.9235E+00  1.1062E+02  7.8788E+00
  9.0498E-01  1.3192E+00  1.5864E-01  1.9215E+00  7.9165E+00  1.1068E+02  7.8724E+00
  9.0644E-01  1.3241E+00  1.5947E-01  1.9331E+00  7.9050E+00  1.1076E+02  7.8613E+00
  9.0791E-01  1.3290E+00  1.6030E-01  1.9446E+00  7.8856E+00  1.1090E+02  7.8421E+00
  9.0938E-01  1.3339E+00  1.6112E-01  1.9561E+00  7.8539E+00  1.1110E+02  7.8106E+00
  9.1085E-01  1.3388E+00  1.6192E-01  1.9676E+00  7.8051E+00  1.1138E+02  7.7619E+00
  9.1232E-01  1.3437E+00  1.6269E-01  1.9790E+00  7.7353E+00  1.1171E+02  7.6920E+00
  9.1379E-01  1.3486E+00  1.6344E-01  1.9902E+00  7.6428E+00  1.1204E+02  7.5991E+00
  9.1526E-01  1.3535E+00  1.6416E-01  2.0013E+00  7.5288E+00  1.1233E+02  7.4847E+00
  9.1673E-01  1.3584E+00  1.6485E-01  2.0123E+00  7.3971E+00  1.1256E+02  7.3526E+00
  9.1830E-01  1.3636E+00  1.6557E-01  2.0238E+00  7.2412E+00  1.1272E+02  7.1961E+00
  9.1977E-01  1.3685E+00  1.6620E-01  2.0342E+00  7.0870E+00  1.1282E+02  7.0412E+00
  9.2124E-01  1.3734E+00  1.6682E-01  2.0445E+00  6.9271E+00  1.1288E+02  6.8807E+00
  9.2271E-01  1.3783E+00  1.6741E-01  2.0545E+00  6.7635E+00  1.1292E+02  6.7164E+00
  9.2418E-01  1.3832E+00  1.6797E-01  2.0642E+00  6.5974E+00  1.1294E+02  6.5496E+00
  9.2565E-01  1.3881E+00  1.6852E-01  2.0737E+00  6.4297E+00  1.1295E+02  6.3811E+00
  9.2712E-01  1.3930E+00  1.6904E-01  2.0830E+00  6.2606E+00  1.1297E+02  6.2111E+00
  9.2859E-01  1.3979E+00  1.6955E-01  2.0920E+00  6.0905E+00  1.1297E+02  6.0400E+00
  9.3005E-01  1.4028E+00  1.7003E-01  2.1008E+00  5.9195E+00  1.1298E+02  5.8680E+00
  9.3163E-01  1.4081E+00  1.7052E-01  2.1099E+00  5.7351E+00  1.1298E+02  5.6824E+00
  9.3310E-01  1.4130E+00  1.7095E-01  2.1181E+00  5.5628E+00  1.1298E+02  5.5089E+00
  9.3457E-01  1.4179E+00  1.7137E-01  2.1261E+00  5.3900E+00  1.1299E+02  5.3347E+00
  9.3604E-01  1.4228E+00  1.7176E-01  2.1338E+00  5.2166E+00  1.1299E+02  5.1599E+00
  9.3751E-01  1.4277E+00  1.7213E-01  2.1413E+00  5.0427E+00  1.1299E+02  4.9844E+00
  9.3898E-01  1.4326E+00  1.7247E-01  2.1485E+00  4.8684E+00  1.1299E+02  4.8084E+00
  9.4045E-01  1.4375E+00  1.7280E-01  2.1555E+00  4.6936E+00  1.1299E+02  4.6317E+00
  9.4191E-01  1.4424E+00  1.7310E-01  2.1621E+00  4.5185E+00  1.1300E+02  4.4545E+00
  9.4338E-01  1.4473E+00  1.7338E-01  2.1686E+00  4.3429E+00  1.1300E+02  4.2768E+00
  9.4496E-01  1.4526E+00  1.7366E-01  2.1752E+00  4.1540E+00  1.1300E+02  4.0852E+00
  9.4643E-01  1.4575E+00  1.7390E-01  2.1810E+00  3.9779E+00  1.1300E+02  3.9064E+00
  9.4790E-01  1.4624E+00  1.7411E-01  2.1867E+00  3.8016E+00  1.1300E+02  3.7271E+00
  9.4937E-01  1.4673E+00  1.7430E-01  2.1920E+00  3.6252E+00  1.1300E+02  3.5474E+00
  9.5084E-01  1.4722E+00  1.7447E-01  2.1971E+00  3.4488E+00  1.1300E+02  3.3672E+00
  9.5231E-01  1.4771E+00  1.7462E-01  2.2019E+00  3.2723E+00  1.1301E+02  3.1867E+00
  9.5377E-01  1.4820E+00  1.7474E-01  2.2065E+00  3.0960E+00  1.1301E+02  3.0057E+00
  9.5524E-01  1.4869E+00  1.7484E-01  2.2108E+00  2.9199E+00  1.1301E+02  2.8244E+00
  9.5671E-01  1.4918E+00  1.7492E-01  2.2148E+00  2.7442E+00  1.1301E+02  2.6427E+00
  9.5829E-01  1.4970E+00  1.7498E-01  2.2188E+00  2.5561E+00  1.1301E+02  2.4472E+00
  9.5976E-01  1.5019E+00  1.7501E-01  2.2223E+00  2.3818E+00  1.1301E+02  2.2649E+00
  9.6123E-01  1.5068E+00  1.7502E-01  2.2255E+00  2.2085E+00  1.1301E+02  2.0823E+00
  9.6270E-01  1.5117E+00  1.7501E-01  2.2284E+00  2.0367E+00  1.1301E+02  1.8994E+00
  9.6417E-01  1.5166E+00  1.7498E-01  2.2311E+00  1.8668E+00  1.1301E+02  1.7163E+00
  9.6563E-01  1.5215E+00  1.7492E-01  2.2334E+00  1.6994E+00  1.1301E+02  1.5331E+00
  9.6710E-01  1.5264E+00  1.7484E-01  2.2356E+00  1.5356E+00  1.1301E+02  1.3496E+00
  9.6857E-01  1.5313E+00  1.7474E-01  2.2374E+00  1.3767E+00  1.1301E+02  1.1660E+00
  9.7004E-01  1.5362E+00  1.7461E-01  2.2390E+00  1.2247E+00  1.1301E+02  9.8219E-01
  9.7162E-01  1.5415E+00  1.7446E-01  2.2404E+00  1.0724E+00  1.1301E+02  7.8463E-01
  9.7309E-01  1.5464E+00  1.7429E-01  2.2414E+00  9.4591E-01  1.1301E+02  6.0063E-01
  9.7456E-01  1.5513E+00  1.7409E-01  2.2421E+00  8.4092E-01  1.1301E+02  4.1656E-01
  9.7602E-01  1.5562E+00  1.7388E-01  2.2426E+00  7.6644E-01  1.1301E+02  2.3244E-01
  9.7749E-01  1.5611E+00  1.7364E-01  2.2428E+00  7.3187E-01  1.1301E+02  4.8292E-02
  9.7896E-01  1.5660E+00  1.7338E-01  2.2428E+00  7.4283E-01  1.1301E+02 -1.3586E-01
  9.8043E-01  1.5709E+00  1.7310E-01  2.2424E+00  7.9743E-01  1.1301E+02 -3.2000E-01
  9.8190E-01  1.5758E+00  1.7280E-01  2.2418E+00  8.8763E-01  1.1301E+02 -5.0410E-01
  9.8337E-01  1.5807E+00  1.7247E-01  2.2409E+00  1.0039E+00  1.1301E+02 -6.8813E-01
  9.8495E-01  1.5859E+00  1.7210E-01  2.2397E+00  1.1486E+00  1.1301E+02 -8.8575E-01
  9.8642E-01  1.5908E+00  1.7172E-01  2.2382E+00  1.2960E+00  1.1301E+02 -1.0696E+00
  9.8788E-01  1.5957E+00  1.7133E-01  2.2365E+00  1.4516E+00  1.1301E+02 -1.2533E+00
  9.8935E-01  1.6006E+00  1.7091E-01  2.2346E+00  1.6130E+00  1.1301E+02 -1.4368E+00
  9.9082E-01  1.6055E+00  1.7048E-01  2.2323E+00  1.7786E+00  1.1301E+02 -1.6202E+00
  9.9229E-01  1.6104E+00  1.7002E-01  2.2298E+00  1.9473E+00  1.1301E+02 -1.8034E+00
  9.9376E-01  1.6153E+00  1.6954E-01  2.2270E+00  2.1181E+00  1.1301E+02 -1.9864E+00
  9.9523E-01  1.6202E+00  1.6903E-01  2.2239E+00  2.2907E+00  1.1301E+02 -2.1691E+00
  9.9670E-01  1.6251E+00  1.6851E-01  2.2206E+00  2.4645E+00  1.1301E+02 -2.3515E+00
  9.9828E-01  1.6304E+00  1.6792E-01  2.2167E+00  2.6519E+00  1.1300E+02 -2.5470E+00
  9.9974E-01  1.6353E+00  1.6735E-01  2.2128E+00  2.8267E+00  1.1299E+02 -2.7281E+00
  1.0012E+00  1.6402E+00  1.6676E-01  2.2087E+00  3.0013E+00  1.1297E+02 -2.9083E+00
  1.0027E+00  1.6451E+00  1.6615E-01  2.2043E+00  3.1751E+00  1.1293E+02 -3.0871E+00
  1.0042E+00  1.6500E+00  1.6552E-01  2.1996E+00  3.3473E+00  1.1287E+02 -3.2636E+00
  1.0056E+00  1.6549E+00  1.6487E-01  2.1947E+00  3.5163E+00  1.1277E+02 -3.4366E+00
  1.0071E+00  1.6598E+00  1.6421E-01  2.1895E+00  3.6800E+00  1.1260E+02 -3.6037E+00
  1.0086E+00  1.6647E+00  1.6353E-01  2.1841E+00  3.8348E+00  1.1235E+02 -3.7616E+00
  1.0100E+00  1.6696E+00  1.6284E-01  2.1784E+00  3.9762E+00  1.1199E+02 -3.9058E+00
  1.0116E+00  1.6749E+00  1.6210E-01  2.1721E+00  4.1073E+00  1.1152E+02 -4.0394E+00
  1.0131E+00  1.6798E+00  1.6141E-01  2.1661E+00  4.2057E+00  1.1108E+02 -4.1395E+00
  1.0145E+00  1.6847E+00  1.6074E-01  2.1600E+00  4.2798E+00  1.1071E+02 -4.2148E+00
  1.0160E+00  1.6896E+00  1.6007E-01  2.1537E+00  4.3315E+00  1.1047E+02 -4.2673E+00
  1.0175E+00  1.6945E+00  1.5941E-01  2.1474E+00  4.3653E+00  1.1033E+02 -4.3014E+00
  1.0189E+00  1.6994E+00  1.5876E-01  2.1411E+00  4.3862E+00  1.1026E+02 -4.3222E+00
  1.0204E+00  1.7043E+00  1.5811E-01  2.1347E+00  4.3985E+00  1.1022E+02 -4.3344E+00
  1.0219E+00  1.7092E+00  1.5747E-01  2.1283E+00  4.4057E+00  1.1020E+02 -4.3413E+00
  1.0234E+00  1.7141E+00  1.5682E-01  2.1219E+00  4.4097E+00  1.1019E+02 -4.3450E+00
  1.0249E+00  1.7193E+00  1.5613E-01  2.1150E+00  4.4121E+00  1.1019E+02 -4.3470E+00
  1.0264E+00  1.7242E+00  1.5549E-01  2.1086E+00  4.4133E+00  1.1018E+02 -4.3478E+00
  1.0279E+00  1.7291E+00  1.5485E-01  2.1022E+00  4.4139E+00  1.1018E+02 -4.3480E+00
  1.0293E+00  1.7340E+00  1.5421E-01  2.0958E+00  4.4141E+00  1.1018E+02 -4.3478E+00
  1.0308E+00  1.7389E+00  1.5357E-01  2.0894E+00  4.4141E+00  1.1018E+02 -4.3474E+00
  1.0323E+00  1.7438E+00  1.5293E-01  2.0830E+00  4.4141E+00  1.1018E+02 -4.3470E+00
  1.0337E+00  1.7487E+00  1.5229E-01  2.0766E+00  4.4141E+00  1.1018E+02 -4.3466E+00
  1.0352E+00  1.7536E+00  1.5165E-01  2.0702E+00  4.4141E+00  1.1018E+02 -4.3462E+00
  1.0367E+00  1.7585E+00  1.5101E-01  2.0638E+00  4.4141E+00  1.1018E+02 -4.3458E+00
  1.0383E+00  1.7638E+00  1.5032E-01  2.0570E+00  4.4141E+00  1.1018E+02 -4.3453E+00
  1.0397E+00  1.7687E+00  1.4968E-01  2.0506E+00  4.4141E+00  1.1018E+02 -4.3449E+00
  1.0412E+00  1.7736E+00  1.4904E-01  2.0442E+00  4.4141E+00  1.1018E+02 -4.3444E+00
  1.0427E+00  1.7785E+00  1.4840E-01  2.0378E+00  4.4141E+00  1.1018E+02 -4.3440E+00
  1.0441E+00  1.7834E+00  1.4776E-01  2.0314E+00  4.4141E+00  1.1018E+02 -4.3435E+00
  1.0456E+00  1.7883E+00  1.4712E-01  2.0250E+00  4.4141E+00  1.1018E+02 -4.3431E+00
  1.0471E+00  1.7932E+00  1.4648E-01  2.0186E+00  4.4141E+00  1.1018E+02 -4.3426E+00
  1.0485E+00  1.7981E+00  1.4584E-01  2.0122E+00  4.4141E+00  1.1018E+02 -4.3422E+00
  1.0500E+00  1.8030E+00  1.4520E-01  2.0058E+00  4.4141E+00  1.1018E+02 -4.3417E+00
  1.0516E+00  1.8083E+00  1.4452E-01  1.9990E+00  4.4141E+00  1.1018E+02 -4.3412E+00
  1.0531E+00  1.8132E+00  1.4388E-01  1.9926E+00  4.4141E+00  1.1018E+02 -4.3407E+00
  1.0545E+00  1.8181E+00  1.4324E-01  1.9862E+00  4.4141E+00  1.1018E+02 -4.3403E+00
  1.0560E+00  1.8230E+00  1.4260E-01  1.9798E+00  4.4141E+00  1.1018E+02 -4.3398E+00
  1.0575E+00  1.8279E+00  1.4196E-01  1.9734E+00  4.4141E+00  1.1018E+02 -4.3393E+00
  1.0589E+00  1.8328E+00  1.4132E-01  1.9670E+00  4.4141E+00  1.1018E+02 -4.3388E+00
  1.0604E+00  1.8377E+00  1.4068E-01  1.9606E+00  4.4141E+00  1.1018E+02 -4.3383E+00
  1.0619E+00  1.8426E+00  1.4004E-01  1.9543E+00  4.4141E+00  1.1018E+02 -4.3378E+00
  1.0633E+00  1.8475E+00  1.3940E-01  1.9479E+00  4.4141E+00  1.1018E+02 -4.3373E+00
  1.0649E+00  1.8527E+00  1.3871E-01  1.9410E+00  4.4141E+00  1.1018E+02 -4.3368E+00
  1.0664E+00  1.8576E+00  1.3807E-01  1.9346E+00  4.4141E+00  1.1018E+02 -4.3362E+00
  1.0679E+00  1.8625E+00  1.3743E-01  1.9282E+00  4.4141E+00  1.1018E+02 -4.3357E+00
  1.0693E+00  1.8674E+00  1.3679E-01  1.9219E+00  4.4141E+00  1.1018E+02 -4.3352E+00
  1.0708E+00  1.8723E+00  1.3615E-01  1.9155E+00  4.4141E+00  1.1018E+02 -4.3347E+00
  1.0723E+00  1.8772E+00  1.3551E-01  1.9091E+00  4.4141E+00  1.1018E+02 -4.3341E+00
  1.0737E+00  1.8821E+00  1.3487E-01  1.9027E+00  4.4141E+00  1.1018E+02 -4.3336E+00
  1.0752E+00  1.8870E+00  1.3423E-01  1.8964E+00  4.4141E+00  1.1018E+02 -4.3330E+00
  1.0767E+00  1.8919E+00  1.3359E-01  1.8900E+00  4.4141E+00  1.1018E+02 -4.3325E+00
  1.0782E+00  1.8972E+00  1.3290E-01  1.8831E+00  4.4141E+00  1.1018E+02 -4.3319E+00
  1.0797E+00  1.9021E+00  1.3226E-01  1.8767E+00  4.4141E+00  1.1018E+02 -4.3313E+00
  1.0812E+00  1.9070E+00  1.3162E-01  1.8704E+00  4.4141E+00  1.1018E+02 -4.3307E+00
  1.0827E+00  1.9119E+00  1.3098E-01  1.8640E+00  4.4141E+00  1.1018E+02 -4.3302E+00
  1.0841E+00  1.9168E+00  1.3034E-01  1.8576E+00  4.4141E+00  1.1018E+02 -4.3296E+00
  1.0856E+00  1.9217E+00  1.2970E-01  1.8513E+00  4.4141E+00  1.1018E+02 -4.3290E+00
  1.0871E+00  1.9266E+00  1.2906E-01  1.8449E+00  4.4141E+00  1.1018E+02 -4.3284E+00
  1.0885E+00  1.9315E+00  1.2842E-01  1.8385E+00  4.4141E+00  1.1018E+02 -4.3278E+00
  1.0900E+00  1.9364E+00  1.2778E-01  1.8321E+00  4.4141E+00  1.1018E+02 -4.3272E+00
  1.0916E+00  1.9417E+00  1.2709E-01  1.8253E+00  4.4141E+00  1.1018E+02 -4.3265E+00
  1.0930E+00  1.9466E+00  1.2645E-01  1.8189E+00  4.4141E+00  1.1018E+02 -4.3259E+00
  1.0945E+00  1.9515E+00  1.2581E-01  1.8126E+00  4.4141E+00  1.1018E+02 -4.3253E+00
  1.0960E+00  1.9564E+00  1.2517E-01  1.8062E+00  4.4141E+00  1.1018E+02 -4.3246E+00
  1.0975E+00  1.9613E+00  1.2453E-01  1.7998E+00  4.4141E+00  1.1018E+02 -4.3240E+00
  1.0989E+00  1.9662E+00  1.2389E-01  1.7935E+00  4.4141E+00  1.1018E+02 -4.3234E+00
  1.1004E+00  1.9711E+00  1.2325E-01  1.7871E+00  4.4141E+00  1.1019E+02 -4.3227E+00
  1.1019E+00  1.9760E+00  1.2261E-01  1.7807E+00  4.4141E+00  1.1019E+02 -4.3220E+00
  1.1033E+00  1.9809E+00  1.2197E-01  1.7744E+00  4.4141E+00  1.1019E+02 -4.3214E+00
  1.1049E+00  1.9861E+00  1.2128E-01  1.7676E+00  4.4141E+00  1.1019E+02 -4.3206E+00
  1.1064E+00  1.9910E+00  1.2064E-01  1.7612E+00  4.4141E+00  1.1019E+02 -4.3200E+00
  1.1078E+00  1.9959E+00  1.2000E-01  1.7548E+00  4.4141E+00  1.1019E+02 -4.3193E+00
  1.1093E+00  2.0008E+00  1.1936E-01  1.7485E+00  4.4141E+00  1.1019E+02 -4.3186E+00
  1.1108E+00  2.0057E+00  1.1872E-01  1.7421E+00  4.4141E+00  1.1019E+02 -4.3179E+00
  1.1122E+00  2.0106E+00  1.1808E-01  1.7358E+00  4.4141E+00  1.1019E+02 -4.3171E+00
  1.1137E+00  2.0155E+00  1.1744E-01  1.7294E+00  4.4141E+00  1.1019E+02 -4.3164E+00
  1.1152E+00  2.0204E+00  1.1680E-01  1.7231E+00  4.4141E+00  1.1019E+02 -4.3157E+00
  1.1167E+00  2.0253E+00  1.1616E-01  1.7167E+00  4.4141E+00  1.1019E+02 -4.3150E+00
  1.1182E+00  2.0306E+00  1.1547E-01  1.7099E+00  4.4141E+00  1.1019E+02 -4.3141E+00
  1.1197E+00  2.0355E+00  1.1483E-01  1.7035E+00  4.4141E+00  1.1019E+02 -4.3134E+00
  1.1212E+00  2.0404E+00  1.1419E-01  1.6972E+00  4.4141E+00  1.1019E+02 -4.3126E+00
  1.1242E+00  2.0504E+00  1.1289E-01  1.6843E+00  4.4141E+00  1.1019E+02 -4.3110E+00
