 -1.959938133331E-05  1.319501518076E-05  1.124168548021E+00 -1.261175070152E+02 -3.589636803688E+03  3.527223253060E+07  1.327558633739E+01 -4.882812500000E-04   1   5
  8.995214460589E-04  6.450509723223E-05  3.669205941730E-04 -8.115790970316E+04 -2.048962971992E+04 -9.553637434041E+04 -1.124646118595E+01 -4.882812500000E-04   1   3
 -2.393961250093E-04 -1.557464884489E-05 -6.714097375848E-06 -2.592726344073E+04  3.953971274448E+03  1.064978605440E+05 -1.124804281283E+01 -4.882812500000E-04   1   3
  1.684783646579E-03 -2.575573604049E-06  6.441068193965E-04 -1.443061728749E+05 -1.348942258083E+04 -1.922588454686E+05 -1.124573108674E+01 -4.882812500000E-04   1   3
 -1.227105569302E-03 -8.023870377575E-06 -5.676879925423E-04  7.341018295612E+04  2.910672302103E+03  1.782770576952E+05 -1.124896325473E+01 -4.882812500000E-04   1   3
  2.948699060605E-03  9.216974151885E-05  1.179453492186E-03 -2.666602715921E+05 -4.692589209571E+04 -3.129319792653E+05 -1.124456734591E+01 -4.882812500000E-04   1   3
 -8.793354810815E-04 -4.262485807792E-05 -4.383499914697E-04  4.979793841330E+02  1.107297458651E+04  2.216769159868E+05 -1.124963847939E+01 -4.882812500000E-04   1   3
 -1.219290636859E-03  9.968892204649E-05 -5.376504311452E-04  8.441258922332E+04 -3.401359695377E+04  1.573185877915E+05 -1.124862344677E+01 -4.882812500000E-04   1   5
 -8.457195963733E-04 -4.992327985912E-05 -4.949564119427E-04 -1.252360050874E+04  1.166370089867E+04  2.380825956916E+05 -1.125004472383E+01 -4.882812500000E-04   1   5
  1.802599401714E-03  1.237989034168E-04  5.966431885533E-04 -1.128900570395E+05 -5.486547549472E+04 -2.833463154749E+05 -1.124487860295E+01 -4.882812500000E-04   1   5
  9.055619793324E-05 -9.046223490036E-06  1.049902519608E-04 -3.095082602118E+04  4.700502173841E+03  2.688866800791E+04 -1.124737394605E+01 -4.882812500000E-04   1   5
  1.709997824943E-03 -5.652115747212E-05  6.681169382468E-04 -1.505692136461E+05  3.361128157330E+04 -1.876924433529E+05 -1.124575403061E+01 -4.882812500000E-04   1   5
 -2.346035274561E-04  6.613118149615E-05  6.158326330219E-06 -1.787936301397E+04 -2.681521088623E+04  8.749065401006E+04 -1.124783245152E+01 -4.882812500000E-04   1   5
  5.011978938560E-04 -8.746216354702E-05  9.506817191718E-05  8.480862284470E+00  3.361385760480E+04 -1.384148354449E+05 -1.124610261851E+01 -4.882812500000E-04   1   5
  1.280909975579E-03 -6.113698791378E-05  4.647528298860E-04 -9.797175131468E+04  2.751909180205E+04 -1.676743464912E+05 -1.124590829728E+01 -4.882812500000E-04   1   5
  1.865739643145E-03 -3.366452354605E-05  7.575936635651E-04 -1.751707513049E+05  1.854828303688E+04 -1.849380412521E+05 -1.124578187857E+01 -4.882812500000E-04   1   5
 -1.323048037299E-03 -7.137924475864E-05 -6.040030674856E-04  1.366991170970E+05  2.264198967258E+04  9.118119136466E+04 -1.124787938596E+01 -4.882812500000E-04   1   5
  6.993575230926E-04  1.712290790706E-04  3.164978000252E-04 -7.526184495012E+04 -5.974696785752E+04 -5.334353568884E+04 -1.124678319286E+01 -4.882812500000E-04   1   5
  1.248998415040E-03  6.460132074697E-05  5.691024949603E-04 -1.342923517278E+05 -2.956604887741E+04 -9.226022327489E+04 -1.124647019786E+01 -4.882812500000E-04   1   5
  3.325026041220E-03 -2.745606375093E-05  1.432375967314E-03 -3.394490306783E+05  9.655805991975E+03 -2.773819816084E+05 -1.124482242692E+01 -4.882812500000E-04   1   5
  2.875988194771E-03 -1.100221024846E-04  1.199736609769E-03 -2.732590628476E+05  4.050066258223E+04 -2.782576962374E+05 -1.124481542755E+01 -4.882812500000E-04   1   5
 -3.950994373766E-04  3.558792949874E-05 -2.446020595268E-04  6.741643158238E+04 -1.426078499866E+04 -2.251552524588E+04 -1.124701787787E+01 -4.882812500000E-04   1   5
  7.686255060827E-04  9.257394859058E-05  2.463354627271E-04 -4.146457261069E+04 -3.877577484195E+04 -1.335452672498E+05 -1.124613959866E+01 -4.882812500000E-04   1   5
 -1.479626468375E-03  6.120676681042E-05 -6.856558437529E-04  1.536968388750E+05 -2.516944813021E+04  1.025193643639E+05 -1.124796436513E+01 -4.882812500000E-04   1   5
  2.172946051948E-03  7.803641725677E-06  7.751387281787E-04 -1.754107277621E+05 -6.817642855623E+03 -2.625214484151E+05 -1.124514320161E+01 -4.882812500000E-04   1   5
  3.371600806101E-03 -4.937336837849E-05  1.376610497807E-03 -3.186261172171E+05  2.774658602627E+04 -3.329819864129E+05 -1.124437306548E+01 -4.882812500000E-04   1   5
 -2.009929288933E-03  1.072161585188E-04 -1.061604783592E-03  1.564809488662E+05 -3.369392994726E+04  2.281909293961E+05 -1.124969689388E+01 -4.882812500000E-04   1   5
  3.132902405177E-03  1.273399803195E-04  1.292017335674E-03 -3.049496677074E+05 -5.859978393054E+04 -2.918120115830E+05 -1.124479155276E+01 -4.882812500000E-04   1   5
  2.296447755369E-03 -5.271792161558E-06  9.492116185348E-04 -2.246413421508E+05 -6.623211578849E+02 -2.119909208580E+05 -1.124557559843E+01 -4.882812500000E-04   1   5
  1.272096100186E-03  1.188600230115E-04  5.819398131131E-04 -1.385976020209E+05 -4.697234902009E+04 -9.010967445322E+04 -1.124648223238E+01 -4.882812500000E-04   1   5
 -2.027527202902E-03  2.994873932378E-05 -9.944615109494E-04  1.884816570118E+05 -6.411311546799E+03  1.738122673212E+05 -1.124887529345E+01 -4.882812500000E-04   1   5
 -1.439298486496E-03 -8.202773149942E-05 -6.469636172060E-04  1.273152760695E+05  3.180431124618E+04  1.372435561952E+05 -1.124834185211E+01 -4.882812500000E-04   1   5
 -9.377617423063E-04 -1.154287045335E-04 -3.880850284421E-04  8.263755495567E+04  4.023503661922E+04  8.861800321706E+04 -1.124784912076E+01 -4.882812500000E-04   1   5
  1.286603250193E-03  9.323042072940E-05  4.658554922570E-04 -9.735233713320E+04 -4.378281253597E+04 -1.704977763944E+05 -1.124587440551E+01 -4.882812500000E-04   1   5
 -3.204769232015E-04 -6.982547790072E-05 -2.881943701658E-04  9.468022285676E+04  2.451233178954E+04 -9.391589543889E+04 -1.124645231447E+01 -4.882812500000E-04   1   5
  2.028648573749E-03 -7.068091901046E-05  8.256319940769E-04 -1.939794379423E+05  3.925206160033E+04 -1.935130861145E+05 -1.124571177186E+01 -4.882812500000E-04   1   5
  1.684201407814E-03  9.448534325696E-06  5.117165881834E-04 -8.921002037709E+04 -8.298407127464E+03 -2.935000568617E+05 -1.124480497050E+01 -4.882812500000E-04   1   5
 -1.178592708065E-03  1.281530341287E-04 -4.936567197791E-04  9.108489035951E+04 -4.540993044767E+04  1.348266861731E+05 -1.124829358067E+01 -4.882812500000E-04   1   5
  9.610681656530E-04  7.728667149757E-05  3.027979490253E-04 -5.414806934744E+04 -3.174099756069E+04 -1.624686948358E+05 -1.124594071649E+01 -4.882812500000E-04   1   5
  2.405787044804E-03 -1.743610276421E-05  9.685233743455E-04 -2.290735734640E+05  1.825627659140E+04 -2.324800164791E+05 -1.124541033006E+01 -4.882812500000E-04   1   5
  1.914848191162E-04 -4.013401711758E-05 -1.346604807795E-05  2.051908434017E+04  1.824900221780E+04 -9.322199980351E+04 -1.124647177684E+01 -4.882812500000E-04   1   5
  4.446946263026E-04 -2.191575425131E-06  6.474872465589E-05  5.397972103807E+03 -1.223223794954E+03 -1.306175192004E+05 -1.124616492907E+01 -4.882812500000E-04   1   5
  1.509185022555E-03  1.059241779321E-04  5.491411221723E-04 -1.186917393659E+05 -5.007188823279E+04 -1.919284596432E+05 -1.124572410307E+01 -4.882812500000E-04   1   5
 -1.404138379644E-03  4.818587664079E-05 -6.499396353490E-04  1.503193250202E+05 -1.832921324969E+04  8.715022926191E+04 -1.124784236189E+01 -4.882812500000E-04   1   5
  4.265438727482E-05 -3.250382466128E-06  1.445735480994E-04 -4.519880281228E+04 -8.366630758208E+02  6.319840818261E+04 -1.124762118994E+01 -4.882812500000E-04   1   5
 -1.430558894163E-04 -1.466560170733E-04 -9.193688304543E-05  2.882690022591E+04  5.359372869689E+04 -2.089688418289E+04 -1.124701440945E+01 -4.882812500000E-04   1   5
  1.789707191465E-03  4.136408939410E-07  6.941167367160E-04 -1.574084257783E+05  1.305043126611E+04 -1.969026492398E+05 -1.124569748516E+01 -4.882812500000E-04   1   5
 -2.441243750199E-03  2.542544413339E-05 -1.260223396766E-03  2.391039866669E+05 -5.985731138841E+03  1.907374376928E+05 -1.124912947175E+01 -4.882812500000E-04   1   5
 -8.772425977356E-04  8.664870653883E-05 -3.732121484339E-04  8.363076428557E+04 -3.082061151622E+04  7.102206065758E+04 -1.124771240663E+01 -4.882812500000E-04   1   5
 -5.248445275224E-05 -1.659714511204E-05  5.126764417174E-05 -1.664496388096E+04  1.542986763638E+04  3.750091678926E+04 -1.124743077566E+01 -4.882812500000E-04   1   5
  7.026354278847E-04 -5.094329749310E-05  1.971546179966E-04 -2.723593130924E+04  2.209478887042E+04 -1.418356902077E+05 -1.124608093129E+01 -4.882812500000E-04   1   5
 -5.586342180405E-04  1.124466642724E-04 -3.233063346004E-04  8.969302135612E+04 -4.099429606521E+04 -2.233976458225E+04 -1.124700808625E+01 -4.882812500000E-04   1   5
  8.746482633314E-04  7.100073224053E-05  3.238458473103E-04 -6.379284796726E+04 -3.046535250150E+04 -1.216415696125E+05 -1.124623962647E+01 -4.882812500000E-04   1   5
  2.477401961938E-03 -7.621910379016E-05  1.052513588844E-03 -2.554927665113E+05  3.546814071600E+04 -2.024256101400E+05 -1.124564431000E+01 -4.882812500000E-04   1   5
 -8.980285183742E-04  2.464715670861E-05 -3.861574014283E-04  2.322579775434E+04 -5.444031454292E+03  1.843050171241E+05 -1.124903503545E+01 -4.882812500000E-04   1   5
 -3.718139413623E-04 -9.512530021073E-05 -1.049942827314E-04  1.926167696494E+04  3.578700340366E+04  5.626071044862E+04 -1.124757450384E+01 -4.882812500000E-04   1   5
  1.299135680152E-04 -8.703041186733E-05  1.505522985112E-04 -4.260238774619E+04  3.039568335491E+04  3.692171179722E+04 -1.124742232257E+01 -4.882812500000E-04   1   5
 -2.056534045031E-03 -1.934852389668E-06 -1.130428329906E-03  1.521300612375E+05  9.809778712957E+02  2.447948381262E+05 -1.125006948139E+01 -4.882812500000E-04   1   5
  2.032950823061E-03  8.538979266087E-05  7.499966523927E-04 -1.627706076170E+05 -3.811876303368E+04 -2.530994444065E+05 -1.124518511017E+01 -4.882812500000E-04   1   5
  1.391091113039E-03 -2.118390156903E-05  3.748293271719E-04 -4.768312284971E+04  8.529583970543E+03 -2.919339478682E+05 -1.124478159104E+01 -4.882812500000E-04   1   5
 -5.655907725080E-04  1.115639792065E-04 -2.054883098543E-04  4.243985046350E+04 -4.232690135535E+04  6.543822416072E+04 -1.124764643524E+01 -4.882812500000E-04   1   5
  1.742448465654E-03 -6.012570301116E-05  8.546604690489E-04 -2.148257503491E+05  1.969393834261E+04 -7.473716771028E+04 -1.124660047680E+01 -4.882812500000E-04   1   5
 -1.625188730624E-03 -3.458400667672E-05 -7.724477482414E-04  1.376615922981E+05  1.390807083548E+04  1.650553869087E+05 -1.124874890194E+01 -4.882812500000E-04   1   5
  2.368836553733E-03  1.505800960379E-04  9.117062988695E-04 -2.017992564780E+05 -6.510368659994E+04 -2.733746363875E+05 -1.124496373302E+01 -4.882812500000E-04   1   5
  1.158806907632E-03  3.753837580532E-05  3.583647952721E-04 -6.855549384973E+04 -1.687504929741E+04 -1.879816290558E+05 -1.124576539847E+01 -4.882812500000E-04   1   5
 -2.460022326180E-03  6.247984341852E-05 -1.349118976353E-03  2.036078234271E+05 -1.126169711228E+04  2.533202793580E+05 -1.125015058004E+01 -4.882812500000E-04   1   5
  1.605914879464E-03  7.675606764309E-05  4.837667709805E-04 -8.163511511566E+04 -3.803806121277E+04 -2.874554552714E+05 -1.124485470719E+01 -4.882812500000E-04   1   5
 -1.554159956893E-03 -8.408248524310E-05 -7.086836917090E-04  1.433687989894E+05  3.244887619863E+04  1.391422808741E+05 -1.124833406490E+01 -4.882812500000E-04   1   5
  8.419705559301E-04 -1.598245687219E-04  3.457435668606E-04 -7.494284714709E+04  5.926937926884E+04 -9.271664748058E+04 -1.124646447218E+01 -4.882812500000E-04   1   5
 -1.951142824273E-04 -1.253550534580E-04 -2.023900668260E-04  6.888626272523E+04  4.407046375117E+04 -8.075169062392E+04 -1.124656505949E+01 -4.882812500000E-04   1   5
 -7.997727736452E-04 -5.416994013634E-05 -2.792286064011E-04  4.106225612714E+04  2.316024508278E+04  1.261266103081E+05 -1.124821053444E+01 -4.882812500000E-04   1   5
  3.640157178398E-03  8.976443810686E-06  1.564778664500E-03 -3.690486127274E+05 -2.908273794933E+03 -3.098303332892E+05 -1.124448288646E+01 -4.882812500000E-04   1   5
  1.773466348311E-04 -1.308990903421E-04  7.144379067525E-05 -1.336337140029E+04  4.844890574800E+04 -2.867201639553E+04 -1.124696844192E+01 -4.882812500000E-04   1   5
 -9.555027517429E-04 -4.998195529588E-06 -4.561942044961E-04  1.300897411814E+04 -6.525065677246E+02  2.177585220566E+05 -1.124952840927E+01 -4.882812500000E-04   1   5
  4.752651670715E-04 -3.815590164679E-05  9.006407611034E-05  7.793647897018E+02  1.742767838659E+04 -1.329654809914E+05 -1.124614736381E+01 -4.882812500000E-04   1   5
  2.022177599435E-03 -1.087092539814E-05  9.089959218029E-04 -2.180240826813E+05  6.038144331917E+03 -1.468191533707E+05 -1.124603509587E+01 -4.882812500000E-04   1   5
  2.269640458046E-03 -2.085223593996E-05  9.316947299249E-04 -2.202340058807E+05  1.563425174580E+04 -2.123886596081E+05 -1.124557253297E+01 -4.882812500000E-04   1   5
 -1.402167432270E-03  3.486138958471E-05 -6.845308310284E-04  9.129654565447E+04 -1.174509117479E+04  1.903238451286E+05 -1.124916880063E+01 -4.882812500000E-04   1   5
 -1.552931271675E-03 -5.588963186813E-05 -7.159221605839E-04  1.372555693084E+05  1.217027775739E+04  1.472758431863E+05 -1.124849645186E+01 -4.882812500000E-04   1   5
 -2.089034254887E-03 -8.241646315518E-05 -1.014585388328E-03  2.123493627222E+05  2.572816552452E+04  1.504125951742E+05 -1.124850532712E+01 -4.882812500000E-04   1   5
 -1.506144314761E-03 -1.427294394024E-04 -7.497605395221E-04  1.000770890677E+05  4.139632798460E+04  2.019349007306E+05 -1.124929843818E+01 -4.882812500000E-04   1   5
 -1.371065844632E-03  1.112128825164E-04 -6.434754732907E-04  9.542329369630E+04 -3.564882085066E+04  1.757913928968E+05 -1.124890915451E+01 -4.882812500000E-04   1   5
  6.996387270581E-04  1.702035248648E-05  2.303306309897E-04 -4.314971816025E+04 -1.801702115012E+04 -1.085173245548E+05 -1.124633702079E+01 -4.882812500000E-04   1   5
  1.230911472192E-03 -7.807881372277E-05  5.925657602452E-04 -1.474392260400E+05  3.005860199564E+04 -6.203130144551E+04 -1.124672074223E+01 -4.882812500000E-04   1   5
  3.336508399372E-03 -9.948203481131E-05  1.417870377930E-03 -3.449271722484E+05  4.283196519122E+04 -2.723108542048E+05 -1.124498504263E+01 -4.882812500000E-04   1   5
  3.315013403149E-04 -6.273986122843E-05  1.584347036070E-04 -3.876815607075E+04  2.601151141658E+04 -2.194962717867E+04 -1.124703434523E+01 -4.882812500000E-04   1   5
 -5.700617869921E-04  3.278689233743E-05 -1.516376159549E-04  3.615102465972E+03 -9.971426881285E+03  1.346495615617E+05 -1.124830606015E+01 -4.882812500000E-04   1   5
 -2.639616853947E-03 -1.648753965410E-04 -1.437641752866E-03  2.443059828392E+05  4.158224652201E+04  2.286284164130E+05 -1.124979205547E+01 -4.882812500000E-04   1   5
  2.806323163938E-05  4.084741040178E-05  2.569807320274E-05 -5.918037406110E+03 -1.204058005782E+04 -2.642551761545E+03 -1.124717269526E+01 -4.882812500000E-04   1   5
 -1.258270747330E-03  1.209025797893E-04 -6.134734714354E-04  6.226473998826E+04 -3.462344192602E+04  2.059938437145E+05 -1.124936281075E+01 -4.882812500000E-04   1   5
  3.502106024463E-03  7.913972700396E-06  1.475573683976E-03 -3.511279432010E+05 -2.090349807176E+03 -3.086686003822E+05 -1.124461873298E+01 -4.882812500000E-04   1   5
 -2.356762187818E-03 -1.786191904175E-05 -1.287396870508E-03  1.903015985468E+05  2.449950230470E+03  2.511094520247E+05 -1.125011562369E+01 -4.882812500000E-04   1   5
 -4.136161174506E-04 -9.014887411498E-05 -7.684885790082E-05 -3.511142756363E+03  3.455464544498E+04  1.080984991309E+05 -1.124801593726E+01 -4.882812500000E-04   1   5
 -1.672901585804E-03  1.089001992949E-04 -7.782536594714E-04  1.620466024372E+05 -2.841538574339E+04  1.334851594321E+05 -1.124832016325E+01 -4.882812500000E-04   1   5
 -7.783782352406E-04  2.055654011248E-05 -4.398768770388E-04  1.192267252699E+05 -8.996113206521E+03 -1.718047288756E+04 -1.124704228889E+01 -4.882812500000E-04   1   5
 -2.039430637649E-03 -1.805726856815E-05 -1.000418343597E-03  1.981264719275E+05  5.935751122815E+03  1.652642166005E+05 -1.124868947987E+01 -4.882812500000E-04   1   5
  2.536150861362E-03 -7.821395645310E-05  9.405345323481E-04 -1.895299166885E+05  2.598842330301E+04 -3.458683464132E+05 -1.124423677090E+01 -4.882812500000E-04   1   5
 -4.956555221556E-04 -1.047416893094E-04 -3.118423448465E-04  8.876615474590E+04  3.715027695236E+04 -3.740529147369E+04 -1.124690802808E+01 -4.882812500000E-04   1   5
 -1.580868330513E-03  9.011371325665E-05 -7.409115420125E-04  1.376661464725E+05 -2.782373583660E+04  1.547550072664E+05 -1.124859137415E+01 -4.882812500000E-04   1   5
  3.077493557734E-03  5.385060489346E-05  1.229271935166E-03 -2.738647789204E+05 -2.390879224297E+04 -3.348675645593E+05 -1.124432237557E+01 -4.882812500000E-04   1   5
 -5.497221908788E-05  3.963382240942E-05 -1.734547745174E-04  6.830977750736E+04 -1.746635587525E+04 -1.155217587110E+05 -1.124627934265E+01 -4.882812500000E-04   1   5
  2.477651917162E-04 -4.789651955714E-06  1.717845327551E-04 -4.046923660869E+04  1.433955174157E+04  3.365867711157E+02 -1.124715720402E+01 -4.882812500000E-04   1   5
  2.174834905633E-03  5.666024324549E-05  8.488385138059E-04 -1.985275239021E+05 -3.650186585865E+04 -2.247384940714E+05 -1.124547780857E+01 -4.882812500000E-04   1   5
 -1.582763030399E-04 -5.247564227039E-05 -2.108547886415E-04  7.609988772544E+04  2.042746528530E+04 -1.029441545483E+05 -1.124638114197E+01 -4.882812500000E-04   1   5
  9.795820205951E-04  6.074211070904E-05  3.809047119858E-04 -7.837622686223E+04 -3.055920732050E+04 -1.230844722840E+05 -1.124622319855E+01 -4.882812500000E-04   1   5
 -1.712862044530E-03  1.032275348286E-04 -7.975042215467E-04  1.693819075636E+05 -2.796193515517E+04  1.298879647896E+05 -1.124827925450E+01 -4.882812500000E-04   1   5
 -6.439238927715E-05  5.771208694612E-06  1.005199280260E-04 -4.335237934327E+04 -3.897519565965E+03  8.970225778782E+04 -1.124785467568E+01 -4.882812500000E-04   1   5
 -1.860238738777E-03  3.777642231902E-05 -9.444417987083E-04  1.568075628829E+05 -1.391015705078E+04  1.902244363932E+05 -1.124916756204E+01 -4.882812500000E-04   1   5
  1.668299939760E-03 -6.677219412157E-05  7.477019694473E-04 -1.773470793073E+05  2.916630317677E+04 -1.252501237223E+05 -1.124619927896E+01 -4.882812500000E-04   1   5
 -1.136641209192E-03 -9.375667342873E-05 -4.738793467518E-04  9.035463700678E+04  3.581615893693E+04  1.252192315267E+05 -1.124820246994E+01 -4.882812500000E-04   1   5
  1.698976705141E-03  1.126491457516E-04  5.618623361108E-04 -1.076889323955E+05 -4.994638525755E+04 -2.648022122411E+05 -1.124506578197E+01 -4.882812500000E-04   1   5
  3.404662533660E-04  3.111259105297E-05  7.852414082099E-05 -6.460169209321E+03 -1.440508582096E+04 -8.305105611129E+04 -1.124655874880E+01 -4.882812500000E-04   1   5
 -1.106325658744E-03  8.662046604726E-05 -5.176593975316E-04  1.257510293613E+05 -2.829364807478E+04  5.459595928045E+04 -1.124757202599E+01 -4.882812500000E-04   1   5
  6.956993868249E-04 -2.178328401660E-06  9.476157648947E-05  4.245823331516E+03  1.963286153228E+03 -1.971334139597E+05 -1.124568604205E+01 -4.882812500000E-04   1   5
 -8.872556163004E-04 -8.078682122841E-05 -4.706959004663E-04 -1.138886977403E+03  1.933624064028E+04  2.271116313556E+05 -1.124978246569E+01 -4.882812500000E-04   1   5
  1.347528819245E-03 -4.721891484860E-06  3.982971537473E-04 -4.103931637030E+04  1.062215179404E+03 -2.958671273224E+05 -1.124462733601E+01 -4.882812500000E-04   1   5
 -1.978371218106E-03  9.078894813105E-05 -1.093649710407E-03  1.465134567203E+05 -2.646278117587E+04  2.365894346493E+05 -1.124997788253E+01 -4.882812500000E-04   1   5
  3.683443326671E-03  5.718532945548E-05  1.604820466080E-03 -3.959765700904E+05 -2.451271882799E+04 -2.709383376622E+05 -1.124495577276E+01 -4.882812500000E-04   1   5
 -9.718520912291E-04 -4.578451800026E-05 -3.921072727733E-04  5.566165443748E+04  1.354651203713E+04  1.457090503597E+05 -1.124846888104E+01 -4.882812500000E-04   1   5
 -6.901927758528E-04 -1.112222616819E-04 -3.033308936056E-04  7.486102078348E+04  4.207753361718E+04  3.865539346062E+04 -1.124743392997E+01 -4.882812500000E-04   1   5
 -1.445901303902E-03  2.999572335237E-05 -6.762690576150E-04  1.111726097915E+05 -1.122084631554E+04  1.672354256967E+05 -1.124878087474E+01 -4.882812500000E-04   1   5
 -3.233119119709E-04  4.017209281294E-05 -4.847009151754E-05 -1.860951695675E+04 -1.061227457893E+04  1.150758898958E+05 -1.124812642276E+01 -4.882812500000E-04   1   5
 -1.141346038200E-04  1.443576130686E-04 -1.177533093506E-04  4.033456089272E+04 -5.288025536005E+04 -4.992373422160E+04 -1.124680633087E+01 -4.882812500000E-04   1   5
  1.432708789122E-03 -1.236420592649E-04  6.231663956917E-04 -1.439394675173E+05  4.745534262994E+04 -1.240753022879E+05 -1.124621056083E+01 -4.882812500000E-04   1   5
  3.159821776182E-03 -1.121591493179E-05  1.345855732871E-03 -3.220396479405E+05  4.345338295805E+03 -2.648011065436E+05 -1.124500735468E+01 -4.882812500000E-04   1   5
 -1.099758763599E-03  6.546143316646E-06 -5.175386234613E-04  1.242292218053E+05 -3.560863181378E+03  5.882006525410E+04 -1.124758781983E+01 -4.882812500000E-04   1   5
  4.357819862500E-04 -4.718970471099E-05  2.431163113519E-04 -6.256198191459E+04  1.957273828337E+04 -6.462681077696E+03 -1.124713906799E+01 -4.882812500000E-04   1   5
  4.986849123847E-04 -3.800886227987E-06  1.781163197467E-04 -3.462634291797E+04 -3.292621849369E+02 -7.450116508218E+04 -1.124663802051E+01 -4.882812500000E-04   1   5
  1.352977823494E-03 -8.170789021529E-06  4.726214064801E-04 -1.007280923566E+05 -5.313958392718E+03 -1.792543834358E+05 -1.124582016522E+01 -4.882812500000E-04   1   5
 -1.619983139396E-03 -2.628396684527E-05 -7.592760537649E-04  1.463331541170E+05  1.674177371198E+04  1.517588500425E+05 -1.124850951859E+01 -4.882812500000E-04   1   5
 -3.674360448971E-06 -1.485128574224E-04 -3.549632144617E-05  1.642451115619E+04  5.527435131299E+04 -3.539202502435E+04 -1.124691015235E+01 -4.882812500000E-04   1   5
  3.000743422991E-03  5.521548743628E-05  1.180513010504E-03 -2.659773604257E+05 -3.484702853092E+04 -3.284715059345E+05 -1.124444137526E+01 -4.882812500000E-04   1   5
  3.344980109899E-03  1.210183920448E-04  1.382817789095E-03 -3.158733475038E+05 -4.174577450087E+04 -3.291863598010E+05 -1.124432701902E+01 -4.882812500000E-04   1   5
  1.948930100848E-03  6.807691708554E-07  8.647685590659E-04 -2.063527807587E+05  1.584745033441E+03 -1.482767308152E+05 -1.124602874731E+01 -4.882812500000E-04   1   5
  1.987483506235E-03 -9.565857319232E-05  7.305720608763E-04 -1.645392604049E+05  5.008404453514E+04 -2.375969799678E+05 -1.124537621258E+01 -4.882812500000E-04   1   5
 -4.825816850410E-04 -1.452516410901E-05 -2.089097001015E-04  5.139769602198E+04  1.880934421021E+04  2.953756125334E+04 -1.124736275556E+01 -4.882812500000E-04   1   5
 -1.092139397041E-03  8.033504747272E-05 -4.644519882637E-04  9.217310292214E+04 -2.553926647069E+04  1.115158339560E+05 -1.124808368817E+01 -4.882812500000E-04   1   5
  2.051057447300E-03 -6.371451188073E-05  8.448985672298E-04 -1.982198573608E+05  3.190523788915E+04 -1.927794020904E+05 -1.124571616033E+01 -4.882812500000E-04   1   5
 -5.817338968062E-04 -1.429134683793E-04 -2.545679093759E-04  6.180533944264E+04  4.436425239911E+04  3.406368412028E+04 -1.124741554342E+01 -4.882812500000E-04   1   5
 -1.483123267851E-03 -7.508714012188E-05 -8.190182438121E-04  7.725745387343E+04  1.932229581819E+04  2.357989299417E+05 -1.124996870285E+01 -4.882812500000E-04   1   5
 -2.064585597080E-03 -1.873929751802E-05 -1.055854649226E-03  1.860734412086E+05  6.848492743021E+03  1.895618175616E+05 -1.124915213763E+01 -4.882812500000E-04   1   5
 -1.458838118017E-03  6.672073160772E-05 -6.650470982996E-04  1.262293677438E+05 -2.068530333055E+04  1.441173000876E+05 -1.124844814405E+01 -4.882812500000E-04   1   5
 -1.755208474578E-03 -5.112860354168E-05 -8.313129311299E-04  1.887082814300E+05  1.869997987310E+04  1.092683643684E+05 -1.124802987701E+01 -4.882812500000E-04   1   5
 -3.624178622489E-03 -7.957586396989E-05 -2.002877485968E-03  3.833748767136E+05  1.859381794809E+04  2.231750201289E+05 -1.124982682823E+01 -4.882812500000E-04   1   5
  1.998792499741E-03 -2.113804452907E-05  7.656254468107E-04 -1.755991546653E+05  2.354933230490E+04 -2.195075814335E+05 -1.124552073702E+01 -4.882812500000E-04   1   5
 -2.146752898509E-03 -1.405179585185E-05 -1.061068837025E-03  2.087112311013E+05  5.464293629311E+03  1.733743210439E+05 -1.124878345770E+01 -4.882812500000E-04   1   5
  1.868619031993E-03 -6.213508828535E-05  6.905602286114E-04 -1.546604747958E+05  3.552975551574E+04 -2.232817380299E+05 -1.124549226304E+01 -4.882812500000E-04   1   5
 -1.321187831931E-03 -1.153847141527E-04 -5.792469976025E-04  1.219556839526E+05  4.283033598035E+04  1.163264321956E+05 -1.124809718766E+01 -4.882812500000E-04   1   5
  3.194263400432E-03  4.507248597553E-05  1.352360508473E-03 -3.297802291026E+05 -2.033404036856E+04 -2.617773036112E+05 -1.124511730146E+01 -4.882812500000E-04   1   5
  1.771792467089E-03  9.619538644402E-06  6.058068230219E-04 -1.319017338360E+05 -1.386591812655E+04 -2.354954710993E+05 -1.124538653454E+01 -4.882812500000E-04   1   5
  1.232856166573E-03  7.067504301893E-05  6.450712903621E-04 -1.648503453237E+05 -2.657947831887E+04 -3.025664784412E+04 -1.124694078059E+01 -4.882812500000E-04   1   5
  1.762691186222E-03  1.804182088110E-05  6.393351581311E-04 -1.456580970944E+05  1.508688568989E+03 -2.063455328961E+05 -1.124562809135E+01 -4.882812500000E-04   1   5
 -1.695851972596E-03  5.252720661696E-05 -8.601335539085E-04  1.328065125903E+05 -1.299279318757E+04  1.918378563414E+05 -1.124920520274E+01 -4.882812500000E-04   1   5
 -1.205978730355E-03  8.431680231936E-05 -5.215499283757E-04  1.077587176123E+05 -3.172212057269E+04  1.125376827402E+05 -1.124807560934E+01 -4.882812500000E-04   1   5
 -4.296613258882E-04 -2.214882112714E-06 -9.664385784247E-05 -2.999670727970E+04  9.455403011793E+02  1.611048068133E+05 -1.124865256658E+01 -4.882812500000E-04   1   5
  2.584639032624E-03  1.271298288873E-04  9.898092197509E-04 -2.084151964396E+05 -5.522232710909E+04 -3.218412319522E+05 -1.124444460546E+01 -4.882812500000E-04   1   5
 -1.145139758556E-03  3.615809091003E-05 -5.226300834034E-04  6.192501587125E+04 -1.024212191367E+04  1.781392253074E+05 -1.124895997160E+01 -4.882812500000E-04   1   5
 -4.214651871032E-04  6.159907152617E-05 -6.762998998178E-05 -2.067661594789E+04 -2.272783172469E+04  1.410700317330E+05 -1.124835643636E+01 -4.882812500000E-04   1   5
  1.170298772724E-03 -5.863598699084E-05  3.722550058782E-04 -7.175985024777E+04  2.969200953782E+04 -1.851737113226E+05 -1.124577335431E+01 -4.882812500000E-04   1   5
 -1.838594912420E-03  4.936031775494E-05 -8.819759712775E-04  1.668860417555E+05 -2.448595265686E+04  1.691358609465E+05 -1.124872671986E+01 -4.882812500000E-04   1   5
  1.846238917053E-03  1.560961528328E-06  6.464101777133E-04 -1.440539382243E+05 -1.644474869407E+03 -2.329980667349E+05 -1.124541423307E+01 -4.882812500000E-04   1   5
 -1.608656749289E-03  7.377358111556E-05 -7.461134881033E-04  1.458450354210E+05 -3.055968530164E+04  1.479434975066E+05 -1.124846811657E+01 -4.882812500000E-04   1   5
 -1.366902802488E-04  7.615811116110E-05  2.515894513722E-05 -1.200270430932E+04 -3.315768800280E+04  5.061012839877E+04 -1.124752244847E+01 -4.882812500000E-04   1   5
  1.011958601082E-03  5.751384897295E-06  4.789497793496E-04 -1.097526544298E+05  7.056193188019E+03 -7.675813377725E+04 -1.124658790066E+01 -4.882812500000E-04   1   5
 -1.844944734799E-03 -1.295472563738E-04 -9.334198810356E-04  1.493350890487E+05  3.867432890981E+04  1.988340048406E+05 -1.124926078399E+01 -4.882812500000E-04   1   5
  1.951954051470E-03  3.638767806000E-05  7.048224385831E-04 -1.228122730661E+05 -1.385596216879E+04 -3.088623941955E+05 -1.124449718702E+01 -4.882812500000E-04   1   5
 -1.442498362676E-03 -1.833808428898E-05 -6.654376362831E-04  1.488155703644E+05  3.814156388017E+03  9.957422735626E+04 -1.124796998623E+01 -4.882812500000E-04   1   5
 -1.543816113316E-03  7.123429579131E-05 -7.095988097841E-04  1.515399654733E+05 -2.780500076574E+04  1.214845572772E+05 -1.124816242584E+01 -4.882812500000E-04   1   5
  2.253854218527E-03 -4.012647219822E-05  8.703668409111E-04 -1.978895822076E+05  1.690113583304E+04 -2.477458047517E+05 -1.124524520846E+01 -4.882812500000E-04   1   5
 -9.387930005719E-05  8.766633280915E-05  7.349870797757E-05 -3.767585894792E+04 -2.723840565352E+04  8.839803516532E+04 -1.124785073736E+01 -4.882812500000E-04   1   5
  1.184314704179E-03  5.364870175728E-05  5.019316073591E-04 -1.159691340130E+05 -1.720611759604E+04 -1.069163928307E+05 -1.124636784258E+01 -4.882812500000E-04   1   5
  1.793978736520E-03 -3.625284250018E-05  7.394495144057E-04 -1.716741478722E+05  1.994376577172E+04 -1.706842743574E+05 -1.124588060768E+01 -4.882812500000E-04   1   5
  3.122563492940E-03 -2.294713462332E-05  1.243020289725E-03 -2.774882067454E+05  4.483119825667E+03 -3.411923193971E+05 -1.124427919753E+01 -4.882812500000E-04   1   5
  3.086399591059E-03  8.497072268392E-06  1.269409442804E-03 -2.984364213130E+05 -5.766938503717E+03 -2.932285948883E+05 -1.124481853657E+01 -4.882812500000E-04   1   5
  1.529881940296E-03 -8.565909221409E-06  6.919333938935E-04 -1.599546098884E+05  8.935168309927E+03 -1.231937920786E+05 -1.124621846073E+01 -4.882812500000E-04   1   5
  6.529747992398E-04 -5.415251231623E-05  8.846888727732E-05  5.176237101838E+03  2.197192411916E+04 -1.874850268344E+05 -1.124575473080E+01 -4.882812500000E-04   1   5
  5.836521207997E-04 -5.562444964683E-05  2.019152555364E-04 -3.618112101352E+04  1.886461323333E+04 -9.492078103111E+04 -1.124646519614E+01 -4.882812500000E-04   1   5
  1.876330388033E-03 -6.913484093384E-05  7.870358606139E-04 -1.833836908008E+05  3.618225210034E+04 -1.725219691549E+05 -1.124585881079E+01 -4.882812500000E-04   1   5
 -6.355573834808E-04  2.660434269101E-05 -2.698696036907E-04  6.080127544097E+04 -9.719694882519E+03  5.081058415377E+04 -1.124756226065E+01 -4.882812500000E-04   1   5
  1.599736493390E-03 -4.959383942849E-05  7.461649499585E-04 -1.795193523848E+05  1.862039973198E+04 -1.033956695769E+05 -1.124637415099E+01 -4.882812500000E-04   1   5
 -2.004283812031E-04 -2.442937288956E-05  3.650901879193E-05 -3.758511705907E+04  8.906149426329E+03  1.157949001937E+05 -1.124810450080E+01 -4.882812500000E-04   1   5
 -4.183124724660E-04  4.074241123917E-05 -8.569083413157E-05  2.306556601295E+03 -1.633359908993E+04  9.821667181047E+04 -1.124793592841E+01 -4.882812500000E-04   1   5
 -5.910889653085E-04  3.493599762092E-05 -1.791431822167E-04 -8.222972183114E+03 -1.373329310369E+04  1.624843344789E+05 -1.124865958382E+01 -4.882812500000E-04   1   5
 -8.570751740032E-04 -1.514643217233E-04 -3.440729776414E-04  2.664353270627E+04  4.315111822480E+04  1.685375021618E+05 -1.124876905274E+01 -4.882812500000E-04   1   5
 -8.007030038170E-04  1.188547825266E-04 -3.617180476969E-04  8.681365027992E+04 -3.711280198818E+04  4.543066336764E+04 -1.124751172511E+01 -4.882812500000E-04   1   5
  2.914828476550E-04  1.431737001520E-04  1.427596590913E-04 -3.245301830719E+04 -5.233355017112E+04 -2.419775436612E+04 -1.124699515077E+01 -4.882812500000E-04   1   5
  1.674991101485E-04  5.630504342226E-05 -7.022585712524E-05  4.294416372921E+04 -2.387632370566E+04 -1.282317788243E+05 -1.124617996873E+01 -4.882812500000E-04   1   5
 -1.268084545672E-03  3.895919074905E-05 -5.632643218045E-04  7.063555798019E+04 -1.729365725749E+04  1.918558651323E+05 -1.124905172943E+01 -4.882812500000E-04   1   5
  7.929766938373E-04 -2.692808885781E-05  3.602352440837E-04 -8.765669981525E+04  9.923353385192E+03 -5.445414657899E+04 -1.124679559298E+01 -4.882812500000E-04   1   5
  1.874560751248E-03  7.499969024794E-05  6.572336303141E-04 -1.358277052266E+05 -3.627793621929E+04 -2.593769251744E+05 -1.124512146403E+01 -4.882812500000E-04   1   5
  2.761142660466E-03  3.212807049569E-05  1.148770077586E-03 -2.781537241074E+05 -1.814399698885E+04 -2.397202880589E+05 -1.124535518380E+01 -4.882812500000E-04   1   5
 -1.733233517970E-03 -1.097550470911E-05 -8.150164550411E-04  1.784507769509E+05  2.134350690247E+03  1.213358279572E+05 -1.124816765535E+01 -4.882812500000E-04   1   5
 -1.801467302161E-03  1.832272032075E-04 -9.282233395922E-04  1.381218747841E+05 -4.956045549358E+04  2.077462827098E+05 -1.124941902604E+01 -4.882812500000E-04   1   5
 -1.015443252973E-03 -8.836041464190E-05 -4.237747068472E-04  4.406678845284E+04  3.136190057435E+04  1.770033304261E+05 -1.124885435469E+01 -4.882812500000E-04   1   5
  3.104487881373E-03  4.490527983636E-05  1.249948422228E-03 -2.792378765427E+05 -1.809667458616E+04 -3.314804744190E+05 -1.124433578398E+01 -4.882812500000E-04   1   5
 -7.257315290462E-04 -1.473410701351E-05 -3.457400490072E-04 -1.242394125214E+04  4.576897266332E+03  2.064158075296E+05 -1.124943284259E+01 -4.882812500000E-04   1   5
  1.359246468766E-03 -1.263895037365E-05  3.912074144170E-04 -7.204278052535E+04  9.429745609179E+03 -2.355271769479E+05 -1.124538644662E+01 -4.882812500000E-04   1   5
  2.753470340726E-03 -2.395125919618E-05  1.120928677927E-03 -2.641034390594E+05  1.418237081915E+04 -2.652738623409E+05 -1.124511145173E+01 -4.882812500000E-04   1   5
  4.672601814761E-04 -1.996403952991E-05  2.677325712428E-04 -6.660825831079E+04  1.160808946798E+04 -9.021986268513E+03 -1.124711028830E+01 -4.882812500000E-04   1   5
 -3.154779454757E-04  7.875061268252E-05 -1.808987909551E-04  4.995817669561E+04 -3.163233479469E+04 -1.355421391854E+04 -1.124708614579E+01 -4.882812500000E-04   1   5
 -5.354550519478E-04  3.233333440403E-06 -2.431773925868E-04  5.804568343252E+04 -6.162757913195E+03  3.224678172107E+04 -1.124739834066E+01 -4.882812500000E-04   1   5
 -1.206614018083E-04  3.895354215309E-05  1.113522417939E-05 -4.603051102117E+03 -2.030615567711E+04  3.240238468482E+04 -1.124739427202E+01 -4.882812500000E-04   1   5
  3.231494476972E-03 -1.039955922686E-05  1.377123494229E-03 -3.354630808104E+05  3.624918909584E+03 -2.608104660931E+05 -1.124510455763E+01 -4.882812500000E-04   1   5
 -1.837627212130E-03  5.228280178943E-06 -9.263151896666E-04  1.388155157269E+05 -1.394259098375E+04  2.152788152997E+05 -1.124944693153E+01 -4.882812500000E-04   1   5
  2.475597520444E-04 -7.202066811347E-05  1.099185255189E-04 -2.576445053665E+04  2.790795436011E+04 -2.366860643731E+04 -1.124702383376E+01 -4.882812500000E-04   1   5
 -1.630671397809E-03  7.394221982622E-05 -7.554532319431E-04  1.546939628154E+05 -2.491891125072E+04  1.367955239550E+05 -1.124834784718E+01 -4.882812500000E-04   1   5
  1.230964329721E-03 -7.457355713243E-05  3.424867149822E-04 -6.080821379441E+04  3.809491654721E+04 -2.224557174737E+05 -1.124549979280E+01 -4.882812500000E-04   1   5
 -1.318373080447E-03  1.218581649354E-05 -5.939281392904E-04  1.281454334238E+05 -8.154986360026E+03  1.059561986362E+05 -1.124801864157E+01 -4.882812500000E-04   1   5
 -1.054604627493E-03 -3.592554648444E-05 -4.196822820393E-04  6.517380251826E+04  2.122802892783E+04  1.479279305268E+05 -1.124846120274E+01 -4.882812500000E-04   1   5
 -6.206034650949E-04  3.389756563905E-05 -2.437903157446E-04  5.415503573219E+04 -2.140199637157E+04  5.835087366892E+04 -1.124759979159E+01 -4.882812500000E-04   1   5
 -2.291714679443E-03 -1.442871355190E-04 -1.275742347004E-03  1.857496638905E+05  3.761285424009E+04  2.454961980901E+05 -1.125009052525E+01 -4.882812500000E-04   1   5
 -1.109667912075E-03  5.728568494223E-05 -4.677224466030E-04  8.970295505443E+04 -2.083636695489E+04  1.201682866048E+05 -1.124816765322E+01 -4.882812500000E-04   1   5
 -7.811663735274E-04  4.811084752727E-05 -3.556140675862E-04  8.646150717484E+04 -2.439691190576E+04  4.372630640510E+04 -1.124746907894E+01 -4.882812500000E-04   1   5
 -7.807539578318E-04 -4.403992010037E-05 -2.991573629005E-04  6.756999058993E+03  1.364213427656E+04  1.838085600657E+05 -1.124895653614E+01 -4.882812500000E-04   1   5
 -1.442370225678E-03  7.612417331023E-06 -6.730565674447E-04  1.550341150744E+05 -4.918590574020E+03  8.974748406964E+04 -1.124786025857E+01 -4.882812500000E-04   1   5
 -8.439488846674E-04 -8.933649134736E-06 -4.540950950038E-04  1.204577615279E+05  1.596874238023E+02 -2.288183725968E+03 -1.124714819995E+01 -4.882812500000E-04   1   5
  2.561169970107E-03  3.210906903242E-05  1.128770007709E-03 -2.771945267472E+05 -1.268414548414E+04 -1.841013141561E+05 -1.124577222160E+01 -4.882812500000E-04   1   5
  2.427131306815E-03  2.117977226696E-05  9.813737061892E-04 -2.334709761044E+05 -1.086326079172E+04 -2.298770162201E+05 -1.124543679092E+01 -4.882812500000E-04   1   5
  2.654488335380E-04 -4.691886996496E-05  2.792255818052E-05  8.602443608616E+03  2.075172505186E+04 -9.039527917253E+04 -1.124649259800E+01 -4.882812500000E-04   1   5
  6.666895254201E-04  5.019644615036E-05  2.582845078793E-04 -5.307332596823E+04 -2.012809753595E+04 -8.570186535604E+04 -1.124653783078E+01 -4.882812500000E-04   1   5
  2.933679274512E-04  4.215243653704E-05  1.144604965631E-05  1.860954409756E+04 -1.921072502132E+04 -1.161970944384E+05 -1.124627498847E+01 -4.882812500000E-04   1   5
  8.244668966016E-04 -5.821594588189E-05  2.485222189581E-04 -4.200641894699E+04  2.912024814632E+04 -1.457275231471E+05 -1.124605259930E+01 -4.882812500000E-04   1   5
  2.755100321255E-03 -1.663369565342E-05  1.030622798356E-03 -2.246564683044E+05  1.461691570291E+04 -3.360967711970E+05 -1.124438398472E+01 -4.882812500000E-04   1   5
 -1.640923671915E-03 -4.964819016642E-06 -8.172226355001E-04  1.092052926212E+05 -8.186109385706E+03  2.173472650800E+05 -1.124948972812E+01 -4.882812500000E-04   1   5
  4.193614780789E-05  4.391702090178E-05  4.190032696072E-05 -1.179459847556E+04 -1.275094513602E+04  5.150645524099E+03 -1.124722671760E+01 -4.882812500000E-04   1   5
  3.056007479793E-03 -9.807897315377E-05  1.218950014821E-03 -2.748764870437E+05  4.750781401899E+04 -3.277955890873E+05 -1.124442293125E+01 -4.882812500000E-04   1   5
 -2.296763296364E-03  6.508565923471E-06 -1.274337248311E-03  1.849996242940E+05 -8.078859908366E+03  2.483814118230E+05 -1.125011049393E+01 -4.882812500000E-04   1   5
  1.471812703057E-03  1.012795540955E-04  5.514917748053E-04 -1.195877634379E+05 -4.795628388888E+04 -1.804250865543E+05 -1.124580514150E+01 -4.882812500000E-04   1   5
  1.026756104808E-03 -6.845168401278E-05  3.360936934176E-04 -6.340151353980E+04  2.800501138902E+04 -1.626945305855E+05 -1.124593998384E+01 -4.882812500000E-04   1   5
 -1.022647558900E-03 -6.416548258352E-05 -4.667727168148E-04  1.122293397563E+05  2.582520951764E+04  5.788927142910E+04 -1.124758898839E+01 -4.882812500000E-04   1   5
 -1.977016888700E-03  7.711504969444E-05 -1.001942767438E-03  1.758349447767E+05 -2.124674030703E+04  1.860707377981E+05 -1.124908965126E+01 -4.882812500000E-04   1   5
  1.621166557522E-03  1.377637286932E-04  5.096141098275E-04 -9.133543088450E+04 -5.920549393832E+04 -2.741875309223E+05 -1.124497341936E+01 -4.882812500000E-04   1   5
 -2.567776203785E-03  1.588276397244E-04 -1.393137029777E-03  2.330500917358E+05 -4.176609035288E+04  2.308733575234E+05 -1.124979967069E+01 -4.882812500000E-04   1   5
  2.800615038328E-03  8.266162841422E-05  1.114748638276E-03 -2.580918815825E+05 -4.566155179410E+04 -2.878180505665E+05 -1.124486928740E+01 -4.882812500000E-04   1   5
 -1.320246913369E-03 -5.955015829326E-05 -5.898793672230E-04  1.212665431982E+05  1.490503328499E+04  1.169355466879E+05 -1.124815600791E+01 -4.882812500000E-04   1   5
 -3.458747512379E-04 -6.032917515847E-05 -2.705712270679E-05 -2.843627348955E+04  2.161085982200E+04  1.357170121783E+05 -1.124829642005E+01 -4.882812500000E-04   1   5
  1.974146069974E-03  9.987845256130E-06  7.140259992124E-04 -1.591831439962E+05 -1.819755851578E+04 -2.415027602121E+05 -1.124532813448E+01 -4.882812500000E-04   1   5
  1.888859878269E-03  1.345344484215E-06  8.539838070689E-04 -2.039989388831E+05 -3.630170277161E+03 -1.363939617568E+05 -1.124611196372E+01 -4.882812500000E-04   1   5
 -2.604066733790E-03 -1.052321398194E-04 -1.375103123970E-03  2.461399243009E+05  3.067702801308E+04  2.174452950198E+05 -1.124951913755E+01 -4.882812500000E-04   1   5
  5.280953574622E-04 -1.301509495862E-04  1.750043779809E-04 -3.021925686476E+04  5.209838690377E+04 -8.992542148536E+04 -1.124648656833E+01 -4.882812500000E-04   1   5
  4.104854501378E-04 -2.894160442629E-05  7.796220563572E-06  2.538335844399E+04  1.455925480306E+04 -1.602513130604E+05 -1.124594614618E+01 -4.882812500000E-04   1   5
  3.573691279663E-03 -1.401280290347E-04  1.538682843208E-03 -3.740197036109E+05  5.672237048342E+04 -2.832171854498E+05 -1.124482804495E+01 -4.882812500000E-04   1   5
 -1.875974028157E-03 -8.813103346195E-05 -1.018662951674E-03  1.304655405960E+05  2.606043771906E+04  2.392535061746E+05 -1.124995072151E+01 -4.882812500000E-04   1   5
 -1.178292242741E-04 -6.646650848832E-05 -1.454328972104E-04  5.082551496107E+04  3.101417590510E+04 -6.638399366680E+04 -1.124667180745E+01 -4.882812500000E-04   1   5
  6.046536429809E-04  8.454823492022E-05  1.862802671968E-04 -2.766613922853E+04 -3.849242813298E+04 -1.156214994458E+05 -1.124628037025E+01 -4.882812500000E-04   1   5
 -1.210513060366E-03 -2.325170711695E-05 -4.964212888052E-04  7.643807457436E+04  9.689995004336E+03  1.650638857165E+05 -1.124866323614E+01 -4.882812500000E-04   1   5
 -9.066046824619E-04  1.103407530776E-06 -4.608737931819E-04  1.186544422965E+05  3.125680388297E+02  1.611955519278E+04 -1.124729397548E+01 -4.882812500000E-04   1   5
 -1.947052671006E-03 -1.165655575509E-05 -9.319865664812E-04  2.076144559006E+05  3.186675087804E+03  1.236159171169E+05 -1.124818377091E+01 -4.882812500000E-04   1   5
  7.320356152960E-04 -8.818543994784E-05  2.907207224612E-04 -6.047695366428E+04  3.861801270171E+04 -8.974249742232E+04 -1.124649498728E+01 -4.882812500000E-04   1   5
  3.982959084705E-03  5.395022157226E-05  1.744314326474E-03 -4.315135219012E+05 -2.438651173305E+04 -2.885129830775E+05 -1.124477685587E+01 -4.882812500000E-04   1   5
  2.688389580659E-04  4.403365727784E-05  2.119107246241E-04 -5.791248090818E+04 -1.589403656421E+04  2.852092185479E+04 -1.124737123622E+01 -4.882812500000E-04   1   5
  8.188414145948E-04  1.260610293260E-04  3.181218361452E-04 -6.507533180330E+04 -5.142142983163E+04 -1.045870858395E+05 -1.124636876687E+01 -4.882812500000E-04   1   5
 -2.001605660344E-03  2.232090449980E-05 -1.003947659159E-03  1.839358399276E+05 -5.046146233470E+03  1.782698276487E+05 -1.124895955334E+01 -4.882812500000E-04   1   5
  2.931762352687E-03 -1.090484105485E-04  1.206962623119E-03 -2.897153857505E+05  5.073747860095E+04 -2.638149526595E+05 -1.124509890657E+01 -4.882812500000E-04   1   5
 -1.406123849089E-03 -3.689674987267E-05 -6.358714880810E-04  9.413750390672E+04  2.110480959183E+04  1.854645716187E+05 -1.124895606225E+01 -4.882812500000E-04   1   5
  3.718834660429E-03  2.052801466400E-05  1.582656829038E-03 -3.754943665038E+05 -1.043280136913E+04 -3.213852837235E+05 -1.124442548244E+01 -4.882812500000E-04   1   5
  1.828911210575E-03 -2.238816350452E-05  6.691174377240E-04 -1.537495676912E+05  4.129296274009E+02 -2.094910154689E+05 -1.124560751175E+01 -4.882812500000E-04   1   5
 -1.866204695550E-03  1.837963529608E-04 -9.688127070475E-04  1.496940888775E+05 -4.876129154255E+04  2.036898374470E+05 -1.124938559668E+01 -4.882812500000E-04   1   5
  2.219879249816E-03  3.453568161064E-06  9.817284351405E-04 -2.369891855271E+05 -4.629697666703E+03 -1.656391245872E+05 -1.124590235500E+01 -4.882812500000E-04   1   5
  2.275226794120E-03  1.023258800755E-04  8.409768793707E-04 -1.857150757651E+05 -5.266245020771E+04 -2.766341447965E+05 -1.124498287442E+01 -4.882812500000E-04   1   5
  1.290322592817E-03  1.854919434627E-05  6.404590853553E-04 -1.625012884071E+05 -7.371392959050E+03 -4.997707748323E+04 -1.124681922136E+01 -4.882812500000E-04   1   5
  2.203708392900E-03 -3.509283429951E-05  8.493578116675E-04 -1.941438410848E+05  2.570902977780E+04 -2.423009785559E+05 -1.124531954189E+01 -4.882812500000E-04   1   5
  2.168269560826E-03  7.259205117768E-05  8.175142632980E-04 -1.842263685487E+05 -3.920096749310E+04 -2.499600980610E+05 -1.124523754284E+01 -4.882812500000E-04   1   5
 -8.823853564703E-04  4.396751476730E-05 -3.817005133357E-04  8.544145437483E+04 -2.035501632396E+04  7.091721784119E+04 -1.124770421202E+01 -4.882812500000E-04   1   5
  1.961482164329E-03 -1.077289646827E-04  6.680395695227E-04 -1.307810631764E+05  5.148454188496E+04 -2.938683326819E+05 -1.124478655959E+01 -4.882812500000E-04   1   5
 -7.387840539145E-04 -2.545828533080E-05 -2.329416103186E-04  2.156510393329E+04  9.772344051386E+03  1.446343101587E+05 -1.124839788900E+01 -4.882812500000E-04   1   5
 -1.323052361423E-03 -1.119609235998E-04 -5.860554076333E-04  1.092540646525E+05  3.730637598381E+04  1.401378067435E+05 -1.124838239834E+01 -4.882812500000E-04   1   5
  5.409486374318E-04 -1.298782527726E-04  2.890522971213E-04 -7.298839502794E+04  4.732002814248E+04 -1.486015022621E+04 -1.124705901941E+01 -4.882812500000E-04   1   5
  2.941959851730E-03 -1.249590787556E-05  1.201134217226E-03 -2.795939919228E+05  2.962140395293E+03 -2.889158255007E+05 -1.124485970895E+01 -4.882812500000E-04   1   5
  1.834500498691E-03 -3.517866511168E-05  8.999614155425E-04 -2.265180470170E+05  1.035578347957E+04 -7.777940562558E+04 -1.124657457746E+01 -4.882812500000E-04   1   5
 -2.376989595937E-03 -2.288467709418E-04 -1.302692150135E-03  2.127960418694E+05  5.478180596335E+04  2.185656075752E+05 -1.124972246924E+01 -4.882812500000E-04   1   5
 -2.363729281602E-04 -4.578755421403E-06 -1.504632833182E-04  4.114713084632E+04 -2.523065977573E+03 -1.378106588981E+04 -1.124706122145E+01 -4.882812500000E-04   1   5
 -3.156711233069E-04  5.521660078149E-05 -1.682292547289E-04  4.512025999946E+04 -2.276747109725E+04 -4.842318604983E+03 -1.124715386263E+01 -4.882812500000E-04   1   5
  1.268578394309E-03 -8.681136802329E-06  5.420048588369E-04 -1.272191382207E+05  1.417153293750E+03 -1.082241030417E+05 -1.124636124882E+01 -4.882812500000E-04   1   5
  1.389626103642E-03 -1.474527566587E-05  4.301537931437E-04 -8.580727645173E+04  1.204923365366E+04 -2.176141998632E+05 -1.124553690794E+01 -4.882812500000E-04   1   5
  1.654802335473E-03 -3.401318761200E-05  5.582829570125E-04 -8.295930692455E+04  1.206540400731E+04 -3.019788528018E+05 -1.124455879706E+01 -4.882812500000E-04   1   5
 -2.584083029590E-03  1.908794003897E-04 -1.443000201024E-03  2.402862901291E+05 -4.421853332234E+04  2.206549985458E+05 -1.124984432565E+01 -4.882812500000E-04   1   5
 -1.263301074763E-03  2.924725293188E-04 -7.003798796150E-04  5.063544546958E+04 -6.969587925845E+04  2.295523039605E+05 -1.124985946214E+01 -4.882812500000E-04   1   5
 -1.985265202957E-03 -1.276193892239E-04 -1.008080063366E-03  1.682557368777E+05  3.865864718347E+04  2.010511033899E+05 -1.124926438735E+01 -4.882812500000E-04   1   5
 -1.823571006966E-03 -6.454036732524E-05 -8.646658962062E-04  1.840356234325E+05  1.934529151277E+04  1.343357834418E+05 -1.124831084647E+01 -4.882812500000E-04   1   5
 -2.336491914900E-03  8.325384802435E-05 -1.185742162834E-03  2.212701463765E+05 -2.837284898026E+04  1.958945879348E+05 -1.124913456492E+01 -4.882812500000E-04   1   5
  1.935396038275E-03 -1.009902750843E-04  6.965134624659E-04 -1.418730873945E+05  4.225570297110E+04 -2.657442655639E+05 -1.124502516902E+01 -4.882812500000E-04   1   5
  1.115945171333E-03  3.006484815636E-05  4.747678853081E-04 -1.103330177340E+05 -9.301463859413E+03 -9.872052321011E+04 -1.124643651128E+01 -4.882812500000E-04   1   5
 -1.331145523494E-03 -6.209719638873E-05 -6.208460714097E-04  1.469736117593E+05  2.468191472976E+04  7.526708124608E+04 -1.124772740781E+01 -4.882812500000E-04   1   5
 -8.463602341632E-04 -9.795076349183E-05 -3.145637498161E-04  5.703792656730E+04  3.841136205345E+04  1.104785229088E+05 -1.124803872896E+01 -4.882812500000E-04   1   5
 -1.353208144695E-03  4.589435416569E-05 -6.086965210648E-04  1.226512228608E+05 -2.212092511149E+04  1.261418541782E+05 -1.124821090341E+01 -4.882812500000E-04   1   5
 -6.300272924087E-04 -9.619276855752E-05 -2.808274555348E-04  6.926289009709E+04  3.862490005806E+04  3.448912219130E+04 -1.124740079593E+01 -4.882812500000E-04   1   5
  3.620471649638E-04  3.485476296983E-05  6.294082256564E-05  1.982474692893E+03 -1.378605266980E+04 -1.038803801428E+05 -1.124638280289E+01 -4.882812500000E-04   1   5
 -2.581963403959E-03  9.422782763044E-05 -1.321667550979E-03  2.576808204563E+05 -2.831414529212E+04  1.923655937114E+05 -1.124909479023E+01 -4.882812500000E-04   1   5
 -1.146394235154E-03 -8.597243373524E-05 -5.359130211333E-04  1.286497794090E+05  2.592829379844E+04  5.953592370352E+04 -1.124762029181E+01 -4.882812500000E-04   1   5
 -1.571000229309E-04 -2.328969949124E-05 -2.588890267852E-05  6.623922130985E+03  1.789480436724E+04  2.181391911467E+04 -1.124732060399E+01 -4.882812500000E-04   1   5
  2.845550635951E-03 -6.041885937219E-06  1.095161773971E-03 -2.412343314838E+05  1.434309355283E+04 -3.329796074808E+05 -1.124441697536E+01 -4.882812500000E-04   1   5
 -1.130465423973E-03  7.271818790625E-05 -4.972353040760E-04  6.644428209841E+04 -2.266548227561E+04  1.663128792057E+05 -1.124876697876E+01 -4.882812500000E-04   1   5
 -1.659733482000E-05 -1.772513946390E-05 -1.537365689857E-04  6.443162199428E+04  5.825757154456E+03 -1.196827336490E+05 -1.124625007774E+01 -4.882812500000E-04   1   5
  1.604351531138E-03  2.317747211131E-05  5.094737368867E-04 -1.073093973526E+05 -1.095689550475E+04 -2.345470538310E+05 -1.124540701231E+01 -4.882812500000E-04   1   5
 -8.653366915692E-04 -1.042089717553E-04 -3.269163379336E-04  4.292643395358E+04  3.479268585512E+04  1.412037372210E+05 -1.124839266321E+01 -4.882812500000E-04   1   5
  1.564374440686E-03 -4.485738384225E-05  5.647143902272E-04 -1.241883945290E+05  1.920116788591E+04 -1.960092364688E+05 -1.124571741718E+01 -4.882812500000E-04   1   5
  2.452614023285E-03 -2.792645841269E-05  9.807814199110E-04 -2.311164256122E+05  1.416648308934E+04 -2.405939744597E+05 -1.124532862808E+01 -4.882812500000E-04   1   5
  2.510597888733E-03 -1.723545956042E-05  8.801732230368E-04 -1.767307100410E+05  6.345395967446E+03 -3.642205753182E+05 -1.124416614303E+01 -4.882812500000E-04   1   5
 -2.546808203926E-03  1.115859508555E-04 -1.332561085680E-03  2.471665239039E+05 -3.026560737327E+04  2.016013764978E+05 -1.124930700988E+01 -4.882812500000E-04   1   5
 -2.485965380933E-03 -4.060419887268E-05 -1.274133069587E-03  2.408513029668E+05  1.502409921202E+04  1.990640198163E+05 -1.124917969335E+01 -4.882812500000E-04   1   5
  9.376227300035E-04  4.909235943141E-05  4.559985112285E-04 -1.112708900203E+05 -2.085589492126E+04 -5.180172307327E+04 -1.124680291347E+01 -4.882812500000E-04   1   5
  3.872277724628E-03 -1.786033271953E-06  1.661155514413E-03 -4.010836193333E+05  9.059608448707E+02 -3.167948320203E+05 -1.124450389321E+01 -4.882812500000E-04   1   5
 -1.212299445218E-04  5.131400870087E-05  4.209528793986E-06 -7.513915476106E+03 -1.773072351501E+04  4.004708419985E+04 -1.124747342951E+01 -4.882812500000E-04   1   5
  1.054929185563E-03  9.560680645086E-05  2.195981158379E-04 -9.826442790172E+03 -3.817830844891E+04 -2.718264670727E+05 -1.124497965451E+01 -4.882812500000E-04   1   5
  5.991328643171E-04  4.035675111584E-05  2.780992069200E-04 -6.671036864267E+04 -1.532068399288E+04 -4.276415093676E+04 -1.124688514293E+01 -4.882812500000E-04   1   5
  2.130416855435E-03  1.154054679886E-04  7.630443733513E-04 -1.595403082428E+05 -5.671490432773E+04 -2.868650762352E+05 -1.124486490417E+01 -4.882812500000E-04   1   5
  2.560243967716E-04  3.395932372457E-05  1.828402433104E-04 -4.687625897639E+04 -1.693431991204E+04  1.094976726884E+04 -1.124724612152E+01 -4.882812500000E-04   1   5
  1.697405397190E-03 -4.306967319211E-05  7.619642505012E-04 -1.811954761991E+05  1.804415254952E+04 -1.259837941498E+05 -1.124619693414E+01 -4.882812500000E-04   1   5
  3.812877809263E-03  6.033378406664E-05  1.647097628589E-03 -3.952364859056E+05 -2.544173560179E+04 -3.095506151563E+05 -1.124451895522E+01 -4.882812500000E-04   1   5
 -4.922121993024E-05 -5.970014705521E-05 -1.101084551436E-04  4.015171544079E+04  2.586557309858E+04 -6.525417215118E+04 -1.124669873892E+01 -4.882812500000E-04   1   5
  1.376649666922E-04 -3.663673703583E-05 -5.939192029158E-05  3.416552123471E+04  1.625179903408E+04 -1.022791486101E+05 -1.124638723411E+01 -4.882812500000E-04   1   5
 -1.091008347560E-03  1.308469116609E-04 -5.369106879898E-04  3.547049440848E+04 -3.610143007188E+04  2.124101441998E+05 -1.124947301046E+01 -4.882812500000E-04   1   5
  1.886156279646E-03  6.297225306851E-05  6.993210942197E-04 -1.574526747449E+05 -3.889219725042E+04 -2.225231482567E+05 -1.124549748918E+01 -4.882812500000E-04   1   5
  3.407664047632E-03 -5.170329580048E-05  1.403084681525E-03 -3.284074120495E+05  2.986204692348E+04 -3.246630729899E+05 -1.124446282493E+01 -4.882812500000E-04   1   5
 -1.629514832958E-03  7.826217368411E-05 -7.609372818962E-04  1.719092067533E+05 -3.105940236121E+04  1.068086291311E+05 -1.124800568862E+01 -4.882812500000E-04   1   5
 -6.774258273491E-04 -5.450055025146E-05 -2.230246330448E-04  1.513034303570E+04  1.888564354815E+04  1.428762754922E+05 -1.124841836667E+01 -4.882812500000E-04   1   5
  2.931612656622E-06 -3.747534419218E-05 -1.962637897623E-05  9.390739337548E+03  2.640447427800E+04 -2.141846725163E+04 -1.124700751975E+01 -4.882812500000E-04   1   5
  2.805226436867E-03  1.453987316389E-04  1.131553511911E-03 -2.625395910582E+05 -6.481882697746E+04 -2.801759279664E+05 -1.124490451258E+01 -4.882812500000E-04   1   5
  1.593335886146E-03  5.273563733494E-05  7.583630755805E-04 -1.853706676922E+05 -2.364385871055E+04 -9.020493827368E+04 -1.124647808829E+01 -4.882812500000E-04   1   5
 -1.334160632563E-04  4.937011230622E-05 -7.574099659169E-05  2.132676786286E+04 -2.125053353377E+04 -9.218374997899E+03 -1.124712464028E+01 -4.882812500000E-04   1   5
 -1.697158015954E-03 -4.289473709862E-05 -7.928620462476E-04  1.593992737901E+05  2.094676153835E+04  1.475769609826E+05 -1.124843641043E+01 -4.882812500000E-04   1   5
 -1.809385252917E-03 -4.592677240985E-05 -8.873468748263E-04  1.583627944440E+05  1.618558478821E+04  1.744390270608E+05 -1.124889873137E+01 -4.882812500000E-04   1   5
 -6.390264259534E-04  8.461936670186E-05 -2.414794269070E-04  4.714085466774E+04 -2.621217418095E+04  7.549472292006E+04 -1.124776315636E+01 -4.882812500000E-04   1   5
 -1.791191440454E-04 -9.727109220686E-05 -8.566552686995E-05  2.435955724819E+04  3.920393136906E+04 -2.714072713196E+03 -1.124714634226E+01 -4.882812500000E-04   1   5
  4.788243480281E-04 -2.060150227334E-05  3.404552572210E-04 -9.187581244227E+04  1.030364234857E+04  3.549022310159E+04 -1.124740509930E+01 -4.882812500000E-04   1   5
 -2.439108083373E-03  1.104457977768E-04 -1.278411002066E-03  2.307002783749E+05 -3.160731211228E+04  2.036789524521E+05 -1.124935351292E+01 -4.882812500000E-04   1   5
 -2.438180408098E-03 -8.992445218566E-05 -1.368909354216E-03  2.047751410583E+05  2.285821780618E+04  2.482907396469E+05 -1.125016203435E+01 -4.882812500000E-04   1   5
  1.019092736654E-03 -1.788567746328E-04  4.600464795228E-04 -1.087671638798E+05  6.251299431447E+04 -7.755407378102E+04 -1.124658600620E+01 -4.882812500000E-04   1   5
 -9.094016632397E-04 -1.002525313762E-04 -3.701624556194E-04  7.818086743360E+04  3.682375163452E+04  8.906068019789E+04 -1.124785293378E+01 -4.882812500000E-04   1   5
 -4.159226677945E-04  2.275841539656E-05 -2.352734394557E-04  6.310378538316E+04 -1.215646701151E+04 -7.572578612715E+03 -1.124710388064E+01 -4.882812500000E-04   1   5
  1.511886414671E-03 -1.188847751103E-04  5.810767040992E-04 -1.286925667617E+05  5.113268576871E+04 -1.736707052294E+05 -1.124585220427E+01 -4.882812500000E-04   1   5
 -9.264024820566E-04  4.430615519127E-05 -3.536468232537E-04  3.878954152840E+04 -2.253483259095E+04  1.631114438034E+05 -1.124864110038E+01 -4.882812500000E-04   1   5
 -3.664226859007E-04 -1.739312926226E-05 -8.800790279628E-05  1.498995479890E+04  1.067901551657E+04  6.055269610097E+04 -1.124761693094E+01 -4.882812500000E-04   1   5
 -3.743035926650E-04 -3.879165667232E-05 -4.107238345363E-05 -2.207913726432E+04  1.328029125432E+04  1.310208290504E+05 -1.124824712920E+01 -4.882812500000E-04   1   5
  3.852655342519E-03 -1.088956507268E-04  1.661952315725E-03 -4.039934017679E+05  4.637267603722E+04 -3.053259003786E+05 -1.124460781931E+01 -4.882812500000E-04   1   5
  2.514380335825E-03  1.216924259780E-04  9.456975697684E-04 -1.978189525973E+05 -5.502805787051E+04 -3.218504824984E+05 -1.124446275666E+01 -4.882812500000E-04   1   5
  1.911340435765E-03  1.445859141905E-04  6.571627872234E-04 -1.304151268956E+05 -6.440506283783E+04 -2.811175122524E+05 -1.124490437230E+01 -4.882812500000E-04   1   5
 -1.469493292933E-03  1.517129604899E-04 -6.972419595845E-04  1.080027919800E+05 -4.531509942194E+04  1.783531255335E+05 -1.124892916757E+01 -4.882812500000E-04   1   5
 -1.019698782837E-03  1.246700287190E-04 -4.219659633613E-04  5.074593093887E+04 -3.930678269399E+04  1.658253418595E+05 -1.124871540899E+01 -4.882812500000E-04   1   5
 -1.723853520164E-03 -7.578899469088E-05 -8.176871152545E-04  1.595062302400E+05  2.569554587152E+04  1.523925431533E+05 -1.124854986677E+01 -4.882812500000E-04   1   5
 -2.455275494571E-03  6.971949154142E-05 -1.235888987302E-03  2.525410493841E+05 -1.901778306630E+04  1.702043103432E+05 -1.124879565637E+01 -4.882812500000E-04   1   5
  3.044509557621E-03  9.287413450387E-05  1.210797352446E-03 -2.724988190227E+05 -4.616695850400E+04 -3.287448782023E+05 -1.124441242981E+01 -4.882812500000E-04   1   5
 -1.921101314576E-04 -1.705052187930E-05 -1.966760871119E-05 -3.054277909802E+03  4.772043953801E+03  4.993730832860E+04 -1.124755109165E+01 -4.882812500000E-04   1   5
 -1.337993779615E-03  1.218379020631E-04 -5.845448876567E-04  1.093456733665E+05 -4.392279345889E+04  1.434224709264E+05 -1.124839017546E+01 -4.882812500000E-04   1   5
 -8.418707704172E-04  5.596412800264E-05 -4.735435560113E-04  1.283096242562E+05 -1.943104337482E+04 -1.774137989675E+04 -1.124703919241E+01 -4.882812500000E-04   1   5
 -1.154842728069E-03  2.277061662068E-04 -6.459580685969E-04  3.133929650345E+04 -5.428509522472E+04  2.369403798465E+05 -1.124996523751E+01 -4.882812500000E-04   1   5
 -1.716439654098E-03  7.167067577452E-05 -8.043894012841E-04  1.639150747019E+05 -2.548947545147E+04  1.420850847273E+05 -1.124841154490E+01 -4.882812500000E-04   1   5
 -1.477171517525E-03 -7.304949080664E-05 -7.041294159322E-04  9.404082754277E+04  2.537774842679E+04  2.032707330475E+05 -1.124925437823E+01 -4.882812500000E-04   1   5
 -1.598185586667E-03 -1.251330367347E-04 -7.526844677934E-04  1.370723617092E+05  3.888597036779E+04  1.599679716098E+05 -1.124865713373E+01 -4.882812500000E-04   1   5
 -2.530798004050E-03  6.873090681616E-06 -1.313452573605E-03  2.429902172328E+05 -5.322848379134E+03  2.067470764912E+05 -1.124930832683E+01 -4.882812500000E-04   1   5
 -5.728189849751E-04  6.286650520983E-05 -1.969513005531E-04  3.615709146524E+04 -2.686298767604E+04  7.849610066476E+04 -1.124776693816E+01 -4.882812500000E-04   1   5
  1.262918870269E-03  7.780068618114E-05  5.494180565360E-04 -1.244219616998E+05 -3.728480522017E+04 -1.150976180456E+05 -1.124628278223E+01 -4.882812500000E-04   1   5
  1.561184811808E-03 -3.528904036795E-05  4.533496800314E-04 -5.960221811937E+04  1.541204129246E+04 -3.178405978474E+05 -1.124449450299E+01 -4.882812500000E-04   1   5
  1.193155915332E-03 -1.189276700043E-04  6.129522003173E-04 -1.564850339739E+05  4.140980141344E+04 -3.486766151167E+04 -1.124691125075E+01 -4.882812500000E-04   1   5
 -2.995690466680E-03  1.017640429243E-04 -1.622092783276E-03  2.960154099279E+05 -2.587822614561E+04  2.255664857308E+05 -1.124971259992E+01 -4.882812500000E-04   1   5
 -1.239400635974E-03 -9.448123773073E-05 -5.517870773937E-04  1.220480547716E+05  3.387326267651E+04  9.590109342166E+04 -1.124791425760E+01 -4.882812500000E-04   1   5
  4.705810124057E-05  7.590345859847E-05  1.128938548129E-04 -3.805861766456E+04 -2.446257145660E+04  5.147988312469E+04 -1.124755436104E+01 -4.882812500000E-04   1   5
 -4.149516207135E-04 -9.228590271464E-05 -2.161263656892E-04  5.698877214930E+04  3.186797808495E+04 -3.875298408195E+02 -1.124718152510E+01 -4.882812500000E-04   1   5
  1.941095127662E-03  1.190293484648E-04  6.934178535185E-04 -1.434996119938E+05 -5.107996426359E+04 -2.640817126091E+05 -1.124506108671E+01 -4.882812500000E-04   1   5
 -2.218076467896E-03  7.518982524713E-05 -1.155421451428E-03  2.034555685109E+05 -2.205484399406E+04  1.967119614172E+05 -1.124928201357E+01 -4.882812500000E-04   1   5
 -1.558514619211E-03  9.482100316880E-05 -8.445126773478E-04  1.057567140582E+05 -2.060683942409E+04  2.049862350885E+05 -1.124955786966E+01 -4.882812500000E-04   1   5
 -9.651065872262E-04  7.016178876045E-05 -3.933182264051E-04  5.299363313781E+04 -1.869665497935E+04  1.491756208932E+05 -1.124851762935E+01 -4.882812500000E-04   1   5
 -2.101976594122E-03  3.964904533458E-05 -1.150294584766E-03  1.632819455919E+05 -1.668761064302E+04  2.397265293432E+05 -1.124994261844E+01 -4.882812500000E-04   1   5
  5.108693914130E-04 -2.015284213766E-05  3.809471964811E-05  1.751557117880E+04  9.066527474367E+03 -1.717125942721E+05 -1.124586542845E+01 -4.882812500000E-04   1   5
 -2.278309600430E-03 -3.915182835159E-05 -1.269208348168E-03  1.721218509113E+05  6.865018128095E+03  2.670922294758E+05 -1.125032245881E+01 -4.882812500000E-04   1   5
  1.389983741358E-03  6.530258944215E-05  4.462438142205E-04 -8.998963225836E+04 -3.462472312975E+04 -2.113726207865E+05 -1.124558341089E+01 -4.882812500000E-04   1   5
 -1.909719949774E-04  8.758255037203E-05 -1.519707724884E-04  4.662620530859E+04 -3.542155461894E+04 -4.045497932577E+04 -1.124689311800E+01 -4.882812500000E-04   1   5
 -2.310303283070E-04 -5.422312713488E-05 -1.923826382721E-04  5.868360048321E+04  2.147787748037E+04 -5.048138256644E+04 -1.124681325080E+01 -4.882812500000E-04   1   5
 -4.287142455632E-04 -3.418259753126E-06 -1.574434833245E-04  3.613925386521E+04  1.468510290812E+04  4.108923183179E+04 -1.124746135981E+01 -4.882812500000E-04   1   5
 -1.389657167781E-04 -4.988434441795E-06  8.386371326097E-05 -4.702936214861E+04  1.644431371220E+03  1.152020228905E+05 -1.124808017480E+01 -4.882812500000E-04   1   5
 -4.086819884009E-04  9.500217436812E-05 -8.530431446641E-05  2.054091117109E+03 -3.218490576444E+04  9.675782848508E+04 -1.124792177878E+01 -4.882812500000E-04   1   5
  3.340301928773E-05  4.824079303071E-06 -7.532969422508E-05  3.221159714530E+04 -2.563005134609E+03 -7.255875853590E+04 -1.124664615781E+01 -4.882812500000E-04   1   5
  3.704413617122E-03  5.522702231539E-05  1.581965451909E-03 -3.756676057916E+05 -2.273714273615E+04 -3.169373126198E+05 -1.124446138234E+01 -4.882812500000E-04   1   5
 -1.687367731975E-03 -2.842418340966E-05 -8.137551960656E-04  1.434458081613E+05  1.220088836145E+04  1.703302168735E+05 -1.124883267625E+01 -4.882812500000E-04   1   5
 -7.320025729053E-04 -7.199527664254E-05 -3.534673408301E-04  8.984255697067E+04  2.703652347405E+04  2.400253940026E+04 -1.124733026876E+01 -4.882812500000E-04   1   5
 -9.599147940629E-05  6.302143520858E-05 -1.595599461692E-04  5.800242208966E+04 -2.712690116887E+04 -8.496613783574E+04 -1.124652467844E+01 -4.882812500000E-04   1   5
  1.123343161208E-03 -9.166435074502E-05  5.233507295233E-04 -1.270841982435E+05  3.510618080934E+04 -7.120797506928E+04 -1.124664919995E+01 -4.882812500000E-04   1   5
 -1.035023654226E-03  1.346448302814E-04 -4.263830150337E-04  8.373224592732E+04 -4.846724484267E+04  1.120817696439E+05 -1.124805887544E+01 -4.882812500000E-04   1   5
 -3.619000506588E-03 -3.552131952168E-05 -2.009840287786E-03  3.802360148733E+05  8.357574415141E+03  2.274333864862E+05 -1.124990711156E+01 -4.882812500000E-04   1   5
 -1.703870647198E-03  7.047622521833E-05 -9.079228490665E-04  1.084666738486E+05 -2.389938400990E+04  2.358249628979E+05 -1.124985466112E+01 -4.882812500000E-04   1   5
  1.199762309912E-03  9.804215265265E-05  5.996243713384E-04 -1.494339106398E+05 -3.906636722986E+04 -5.055404382897E+04 -1.124678915999E+01 -4.882812500000E-04   1   5
 -1.399987888888E-04  6.030343463019E-05 -8.659722718152E-05  2.541630080003E+04 -1.481501122180E+04 -1.589824804778E+04 -1.124708393285E+01 -4.882812500000E-04   1   5
 -2.037212020195E-03 -8.384903658244E-05 -1.146624075240E-03  1.473811805294E+05  2.166015727922E+04  2.505579819875E+05 -1.125018566491E+01 -4.882812500000E-04   1   5
 -1.897501616546E-03  1.053707447930E-05 -9.083206123484E-04  1.930234916524E+05 -4.139580484393E+03  1.379616645833E+05 -1.124834714608E+01 -4.882812500000E-04   1   5
  1.280105755517E-03 -1.209645897015E-04  6.120208382820E-04 -1.499753476683E+05  4.623821224085E+04 -7.097929362168E+04 -1.124663242724E+01 -4.882812500000E-04   1   5
 -1.006583644580E-03  7.295533672439E-05 -4.465629300707E-04  3.870932212065E+04 -2.250834082064E+04  1.842383343105E+05 -1.124903241988E+01 -4.882812500000E-04   1   5
 -1.967277064296E-03  8.162169073231E-05 -9.377455691244E-04  1.990733781531E+05 -3.032801859688E+04  1.439121855724E+05 -1.124839210620E+01 -4.882812500000E-04   1   5
 -2.615967668849E-03 -5.696832554965E-05 -1.410143589823E-03  2.539016518790E+05  1.344068561846E+04  2.051292599661E+05 -1.124950611384E+01 -4.882812500000E-04   1   5
 -9.670821187449E-04  8.237993719302E-05 -5.108678052599E-04  7.589277547345E+03 -2.087439866792E+04  2.314242554580E+05 -1.124982161821E+01 -4.882812500000E-04   1   5
 -2.136095091770E-03  3.562584613125E-05 -1.035143238823E-03  2.124272009530E+05 -7.911477395325E+03  1.583880357737E+05 -1.124863806141E+01 -4.882812500000E-04   1   5
 -7.640007854043E-04 -3.760016661804E-05 -4.558971691413E-04 -1.530147115114E+04  8.583281578455E+03  2.229689088020E+05 -1.124988764392E+01 -4.882812500000E-04   1   5
 -1.216291977687E-03  1.113204513544E-04 -5.803714727113E-04  5.903537678001E+04 -3.189893599957E+04  2.008347816176E+05 -1.124927838620E+01 -4.882812500000E-04   1   5
 -1.098930611225E-03 -1.399339337050E-04 -5.586339612824E-04  3.293572346160E+04  3.529805638459E+04  2.188218914552E+05 -1.124960434147E+01 -4.882812500000E-04   1   5
  3.140991666930E-03 -1.104963495948E-04  1.295376522824E-03 -3.083886086365E+05  5.337085401487E+04 -2.869896980206E+05 -1.124485402148E+01 -4.882812500000E-04   1   5
  1.970927670272E-03  3.075116879464E-05  6.524544730939E-04 -1.285171571806E+05 -1.495768557645E+04 -2.980402666897E+05 -1.124476823419E+01 -4.882812500000E-04   1   5
 -3.452418552714E-05 -3.746416400367E-05  8.645908392113E-06 -3.475928574372E+03  1.643387031221E+04  9.983775923476E+03 -1.124725699592E+01 -4.882812500000E-04   1   5
 -8.302712602408E-04 -2.296024338720E-05 -2.965942265500E-04  3.206712322799E+04  1.253173663805E+04  1.497970910592E+05 -1.124849062347E+01 -4.882812500000E-04   1   5
 -3.859331492312E-04 -9.116593578096E-05 -9.128927175417E-05  9.003662014664E+03  3.277297029541E+04  7.886312555470E+04 -1.124776474146E+01 -4.882812500000E-04   1   5
  2.372561778261E-04  8.150906823072E-05 -1.634783539894E-05  2.504881922799E+04 -3.395937668700E+04 -1.130885392332E+05 -1.124630128170E+01 -4.882812500000E-04   1   5
 -2.518501880309E-03 -3.081051093966E-05 -1.407746195464E-03  2.141564082763E+05  8.412749752005E+03  2.529305301908E+05 -1.125017477310E+01 -4.882812500000E-04   1   5
 -6.511447976847E-04 -3.265733227082E-05 -2.028353434524E-04  1.336770901245E+04  1.159458192989E+04  1.386314835876E+05 -1.124836204636E+01 -4.882812500000E-04   1   5
  4.345445145247E-04  6.297627615762E-07  3.097774700462E-04 -8.890877838796E+04 -7.063297849921E+02  4.380600876141E+04 -1.124749491242E+01 -4.882812500000E-04   1   5
 -2.243848367544E-03  1.256441832398E-04 -1.242586631744E-03  1.866628902119E+05 -3.422873998941E+04  2.320620576518E+05 -1.124992238947E+01 -4.882812500000E-04   1   5
 -1.613960997776E-03 -4.483494773231E-05 -7.578292308137E-04  1.703798467546E+05  1.512939738814E+04  1.073008891415E+05 -1.124800676848E+01 -4.882812500000E-04   1   5
  1.648235434471E-03  7.769210811885E-05  7.224549425213E-04 -1.681462501105E+05 -3.559006524553E+04 -1.384827242817E+05 -1.124610159083E+01 -4.882812500000E-04   1   5
  3.703625552716E-03 -9.780061572919E-05  1.547550506626E-03 -3.645978269052E+05  3.310900183984E+04 -3.368012262369E+05 -1.124428025878E+01 -4.882812500000E-04   1   5
 -5.623450209271E-04  8.394476024683E-05 -2.488337883750E-04  6.125321218338E+04 -3.315525874767E+04  3.132068384931E+04 -1.124738425272E+01 -4.882812500000E-04   1   5
 -1.606399805738E-05 -1.035171034156E-05  3.697958886018E-05 -4.782318426872E+03  1.639845724428E+04  3.697199374370E+03 -1.124718086144E+01 -4.882812500000E-04   1   5
  1.136978652407E-04 -7.797389735742E-05  7.135806903458E-05 -1.580895594944E+04  3.768517061242E+04 -6.248353338666E+03 -1.124711258301E+01 -4.882812500000E-04   1   5
  2.054680497751E-03 -4.108253226396E-05  7.829433352002E-04 -1.784941244469E+05  3.016042426364E+04 -2.303946977616E+05 -1.124543151045E+01 -4.882812500000E-04   1   5
  2.569062167751E-03 -1.665058901582E-04  1.012497829432E-03 -2.269405578775E+05  7.023105776102E+04 -2.820989551208E+05 -1.124486536614E+01 -4.882812500000E-04   1   5
 -2.229547103159E-03 -1.703406944872E-04 -1.210105710136E-03  1.863518230011E+05  4.436052614427E+04  2.294445451689E+05 -1.124980199394E+01 -4.882812500000E-04   1   5
 -9.924258797008E-04  1.055489779250E-04 -4.031559870166E-04  7.881853007616E+04 -3.533607441707E+04  1.090732396521E+05 -1.124804539568E+01 -4.882812500000E-04   1   5
 -8.735861255359E-04  3.493649579499E-05 -4.748702499711E-04  1.264479498469E+05 -1.392177264693E+04 -6.899567056999E+03 -1.124712964606E+01 -4.882812500000E-04   1   5
 -5.082547220679E-04 -1.157950302948E-04 -2.756789175868E-04  7.419650270019E+04  3.877126474303E+04 -8.126615754172E+03 -1.124712664395E+01 -4.882812500000E-04   1   5
 -1.159935437153E-03  6.671590343088E-05 -5.790755709838E-04  5.136958864307E+04 -1.811516495752E+04  2.009931569344E+05 -1.124937196621E+01 -4.882812500000E-04   1   5
 -6.289367767718E-04  5.936164186657E-05 -2.111956793842E-04  3.165939022671E+04 -1.931578919730E+04  1.006434908219E+05 -1.124797943089E+01 -4.882812500000E-04   1   5
  8.384878762375E-04  7.028888710130E-05  1.861209611915E-04 -2.120858300854E+04 -3.348869839432E+04 -1.889349459261E+05 -1.124574514003E+01 -4.882812500000E-04   1   5
  2.822896563008E-03  1.783480584092E-05  1.171632073699E-03 -2.799866103417E+05 -9.612822082136E+03 -2.517130772976E+05 -1.124520013375E+01 -4.882812500000E-04   1   5
 -1.085072769078E-03 -1.029440012424E-04 -4.552001781095E-04  5.890126210961E+04  3.568459953104E+04  1.679830863302E+05 -1.124873025715E+01 -4.882812500000E-04   1   5
  2.615619865159E-05  1.387427039377E-04  1.883598750441E-05 -3.754096713106E+03 -4.767357239515E+04 -5.866678098559E+03 -1.124713776744E+01 -4.882812500000E-04   1   5
 -8.820366592151E-05 -9.155519233619E-05  3.645032281430E-05 -1.260176477987E+04  3.685258090973E+04  3.910988120699E+04 -1.124743388247E+01 -4.882812500000E-04   1   5
 -7.792907215526E-04  6.472891771331E-05 -2.874913548803E-04  4.660390931260E+04 -2.447594551872E+04  1.132452364136E+05 -1.124808970479E+01 -4.882812500000E-04   1   5
  1.708086001196E-04 -5.119619071187E-05  1.206222543568E-04 -3.210551761826E+04  1.980670713298E+04  7.616488852151E+03 -1.124723843924E+01 -4.882812500000E-04   1   5
  1.257173512452E-03  1.534744522876E-04  5.573310898261E-04 -1.313364164398E+05 -5.669316020963E+04 -9.903295454622E+04 -1.124641171544E+01 -4.882812500000E-04   1   5
  3.090627152453E-03 -6.742039406718E-06  1.214913410861E-03 -2.711333997345E+05  7.850384421849E+03 -3.441353859569E+05 -1.124427465842E+01 -4.882812500000E-04   1   5
 -1.911566042726E-03 -1.066071050014E-04 -9.933360956274E-04  1.451292958165E+05  3.359735960520E+04  2.228220779801E+05 -1.124960729508E+01 -4.882812500000E-04   1   5
  6.864556735014E-04  2.958895541289E-05  1.786961468149E-04 -2.161131595668E+04 -1.655956002056E+04 -1.477280675388E+05 -1.124603706487E+01 -4.882812500000E-04   1   5
  1.486692735195E-03  7.870141602667E-06  5.494137558824E-04 -1.202718911615E+05  1.094861339942E+04 -1.810865111957E+05 -1.124580799837E+01 -4.882812500000E-04   1   5
  4.041527178612E-04  1.545288974233E-04  1.928741949895E-04 -4.743753913995E+04 -5.196411750932E+04 -2.589047950818E+04 -1.124700142624E+01 -4.882812500000E-04   1   5
  2.031922345556E-03  2.667033434055E-06  7.589741812799E-04 -1.724865797285E+05 -1.794765894276E+04 -2.336617530572E+05 -1.124540347912E+01 -4.882812500000E-04   1   5
 -1.207141530160E-03 -8.712776049634E-05 -5.584498825399E-04  7.379666965577E+04  1.690826900685E+04  1.746037977464E+05 -1.124889351160E+01 -4.882812500000E-04   1   5
 -9.141201488234E-04 -1.186568255924E-04 -4.115181308422E-04  9.749929012066E+04  3.619771194605E+04  5.528476207151E+04 -1.124758822401E+01 -4.882812500000E-04   1   5
 -6.185751938056E-04 -8.957500012993E-05 -2.497833170201E-04  5.758142241910E+04  3.444262503610E+04  5.164282279606E+04 -1.124753969022E+01 -4.882812500000E-04   1   5
 -1.118904011557E-03  8.336230258765E-05 -4.655513722698E-04  7.775810508107E+04 -3.118665026423E+04  1.428872934950E+05 -1.124841771723E+01 -4.882812500000E-04   1   5
  2.358220233806E-03 -1.032231480634E-04  9.124357551991E-04 -2.091104415063E+05  4.875988990505E+04 -2.556826721535E+05 -1.124517470247E+01 -4.882812500000E-04   1   5
  3.945540965755E-04  1.233368164995E-04  1.536660175314E-04 -3.160443453481E+04 -4.818843226984E+04 -5.256229207622E+04 -1.124679275346E+01 -4.882812500000E-04   1   5
 -4.809982814320E-04  2.736602179344E-05 -1.050224531702E-04  3.491692268968E+03 -9.192113653807E+03  1.111876271689E+05 -1.124805455352E+01 -4.882812500000E-04   1   5
  1.857646880388E-04 -4.577382950271E-05  1.010603339580E-04 -2.525524386535E+04  1.708095116393E+04 -8.523450901330E+03 -1.124713145802E+01 -4.882812500000E-04   1   5
 -1.367262164445E-03  1.212092136856E-04 -6.174220364621E-04  9.676912492187E+04 -4.075668807686E+04  1.717153129644E+05 -1.124879275665E+01 -4.882812500000E-04   1   5
 -5.375566160228E-04  1.439439987183E-05 -1.523343618850E-04  7.725525812686E+03 -2.632571180436E+03  1.210494315188E+05 -1.124817764541E+01 -4.882812500000E-04   1   5
 -1.583000943110E-03 -1.737887430001E-05 -7.411857417579E-04  1.678130901055E+05  1.119102075219E+04  1.036480529370E+05 -1.124797250461E+01 -4.882812500000E-04   1   5
 -1.700273797941E-03  1.402048457157E-04 -9.164606621539E-04  1.254225133808E+05 -3.267828954277E+04  2.050521665102E+05 -1.124954186503E+01 -4.882812500000E-04   1   5
  1.772900334456E-03  1.170270604436E-04  5.802166406625E-04 -1.054385683788E+05 -5.404298769778E+04 -2.899908364735E+05 -1.124480606863E+01 -4.882812500000E-04   1   5
  3.276045800234E-03  1.449819621833E-04  1.390386266233E-03 -3.338907353239E+05 -5.930489962199E+04 -2.753914689240E+05 -1.124490673293E+01 -4.882812500000E-04   1   5
 -7.485919386873E-05 -9.682760522218E-05 -1.181489311064E-04  4.246467761019E+04  3.764810239638E+04 -6.354986635514E+04 -1.124670920642E+01 -4.882812500000E-04   1   5
 -2.308133393845E-03 -8.891325505397E-05 -1.227809371088E-03  1.980717724911E+05  2.815326814768E+04  2.291419010618E+05 -1.124970487364E+01 -4.882812500000E-04   1   5
 -1.262900890044E-03 -7.559823413793E-05 -5.570050862740E-04  9.593203981144E+04  1.878539241349E+04  1.479349466091E+05 -1.124850290966E+01 -4.882812500000E-04   1   5
  2.287009977981E-03 -2.598047763058E-05  8.121266883101E-04 -1.694471352469E+05  1.900984761943E+04 -3.092761028877E+05 -1.124464991841E+01 -4.882812500000E-04   1   5
  2.513467757743E-04  9.656558184241E-05  1.920172383916E-04 -5.051306718062E+04 -3.628850547755E+04  1.940446755469E+04 -1.124729394557E+01 -4.882812500000E-04   1   5
  2.189530363056E-03 -4.365041566925E-05  9.915319226512E-04 -2.405877018129E+05  1.802569964321E+04 -1.507093545038E+05 -1.124600896856E+01 -4.882812500000E-04   1   5
  1.256219744810E-03  3.380228464695E-05  3.643889942184E-04 -6.889971766435E+04 -2.116993393185E+04 -2.123960515291E+05 -1.124557890894E+01 -4.882812500000E-04   1   5
 -2.469353704719E-04 -1.006083955981E-05 -1.136074144654E-04  2.858967645385E+04  4.360855443733E+03  7.857473514065E+03 -1.124724363873E+01 -4.882812500000E-04   1   5
 -1.116513710962E-03 -7.424793631437E-05 -5.367629131734E-04  3.851635680196E+04  2.061367091357E+04  2.123711522538E+05 -1.124944665627E+01 -4.882812500000E-04   1   5
 -1.375748639714E-03  3.491877477099E-05 -6.050077198567E-04  1.108344784274E+05 -2.527603593420E+04  1.494557865498E+05 -1.124847871049E+01 -4.882812500000E-04   1   5
 -9.716550059206E-05 -8.296934507656E-05 -8.321972943137E-05  2.608411288442E+04  3.366777097178E+04 -2.712867381217E+04 -1.124698979058E+01 -4.882812500000E-04   1   5
 -8.862411655557E-04 -1.311098426274E-05 -3.597671493674E-04  7.127751102461E+04  1.093570493677E+04  9.672771076136E+04 -1.124793843142E+01 -4.882812500000E-04   1   5
  2.375907531333E-03 -1.212986474945E-05  1.017379704875E-03 -2.460469037797E+05  5.249371462418E+03 -1.919017820282E+05 -1.124572263461E+01 -4.882812500000E-04   1   5
 -1.618777959678E-03 -3.916355149108E-05 -7.463496610851E-04  1.553507307992E+05  2.081120291634E+04  1.347144239706E+05 -1.124828389005E+01 -4.882812500000E-04   1   5
 -2.215404889838E-03 -2.415412126576E-06 -1.158968319381E-03  1.899670916340E+05  9.648058520786E+03  2.215058554008E+05 -1.124955063147E+01 -4.882812500000E-04   1   5
  2.885367119473E-04 -4.106001548705E-05  6.349638668834E-05 -5.160453519364E+03  1.705926963309E+04 -7.157467606195E+04 -1.124665564260E+01 -4.882812500000E-04   1   5
 -2.271242918284E-03  6.802921120058E-05 -1.247267483307E-03  1.865012339702E+05 -2.238622776482E+04  2.403646751092E+05 -1.124996309979E+01 -4.882812500000E-04   1   5
 -1.934083659947E-03  6.824461533461E-05 -1.029676938284E-03  1.414240860259E+05 -2.407185271937E+04  2.344029122038E+05 -1.124982626910E+01 -4.882812500000E-04   1   5
  1.522988115332E-03  5.333648539524E-05  4.648715257107E-04 -9.128224752695E+04 -2.811789490269E+04 -2.444141225010E+05 -1.124531217533E+01 -4.882812500000E-04   1   5
  5.413979168165E-04 -7.964574560468E-06  1.218990409535E-04 -1.088030059024E+04  7.880084344033E+03 -1.261215460883E+05 -1.124619961663E+01 -4.882812500000E-04   1   5
  5.847706412172E-04 -4.730796535088E-05  3.802556536001E-04 -1.000173099866E+05  1.709143322559E+04  2.208750844748E+04 -1.124730780421E+01 -4.882812500000E-04   1   5
  2.819369003299E-03  2.658228160379E-05  1.201392394927E-03 -2.954227683526E+05 -1.729307946180E+04 -2.219954696744E+05 -1.124549624920E+01 -4.882812500000E-04   1   5
  1.911559370098E-03  4.117998639936E-06  6.860838559077E-04 -1.519633009058E+05 -1.242945001782E+04 -2.383083678389E+05 -1.124536159642E+01 -4.882812500000E-04   1   5
  3.818395553435E-03  3.593350730279E-06  1.661650122204E-03 -3.989725865143E+05 -1.613992268070E+03 -3.034234691420E+05 -1.124455847139E+01 -4.882812500000E-04   1   5
 -2.178992874332E-03 -4.804620991064E-05 -1.117993364460E-03  1.939101888333E+05  1.672496954482E+04  2.067547270043E+05 -1.124929796581E+01 -4.882812500000E-04   1   5
  3.607204491380E-04 -8.364083755274E-05  1.671841977031E-04 -3.624134304188E+04  3.971686092943E+04 -3.542950985251E+04 -1.124690644734E+01 -4.882812500000E-04   1   5
 -2.587800110937E-04 -9.545797907290E-05 -1.377601531882E-04  3.729057406407E+04  3.396854325871E+04 -5.766924674258E+03 -1.124714591119E+01 -4.882812500000E-04   1   5
 -2.335105089779E-03  1.268366040565E-05 -1.210681862170E-03  2.226712209149E+05 -1.908816778659E+03  1.927264221054E+05 -1.124919426680E+01 -4.882812500000E-04   1   5
 -2.502712287819E-04 -7.729710148349E-05 -5.523369852778E-05  6.431898081687E+03  2.788112473991E+04  4.845030534457E+04 -1.124753230562E+01 -4.882812500000E-04   1   5
  1.307184470893E-03  5.907166358707E-05  5.836261829111E-04 -1.371696762383E+05 -2.558542880847E+04 -1.019444893674E+05 -1.124639488912E+01 -4.882812500000E-04   1   5
  3.293127728233E-04 -3.403449456052E-05  1.027172204247E-04 -1.714026424844E+04  1.079174816438E+04 -6.150094344061E+04 -1.124674152782E+01 -4.882812500000E-04   1   5
 -7.740987324740E-04  4.314725062509E-05 -3.010348222483E-04  3.643079174430E+03 -1.150330140082E+04  1.878541919716E+05 -1.124901853278E+01 -4.882812500000E-04   1   5
 -7.836396367222E-05  9.856598024113E-06  7.350243394200E-05 -4.151744300823E+04 -2.071500837082E+03  9.274346377499E+04 -1.124791230352E+01 -4.882812500000E-04   1   5
  2.498406981192E-03 -1.148804499238E-05  1.007048960940E-03 -2.239543166864E+05  3.294930870131E+03 -2.663402243390E+05 -1.124496907067E+01 -4.882812500000E-04   1   5
 -9.574515572691E-04  1.170944926695E-04 -3.785084186905E-04  6.883914129142E+04 -4.042783885671E+04  1.180596927934E+05 -1.124812941610E+01 -4.882812500000E-04   1   5
 -1.976774856748E-03  3.996994338142E-05 -1.017083035037E-03  1.700170757500E+05 -1.054888648286E+04  1.945745298042E+05 -1.124926456180E+01 -4.882812500000E-04   1   5
  2.393263141486E-04  7.213857256721E-05  1.620879865216E-05  1.189954607784E+04 -3.046466027053E+04 -9.001916926888E+04 -1.124649443085E+01 -4.882812500000E-04   1   5
 -1.167974073346E-03 -7.608689700820E-05 -5.428687674385E-04  1.287954841099E+05  2.320245283219E+04  6.462183905106E+04 -1.124766758324E+01 -4.882812500000E-04   1   5
 -1.099736372519E-03  2.566896630382E-04 -6.128138416299E-04  2.852906355860E+04 -6.025294382972E+04  2.280278434384E+05 -1.124985401299E+01 -4.882812500000E-04   1   5
 -4.902612918766E-04  5.814374848424E-05 -1.323310384111E-04  1.350209298524E+04 -2.010750742780E+04  9.727205857176E+04 -1.124793723249E+01 -4.882812500000E-04   1   5
  2.867836248181E-03  7.027678791887E-05  1.167311750469E-03 -2.789222377588E+05 -4.088255004621E+04 -2.665056446285E+05 -1.124509112184E+01 -4.882812500000E-04   1   5
  3.720698072725E-04 -8.129341559401E-05  5.757584058852E-05  7.284442808108E+03  3.030472642283E+04 -1.182230680597E+05 -1.124626514007E+01 -4.882812500000E-04   1   5
 -1.277199634194E-03 -6.051498898057E-05 -5.712314467130E-04  9.300156552211E+04  1.684352699491E+04  1.568788953808E+05 -1.124862492944E+01 -4.882812500000E-04   1   5
 -3.162773504496E-03  9.853043493757E-05 -1.745630249664E-03  3.184948241039E+05 -2.384687284476E+04  2.257633018915E+05 -1.124983505222E+01 -4.882812500000E-04   1   5
  2.195672053686E-03 -6.764240770605E-06  1.013206120713E-03 -2.484932464327E+05  1.246431462740E+03 -1.359222139909E+05 -1.124611284164E+01 -4.882812500000E-04   1   5
  2.074448997578E-03  8.046627438178E-05  7.850148041659E-04 -1.791558959236E+05 -4.417731388864E+04 -2.345402510909E+05 -1.124539845061E+01 -4.882812500000E-04   1   5
 -1.459268968720E-03  3.008663018681E-05 -6.748249715194E-04  1.515967420204E+05 -9.689291909882E+03  9.970579749265E+04 -1.124795811637E+01 -4.882812500000E-04   1   5
  3.795509538428E-03  4.633929519345E-05  1.659939086364E-03 -4.134784869365E+05 -2.034372234728E+04 -2.691933247046E+05 -1.124498964366E+01 -4.882812500000E-04   1   5
 -4.844053651563E-04  1.872173769847E-04 -2.393910285572E-04 -4.665493520537E+04 -4.416599019783E+04  2.081798949104E+05 -1.124950027870E+01 -4.882812500000E-04   1   5
 -2.349219227676E-03 -1.246648446688E-05 -1.223414518923E-03  2.143980039408E+05  4.583211785915E+03  2.129439922608E+05 -1.124940201670E+01 -4.882812500000E-04   1   5
  1.476321725928E-03 -2.352825155629E-05  7.415819682575E-04 -1.857220540482E+05  8.566851245960E+03 -5.795176490144E+04 -1.124673046791E+01 -4.882812500000E-04   1   5
 -1.438812617891E-03 -7.419190496407E-05 -7.563585987749E-04  7.355319529766E+04  2.308938687103E+04  2.316491591701E+05 -1.124978948472E+01 -4.882812500000E-04   1   5
 -2.343408518020E-04  1.424364787959E-05 -2.119047505496E-04  6.655022299679E+04 -6.435700091129E+03 -6.440026077249E+04 -1.124671042336E+01 -4.882812500000E-04   1   5
 -2.512587500805E-03 -1.059951944925E-04 -1.313025546219E-03  2.428297557215E+05  2.839033903049E+04  2.008749971163E+05 -1.124929653291E+01 -4.882812500000E-04   1   5
  5.924519595881E-04 -3.451453545076E-05  1.779570372629E-04 -2.686212976203E+04  1.342770136111E+04 -1.132862616155E+05 -1.124631353596E+01 -4.882812500000E-04   1   5
 -1.445480602624E-03 -1.706442587000E-05 -6.918013890755E-04  1.672534553628E+05  4.520728092219E+03  6.836227924316E+04 -1.124767156517E+01 -4.882812500000E-04   1   5
 -3.405280804720E-03  1.669028244915E-04 -1.874384538254E-03  3.518582167301E+05 -4.014403885791E+04  2.259246738309E+05 -1.124981706611E+01 -4.882812500000E-04   1   5
 -1.281752608434E-03  8.729675733842E-05 -6.333150786813E-04  7.033519356986E+04 -2.487362801209E+04  1.976071685739E+05 -1.124929366779E+01 -4.882812500000E-04   1   5
  3.370448596360E-04 -4.469116916945E-05  1.244995931657E-04 -2.593593708965E+04  1.958541210831E+04 -4.706214196833E+04 -1.124685360822E+01 -4.882812500000E-04   1   5
  4.304335278638E-04 -5.433257505654E-05  2.029286786769E-04 -4.952024082304E+04  2.189957142584E+04 -2.869879679468E+04 -1.124698839414E+01 -4.882812500000E-04   1   5
 -4.007356054752E-04  7.510567669764E-05 -9.826786635236E-05  1.380365674997E+04 -3.428255073685E+04  7.314861228058E+04 -1.124770701673E+01 -4.882812500000E-04   1   5
  3.532209657752E-03  3.048996728897E-05  1.462777126034E-03 -3.423332619822E+05 -1.831469032462E+04 -3.332854696349E+05 -1.124436238567E+01 -4.882812500000E-04   1   5
  1.347136931488E-03  5.947231331135E-05  6.180391677981E-04 -1.465082406937E+05 -2.687870784709E+04 -9.625601694120E+04 -1.124643598282E+01 -4.882812500000E-04   1   5
 -1.541609467144E-03  1.378484203812E-05 -8.890823972396E-04  8.826111566254E+04 -3.674421741673E+03  2.326829779278E+05 -1.125003449284E+01 -4.882812500000E-04   1   5
  1.453733653137E-03  1.015928981242E-04  6.899353745229E-04 -1.697840274988E+05 -3.850706226666E+04 -8.069953968418E+04 -1.124655988472E+01 -4.882812500000E-04   1   5
  1.151876759031E-04 -1.017192129859E-04  9.151662904650E-05 -2.216029672584E+04  3.931268916141E+04  3.491290192351E+03 -1.124718805275E+01 -4.882812500000E-04   1   5
