 -4.3083E-01 -3.3676E+00  3.2895E-02  6.2535E-01  5.0211E-01  7.7734E-01 -5.0147E-01
 -4.2936E-01 -3.3607E+00  3.2858E-02  6.2461E-01  5.0211E-01  7.7731E-01 -5.0146E-01
 -4.2788E-01 -3.3537E+00  3.2821E-02  6.2387E-01  5.0210E-01  7.7729E-01 -5.0145E-01
 -4.2640E-01 -3.3467E+00  3.2783E-02  6.2312E-01  5.0210E-01  7.7727E-01 -5.0145E-01
 -4.2492E-01 -3.3397E+00  3.2746E-02  6.2238E-01  5.0209E-01  7.7725E-01 -5.0144E-01
 -4.2344E-01 -3.3327E+00  3.2709E-02  6.2164E-01  5.0209E-01  7.7723E-01 -5.0143E-01
 -4.2196E-01 -3.3257E+00  3.2671E-02  6.2090E-01  5.0208E-01  7.7720E-01 -5.0143E-01
 -4.2047E-01 -3.3188E+00  3.2634E-02  6.2015E-01  5.0208E-01  7.7718E-01 -5.0142E-01
 -4.1899E-01 -3.3118E+00  3.2597E-02  6.1941E-01  5.0207E-01  7.7716E-01 -5.0141E-01
 -4.1751E-01 -3.3048E+00  3.2559E-02  6.1867E-01  5.0207E-01  7.7714E-01 -5.0141E-01
 -4.1603E-01 -3.2978E+00  3.2522E-02  6.1792E-01  5.0206E-01  7.7712E-01 -5.0140E-01
 -4.1455E-01 -3.2908E+00  3.2485E-02  6.1718E-01  5.0206E-01  7.7710E-01 -5.0139E-01
 -4.1307E-01 -3.2838E+00  3.2447E-02  6.1644E-01  5.0205E-01  7.7707E-01 -5.0139E-01
 -4.1159E-01 -3.2768E+00  3.2410E-02  6.1569E-01  5.0205E-01  7.7705E-01 -5.0138E-01
 -4.1011E-01 -3.2699E+00  3.2373E-02  6.1495E-01  5.0204E-01  7.7703E-01 -5.0137E-01
 -4.0863E-01 -3.2629E+00  3.2335E-02  6.1421E-01  5.0204E-01  7.7701E-01 -5.0137E-01
 -4.0715E-01 -3.2559E+00  3.2298E-02  6.1347E-01  5.0203E-01  7.7699E-01 -5.0136E-01
 -4.0566E-01 -3.2489E+00  3.2261E-02  6.1272E-01  5.0203E-01  7.7697E-01 -5.0135E-01
 -4.0418E-01 -3.2419E+00  3.2223E-02  6.1198E-01  5.0202E-01  7.7694E-01 -5.0135E-01
 -4.0270E-01 -3.2349E+00  3.2186E-02  6.1124E-01  5.0202E-01  7.7692E-01 -5.0134E-01
 -4.0122E-01 -3.2279E+00  3.2149E-02  6.1049E-01  5.0201E-01  7.7690E-01 -5.0133E-01
 -3.9974E-01 -3.2209E+00  3.2111E-02  6.0975E-01  5.0200E-01  7.7688E-01 -5.0133E-01
 -3.9826E-01 -3.2140E+00  3.2074E-02  6.0901E-01  5.0200E-01  7.7686E-01 -5.0132E-01
 -3.9678E-01 -3.2070E+00  3.2036E-02  6.0827E-01  5.0199E-01  7.7684E-01 -5.0131E-01
 -3.9530E-01 -3.2000E+00  3.1999E-02  6.0752E-01  5.0199E-01  7.7681E-01 -5.0130E-01
 -3.9382E-01 -3.1930E+00  3.1962E-02  6.0678E-01  5.0198E-01  7.7679E-01 -5.0130E-01
 -3.9234E-01 -3.1860E+00  3.1924E-02  6.0604E-01  5.0198E-01  7.7677E-01 -5.0129E-01
 -3.9086E-01 -3.1790E+00  3.1887E-02  6.0529E-01  5.0197E-01  7.7675E-01 -5.0128E-01
 -3.8937E-01 -3.1720E+00  3.1850E-02  6.0455E-01  5.0197E-01  7.7673E-01 -5.0128E-01
 -3.8789E-01 -3.1651E+00  3.1812E-02  6.0381E-01  5.0196E-01  7.7671E-01 -5.0127E-01
 -3.8641E-01 -3.1581E+00  3.1775E-02  6.0307E-01  5.0196E-01  7.7669E-01 -5.0126E-01
 -3.8493E-01 -3.1511E+00  3.1738E-02  6.0232E-01  5.0195E-01  7.7667E-01 -5.0126E-01
 -3.8345E-01 -3.1441E+00  3.1700E-02  6.0158E-01  5.0195E-01  7.7664E-01 -5.0125E-01
 -3.8197E-01 -3.1371E+00  3.1663E-02  6.0084E-01  5.0194E-01  7.7662E-01 -5.0124E-01
 -3.8049E-01 -3.1301E+00  3.1626E-02  6.0010E-01  5.0193E-01  7.7660E-01 -5.0123E-01
 -3.7901E-01 -3.1231E+00  3.1588E-02  5.9935E-01  5.0192E-01  7.7658E-01 -5.0122E-01
 -3.7753E-01 -3.1161E+00  3.1551E-02  5.9861E-01  5.0190E-01  7.7656E-01 -5.0120E-01
 -3.7605E-01 -3.1092E+00  3.1514E-02  5.9787E-01  5.0188E-01  7.7655E-01 -5.0117E-01
 -3.7456E-01 -3.1022E+00  3.1476E-02  5.9712E-01  5.0184E-01  7.7653E-01 -5.0114E-01
 -3.7308E-01 -3.0952E+00  3.1439E-02  5.9638E-01  5.0179E-01  7.7651E-01 -5.0108E-01
 -3.7160E-01 -3.0882E+00  3.1402E-02  5.9564E-01  5.0172E-01  7.7650E-01 -5.0101E-01
 -3.7012E-01 -3.0812E+00  3.1364E-02  5.9490E-01  5.0160E-01  7.7650E-01 -5.0089E-01
 -3.6864E-01 -3.0742E+00  3.1327E-02  5.9416E-01  5.0143E-01  7.7650E-01 -5.0071E-01
 -3.6716E-01 -3.0673E+00  3.1290E-02  5.9341E-01  5.0115E-01  7.7652E-01 -5.0043E-01
 -3.6568E-01 -3.0603E+00  3.1252E-02  5.9267E-01  5.0071E-01  7.7655E-01 -4.9999E-01
 -3.6420E-01 -3.0533E+00  3.1215E-02  5.9193E-01  5.0003E-01  7.7661E-01 -4.9931E-01
 -3.6272E-01 -3.0463E+00  3.1178E-02  5.9119E-01  4.9901E-01  7.7669E-01 -4.9828E-01
 -3.6124E-01 -3.0394E+00  3.1141E-02  5.9046E-01  4.9752E-01  7.7678E-01 -4.9680E-01
 -3.5976E-01 -3.0324E+00  3.1104E-02  5.8972E-01  4.9550E-01  7.7686E-01 -4.9478E-01
 -3.5827E-01 -3.0255E+00  3.1067E-02  5.8899E-01  4.9298E-01  7.7692E-01 -4.9225E-01
 -3.5679E-01 -3.0186E+00  3.1031E-02  5.8826E-01  4.9005E-01  7.7694E-01 -4.8932E-01
 -3.5531E-01 -3.0117E+00  3.0994E-02  5.8754E-01  4.8691E-01  7.7694E-01 -4.8617E-01
 -3.5383E-01 -3.0048E+00  3.0958E-02  5.8682E-01  4.8372E-01  7.7692E-01 -4.8298E-01
 -3.5235E-01 -2.9980E+00  3.0922E-02  5.8611E-01  4.8063E-01  7.7690E-01 -4.7990E-01
 -3.5087E-01 -2.9912E+00  3.0887E-02  5.8540E-01  4.7773E-01  7.7689E-01 -4.7699E-01
 -3.4939E-01 -2.9844E+00  3.0851E-02  5.8469E-01  4.7504E-01  7.7688E-01 -4.7430E-01
 -3.4791E-01 -2.9776E+00  3.0816E-02  5.8399E-01  4.7256E-01  7.7688E-01 -4.7182E-01
 -3.4653E-01 -2.9713E+00  3.0784E-02  5.8334E-01  4.7042E-01  7.7687E-01 -4.6968E-01
 -3.4499E-01 -2.9643E+00  3.0747E-02  5.8262E-01  4.6819E-01  7.7687E-01 -4.6745E-01
 -3.4346E-01 -2.9574E+00  3.0712E-02  5.8191E-01  4.6614E-01  7.7686E-01 -4.6540E-01
 -3.4207E-01 -2.9511E+00  3.0679E-02  5.8126E-01  4.6435E-01  7.7685E-01 -4.6361E-01
 -3.4051E-01 -2.9441E+00  3.0643E-02  5.8054E-01  4.6245E-01  7.7684E-01 -4.6171E-01
 -3.3910E-01 -2.9378E+00  3.0610E-02  5.7989E-01  4.6079E-01  7.7682E-01 -4.6006E-01
 -3.3754E-01 -2.9308E+00  3.0574E-02  5.7917E-01  4.5906E-01  7.7681E-01 -4.5832E-01
 -3.3612E-01 -2.9245E+00  3.0542E-02  5.7853E-01  4.5755E-01  7.7679E-01 -4.5682E-01
 -3.3458E-01 -2.9177E+00  3.0506E-02  5.7782E-01  4.5593E-01  7.7677E-01 -4.5520E-01
 -3.3315E-01 -2.9114E+00  3.0474E-02  5.7717E-01  4.5446E-01  7.7676E-01 -4.5373E-01
 -3.3162E-01 -2.9046E+00  3.0439E-02  5.7648E-01  4.5290E-01  7.7674E-01 -4.5217E-01
 -3.3018E-01 -2.8983E+00  3.0406E-02  5.7583E-01  4.5146E-01  7.7672E-01 -4.5073E-01
 -3.2874E-01 -2.8920E+00  3.0374E-02  5.7518E-01  4.5004E-01  7.7670E-01 -4.4931E-01
 -3.2717E-01 -2.8852E+00  3.0338E-02  5.7448E-01  4.4851E-01  7.7668E-01 -4.4778E-01
 -3.2573E-01 -2.8789E+00  3.0306E-02  5.7383E-01  4.4712E-01  7.7666E-01 -4.4639E-01
 -3.2427E-01 -2.8726E+00  3.0273E-02  5.7318E-01  4.4574E-01  7.7664E-01 -4.4502E-01
 -3.2281E-01 -2.8663E+00  3.0240E-02  5.7253E-01  4.4438E-01  7.7662E-01 -4.4365E-01
 -3.2135E-01 -2.8600E+00  3.0208E-02  5.7188E-01  4.4303E-01  7.7661E-01 -4.4231E-01
 -3.1977E-01 -2.8532E+00  3.0173E-02  5.7118E-01  4.4160E-01  7.7659E-01 -4.4087E-01
 -3.1830E-01 -2.8469E+00  3.0140E-02  5.7054E-01  4.4028E-01  7.7657E-01 -4.3955E-01
 -3.1682E-01 -2.8406E+00  3.0108E-02  5.6989E-01  4.3897E-01  7.7655E-01 -4.3825E-01
 -3.1534E-01 -2.8343E+00  3.0075E-02  5.6924E-01  4.3768E-01  7.7653E-01 -4.3696E-01
 -3.1386E-01 -2.8280E+00  3.0043E-02  5.6859E-01  4.3640E-01  7.7651E-01 -4.3568E-01
 -3.1237E-01 -2.8217E+00  3.0010E-02  5.6794E-01  4.3514E-01  7.7649E-01 -4.3441E-01
 -3.1088E-01 -2.8154E+00  2.9978E-02  5.6730E-01  4.3390E-01  7.7648E-01 -4.3317E-01
 -3.0940E-01 -2.8092E+00  2.9945E-02  5.6666E-01  4.3267E-01  7.7646E-01 -4.3195E-01
 -3.0792E-01 -2.8030E+00  2.9913E-02  5.6602E-01  4.3146E-01  7.7644E-01 -4.3074E-01
 -3.0644E-01 -2.7968E+00  2.9881E-02  5.6538E-01  4.3027E-01  7.7642E-01 -4.2955E-01
 -3.0496E-01 -2.7906E+00  2.9849E-02  5.6475E-01  4.2909E-01  7.7641E-01 -4.2837E-01
 -3.0348E-01 -2.7845E+00  2.9818E-02  5.6411E-01  4.2793E-01  7.7639E-01 -4.2721E-01
 -3.0200E-01 -2.7783E+00  2.9786E-02  5.6348E-01  4.2678E-01  7.7637E-01 -4.2606E-01
 -3.0052E-01 -2.7722E+00  2.9754E-02  5.6285E-01  4.2565E-01  7.7636E-01 -4.2493E-01
 -2.9904E-01 -2.7661E+00  2.9723E-02  5.6222E-01  4.2453E-01  7.7634E-01 -4.2381E-01
 -2.9756E-01 -2.7600E+00  2.9691E-02  5.6159E-01  4.2343E-01  7.7632E-01 -4.2271E-01
 -2.9607E-01 -2.7539E+00  2.9660E-02  5.6097E-01  4.2234E-01  7.7631E-01 -4.2162E-01
 -2.9459E-01 -2.7478E+00  2.9628E-02  5.6034E-01  4.2126E-01  7.7629E-01 -4.2054E-01
 -2.9311E-01 -2.7418E+00  2.9597E-02  5.5972E-01  4.2020E-01  7.7627E-01 -4.1948E-01
 -2.9163E-01 -2.7358E+00  2.9566E-02  5.5910E-01  4.1915E-01  7.7626E-01 -4.1843E-01
 -2.9015E-01 -2.7297E+00  2.9535E-02  5.5848E-01  4.1811E-01  7.7624E-01 -4.1740E-01
 -2.8877E-01 -2.7241E+00  2.9506E-02  5.5791E-01  4.1716E-01  7.7623E-01 -4.1644E-01
 -2.8721E-01 -2.7178E+00  2.9473E-02  5.5726E-01  4.1610E-01  7.7621E-01 -4.1538E-01
 -2.8571E-01 -2.7118E+00  2.9442E-02  5.5663E-01  4.1508E-01  7.7619E-01 -4.1436E-01
 -2.8432E-01 -2.7062E+00  2.9413E-02  5.5606E-01  4.1415E-01  7.7618E-01 -4.1344E-01
 -2.8275E-01 -2.6999E+00  2.9380E-02  5.5541E-01  4.1312E-01  7.7616E-01 -4.1240E-01
 -2.8135E-01 -2.6943E+00  2.9351E-02  5.5483E-01  4.1221E-01  7.7615E-01 -4.1150E-01
 -2.7978E-01 -2.6880E+00  2.9319E-02  5.5419E-01  4.1121E-01  7.7613E-01 -4.1049E-01
 -2.7838E-01 -2.6824E+00  2.9290E-02  5.5361E-01  4.1032E-01  7.7612E-01 -4.0960E-01
 -2.7682E-01 -2.6762E+00  2.9258E-02  5.5298E-01  4.0934E-01  7.7610E-01 -4.0862E-01
 -2.7541E-01 -2.6706E+00  2.9229E-02  5.5240E-01  4.0847E-01  7.7609E-01 -4.0775E-01
 -2.7386E-01 -2.6645E+00  2.9197E-02  5.5177E-01  4.0752E-01  7.7607E-01 -4.0680E-01
 -2.7244E-01 -2.6589E+00  2.9168E-02  5.5119E-01  4.0666E-01  7.7606E-01 -4.0594E-01
 -2.7090E-01 -2.6528E+00  2.9137E-02  5.5056E-01  4.0574E-01  7.7604E-01 -4.0502E-01
 -2.6948E-01 -2.6472E+00  2.9108E-02  5.4999E-01  4.0490E-01  7.7603E-01 -4.0418E-01
 -2.6794E-01 -2.6411E+00  2.9077E-02  5.4937E-01  4.0400E-01  7.7601E-01 -4.0328E-01
 -2.6651E-01 -2.6355E+00  2.9048E-02  5.4879E-01  4.0318E-01  7.7600E-01 -4.0246E-01
 -2.6497E-01 -2.6295E+00  2.9017E-02  5.4817E-01  4.0230E-01  7.7598E-01 -4.0159E-01
 -2.6354E-01 -2.6239E+00  2.8988E-02  5.4760E-01  4.0150E-01  7.7597E-01 -4.0078E-01
 -2.6210E-01 -2.6183E+00  2.8959E-02  5.4702E-01  4.0070E-01  7.7596E-01 -3.9998E-01
 -2.6053E-01 -2.6122E+00  2.8927E-02  5.4639E-01  3.9983E-01  7.7594E-01 -3.9911E-01
 -2.5909E-01 -2.6066E+00  2.8898E-02  5.4582E-01  3.9905E-01  7.7593E-01 -3.9833E-01
 -2.5764E-01 -2.6010E+00  2.8869E-02  5.4524E-01  3.9827E-01  7.7592E-01 -3.9755E-01
 -2.5609E-01 -2.5950E+00  2.8838E-02  5.4463E-01  3.9745E-01  7.7590E-01 -3.9673E-01
 -2.5464E-01 -2.5894E+00  2.8809E-02  5.4405E-01  3.9668E-01  7.7589E-01 -3.9597E-01
 -2.5318E-01 -2.5838E+00  2.8780E-02  5.4347E-01  3.9593E-01  7.7587E-01 -3.9521E-01
 -2.5172E-01 -2.5782E+00  2.8751E-02  5.4290E-01  3.9518E-01  7.7586E-01 -3.9446E-01
 -2.5026E-01 -2.5726E+00  2.8722E-02  5.4232E-01  3.9444E-01  7.7585E-01 -3.9372E-01
 -2.4868E-01 -2.5666E+00  2.8691E-02  5.4170E-01  3.9365E-01  7.7583E-01 -3.9293E-01
 -2.4722E-01 -2.5610E+00  2.8662E-02  5.4113E-01  3.9292E-01  7.7582E-01 -3.9220E-01
 -2.4575E-01 -2.5554E+00  2.8633E-02  5.4055E-01  3.9220E-01  7.7581E-01 -3.9148E-01
 -2.4428E-01 -2.5498E+00  2.8604E-02  5.3997E-01  3.9149E-01  7.7579E-01 -3.9077E-01
 -2.4280E-01 -2.5442E+00  2.8575E-02  5.3940E-01  3.9079E-01  7.7578E-01 -3.9007E-01
 -2.4133E-01 -2.5386E+00  2.8546E-02  5.3882E-01  3.9009E-01  7.7577E-01 -3.8937E-01
 -2.3985E-01 -2.5330E+00  2.8518E-02  5.3825E-01  3.8940E-01  7.7576E-01 -3.8867E-01
 -2.3836E-01 -2.5274E+00  2.8489E-02  5.3767E-01  3.8871E-01  7.7574E-01 -3.8799E-01
 -2.3688E-01 -2.5218E+00  2.8460E-02  5.3709E-01  3.8803E-01  7.7573E-01 -3.8731E-01
 -2.3539E-01 -2.5162E+00  2.8431E-02  5.3652E-01  3.8736E-01  7.7572E-01 -3.8664E-01
 -2.3390E-01 -2.5106E+00  2.8402E-02  5.3594E-01  3.8669E-01  7.7570E-01 -3.8597E-01
 -2.3241E-01 -2.5050E+00  2.8373E-02  5.3537E-01  3.8603E-01  7.7569E-01 -3.8531E-01
 -2.3092E-01 -2.4994E+00  2.8344E-02  5.3479E-01  3.8538E-01  7.7568E-01 -3.8466E-01
 -2.2943E-01 -2.4939E+00  2.8315E-02  5.3422E-01  3.8474E-01  7.7567E-01 -3.8402E-01
 -2.2795E-01 -2.4883E+00  2.8287E-02  5.3365E-01  3.8411E-01  7.7565E-01 -3.8339E-01
 -2.2647E-01 -2.4828E+00  2.8258E-02  5.3308E-01  3.8348E-01  7.7564E-01 -3.8276E-01
 -2.2499E-01 -2.4773E+00  2.8230E-02  5.3252E-01  3.8287E-01  7.7563E-01 -3.8214E-01
 -2.2351E-01 -2.4718E+00  2.8201E-02  5.3195E-01  3.8226E-01  7.7562E-01 -3.8153E-01
 -2.2203E-01 -2.4663E+00  2.8173E-02  5.3139E-01  3.8165E-01  7.7561E-01 -3.8093E-01
 -2.2055E-01 -2.4608E+00  2.8144E-02  5.3082E-01  3.8105E-01  7.7559E-01 -3.8033E-01
 -2.1907E-01 -2.4553E+00  2.8116E-02  5.3026E-01  3.8046E-01  7.7558E-01 -3.7974E-01
 -2.1758E-01 -2.4499E+00  2.8088E-02  5.2970E-01  3.7988E-01  7.7557E-01 -3.7915E-01
 -2.1610E-01 -2.4444E+00  2.8060E-02  5.2914E-01  3.7930E-01  7.7556E-01 -3.7858E-01
 -2.1462E-01 -2.4390E+00  2.8031E-02  5.2858E-01  3.7873E-01  7.7555E-01 -3.7800E-01
 -2.1314E-01 -2.4335E+00  2.8003E-02  5.2802E-01  3.7817E-01  7.7554E-01 -3.7744E-01
 -2.1166E-01 -2.4281E+00  2.7975E-02  5.2746E-01  3.7761E-01  7.7552E-01 -3.7688E-01
 -2.1018E-01 -2.4226E+00  2.7947E-02  5.2690E-01  3.7706E-01  7.7551E-01 -3.7633E-01
 -2.0870E-01 -2.4172E+00  2.7919E-02  5.2634E-01  3.7651E-01  7.7550E-01 -3.7578E-01
 -2.0722E-01 -2.4118E+00  2.7891E-02  5.2579E-01  3.7597E-01  7.7549E-01 -3.7524E-01
 -2.0574E-01 -2.4064E+00  2.7863E-02  5.2523E-01  3.7544E-01  7.7548E-01 -3.7471E-01
 -2.0426E-01 -2.4010E+00  2.7835E-02  5.2467E-01  3.7491E-01  7.7547E-01 -3.7418E-01
 -2.0277E-01 -2.3956E+00  2.7807E-02  5.2412E-01  3.7439E-01  7.7546E-01 -3.7366E-01
 -2.0129E-01 -2.3902E+00  2.7780E-02  5.2357E-01  3.7388E-01  7.7544E-01 -3.7315E-01
 -1.9981E-01 -2.3849E+00  2.7752E-02  5.2301E-01  3.7337E-01  7.7543E-01 -3.7264E-01
 -1.9833E-01 -2.3795E+00  2.7724E-02  5.2246E-01  3.7286E-01  7.7542E-01 -3.7213E-01
 -1.9685E-01 -2.3741E+00  2.7696E-02  5.2191E-01  3.7237E-01  7.7541E-01 -3.7163E-01
 -1.9537E-01 -2.3688E+00  2.7669E-02  5.2136E-01  3.7187E-01  7.7540E-01 -3.7114E-01
 -1.9389E-01 -2.3634E+00  2.7641E-02  5.2081E-01  3.7139E-01  7.7539E-01 -3.7065E-01
 -1.9241E-01 -2.3581E+00  2.7613E-02  5.2026E-01  3.7091E-01  7.7538E-01 -3.7017E-01
 -1.9093E-01 -2.3528E+00  2.7586E-02  5.1972E-01  3.7043E-01  7.7537E-01 -3.6969E-01
 -1.8945E-01 -2.3474E+00  2.7558E-02  5.1917E-01  3.6996E-01  7.7536E-01 -3.6922E-01
 -1.8797E-01 -2.3421E+00  2.7531E-02  5.1862E-01  3.6949E-01  7.7535E-01 -3.6876E-01
 -1.8648E-01 -2.3368E+00  2.7503E-02  5.1807E-01  3.6904E-01  7.7533E-01 -3.6830E-01
 -1.8500E-01 -2.3315E+00  2.7476E-02  5.1753E-01  3.6858E-01  7.7532E-01 -3.6784E-01
 -1.8352E-01 -2.3262E+00  2.7448E-02  5.1698E-01  3.6813E-01  7.7531E-01 -3.6739E-01
 -1.8204E-01 -2.3209E+00  2.7421E-02  5.1644E-01  3.6769E-01  7.7530E-01 -3.6695E-01
 -1.8056E-01 -2.3156E+00  2.7394E-02  5.1590E-01  3.6725E-01  7.7529E-01 -3.6651E-01
 -1.7908E-01 -2.3103E+00  2.7366E-02  5.1535E-01  3.6682E-01  7.7528E-01 -3.6608E-01
 -1.7760E-01 -2.3051E+00  2.7339E-02  5.1481E-01  3.6639E-01  7.7527E-01 -3.6565E-01
 -1.7612E-01 -2.2998E+00  2.7312E-02  5.1427E-01  3.6597E-01  7.7526E-01 -3.6522E-01
 -1.7464E-01 -2.2945E+00  2.7285E-02  5.1373E-01  3.6555E-01  7.7525E-01 -3.6480E-01
 -1.7316E-01 -2.2893E+00  2.7258E-02  5.1319E-01  3.6513E-01  7.7524E-01 -3.6439E-01
 -1.7177E-01 -2.2844E+00  2.7232E-02  5.1269E-01  3.6475E-01  7.7523E-01 -3.6401E-01
 -1.7019E-01 -2.2788E+00  2.7203E-02  5.1211E-01  3.6432E-01  7.7522E-01 -3.6358E-01
 -1.6881E-01 -2.2739E+00  2.7178E-02  5.1161E-01  3.6395E-01  7.7521E-01 -3.6320E-01
 -1.6723E-01 -2.2683E+00  2.7149E-02  5.1104E-01  3.6353E-01  7.7520E-01 -3.6278E-01
 -1.6584E-01 -2.2634E+00  2.7124E-02  5.1053E-01  3.6316E-01  7.7519E-01 -3.6242E-01
 -1.6427E-01 -2.2579E+00  2.7095E-02  5.0996E-01  3.6275E-01  7.7518E-01 -3.6201E-01
 -1.6288E-01 -2.2530E+00  2.7070E-02  5.0946E-01  3.6240E-01  7.7517E-01 -3.6165E-01
 -1.6131E-01 -2.2474E+00  2.7041E-02  5.0889E-01  3.6200E-01  7.7516E-01 -3.6125E-01
 -1.5991E-01 -2.2425E+00  2.7016E-02  5.0839E-01  3.6165E-01  7.7515E-01 -3.6090E-01
 -1.5835E-01 -2.2370E+00  2.6988E-02  5.0782E-01  3.6126E-01  7.7514E-01 -3.6051E-01
 -1.5695E-01 -2.2321E+00  2.6962E-02  5.0732E-01  3.6092E-01  7.7513E-01 -3.6017E-01
 -1.5538E-01 -2.2266E+00  2.6934E-02  5.0675E-01  3.6054E-01  7.7512E-01 -3.5979E-01
 -1.5398E-01 -2.2217E+00  2.6909E-02  5.0625E-01  3.6021E-01  7.7511E-01 -3.5945E-01
 -1.5242E-01 -2.2163E+00  2.6880E-02  5.0569E-01  3.5984E-01  7.7510E-01 -3.5908E-01
 -1.5102E-01 -2.2114E+00  2.6855E-02  5.0518E-01  3.5951E-01  7.7509E-01 -3.5876E-01
 -1.4946E-01 -2.2059E+00  2.6827E-02  5.0462E-01  3.5915E-01  7.7508E-01 -3.5840E-01
 -1.4806E-01 -2.2010E+00  2.6801E-02  5.0412E-01  3.5883E-01  7.7507E-01 -3.5808E-01
 -1.4650E-01 -2.1956E+00  2.6773E-02  5.0356E-01  3.5848E-01  7.7506E-01 -3.5773E-01
 -1.4509E-01 -2.1907E+00  2.6748E-02  5.0306E-01  3.5817E-01  7.7505E-01 -3.5742E-01
 -1.4354E-01 -2.1853E+00  2.6720E-02  5.0250E-01  3.5783E-01  7.7504E-01 -3.5707E-01
 -1.4213E-01 -2.1804E+00  2.6695E-02  5.0200E-01  3.5753E-01  7.7503E-01 -3.5677E-01
 -1.4057E-01 -2.1750E+00  2.6667E-02  5.0145E-01  3.5720E-01  7.7502E-01 -3.5644E-01
 -1.3916E-01 -2.1701E+00  2.6642E-02  5.0094E-01  3.5690E-01  7.7501E-01 -3.5614E-01
 -1.3761E-01 -2.1647E+00  2.6614E-02  5.0039E-01  3.5658E-01  7.7500E-01 -3.5582E-01
 -1.3620E-01 -2.1598E+00  2.6589E-02  4.9989E-01  3.5629E-01  7.7499E-01 -3.5553E-01
 -1.3465E-01 -2.1545E+00  2.6561E-02  4.9934E-01  3.5598E-01  7.7498E-01 -3.5521E-01
 -1.3323E-01 -2.1496E+00  2.6536E-02  4.9883E-01  3.5570E-01  7.7498E-01 -3.5493E-01
 -1.3169E-01 -2.1442E+00  2.6508E-02  4.9829E-01  3.5539E-01  7.7497E-01 -3.5463E-01
 -1.3027E-01 -2.1393E+00  2.6483E-02  4.9778E-01  3.5512E-01  7.7496E-01 -3.5435E-01
 -1.2873E-01 -2.1340E+00  2.6455E-02  4.9724E-01  3.5482E-01  7.7495E-01 -3.5405E-01
 -1.2731E-01 -2.1291E+00  2.6430E-02  4.9673E-01  3.5456E-01  7.7494E-01 -3.5379E-01
 -1.2577E-01 -2.1238E+00  2.6402E-02  4.9619E-01  3.5427E-01  7.7493E-01 -3.5350E-01
 -1.2434E-01 -2.1189E+00  2.6377E-02  4.9568E-01  3.5401E-01  7.7492E-01 -3.5324E-01
 -1.2280E-01 -2.1136E+00  2.6350E-02  4.9514E-01  3.5373E-01  7.7491E-01 -3.5296E-01
 -1.2138E-01 -2.1087E+00  2.6324E-02  4.9464E-01  3.5347E-01  7.7490E-01 -3.5270E-01
 -1.1984E-01 -2.1035E+00  2.6297E-02  4.9410E-01  3.5320E-01  7.7489E-01 -3.5243E-01
 -1.1841E-01 -2.0986E+00  2.6272E-02  4.9359E-01  3.5296E-01  7.7488E-01 -3.5218E-01
 -1.1688E-01 -2.0933E+00  2.6245E-02  4.9305E-01  3.5269E-01  7.7487E-01 -3.5192E-01
 -1.1545E-01 -2.0884E+00  2.6219E-02  4.9255E-01  3.5245E-01  7.7486E-01 -3.5168E-01
 -1.1392E-01 -2.0832E+00  2.6192E-02  4.9201E-01  3.5220E-01  7.7485E-01 -3.5142E-01
 -1.1249E-01 -2.0783E+00  2.6167E-02  4.9151E-01  3.5197E-01  7.7485E-01 -3.5119E-01
 -1.1105E-01 -2.0734E+00  2.6141E-02  4.9100E-01  3.5173E-01  7.7484E-01 -3.5095E-01
 -1.0947E-01 -2.0680E+00  2.6114E-02  4.9045E-01  3.5148E-01  7.7483E-01 -3.5070E-01
 -1.0804E-01 -2.0631E+00  2.6088E-02  4.8995E-01  3.5126E-01  7.7482E-01 -3.5048E-01
 -1.0660E-01 -2.0582E+00  2.6063E-02  4.8944E-01  3.5104E-01  7.7481E-01 -3.5025E-01
 -1.0503E-01 -2.0528E+00  2.6035E-02  4.8889E-01  3.5080E-01  7.7480E-01 -3.5002E-01
 -1.0359E-01 -2.0479E+00  2.6010E-02  4.8839E-01  3.5059E-01  7.7479E-01 -3.4980E-01
 -1.0216E-01 -2.0430E+00  2.5985E-02  4.8789E-01  3.5038E-01  7.7478E-01 -3.4959E-01
 -1.0059E-01 -2.0377E+00  2.5957E-02  4.8734E-01  3.5015E-01  7.7477E-01 -3.4936E-01
 -9.9149E-02 -2.0328E+00  2.5932E-02  4.8683E-01  3.4995E-01  7.7476E-01 -3.4916E-01
 -9.7708E-02 -2.0279E+00  2.5906E-02  4.8633E-01  3.4974E-01  7.7476E-01 -3.4895E-01
 -9.6146E-02 -2.0226E+00  2.5879E-02  4.8579E-01  3.4953E-01  7.7475E-01 -3.4874E-01
 -9.4703E-02 -2.0177E+00  2.5854E-02  4.8528E-01  3.4934E-01  7.7474E-01 -3.4854E-01
 -9.3260E-02 -2.0128E+00  2.5828E-02  4.8478E-01  3.4914E-01  7.7473E-01 -3.4835E-01
 -9.1703E-02 -2.0075E+00  2.5801E-02  4.8424E-01  3.4894E-01  7.7472E-01 -3.4814E-01
 -9.0258E-02 -2.0026E+00  2.5776E-02  4.8373E-01  3.4876E-01  7.7471E-01 -3.4796E-01
 -8.8812E-02 -1.9977E+00  2.5750E-02  4.8323E-01  3.4857E-01  7.7470E-01 -3.4777E-01
 -8.7261E-02 -1.9924E+00  2.5723E-02  4.8269E-01  3.4838E-01  7.7469E-01 -3.4758E-01
 -8.5813E-02 -1.9875E+00  2.5698E-02  4.8219E-01  3.4821E-01  7.7468E-01 -3.4740E-01
 -8.4365E-02 -1.9826E+00  2.5673E-02  4.8168E-01  3.4803E-01  7.7468E-01 -3.4723E-01
 -8.2916E-02 -1.9777E+00  2.5647E-02  4.8118E-01  3.4786E-01  7.7467E-01 -3.4706E-01
 -8.1337E-02 -1.9724E+00  2.5620E-02  4.8063E-01  3.4768E-01  7.7466E-01 -3.4688E-01
 -7.9886E-02 -1.9675E+00  2.5594E-02  4.8013E-01  3.4752E-01  7.7465E-01 -3.4671E-01
 -7.8435E-02 -1.9626E+00  2.5569E-02  4.7963E-01  3.4736E-01  7.7464E-01 -3.4655E-01
 -7.6984E-02 -1.9577E+00  2.5544E-02  4.7912E-01  3.4720E-01  7.7463E-01 -3.4639E-01
 -7.5413E-02 -1.9524E+00  2.5516E-02  4.7858E-01  3.4703E-01  7.7462E-01 -3.4622E-01
 -7.3960E-02 -1.9475E+00  2.5491E-02  4.7808E-01  3.4688E-01  7.7462E-01 -3.4607E-01
 -7.2506E-02 -1.9426E+00  2.5466E-02  4.7757E-01  3.4674E-01  7.7461E-01 -3.4592E-01
 -7.1052E-02 -1.9377E+00  2.5440E-02  4.7707E-01  3.4659E-01  7.7460E-01 -3.4578E-01
 -6.9489E-02 -1.9324E+00  2.5413E-02  4.7653E-01  3.4644E-01  7.7459E-01 -3.4562E-01
 -6.8034E-02 -1.9275E+00  2.5388E-02  4.7603E-01  3.4630E-01  7.7458E-01 -3.4548E-01
 -6.6578E-02 -1.9226E+00  2.5362E-02  4.7552E-01  3.4616E-01  7.7457E-01 -3.4534E-01
 -6.5121E-02 -1.9177E+00  2.5337E-02  4.7502E-01  3.4603E-01  7.7456E-01 -3.4521E-01
 -6.3664E-02 -1.9128E+00  2.5312E-02  4.7452E-01  3.4590E-01  7.7456E-01 -3.4508E-01
 -6.2084E-02 -1.9075E+00  2.5284E-02  4.7397E-01  3.4576E-01  7.7455E-01 -3.4494E-01
 -6.0626E-02 -1.9026E+00  2.5259E-02  4.7347E-01  3.4564E-01  7.7454E-01 -3.4482E-01
 -5.9168E-02 -1.8977E+00  2.5234E-02  4.7296E-01  3.4552E-01  7.7453E-01 -3.4469E-01
 -5.7709E-02 -1.8928E+00  2.5208E-02  4.7246E-01  3.4540E-01  7.7452E-01 -3.4457E-01
 -5.6249E-02 -1.8879E+00  2.5183E-02  4.7196E-01  3.4529E-01  7.7451E-01 -3.4446E-01
 -5.4680E-02 -1.8827E+00  2.5156E-02  4.7142E-01  3.4517E-01  7.7450E-01 -3.4434E-01
 -5.3219E-02 -1.8778E+00  2.5130E-02  4.7091E-01  3.4506E-01  7.7450E-01 -3.4423E-01
 -5.1758E-02 -1.8729E+00  2.5105E-02  4.7041E-01  3.4495E-01  7.7449E-01 -3.4412E-01
 -5.0297E-02 -1.8680E+00  2.5080E-02  4.6991E-01  3.4485E-01  7.7448E-01 -3.4401E-01
 -4.8835E-02 -1.8631E+00  2.5054E-02  4.6940E-01  3.4475E-01  7.7447E-01 -3.4391E-01
 -4.7373E-02 -1.8582E+00  2.5029E-02  4.6890E-01  3.4465E-01  7.7446E-01 -3.4381E-01
 -4.5794E-02 -1.8529E+00  2.5002E-02  4.6836E-01  3.4455E-01  7.7445E-01 -3.4371E-01
 -4.4331E-02 -1.8480E+00  2.4976E-02  4.6786E-01  3.4446E-01  7.7445E-01 -3.4362E-01
 -4.2867E-02 -1.8431E+00  2.4951E-02  4.6735E-01  3.4437E-01  7.7444E-01 -3.4353E-01
 -4.1404E-02 -1.8382E+00  2.4926E-02  4.6685E-01  3.4429E-01  7.7443E-01 -3.4344E-01
 -3.9940E-02 -1.8333E+00  2.4900E-02  4.6635E-01  3.4421E-01  7.7442E-01 -3.4336E-01
 -3.8475E-02 -1.8284E+00  2.4875E-02  4.6584E-01  3.4413E-01  7.7441E-01 -3.4328E-01
 -3.6908E-02 -1.8231E+00  2.4848E-02  4.6531E-01  3.4405E-01  7.7440E-01 -3.4319E-01
 -3.5443E-02 -1.8182E+00  2.4823E-02  4.6480E-01  3.4397E-01  7.7440E-01 -3.4312E-01
 -3.3978E-02 -1.8133E+00  2.4797E-02  4.6430E-01  3.4390E-01  7.7439E-01 -3.4305E-01
 -3.2512E-02 -1.8084E+00  2.4772E-02  4.6380E-01  3.4383E-01  7.7438E-01 -3.4298E-01
 -3.1046E-02 -1.8035E+00  2.4747E-02  4.6329E-01  3.4377E-01  7.7439E-01 -3.4291E-01
 -2.9580E-02 -1.7986E+00  2.4721E-02  4.6279E-01  3.4369E-01  7.7443E-01 -3.4283E-01
 -2.8113E-02 -1.7937E+00  2.4696E-02  4.6229E-01  3.4359E-01  7.7438E-01 -3.4273E-01
 -2.6542E-02 -1.7885E+00  2.4669E-02  4.6175E-01  3.4346E-01  7.7437E-01 -3.4260E-01
 -2.5075E-02 -1.7836E+00  2.4644E-02  4.6125E-01  3.4334E-01  7.7437E-01 -3.4247E-01
 -2.3608E-02 -1.7787E+00  2.4618E-02  4.6074E-01  3.4319E-01  7.7436E-01 -3.4232E-01
 -2.2140E-02 -1.7738E+00  2.4593E-02  4.6024E-01  3.4302E-01  7.7435E-01 -3.4215E-01
 -2.0673E-02 -1.7689E+00  2.4568E-02  4.5974E-01  3.4283E-01  7.7434E-01 -3.4196E-01
 -1.9205E-02 -1.7640E+00  2.4542E-02  4.5924E-01  3.4260E-01  7.7433E-01 -3.4173E-01
 -1.7737E-02 -1.7591E+00  2.4517E-02  4.5873E-01  3.4234E-01  7.7430E-01 -3.4147E-01
 -1.6269E-02 -1.7542E+00  2.4492E-02  4.5823E-01  3.4203E-01  7.7427E-01 -3.4115E-01
 -1.4694E-02 -1.7489E+00  2.4465E-02  4.5770E-01  3.4165E-01  7.7421E-01 -3.4076E-01
 -1.3226E-02 -1.7440E+00  2.4440E-02  4.5720E-01  3.4123E-01  7.7413E-01 -3.4034E-01
 -1.1757E-02 -1.7391E+00  2.4415E-02  4.5670E-01  3.4075E-01  7.7402E-01 -3.3986E-01
 -1.0289E-02 -1.7342E+00  2.4389E-02  4.5620E-01  3.4021E-01  7.7388E-01 -3.3932E-01
 -8.8205E-03 -1.7293E+00  2.4364E-02  4.5570E-01  3.3963E-01  7.7371E-01 -3.3873E-01
 -7.3519E-03 -1.7244E+00  2.4339E-02  4.5520E-01  3.3900E-01  7.7351E-01 -3.3811E-01
 -5.8833E-03 -1.7195E+00  2.4314E-02  4.5471E-01  3.3836E-01  7.7331E-01 -3.3746E-01
 -4.4146E-03 -1.7146E+00  2.4289E-02  4.5421E-01  3.3773E-01  7.7315E-01 -3.3683E-01
 -2.9458E-03 -1.7097E+00  2.4264E-02  4.5372E-01  3.3714E-01  7.7308E-01 -3.3623E-01
 -1.3655E-03 -1.7044E+00  2.4238E-02  4.5318E-01  3.3657E-01  7.7317E-01 -3.3566E-01
  1.0327E-04 -1.6995E+00  2.4213E-02  4.5269E-01  3.3612E-01  7.7343E-01 -3.3521E-01
  1.5721E-03 -1.6946E+00  2.4188E-02  4.5220E-01  3.3576E-01  7.7386E-01 -3.3485E-01
  3.0409E-03 -1.6897E+00  2.4163E-02  4.5171E-01  3.3549E-01  7.7443E-01 -3.3457E-01
  4.5097E-03 -1.6848E+00  2.4139E-02  4.5122E-01  3.3530E-01  7.7507E-01 -3.3437E-01
  5.9785E-03 -1.6799E+00  2.4114E-02  4.5072E-01  3.3516E-01  7.7572E-01 -3.3423E-01
  7.4473E-03 -1.6750E+00  2.4089E-02  4.5023E-01  3.3508E-01  7.7634E-01 -3.3414E-01
  8.9161E-03 -1.6701E+00  2.4064E-02  4.4974E-01  3.3502E-01  7.7689E-01 -3.3408E-01
  1.0385E-02 -1.6652E+00  2.4040E-02  4.4925E-01  3.3498E-01  7.7736E-01 -3.3404E-01
  1.1963E-02 -1.6600E+00  2.4013E-02  4.4872E-01  3.3496E-01  7.7777E-01 -3.3402E-01
  1.3432E-02 -1.6551E+00  2.3988E-02  4.4823E-01  3.3495E-01  7.7807E-01 -3.3400E-01
  1.4901E-02 -1.6502E+00  2.3964E-02  4.4774E-01  3.3494E-01  7.7831E-01 -3.3399E-01
  1.6369E-02 -1.6453E+00  2.3939E-02  4.4725E-01  3.3493E-01  7.7849E-01 -3.3398E-01
  1.7838E-02 -1.6404E+00  2.3914E-02  4.4676E-01  3.3493E-01  7.7863E-01 -3.3397E-01
  1.9307E-02 -1.6355E+00  2.3889E-02  4.4627E-01  3.3493E-01  7.7874E-01 -3.3397E-01
  2.0776E-02 -1.6306E+00  2.3865E-02  4.4578E-01  3.3492E-01  7.7882E-01 -3.3396E-01
  2.2245E-02 -1.6257E+00  2.3840E-02  4.4529E-01  3.3492E-01  7.7889E-01 -3.3396E-01
  2.3714E-02 -1.6208E+00  2.3815E-02  4.4480E-01  3.3492E-01  7.7893E-01 -3.3395E-01
  2.5292E-02 -1.6155E+00  2.3789E-02  4.4427E-01  3.3491E-01  7.7897E-01 -3.3395E-01
  2.6760E-02 -1.6106E+00  2.3764E-02  4.4378E-01  3.3491E-01  7.7899E-01 -3.3394E-01
  2.8229E-02 -1.6057E+00  2.3739E-02  4.4329E-01  3.3491E-01  7.7901E-01 -3.3394E-01
  2.9698E-02 -1.6008E+00  2.3714E-02  4.4280E-01  3.3491E-01  7.7903E-01 -3.3393E-01
  3.1167E-02 -1.5959E+00  2.3690E-02  4.4231E-01  3.3490E-01  7.7904E-01 -3.3393E-01
  3.2636E-02 -1.5910E+00  2.3665E-02  4.4182E-01  3.3490E-01  7.7904E-01 -3.3392E-01
  3.4105E-02 -1.5861E+00  2.3640E-02  4.4133E-01  3.3490E-01  7.7904E-01 -3.3392E-01
  3.5573E-02 -1.5812E+00  2.3616E-02  4.4083E-01  3.3489E-01  7.7904E-01 -3.3391E-01
  3.7042E-02 -1.5763E+00  2.3591E-02  4.4034E-01  3.3489E-01  7.7904E-01 -3.3391E-01
  3.8620E-02 -1.5711E+00  2.3564E-02  4.3982E-01  3.3489E-01  7.7904E-01 -3.3390E-01
  4.0089E-02 -1.5662E+00  2.3540E-02  4.3933E-01  3.3489E-01  7.7904E-01 -3.3390E-01
  4.1558E-02 -1.5613E+00  2.3515E-02  4.3884E-01  3.3488E-01  7.7904E-01 -3.3389E-01
  4.3027E-02 -1.5564E+00  2.3490E-02  4.3834E-01  3.3488E-01  7.7904E-01 -3.3389E-01
  4.4495E-02 -1.5515E+00  2.3465E-02  4.3785E-01  3.3488E-01  7.7904E-01 -3.3388E-01
  4.5964E-02 -1.5466E+00  2.3441E-02  4.3736E-01  3.3488E-01  7.7904E-01 -3.3388E-01
  4.7433E-02 -1.5417E+00  2.3416E-02  4.3687E-01  3.3487E-01  7.7904E-01 -3.3387E-01
  4.8902E-02 -1.5368E+00  2.3391E-02  4.3638E-01  3.3487E-01  7.7905E-01 -3.3387E-01
  5.0371E-02 -1.5319E+00  2.3367E-02  4.3589E-01  3.3487E-01  7.7905E-01 -3.3387E-01
  5.1949E-02 -1.5266E+00  2.3340E-02  4.3536E-01  3.3487E-01  7.7905E-01 -3.3386E-01
  5.3418E-02 -1.5217E+00  2.3315E-02  4.3487E-01  3.3486E-01  7.7905E-01 -3.3386E-01
  5.4886E-02 -1.5168E+00  2.3291E-02  4.3438E-01  3.3486E-01  7.7905E-01 -3.3385E-01
  5.6355E-02 -1.5119E+00  2.3266E-02  4.3389E-01  3.3486E-01  7.7905E-01 -3.3385E-01
  5.7824E-02 -1.5070E+00  2.3241E-02  4.3340E-01  3.3486E-01  7.7905E-01 -3.3384E-01
  5.9293E-02 -1.5021E+00  2.3216E-02  4.3291E-01  3.3485E-01  7.7905E-01 -3.3384E-01
  6.0762E-02 -1.4972E+00  2.3192E-02  4.3242E-01  3.3485E-01  7.7905E-01 -3.3383E-01
  6.2230E-02 -1.4923E+00  2.3167E-02  4.3193E-01  3.3485E-01  7.7905E-01 -3.3383E-01
  6.3699E-02 -1.4874E+00  2.3142E-02  4.3144E-01  3.3485E-01  7.7905E-01 -3.3382E-01
  6.5277E-02 -1.4821E+00  2.3116E-02  4.3091E-01  3.3484E-01  7.7905E-01 -3.3382E-01
  6.6746E-02 -1.4772E+00  2.3091E-02  4.3042E-01  3.3484E-01  7.7905E-01 -3.3381E-01
  6.8215E-02 -1.4723E+00  2.3066E-02  4.2993E-01  3.3484E-01  7.7906E-01 -3.3381E-01
  6.9684E-02 -1.4674E+00  2.3041E-02  4.2944E-01  3.3484E-01  7.7906E-01 -3.3380E-01
  7.1153E-02 -1.4625E+00  2.3017E-02  4.2895E-01  3.3483E-01  7.7906E-01 -3.3380E-01
  7.2621E-02 -1.4576E+00  2.2992E-02  4.2846E-01  3.3483E-01  7.7906E-01 -3.3379E-01
  7.4090E-02 -1.4527E+00  2.2967E-02  4.2797E-01  3.3483E-01  7.7906E-01 -3.3379E-01
  7.5559E-02 -1.4478E+00  2.2943E-02  4.2748E-01  3.3483E-01  7.7906E-01 -3.3378E-01
  7.7028E-02 -1.4429E+00  2.2918E-02  4.2699E-01  3.3482E-01  7.7906E-01 -3.3378E-01
  7.8606E-02 -1.4377E+00  2.2891E-02  4.2646E-01  3.3482E-01  7.7906E-01 -3.3377E-01
  8.0075E-02 -1.4328E+00  2.2867E-02  4.2597E-01  3.3482E-01  7.7906E-01 -3.3377E-01
  8.1543E-02 -1.4279E+00  2.2842E-02  4.2548E-01  3.3482E-01  7.7907E-01 -3.3376E-01
  8.3012E-02 -1.4230E+00  2.2817E-02  4.2499E-01  3.3481E-01  7.7907E-01 -3.3376E-01
  8.4481E-02 -1.4181E+00  2.2792E-02  4.2450E-01  3.3481E-01  7.7907E-01 -3.3375E-01
  8.5950E-02 -1.4132E+00  2.2768E-02  4.2401E-01  3.3481E-01  7.7907E-01 -3.3375E-01
  8.7419E-02 -1.4083E+00  2.2743E-02  4.2352E-01  3.3481E-01  7.7907E-01 -3.3374E-01
  8.8888E-02 -1.4034E+00  2.2718E-02  4.2303E-01  3.3480E-01  7.7907E-01 -3.3374E-01
  9.0356E-02 -1.3985E+00  2.2694E-02  4.2254E-01  3.3480E-01  7.7907E-01 -3.3373E-01
  9.1934E-02 -1.3932E+00  2.2667E-02  4.2201E-01  3.3480E-01  7.7907E-01 -3.3373E-01
  9.3403E-02 -1.3883E+00  2.2642E-02  4.2152E-01  3.3480E-01  7.7908E-01 -3.3372E-01
  9.4872E-02 -1.3834E+00  2.2618E-02  4.2103E-01  3.3480E-01  7.7908E-01 -3.3372E-01
  9.6341E-02 -1.3785E+00  2.2593E-02  4.2054E-01  3.3479E-01  7.7908E-01 -3.3371E-01
  9.7810E-02 -1.3736E+00  2.2568E-02  4.2005E-01  3.3479E-01  7.7908E-01 -3.3371E-01
  9.9278E-02 -1.3687E+00  2.2543E-02  4.1956E-01  3.3479E-01  7.7908E-01 -3.3371E-01
  1.0075E-01 -1.3638E+00  2.2519E-02  4.1907E-01  3.3479E-01  7.7908E-01 -3.3370E-01
  1.0222E-01 -1.3589E+00  2.2494E-02  4.1858E-01  3.3478E-01  7.7908E-01 -3.3370E-01
  1.0368E-01 -1.3540E+00  2.2469E-02  4.1809E-01  3.3478E-01  7.7909E-01 -3.3369E-01
  1.0526E-01 -1.3487E+00  2.2443E-02  4.1756E-01  3.3478E-01  7.7909E-01 -3.3369E-01
  1.0673E-01 -1.3438E+00  2.2418E-02  4.1707E-01  3.3478E-01  7.7909E-01 -3.3368E-01
  1.0820E-01 -1.3389E+00  2.2393E-02  4.1658E-01  3.3477E-01  7.7909E-01 -3.3368E-01
  1.0967E-01 -1.3340E+00  2.2368E-02  4.1609E-01  3.3477E-01  7.7909E-01 -3.3367E-01
  1.1114E-01 -1.3291E+00  2.2344E-02  4.1560E-01  3.3477E-01  7.7909E-01 -3.3367E-01
  1.1261E-01 -1.3242E+00  2.2319E-02  4.1511E-01  3.3477E-01  7.7910E-01 -3.3366E-01
  1.1408E-01 -1.3193E+00  2.2294E-02  4.1462E-01  3.3477E-01  7.7910E-01 -3.3366E-01
  1.1554E-01 -1.3144E+00  2.2270E-02  4.1413E-01  3.3476E-01  7.7910E-01 -3.3365E-01
  1.1701E-01 -1.3095E+00  2.2245E-02  4.1364E-01  3.3476E-01  7.7910E-01 -3.3365E-01
  1.1859E-01 -1.3043E+00  2.2218E-02  4.1311E-01  3.3476E-01  7.7910E-01 -3.3364E-01
  1.2006E-01 -1.2994E+00  2.2194E-02  4.1262E-01  3.3476E-01  7.7910E-01 -3.3364E-01
  1.2153E-01 -1.2945E+00  2.2169E-02  4.1213E-01  3.3476E-01  7.7911E-01 -3.3363E-01
  1.2300E-01 -1.2896E+00  2.2144E-02  4.1164E-01  3.3475E-01  7.7911E-01 -3.3363E-01
  1.2447E-01 -1.2847E+00  2.2119E-02  4.1115E-01  3.3475E-01  7.7911E-01 -3.3362E-01
  1.2594E-01 -1.2798E+00  2.2095E-02  4.1066E-01  3.3475E-01  7.7911E-01 -3.3362E-01
  1.2740E-01 -1.2749E+00  2.2070E-02  4.1017E-01  3.3475E-01  7.7911E-01 -3.3361E-01
  1.2887E-01 -1.2700E+00  2.2045E-02  4.0968E-01  3.3474E-01  7.7912E-01 -3.3361E-01
  1.3034E-01 -1.2651E+00  2.2021E-02  4.0919E-01  3.3474E-01  7.7912E-01 -3.3360E-01
  1.3192E-01 -1.2598E+00  2.1994E-02  4.0866E-01  3.3474E-01  7.7912E-01 -3.3360E-01
  1.3339E-01 -1.2549E+00  2.1969E-02  4.0817E-01  3.3474E-01  7.7912E-01 -3.3359E-01
  1.3486E-01 -1.2500E+00  2.1945E-02  4.0768E-01  3.3474E-01  7.7912E-01 -3.3359E-01
  1.3633E-01 -1.2451E+00  2.1920E-02  4.0719E-01  3.3473E-01  7.7912E-01 -3.3358E-01
  1.3780E-01 -1.2402E+00  2.1895E-02  4.0670E-01  3.3473E-01  7.7913E-01 -3.3358E-01
  1.3926E-01 -1.2353E+00  2.1870E-02  4.0621E-01  3.3473E-01  7.7913E-01 -3.3357E-01
  1.4073E-01 -1.2304E+00  2.1846E-02  4.0572E-01  3.3473E-01  7.7913E-01 -3.3357E-01
  1.4220E-01 -1.2255E+00  2.1821E-02  4.0523E-01  3.3473E-01  7.7913E-01 -3.3356E-01
  1.4367E-01 -1.2206E+00  2.1796E-02  4.0474E-01  3.3472E-01  7.7913E-01 -3.3356E-01
  1.4525E-01 -1.2153E+00  2.1770E-02  4.0421E-01  3.3472E-01  7.7914E-01 -3.3355E-01
  1.4672E-01 -1.2104E+00  2.1745E-02  4.0372E-01  3.3472E-01  7.7914E-01 -3.3355E-01
  1.4819E-01 -1.2055E+00  2.1720E-02  4.0323E-01  3.3472E-01  7.7914E-01 -3.3354E-01
  1.4965E-01 -1.2006E+00  2.1696E-02  4.0274E-01  3.3472E-01  7.7914E-01 -3.3354E-01
  1.5112E-01 -1.1957E+00  2.1671E-02  4.0225E-01  3.3471E-01  7.7915E-01 -3.3353E-01
  1.5259E-01 -1.1908E+00  2.1646E-02  4.0176E-01  3.3471E-01  7.7915E-01 -3.3353E-01
  1.5406E-01 -1.1859E+00  2.1621E-02  4.0127E-01  3.3471E-01  7.7915E-01 -3.3352E-01
  1.5553E-01 -1.1810E+00  2.1597E-02  4.0078E-01  3.3471E-01  7.7915E-01 -3.3352E-01
  1.5700E-01 -1.1761E+00  2.1572E-02  4.0029E-01  3.3471E-01  7.7915E-01 -3.3351E-01
  1.5858E-01 -1.1709E+00  2.1545E-02  3.9976E-01  3.3470E-01  7.7916E-01 -3.3351E-01
  1.6005E-01 -1.1660E+00  2.1521E-02  3.9927E-01  3.3470E-01  7.7916E-01 -3.3350E-01
  1.6151E-01 -1.1611E+00  2.1496E-02  3.9878E-01  3.3470E-01  7.7916E-01 -3.3350E-01
  1.6298E-01 -1.1562E+00  2.1471E-02  3.9829E-01  3.3470E-01  7.7916E-01 -3.3349E-01
  1.6445E-01 -1.1513E+00  2.1447E-02  3.9780E-01  3.3470E-01  7.7917E-01 -3.3349E-01
  1.6592E-01 -1.1464E+00  2.1422E-02  3.9731E-01  3.3469E-01  7.7917E-01 -3.3348E-01
  1.6739E-01 -1.1415E+00  2.1397E-02  3.9682E-01  3.3469E-01  7.7917E-01 -3.3348E-01
  1.6886E-01 -1.1366E+00  2.1372E-02  3.9633E-01  3.3469E-01  7.7917E-01 -3.3347E-01
  1.7033E-01 -1.1317E+00  2.1348E-02  3.9584E-01  3.3469E-01  7.7918E-01 -3.3347E-01
  1.7191E-01 -1.1264E+00  2.1321E-02  3.9532E-01  3.3469E-01  7.7918E-01 -3.3346E-01
  1.7337E-01 -1.1215E+00  2.1296E-02  3.9483E-01  3.3468E-01  7.7918E-01 -3.3346E-01
  1.7484E-01 -1.1166E+00  2.1272E-02  3.9434E-01  3.3468E-01  7.7918E-01 -3.3345E-01
  1.7631E-01 -1.1117E+00  2.1247E-02  3.9385E-01  3.3468E-01  7.7919E-01 -3.3345E-01
  1.7778E-01 -1.1068E+00  2.1222E-02  3.9336E-01  3.3468E-01  7.7919E-01 -3.3344E-01
  1.7925E-01 -1.1019E+00  2.1197E-02  3.9286E-01  3.3468E-01  7.7919E-01 -3.3344E-01
  1.8072E-01 -1.0970E+00  2.1173E-02  3.9237E-01  3.3467E-01  7.7919E-01 -3.3343E-01
  1.8219E-01 -1.0921E+00  2.1148E-02  3.9188E-01  3.3467E-01  7.7919E-01 -3.3343E-01
  1.8366E-01 -1.0872E+00  2.1123E-02  3.9139E-01  3.3467E-01  7.7920E-01 -3.3342E-01
  1.8523E-01 -1.0819E+00  2.1097E-02  3.9087E-01  3.3467E-01  7.7920E-01 -3.3342E-01
  1.8670E-01 -1.0770E+00  2.1072E-02  3.9038E-01  3.3467E-01  7.7920E-01 -3.3341E-01
  1.8817E-01 -1.0721E+00  2.1047E-02  3.8989E-01  3.3466E-01  7.7921E-01 -3.3341E-01
  1.8964E-01 -1.0672E+00  2.1023E-02  3.8940E-01  3.3466E-01  7.7921E-01 -3.3340E-01
  1.9111E-01 -1.0623E+00  2.0998E-02  3.8891E-01  3.3466E-01  7.7921E-01 -3.3340E-01
  1.9258E-01 -1.0574E+00  2.0973E-02  3.8842E-01  3.3466E-01  7.7921E-01 -3.3339E-01
  1.9405E-01 -1.0525E+00  2.0948E-02  3.8793E-01  3.3466E-01  7.7922E-01 -3.3339E-01
  1.9552E-01 -1.0476E+00  2.0924E-02  3.8744E-01  3.3466E-01  7.7922E-01 -3.3338E-01
  1.9698E-01 -1.0427E+00  2.0899E-02  3.8695E-01  3.3465E-01  7.7922E-01 -3.3338E-01
  1.9856E-01 -1.0375E+00  2.0872E-02  3.8642E-01  3.3465E-01  7.7922E-01 -3.3337E-01
  2.0003E-01 -1.0326E+00  2.0848E-02  3.8593E-01  3.3465E-01  7.7923E-01 -3.3337E-01
  2.0150E-01 -1.0277E+00  2.0823E-02  3.8544E-01  3.3465E-01  7.7923E-01 -3.3336E-01
  2.0297E-01 -1.0228E+00  2.0798E-02  3.8495E-01  3.3465E-01  7.7923E-01 -3.3336E-01
  2.0444E-01 -1.0179E+00  2.0774E-02  3.8446E-01  3.3464E-01  7.7923E-01 -3.3335E-01
  2.0591E-01 -1.0130E+00  2.0749E-02  3.8397E-01  3.3464E-01  7.7924E-01 -3.3335E-01
  2.0738E-01 -1.0081E+00  2.0724E-02  3.8348E-01  3.3464E-01  7.7924E-01 -3.3334E-01
  2.0884E-01 -1.0032E+00  2.0699E-02  3.8299E-01  3.3464E-01  7.7924E-01 -3.3334E-01
  2.1031E-01 -9.9828E-01  2.0675E-02  3.8250E-01  3.3464E-01  7.7925E-01 -3.3333E-01
  2.1189E-01 -9.9302E-01  2.0648E-02  3.8198E-01  3.3464E-01  7.7925E-01 -3.3333E-01
  2.1336E-01 -9.8812E-01  2.0623E-02  3.8149E-01  3.3463E-01  7.7925E-01 -3.3332E-01
  2.1483E-01 -9.8322E-01  2.0599E-02  3.8100E-01  3.3463E-01  7.7925E-01 -3.3332E-01
  2.1630E-01 -9.7832E-01  2.0574E-02  3.8051E-01  3.3463E-01  7.7926E-01 -3.3331E-01
  2.1777E-01 -9.7342E-01  2.0549E-02  3.8002E-01  3.3463E-01  7.7926E-01 -3.3331E-01
  2.1924E-01 -9.6852E-01  2.0525E-02  3.7953E-01  3.3463E-01  7.7926E-01 -3.3330E-01
  2.2070E-01 -9.6362E-01  2.0500E-02  3.7904E-01  3.3462E-01  7.7927E-01 -3.3330E-01
  2.2217E-01 -9.5872E-01  2.0475E-02  3.7855E-01  3.3462E-01  7.7927E-01 -3.3329E-01
  2.2364E-01 -9.5382E-01  2.0450E-02  3.7806E-01  3.3462E-01  7.7927E-01 -3.3329E-01
  2.2522E-01 -9.4855E-01  2.0424E-02  3.7753E-01  3.3462E-01  7.7928E-01 -3.3328E-01
  2.2669E-01 -9.4365E-01  2.0399E-02  3.7704E-01  3.3462E-01  7.7928E-01 -3.3327E-01
  2.2816E-01 -9.3875E-01  2.0374E-02  3.7655E-01  3.3462E-01  7.7928E-01 -3.3327E-01
  2.2963E-01 -9.3385E-01  2.0350E-02  3.7606E-01  3.3461E-01  7.7928E-01 -3.3326E-01
  2.3110E-01 -9.2895E-01  2.0325E-02  3.7557E-01  3.3461E-01  7.7929E-01 -3.3326E-01
  2.3256E-01 -9.2405E-01  2.0300E-02  3.7508E-01  3.3461E-01  7.7929E-01 -3.3325E-01
  2.3403E-01 -9.1915E-01  2.0276E-02  3.7459E-01  3.3461E-01  7.7929E-01 -3.3325E-01
  2.3550E-01 -9.1425E-01  2.0251E-02  3.7410E-01  3.3461E-01  7.7930E-01 -3.3324E-01
  2.3697E-01 -9.0935E-01  2.0226E-02  3.7361E-01  3.3461E-01  7.7930E-01 -3.3324E-01
  2.3855E-01 -9.0409E-01  2.0200E-02  3.7309E-01  3.3460E-01  7.7930E-01 -3.3323E-01
  2.4002E-01 -8.9919E-01  2.0175E-02  3.7260E-01  3.3460E-01  7.7931E-01 -3.3323E-01
  2.4149E-01 -8.9429E-01  2.0150E-02  3.7211E-01  3.3460E-01  7.7931E-01 -3.3322E-01
  2.4295E-01 -8.8939E-01  2.0125E-02  3.7162E-01  3.3460E-01  7.7931E-01 -3.3322E-01
  2.4442E-01 -8.8449E-01  2.0101E-02  3.7113E-01  3.3460E-01  7.7932E-01 -3.3321E-01
  2.4589E-01 -8.7959E-01  2.0076E-02  3.7064E-01  3.3460E-01  7.7932E-01 -3.3321E-01
  2.4736E-01 -8.7469E-01  2.0051E-02  3.7015E-01  3.3459E-01  7.7932E-01 -3.3320E-01
  2.4883E-01 -8.6979E-01  2.0027E-02  3.6966E-01  3.3459E-01  7.7932E-01 -3.3319E-01
  2.5030E-01 -8.6489E-01  2.0002E-02  3.6917E-01  3.3459E-01  7.7933E-01 -3.3319E-01
  2.5188E-01 -8.5962E-01  1.9975E-02  3.6864E-01  3.3459E-01  7.7933E-01 -3.3318E-01
  2.5335E-01 -8.5472E-01  1.9951E-02  3.6815E-01  3.3459E-01  7.7933E-01 -3.3318E-01
  2.5481E-01 -8.4982E-01  1.9926E-02  3.6766E-01  3.3459E-01  7.7934E-01 -3.3317E-01
  2.5628E-01 -8.4492E-01  1.9901E-02  3.6717E-01  3.3458E-01  7.7934E-01 -3.3317E-01
  2.5775E-01 -8.4002E-01  1.9876E-02  3.6668E-01  3.3458E-01  7.7934E-01 -3.3316E-01
  2.5922E-01 -8.3512E-01  1.9852E-02  3.6620E-01  3.3458E-01  7.7935E-01 -3.3316E-01
  2.6069E-01 -8.3022E-01  1.9827E-02  3.6571E-01  3.3458E-01  7.7935E-01 -3.3315E-01
  2.6216E-01 -8.2532E-01  1.9802E-02  3.6522E-01  3.3458E-01  7.7935E-01 -3.3315E-01
  2.6363E-01 -8.2042E-01  1.9778E-02  3.6473E-01  3.3458E-01  7.7936E-01 -3.3314E-01
  2.6521E-01 -8.1516E-01  1.9751E-02  3.6420E-01  3.3457E-01  7.7936E-01 -3.3313E-01
  2.6667E-01 -8.1026E-01  1.9726E-02  3.6371E-01  3.3457E-01  7.7936E-01 -3.3313E-01
  2.6814E-01 -8.0536E-01  1.9702E-02  3.6322E-01  3.3457E-01  7.7937E-01 -3.3312E-01
  2.6961E-01 -8.0046E-01  1.9677E-02  3.6273E-01  3.3457E-01  7.7937E-01 -3.3312E-01
  2.7108E-01 -7.9556E-01  1.9652E-02  3.6224E-01  3.3457E-01  7.7937E-01 -3.3311E-01
  2.7255E-01 -7.9066E-01  1.9627E-02  3.6175E-01  3.3457E-01  7.7938E-01 -3.3311E-01
  2.7402E-01 -7.8576E-01  1.9603E-02  3.6126E-01  3.3456E-01  7.7938E-01 -3.3310E-01
  2.7549E-01 -7.8086E-01  1.9578E-02  3.6077E-01  3.3456E-01  7.7938E-01 -3.3310E-01
  2.7696E-01 -7.7596E-01  1.9553E-02  3.6028E-01  3.3456E-01  7.7939E-01 -3.3309E-01
  2.7853E-01 -7.7069E-01  1.9527E-02  3.5976E-01  3.3456E-01  7.7939E-01 -3.3308E-01
  2.8000E-01 -7.6579E-01  1.9502E-02  3.5927E-01  3.3456E-01  7.7940E-01 -3.3308E-01
  2.8147E-01 -7.6089E-01  1.9477E-02  3.5878E-01  3.3456E-01  7.7940E-01 -3.3307E-01
  2.8294E-01 -7.5599E-01  1.9453E-02  3.5829E-01  3.3456E-01  7.7940E-01 -3.3307E-01
  2.8441E-01 -7.5109E-01  1.9428E-02  3.5780E-01  3.3455E-01  7.7941E-01 -3.3306E-01
  2.8588E-01 -7.4619E-01  1.9403E-02  3.5731E-01  3.3455E-01  7.7941E-01 -3.3306E-01
  2.8735E-01 -7.4129E-01  1.9378E-02  3.5682E-01  3.3455E-01  7.7941E-01 -3.3305E-01
  2.8882E-01 -7.3639E-01  1.9354E-02  3.5633E-01  3.3455E-01  7.7942E-01 -3.3304E-01
  2.9028E-01 -7.3149E-01  1.9329E-02  3.5584E-01  3.3455E-01  7.7942E-01 -3.3304E-01
  2.9186E-01 -7.2623E-01  1.9302E-02  3.5532E-01  3.3455E-01  7.7942E-01 -3.3303E-01
  2.9333E-01 -7.2133E-01  1.9278E-02  3.5483E-01  3.3454E-01  7.7943E-01 -3.3303E-01
  2.9480E-01 -7.1643E-01  1.9253E-02  3.5434E-01  3.3454E-01  7.7943E-01 -3.3302E-01
  2.9627E-01 -7.1153E-01  1.9228E-02  3.5385E-01  3.3454E-01  7.7943E-01 -3.3301E-01
  2.9774E-01 -7.0663E-01  1.9204E-02  3.5336E-01  3.3454E-01  7.7944E-01 -3.3301E-01
  2.9921E-01 -7.0173E-01  1.9179E-02  3.5287E-01  3.3454E-01  7.7944E-01 -3.3300E-01
  3.0068E-01 -6.9683E-01  1.9154E-02  3.5238E-01  3.3454E-01  7.7945E-01 -3.3300E-01
  3.0214E-01 -6.9193E-01  1.9129E-02  3.5189E-01  3.3454E-01  7.7945E-01 -3.3299E-01
  3.0361E-01 -6.8703E-01  1.9105E-02  3.5140E-01  3.3453E-01  7.7945E-01 -3.3299E-01
  3.0519E-01 -6.8177E-01  1.9078E-02  3.5088E-01  3.3453E-01  7.7946E-01 -3.3298E-01
  3.0666E-01 -6.7687E-01  1.9053E-02  3.5039E-01  3.3453E-01  7.7946E-01 -3.3297E-01
  3.0813E-01 -6.7197E-01  1.9029E-02  3.4990E-01  3.3453E-01  7.7946E-01 -3.3297E-01
  3.0960E-01 -6.6707E-01  1.9004E-02  3.4941E-01  3.3453E-01  7.7947E-01 -3.3296E-01
  3.1002E-01 -6.6567E-01  1.8997E-02  3.4927E-01  3.3453E-01  7.7947E-01 -3.3296E-01
  3.1107E-01 -6.6217E-01  1.8979E-02  3.4892E-01  3.3453E-01  7.7947E-01 -3.3296E-01
  3.1254E-01 -6.5727E-01  1.8954E-02  3.4843E-01  3.3453E-01  7.7948E-01 -3.3295E-01
  3.1400E-01 -6.5237E-01  1.8930E-02  3.4794E-01  3.3452E-01  7.7948E-01 -3.3294E-01
  3.1547E-01 -6.4747E-01  1.8905E-02  3.4745E-01  3.3452E-01  7.7948E-01 -3.3294E-01
  3.1694E-01 -6.4257E-01  1.8880E-02  3.4696E-01  3.3452E-01  7.7953E-01 -3.3293E-01
  3.1852E-01 -6.3730E-01  1.8854E-02  3.4644E-01  3.3445E-01  7.7945E-01 -3.3286E-01
  3.1999E-01 -6.3240E-01  1.8829E-02  3.4595E-01  3.3430E-01  7.7936E-01 -3.3270E-01
  3.2146E-01 -6.2750E-01  1.8804E-02  3.4546E-01  3.3403E-01  7.7926E-01 -3.3243E-01
  3.2293E-01 -6.2260E-01  1.8780E-02  3.4497E-01  3.3356E-01  7.7909E-01 -3.3195E-01
  3.2439E-01 -6.1770E-01  1.8755E-02  3.4448E-01  3.3272E-01  7.7882E-01 -3.3110E-01
  3.2586E-01 -6.1280E-01  1.8731E-02  3.4400E-01  3.3125E-01  7.7843E-01 -3.2962E-01
  3.2733E-01 -6.0790E-01  1.8706E-02  3.4351E-01  3.2873E-01  7.7800E-01 -3.2709E-01
  3.2880E-01 -6.0300E-01  1.8682E-02  3.4304E-01  3.2453E-01  7.7785E-01 -3.2286E-01
  3.3027E-01 -5.9810E-01  1.8658E-02  3.4257E-01  3.1785E-01  7.7870E-01 -3.1614E-01
  3.3185E-01 -5.9284E-01  1.8634E-02  3.4207E-01  3.0699E-01  7.8185E-01 -3.0520E-01
  3.3332E-01 -5.8794E-01  1.8612E-02  3.4164E-01  2.9288E-01  7.8727E-01 -2.9097E-01
  3.3479E-01 -5.8304E-01  1.8591E-02  3.4122E-01  2.7494E-01  7.9419E-01 -2.7286E-01
  3.3625E-01 -5.7814E-01  1.8572E-02  3.4084E-01  2.5376E-01  8.0095E-01 -2.5146E-01
  3.3772E-01 -5.7324E-01  1.8555E-02  3.4048E-01  2.3018E-01  8.0634E-01 -2.2760E-01
  3.3919E-01 -5.6834E-01  1.8539E-02  3.4017E-01  2.0502E-01  8.1009E-01 -2.0210E-01
  3.4066E-01 -5.6344E-01  1.8526E-02  3.3989E-01  1.7895E-01  8.1246E-01 -1.7557E-01
  3.4213E-01 -5.5854E-01  1.8515E-02  3.3965E-01  1.5244E-01  8.1388E-01 -1.4844E-01
  3.4360E-01 -5.5364E-01  1.8506E-02  3.3945E-01  1.2586E-01  8.1470E-01 -1.2096E-01
  3.4518E-01 -5.4837E-01  1.8499E-02  3.3929E-01  9.7656E-02  8.1519E-01 -9.1236E-02
  3.4665E-01 -5.4347E-01  1.8494E-02  3.3917E-01  7.2398E-02  8.1550E-01 -6.3460E-02
  3.4811E-01 -5.3857E-01  1.8492E-02  3.3910E-01  4.9836E-02  8.1576E-01 -3.5609E-02
  3.4958E-01 -5.3367E-01  1.8492E-02  3.3907E-01  3.5711E-02  8.1575E-01 -7.7135E-03
  3.5105E-01 -5.2877E-01  1.8495E-02  3.3908E-01  4.0289E-02  8.1575E-01  2.0187E-02
  3.5252E-01 -5.2387E-01  1.8499E-02  3.3913E-01  5.9396E-02  8.1575E-01  4.8089E-02
  3.5399E-01 -5.1897E-01  1.8506E-02  3.3922E-01  8.3608E-02  8.1574E-01  7.5997E-02
  3.5546E-01 -5.1407E-01  1.8515E-02  3.3935E-01  1.0960E-01  8.1574E-01  1.0391E-01
  3.5693E-01 -5.0917E-01  1.8527E-02  3.3953E-01  1.3637E-01  8.1574E-01  1.3184E-01
  3.5851E-01 -5.0391E-01  1.8541E-02  3.3976E-01  1.6556E-01  8.1573E-01  1.6187E-01
  3.5997E-01 -4.9901E-01  1.8557E-02  3.4002E-01  1.9299E-01  8.1572E-01  1.8983E-01
  3.6144E-01 -4.9411E-01  1.8575E-02  3.4032E-01  2.2058E-01  8.1571E-01  2.1782E-01
  3.6291E-01 -4.8921E-01  1.8596E-02  3.4066E-01  2.4828E-01  8.1570E-01  2.4584E-01
  3.6438E-01 -4.8431E-01  1.8618E-02  3.4104E-01  2.7607E-01  8.1569E-01  2.7389E-01
  3.6585E-01 -4.7941E-01  1.8643E-02  3.4146E-01  3.0394E-01  8.1568E-01  3.0196E-01
  3.6732E-01 -4.7451E-01  1.8671E-02  3.4193E-01  3.3189E-01  8.1566E-01  3.3008E-01
  3.6879E-01 -4.6961E-01  1.8700E-02  3.4243E-01  3.5989E-01  8.1564E-01  3.5824E-01
  3.7026E-01 -4.6471E-01  1.8732E-02  3.4298E-01  3.8797E-01  8.1561E-01  3.8643E-01
  3.7183E-01 -4.5945E-01  1.8768E-02  3.4361E-01  4.1820E-01  8.1559E-01  4.1678E-01
  3.7330E-01 -4.5455E-01  1.8805E-02  3.4425E-01  4.4640E-01  8.1556E-01  4.4508E-01
  3.7477E-01 -4.4965E-01  1.8843E-02  3.4492E-01  4.7467E-01  8.1552E-01  4.7343E-01
  3.7624E-01 -4.4475E-01  1.8884E-02  3.4564E-01  5.0301E-01  8.1548E-01  5.0184E-01
  3.7771E-01 -4.3985E-01  1.8928E-02  3.4640E-01  5.3141E-01  8.1544E-01  5.3031E-01
  3.7918E-01 -4.3495E-01  1.8973E-02  3.4720E-01  5.5988E-01  8.1539E-01  5.5885E-01
  3.8065E-01 -4.3005E-01  1.9021E-02  3.4804E-01  5.8843E-01  8.1534E-01  5.8745E-01
  3.8212E-01 -4.2515E-01  1.9071E-02  3.4892E-01  6.1705E-01  8.1528E-01  6.1612E-01
  3.8358E-01 -4.2025E-01  1.9124E-02  3.4985E-01  6.4576E-01  8.1522E-01  6.4487E-01
  3.8516E-01 -4.1498E-01  1.9183E-02  3.5089E-01  6.7668E-01  8.1515E-01  6.7584E-01
  3.8663E-01 -4.1008E-01  1.9240E-02  3.5191E-01  7.0556E-01  8.1507E-01  7.0476E-01
  3.8810E-01 -4.0518E-01  1.9299E-02  3.5296E-01  7.3452E-01  8.1499E-01  7.3376E-01
  3.8957E-01 -4.0028E-01  1.9361E-02  3.5406E-01  7.6357E-01  8.1491E-01  7.6284E-01
  3.9104E-01 -3.9538E-01  1.9426E-02  3.5521E-01  7.9272E-01  8.1481E-01  7.9202E-01
  3.9251E-01 -3.9048E-01  1.9492E-02  3.5639E-01  8.2197E-01  8.1471E-01  8.2130E-01
  3.9398E-01 -3.8558E-01  1.9561E-02  3.5762E-01  8.5132E-01  8.1461E-01  8.5067E-01
  3.9544E-01 -3.8068E-01  1.9633E-02  3.5889E-01  8.8077E-01  8.1449E-01  8.8015E-01
  3.9691E-01 -3.7578E-01  1.9706E-02  3.6021E-01  9.1033E-01  8.1437E-01  9.0974E-01
  3.9849E-01 -3.7052E-01  1.9788E-02  3.6167E-01  9.4221E-01  8.1423E-01  9.4164E-01
  3.9996E-01 -3.6562E-01  1.9867E-02  3.6308E-01  9.7200E-01  8.1409E-01  9.7146E-01
  4.0143E-01 -3.6072E-01  1.9948E-02  3.6452E-01  1.0019E+00  8.1395E-01  1.0014E+00
  4.0290E-01 -3.5582E-01  2.0031E-02  3.6602E-01  1.0320E+00  8.1379E-01  1.0314E+00
  4.0437E-01 -3.5092E-01  2.0117E-02  3.6756E-01  1.0621E+00  8.1363E-01  1.0616E+00
  4.0583E-01 -3.4602E-01  2.0206E-02  3.6914E-01  1.0924E+00  8.1345E-01  1.0919E+00
  4.0730E-01 -3.4112E-01  2.0296E-02  3.7077E-01  1.1228E+00  8.1327E-01  1.1224E+00
  4.0877E-01 -3.3622E-01  2.0390E-02  3.7244E-01  1.1534E+00  8.1308E-01  1.1530E+00
  4.1024E-01 -3.3132E-01  2.0485E-02  3.7416E-01  1.1841E+00  8.1287E-01  1.1837E+00
  4.1182E-01 -3.2605E-01  2.0591E-02  3.7605E-01  1.2172E+00  8.1265E-01  1.2168E+00
  4.1329E-01 -3.2115E-01  2.0692E-02  3.7786E-01  1.2482E+00  8.1242E-01  1.2478E+00
  4.1476E-01 -3.1625E-01  2.0795E-02  3.7972E-01  1.2794E+00  8.1219E-01  1.2790E+00
  4.1623E-01 -3.1135E-01  2.0901E-02  3.8162E-01  1.3107E+00  8.1195E-01  1.3103E+00
  4.1769E-01 -3.0645E-01  2.1009E-02  3.8357E-01  1.3422E+00  8.1151E-01  1.3418E+00
  4.1916E-01 -3.0155E-01  2.1120E-02  3.8556E-01  1.3737E+00  8.1081E-01  1.3734E+00
  4.2063E-01 -2.9665E-01  2.1234E-02  3.8761E-01  1.4054E+00  8.1005E-01  1.4050E+00
  4.2210E-01 -2.9175E-01  2.1350E-02  3.8969E-01  1.4370E+00  8.0890E-01  1.4367E+00
  4.2357E-01 -2.8685E-01  2.1468E-02  3.9183E-01  1.4686E+00  8.0707E-01  1.4683E+00
  4.2515E-01 -2.8159E-01  2.1599E-02  3.9417E-01  1.5023E+00  8.0386E-01  1.5020E+00
  4.2662E-01 -2.7669E-01  2.1722E-02  3.9640E-01  1.5331E+00  7.9906E-01  1.5328E+00
  4.2809E-01 -2.7179E-01  2.1849E-02  3.9868E-01  1.5628E+00  7.9193E-01  1.5625E+00
  4.2955E-01 -2.6689E-01  2.1977E-02  4.0100E-01  1.5906E+00  7.8256E-01  1.5903E+00
  4.3102E-01 -2.6199E-01  2.2108E-02  4.0335E-01  1.6156E+00  7.7280E-01  1.6154E+00
  4.3249E-01 -2.5709E-01  2.2240E-02  4.0574E-01  1.6368E+00  7.6651E-01  1.6365E+00
  4.3396E-01 -2.5219E-01  2.2375E-02  4.0816E-01  1.6534E+00  7.6741E-01  1.6532E+00
  4.3543E-01 -2.4729E-01  2.2510E-02  4.1060E-01  1.6655E+00  7.7547E-01  1.6653E+00
  4.3690E-01 -2.4239E-01  2.2646E-02  4.1305E-01  1.6736E+00  7.8691E-01  1.6734E+00
  4.3848E-01 -2.3712E-01  2.2793E-02  4.1570E-01  1.6790E+00  7.9849E-01  1.6788E+00
  4.3995E-01 -2.3222E-01  2.2930E-02  4.1817E-01  1.6820E+00  8.0665E-01  1.6818E+00
  4.4141E-01 -2.2732E-01  2.3067E-02  4.2064E-01  1.6837E+00  8.1226E-01  1.6835E+00
  4.4288E-01 -2.2242E-01  2.3204E-02  4.2312E-01  1.6847E+00  8.1593E-01  1.6845E+00
  4.4435E-01 -2.1752E-01  2.3342E-02  4.2559E-01  1.6853E+00  8.1833E-01  1.6851E+00
  4.4582E-01 -2.1262E-01  2.3479E-02  4.2807E-01  1.6856E+00  8.1995E-01  1.6854E+00
  4.4729E-01 -2.0772E-01  2.3616E-02  4.3055E-01  1.6858E+00  8.2111E-01  1.6856E+00
  4.4876E-01 -2.0282E-01  2.3754E-02  4.3302E-01  1.6859E+00  8.2223E-01  1.6857E+00
  4.5023E-01 -1.9792E-01  2.3891E-02  4.3550E-01  1.6859E+00  8.2299E-01  1.6857E+00
  4.5181E-01 -1.9266E-01  2.4039E-02  4.3816E-01  1.6859E+00  8.2357E-01  1.6857E+00
  4.5327E-01 -1.8776E-01  2.4176E-02  4.4064E-01  1.6859E+00  8.2412E-01  1.6857E+00
  4.5474E-01 -1.8286E-01  2.4314E-02  4.4312E-01  1.6859E+00  8.2466E-01  1.6857E+00
  4.5621E-01 -1.7796E-01  2.4451E-02  4.4559E-01  1.6859E+00  8.2521E-01  1.6857E+00
  4.5768E-01 -1.7306E-01  2.4589E-02  4.4807E-01  1.6859E+00  8.2576E-01  1.6857E+00
  4.5915E-01 -1.6816E-01  2.4726E-02  4.5055E-01  1.6859E+00  8.2632E-01  1.6857E+00
  4.6062E-01 -1.6326E-01  2.4864E-02  4.5302E-01  1.6859E+00  8.2687E-01  1.6857E+00
  4.6209E-01 -1.5836E-01  2.5001E-02  4.5550E-01  1.6859E+00  8.2743E-01  1.6857E+00
  4.6356E-01 -1.5346E-01  2.5139E-02  4.5798E-01  1.6859E+00  8.2799E-01  1.6857E+00
  4.6513E-01 -1.4819E-01  2.5286E-02  4.6064E-01  1.6859E+00  8.2860E-01  1.6857E+00
  4.6660E-01 -1.4329E-01  2.5424E-02  4.6312E-01  1.6859E+00  8.2917E-01  1.6857E+00
  4.6807E-01 -1.3839E-01  2.5561E-02  4.6560E-01  1.6859E+00  8.2973E-01  1.6857E+00
  4.6954E-01 -1.3349E-01  2.5699E-02  4.6807E-01  1.6859E+00  8.3031E-01  1.6857E+00
  4.7101E-01 -1.2859E-01  2.5836E-02  4.7055E-01  1.6859E+00  8.3088E-01  1.6857E+00
  4.7248E-01 -1.2369E-01  2.5973E-02  4.7303E-01  1.6859E+00  8.3146E-01  1.6857E+00
  4.7395E-01 -1.1879E-01  2.6111E-02  4.7550E-01  1.6859E+00  8.3203E-01  1.6857E+00
  4.7542E-01 -1.1389E-01  2.6248E-02  4.7798E-01  1.6859E+00  8.3261E-01  1.6857E+00
  4.7688E-01 -1.0899E-01  2.6386E-02  4.8046E-01  1.6859E+00  8.3320E-01  1.6857E+00
  4.7846E-01 -1.0373E-01  2.6533E-02  4.8312E-01  1.6859E+00  8.3383E-01  1.6857E+00
  4.7993E-01 -9.8827E-02  2.6671E-02  4.8560E-01  1.6859E+00  8.3442E-01  1.6857E+00
  4.8140E-01 -9.3927E-02  2.6808E-02  4.8807E-01  1.6859E+00  8.3501E-01  1.6857E+00
  4.8287E-01 -8.9027E-02  2.6946E-02  4.9055E-01  1.6859E+00  8.3560E-01  1.6857E+00
  4.8434E-01 -8.4127E-02  2.7083E-02  4.9303E-01  1.6859E+00  8.3620E-01  1.6857E+00
  4.8581E-01 -7.9227E-02  2.7221E-02  4.9551E-01  1.6859E+00  8.3679E-01  1.6857E+00
  4.8727E-01 -7.4327E-02  2.7358E-02  4.9798E-01  1.6859E+00  8.3739E-01  1.6857E+00
  4.8874E-01 -6.9427E-02  2.7496E-02  5.0046E-01  1.6859E+00  8.3800E-01  1.6858E+00
  4.9021E-01 -6.4527E-02  2.7633E-02  5.0294E-01  1.6859E+00  8.3860E-01  1.6858E+00
  4.9179E-01 -5.9262E-02  2.7781E-02  5.0560E-01  1.6859E+00  8.3925E-01  1.6858E+00
  4.9326E-01 -5.4362E-02  2.7918E-02  5.0808E-01  1.6859E+00  8.3986E-01  1.6858E+00
  4.9473E-01 -4.9462E-02  2.8056E-02  5.1055E-01  1.6859E+00  8.4048E-01  1.6858E+00
  4.9620E-01 -4.4562E-02  2.8193E-02  5.1303E-01  1.6859E+00  8.4109E-01  1.6858E+00
  4.9767E-01 -3.9662E-02  2.8330E-02  5.1551E-01  1.6859E+00  8.4171E-01  1.6858E+00
  4.9913E-01 -3.4762E-02  2.8468E-02  5.1799E-01  1.6859E+00  8.4233E-01  1.6858E+00
  5.0060E-01 -2.9862E-02  2.8605E-02  5.2046E-01  1.6859E+00  8.4295E-01  1.6858E+00
  5.0207E-01 -2.4962E-02  2.8743E-02  5.2294E-01  1.6859E+00  8.4357E-01  1.6858E+00
  5.0354E-01 -2.0062E-02  2.8880E-02  5.2542E-01  1.6859E+00  8.4420E-01  1.6858E+00
  5.0512E-01 -1.4797E-02  2.9028E-02  5.2808E-01  1.6859E+00  8.4488E-01  1.6858E+00
  5.0659E-01 -9.8967E-03  2.9165E-02  5.3056E-01  1.6859E+00  8.4551E-01  1.6858E+00
  5.0806E-01 -4.9967E-03  2.9303E-02  5.3304E-01  1.6859E+00  8.4614E-01  1.6858E+00
  5.0953E-01 -9.6681E-05  2.9440E-02  5.3551E-01  1.6859E+00  8.4678E-01  1.6858E+00
  5.1099E-01  4.8033E-03  2.9578E-02  5.3799E-01  1.6859E+00  8.4742E-01  1.6858E+00
  5.1246E-01  9.7033E-03  2.9715E-02  5.4047E-01  1.6859E+00  8.4806E-01  1.6858E+00
  5.1393E-01  1.4603E-02  2.9853E-02  5.4294E-01  1.6860E+00  8.4870E-01  1.6858E+00
  5.1540E-01  1.9503E-02  2.9990E-02  5.4542E-01  1.6860E+00  8.4934E-01  1.6858E+00
  5.1687E-01  2.4403E-02  3.0127E-02  5.4790E-01  1.6860E+00  8.4999E-01  1.6858E+00
  5.1845E-01  2.9669E-02  3.0275E-02  5.5056E-01  1.6860E+00  8.5069E-01  1.6858E+00
  5.1992E-01  3.4569E-02  3.0413E-02  5.5304E-01  1.6860E+00  8.5134E-01  1.6858E+00
  5.2139E-01  3.9469E-02  3.0550E-02  5.5552E-01  1.6860E+00  8.5200E-01  1.6858E+00
  5.2285E-01  4.4369E-02  3.0687E-02  5.5799E-01  1.6860E+00  8.5265E-01  1.6858E+00
  5.2432E-01  4.9269E-02  3.0825E-02  5.6047E-01  1.6860E+00  8.5331E-01  1.6858E+00
  5.2579E-01  5.4169E-02  3.0962E-02  5.6295E-01  1.6860E+00  8.5397E-01  1.6858E+00
  5.2726E-01  5.9069E-02  3.1100E-02  5.6543E-01  1.6860E+00  8.5464E-01  1.6858E+00
  5.2873E-01  6.3969E-02  3.1237E-02  5.6790E-01  1.6860E+00  8.5530E-01  1.6858E+00
  5.3020E-01  6.8869E-02  3.1375E-02  5.7038E-01  1.6860E+00  8.5597E-01  1.6858E+00
  5.3178E-01  7.4134E-02  3.1522E-02  5.7304E-01  1.6860E+00  8.5669E-01  1.6858E+00
  5.3325E-01  7.9034E-02  3.1660E-02  5.7552E-01  1.6860E+00  8.5736E-01  1.6858E+00
  5.3471E-01  8.3934E-02  3.1797E-02  5.7800E-01  1.6860E+00  8.5804E-01  1.6858E+00
  5.3618E-01  8.8834E-02  3.1935E-02  5.8047E-01  1.6860E+00  8.5872E-01  1.6858E+00
  5.3765E-01  9.3734E-02  3.2072E-02  5.8295E-01  1.6860E+00  8.5940E-01  1.6858E+00
  5.3912E-01  9.8634E-02  3.2210E-02  5.8543E-01  1.6860E+00  8.6008E-01  1.6858E+00
  5.4059E-01  1.0353E-01  3.2347E-02  5.8791E-01  1.6860E+00  8.6076E-01  1.6858E+00
  5.4206E-01  1.0843E-01  3.2484E-02  5.9038E-01  1.6860E+00  8.6145E-01  1.6858E+00
  5.4353E-01  1.1333E-01  3.2622E-02  5.9286E-01  1.6860E+00  8.6213E-01  1.6858E+00
  5.4510E-01  1.1860E-01  3.2770E-02  5.9552E-01  1.6860E+00  8.6288E-01  1.6859E+00
  5.4657E-01  1.2350E-01  3.2907E-02  5.9800E-01  1.6860E+00  8.6357E-01  1.6859E+00
  5.4804E-01  1.2840E-01  3.3044E-02  6.0048E-01  1.6860E+00  8.6426E-01  1.6859E+00
  5.4951E-01  1.3330E-01  3.3182E-02  6.0296E-01  1.6860E+00  8.6496E-01  1.6859E+00
  5.5098E-01  1.3820E-01  3.3319E-02  6.0543E-01  1.6860E+00  8.6566E-01  1.6859E+00
  5.5245E-01  1.4310E-01  3.3457E-02  6.0791E-01  1.6860E+00  8.6636E-01  1.6859E+00
  5.5392E-01  1.4800E-01  3.3594E-02  6.1039E-01  1.6860E+00  8.6706E-01  1.6859E+00
  5.5539E-01  1.5290E-01  3.3732E-02  6.1287E-01  1.6860E+00  8.6777E-01  1.6859E+00
  5.5686E-01  1.5780E-01  3.3869E-02  6.1534E-01  1.6860E+00  8.6848E-01  1.6859E+00
  5.5843E-01  1.6306E-01  3.4017E-02  6.1800E-01  1.6860E+00  8.6924E-01  1.6859E+00
  5.5990E-01  1.6796E-01  3.4154E-02  6.2048E-01  1.6860E+00  8.6995E-01  1.6859E+00
  5.6137E-01  1.7286E-01  3.4292E-02  6.2296E-01  1.6860E+00  8.7067E-01  1.6859E+00
  5.6284E-01  1.7776E-01  3.4429E-02  6.2544E-01  1.6860E+00  8.7138E-01  1.6859E+00
  5.6431E-01  1.8266E-01  3.4567E-02  6.2791E-01  1.6860E+00  8.7210E-01  1.6859E+00
  5.6578E-01  1.8756E-01  3.4704E-02  6.3039E-01  1.6860E+00  8.7282E-01  1.6859E+00
  5.6725E-01  1.9246E-01  3.4841E-02  6.3287E-01  1.6860E+00  8.7355E-01  1.6859E+00
  5.6871E-01  1.9736E-01  3.4979E-02  6.3535E-01  1.6860E+00  8.7427E-01  1.6859E+00
  5.7018E-01  2.0226E-01  3.5116E-02  6.3782E-01  1.6860E+00  8.7500E-01  1.6859E+00
  5.7176E-01  2.0753E-01  3.5264E-02  6.4049E-01  1.6860E+00  8.7578E-01  1.6859E+00
  5.7323E-01  2.1243E-01  3.5402E-02  6.4296E-01  1.6860E+00  8.7651E-01  1.6859E+00
  5.7470E-01  2.1733E-01  3.5539E-02  6.4544E-01  1.6860E+00  8.7725E-01  1.6859E+00
  5.7617E-01  2.2223E-01  3.5676E-02  6.4792E-01  1.6860E+00  8.7798E-01  1.6859E+00
  5.7764E-01  2.2713E-01  3.5814E-02  6.5040E-01  1.6860E+00  8.7872E-01  1.6859E+00
  5.7911E-01  2.3203E-01  3.5951E-02  6.5287E-01  1.6860E+00  8.7946E-01  1.6859E+00
  5.8057E-01  2.3693E-01  3.6089E-02  6.5535E-01  1.6860E+00  8.8020E-01  1.6859E+00
  5.8204E-01  2.4183E-01  3.6226E-02  6.5783E-01  1.6860E+00  8.8094E-01  1.6859E+00
  5.8351E-01  2.4673E-01  3.6364E-02  6.6031E-01  1.6860E+00  8.8169E-01  1.6859E+00
  5.8509E-01  2.5199E-01  3.6511E-02  6.6297E-01  1.6860E+00  8.8249E-01  1.6859E+00
  5.8656E-01  2.5689E-01  3.6649E-02  6.6545E-01  1.6860E+00  8.8324E-01  1.6859E+00
  5.8803E-01  2.6179E-01  3.6786E-02  6.6792E-01  1.6860E+00  8.8399E-01  1.6859E+00
  5.8950E-01  2.6669E-01  3.6924E-02  6.7040E-01  1.6860E+00  8.8475E-01  1.6859E+00
  5.9097E-01  2.7159E-01  3.7061E-02  6.7288E-01  1.6860E+00  8.8550E-01  1.6859E+00
  5.9243E-01  2.7649E-01  3.7199E-02  6.7536E-01  1.6860E+00  8.8626E-01  1.6859E+00
  5.9390E-01  2.8139E-01  3.7336E-02  6.7783E-01  1.6860E+00  8.8702E-01  1.6859E+00
  5.9537E-01  2.8629E-01  3.7473E-02  6.8031E-01  1.6860E+00  8.8778E-01  1.6859E+00
  5.9684E-01  2.9119E-01  3.7611E-02  6.8279E-01  1.6860E+00  8.8855E-01  1.6859E+00
  5.9842E-01  2.9646E-01  3.7759E-02  6.8545E-01  1.6860E+00  8.8937E-01  1.6859E+00
  5.9989E-01  3.0136E-01  3.7896E-02  6.8793E-01  1.6860E+00  8.9014E-01  1.6859E+00
  6.0136E-01  3.0626E-01  3.8033E-02  6.9041E-01  1.6860E+00  8.9091E-01  1.6859E+00
  6.0283E-01  3.1116E-01  3.8171E-02  6.9288E-01  1.6860E+00  8.9168E-01  1.6859E+00
  6.0429E-01  3.1606E-01  3.8308E-02  6.9536E-01  1.6860E+00  8.9246E-01  1.6859E+00
  6.0576E-01  3.2096E-01  3.8446E-02  6.9784E-01  1.6860E+00  8.9323E-01  1.6859E+00
  6.0723E-01  3.2586E-01  3.8583E-02  7.0032E-01  1.6860E+00  8.9440E-01  1.6859E+00
  6.0870E-01  3.3076E-01  3.8721E-02  7.0279E-01  1.6859E+00  8.9711E-01  1.6858E+00
  6.1017E-01  3.3566E-01  3.8858E-02  7.0527E-01  1.6856E+00  8.9997E-01  1.6855E+00
  6.1175E-01  3.4093E-01  3.9006E-02  7.0793E-01  1.6850E+00  9.0478E-01  1.6849E+00
  6.1322E-01  3.4583E-01  3.9143E-02  7.1041E-01  1.6840E+00  9.1243E-01  1.6839E+00
  6.1469E-01  3.5073E-01  3.9280E-02  7.1288E-01  1.6823E+00  9.2578E-01  1.6822E+00
  6.1615E-01  3.5563E-01  3.9417E-02  7.1535E-01  1.6792E+00  9.4948E-01  1.6791E+00
  6.1762E-01  3.6053E-01  3.9554E-02  7.1781E-01  1.6739E+00  9.9143E-01  1.6738E+00
  6.1909E-01  3.6543E-01  3.9690E-02  7.2027E-01  1.6652E+00  1.0629E+00  1.6650E+00
  6.2056E-01  3.7033E-01  3.9825E-02  7.2271E-01  1.6513E+00  1.1746E+00  1.6511E+00
  6.2203E-01  3.7523E-01  3.9959E-02  7.2512E-01  1.6308E+00  1.3260E+00  1.6306E+00
  6.2350E-01  3.8013E-01  4.0091E-02  7.2749E-01  1.6027E+00  1.4983E+00  1.6024E+00
  6.2508E-01  3.8539E-01  4.0230E-02  7.2999E-01  1.5643E+00  1.6726E+00  1.5639E+00
  6.2654E-01  3.9029E-01  4.0356E-02  7.3226E-01  1.5220E+00  1.8016E+00  1.5216E+00
  6.2801E-01  3.9519E-01  4.0478E-02  7.3446E-01  1.4752E+00  1.8925E+00  1.4747E+00
  6.2948E-01  4.0009E-01  4.0597E-02  7.3659E-01  1.4252E+00  1.9514E+00  1.4247E+00
  6.3095E-01  4.0499E-01  4.0711E-02  7.3865E-01  1.3733E+00  1.9875E+00  1.3727E+00
  6.3242E-01  4.0989E-01  4.0821E-02  7.4063E-01  1.3201E+00  2.0090E+00  1.3195E+00
  6.3389E-01  4.1479E-01  4.0927E-02  7.4253E-01  1.2661E+00  2.0216E+00  1.2655E+00
  6.3536E-01  4.1969E-01  4.1028E-02  7.4435E-01  1.2117E+00  2.0290E+00  1.2111E+00
  6.3683E-01  4.2459E-01  4.1125E-02  7.4609E-01  1.1569E+00  2.0339E+00  1.1563E+00
  6.3840E-01  4.2986E-01  4.1225E-02  7.4786E-01  1.0978E+00  2.0384E+00  1.0971E+00
  6.3987E-01  4.3476E-01  4.1312E-02  7.4944E-01  1.0425E+00  2.0394E+00  1.0418E+00
  6.4134E-01  4.3966E-01  4.1395E-02  7.5093E-01  9.8712E-01  2.0398E+00  9.8633E-01
  6.4281E-01  4.4456E-01  4.1474E-02  7.5233E-01  9.3164E-01  2.0403E+00  9.3081E-01
  6.4428E-01  4.4946E-01  4.1548E-02  7.5366E-01  8.7606E-01  2.0406E+00  8.7518E-01
  6.4575E-01  4.5436E-01  4.1618E-02  7.5491E-01  8.2039E-01  2.0409E+00  8.1946E-01
  6.4722E-01  4.5926E-01  4.1683E-02  7.5607E-01  7.6465E-01  2.0412E+00  7.6365E-01
  6.4869E-01  4.6416E-01  4.1744E-02  7.5715E-01  7.0883E-01  2.0414E+00  7.0775E-01
  6.5016E-01  4.6906E-01  4.1800E-02  7.5815E-01  6.5295E-01  2.0416E+00  6.5178E-01
  6.5173E-01  4.7432E-01  4.1855E-02  7.5913E-01  5.9284E-01  2.0418E+00  5.9156E-01
  6.5320E-01  4.7922E-01  4.1902E-02  7.5996E-01  5.3686E-01  2.0419E+00  5.3545E-01
  6.5467E-01  4.8412E-01  4.1944E-02  7.6070E-01  4.8086E-01  2.0420E+00  4.7928E-01
  6.5614E-01  4.8902E-01  4.1981E-02  7.6137E-01  4.2484E-01  2.0421E+00  4.2306E-01
  6.5761E-01  4.9392E-01  4.2014E-02  7.6195E-01  3.6884E-01  2.0422E+00  3.6679E-01
  6.5908E-01  4.9882E-01  4.2043E-02  7.6244E-01  3.1290E-01  2.0422E+00  3.1048E-01
  6.6055E-01  5.0372E-01  4.2067E-02  7.6286E-01  2.5709E-01  2.0422E+00  2.5414E-01
  6.6201E-01  5.0862E-01  4.2086E-02  7.6319E-01  2.0154E-01  2.0422E+00  1.9777E-01
  6.6348E-01  5.1352E-01  4.2101E-02  7.6344E-01  1.4660E-01  2.0422E+00  1.4138E-01
  6.6506E-01  5.1879E-01  4.2112E-02  7.6361E-01  8.9595E-02  2.0422E+00  8.0777E-02
  6.6653E-01  5.2369E-01  4.2117E-02  7.6369E-01  4.5777E-02  2.0421E+00  2.4362E-02
  6.6800E-01  5.2859E-01  4.2117E-02  7.6369E-01  5.0294E-02  2.0421E+00 -3.2055E-02
  6.6947E-01  5.3349E-01  4.2114E-02  7.6360E-01  9.6587E-02  2.0421E+00 -8.8469E-02
  6.7094E-01  5.3839E-01  4.2105E-02  7.6342E-01  1.4997E-01  2.0420E+00 -1.4487E-01
  6.7241E-01  5.4329E-01  4.2092E-02  7.6317E-01  2.0496E-01  2.0420E+00 -2.0126E-01
  6.7387E-01  5.4819E-01  4.2074E-02  7.6283E-01  2.6053E-01  2.0420E+00 -2.5763E-01
  6.7534E-01  5.5309E-01  4.2052E-02  7.6241E-01  3.1636E-01  2.0420E+00 -3.1397E-01
  6.7681E-01  5.5799E-01  4.2025E-02  7.6191E-01  3.7230E-01  2.0421E+00 -3.7027E-01
  6.7839E-01  5.6325E-01  4.1992E-02  7.6128E-01  4.3248E-01  2.0421E+00 -4.3072E-01
  6.7986E-01  5.6815E-01  4.1955E-02  7.6060E-01  4.8849E-01  2.0422E+00 -4.8694E-01
  6.8133E-01  5.7305E-01  4.1915E-02  7.5984E-01  5.4449E-01  2.0423E+00 -5.4310E-01
  6.8280E-01  5.7795E-01  4.1869E-02  7.5901E-01  6.0047E-01  2.0424E+00 -5.9920E-01
  6.8427E-01  5.8285E-01  4.1819E-02  7.5808E-01  6.5640E-01  2.0426E+00 -6.5524E-01
  6.8573E-01  5.8775E-01  4.1765E-02  7.5708E-01  7.1228E-01  2.0427E+00 -7.1120E-01
  6.8720E-01  5.9265E-01  4.1706E-02  7.5599E-01  7.6809E-01  2.0430E+00 -7.6709E-01
  6.8867E-01  5.9755E-01  4.1642E-02  7.5482E-01  8.2383E-01  2.0432E+00 -8.2290E-01
  6.9014E-01  6.0245E-01  4.1574E-02  7.5357E-01  8.7949E-01  2.0435E+00 -8.7861E-01
  6.9172E-01  6.0772E-01  4.1496E-02  7.5214E-01  9.3920E-01  2.0439E+00 -9.3837E-01
  6.9319E-01  6.1262E-01  4.1419E-02  7.5072E-01  9.9467E-01  2.0443E+00 -9.9389E-01
  6.9466E-01  6.1752E-01  4.1337E-02  7.4922E-01  1.0500E+00  2.0448E+00 -1.0493E+00
  6.9613E-01  6.2242E-01  4.1251E-02  7.4763E-01  1.1053E+00  2.0453E+00 -1.1046E+00
  6.9759E-01  6.2732E-01  4.1160E-02  7.4597E-01  1.1604E+00  2.0459E+00 -1.1597E+00
  6.9906E-01  6.3222E-01  4.1065E-02  7.4423E-01  1.2154E+00  2.0465E+00 -1.2148E+00
  7.0053E-01  6.3712E-01  4.0965E-02  7.4240E-01  1.2703E+00  2.0472E+00 -1.2697E+00
  7.0200E-01  6.4202E-01  4.0861E-02  7.4049E-01  1.3251E+00  2.0480E+00 -1.3245E+00
  7.0347E-01  6.4692E-01  4.0752E-02  7.3851E-01  1.3797E+00  2.0488E+00 -1.3791E+00
  7.0505E-01  6.5218E-01  4.0630E-02  7.3628E-01  1.4382E+00  2.0498E+00 -1.4376E+00
  7.0652E-01  6.5708E-01  4.0512E-02  7.3413E-01  1.4925E+00  2.0508E+00 -1.4920E+00
  7.0799E-01  6.6198E-01  4.0390E-02  7.3190E-01  1.5466E+00  2.0505E+00 -1.5461E+00
  7.0945E-01  6.6688E-01  4.0264E-02  7.2958E-01  1.6004E+00  2.0477E+00 -1.5999E+00
  7.1092E-01  6.7178E-01  4.0133E-02  7.2719E-01  1.6539E+00  2.0445E+00 -1.6534E+00
  7.1239E-01  6.7668E-01  3.9997E-02  7.2472E-01  1.7070E+00  2.0383E+00 -1.7065E+00
  7.1386E-01  6.8158E-01  3.9858E-02  7.2218E-01  1.7594E+00  2.0265E+00 -1.7590E+00
  7.1533E-01  6.8648E-01  3.9714E-02  7.1956E-01  1.8109E+00  2.0051E+00 -1.8105E+00
  7.1680E-01  6.9138E-01  3.9566E-02  7.1686E-01  1.8609E+00  1.9681E+00 -1.8605E+00
  7.1838E-01  6.9665E-01  3.9403E-02  7.1388E-01  1.9120E+00  1.9016E+00 -1.9117E+00
  7.1984E-01  7.0155E-01  3.9247E-02  7.1104E-01  1.9558E+00  1.8063E+00 -1.9555E+00
  7.2131E-01  7.0645E-01  3.9088E-02  7.0813E-01  1.9944E+00  1.6761E+00 -1.9941E+00
  7.2278E-01  7.1135E-01  3.8925E-02  7.0518E-01  2.0263E+00  1.5209E+00 -2.0260E+00
  7.2425E-01  7.1625E-01  3.8761E-02  7.0218E-01  2.0508E+00  1.3640E+00 -2.0506E+00
  7.2572E-01  7.2115E-01  3.8595E-02  6.9916E-01  2.0681E+00  1.2302E+00 -2.0679E+00
  7.2719E-01  7.2605E-01  3.8427E-02  6.9611E-01  2.0794E+00  1.1324E+00 -2.0793E+00
  7.2866E-01  7.3095E-01  3.8259E-02  6.9305E-01  2.0865E+00  1.0690E+00 -2.0864E+00
  7.3013E-01  7.3585E-01  3.8091E-02  6.8998E-01  2.0907E+00  1.0312E+00 -2.0905E+00
  7.3170E-01  7.4111E-01  3.7909E-02  6.8667E-01  2.0932E+00  1.0087E+00 -2.0931E+00
  7.3317E-01  7.4601E-01  3.7740E-02  6.8360E-01  2.0945E+00  9.9784E-01 -2.0944E+00
  7.3464E-01  7.5091E-01  3.7571E-02  6.8052E-01  2.0952E+00  9.9238E-01 -2.0951E+00
  7.3611E-01  7.5581E-01  3.7402E-02  6.7744E-01  2.0956E+00  9.9001E-01 -2.0955E+00
  7.3758E-01  7.6071E-01  3.7232E-02  6.7436E-01  2.0959E+00  9.8917E-01 -2.0958E+00
  7.3905E-01  7.6561E-01  3.7063E-02  6.7128E-01  2.0959E+00  9.8851E-01 -2.0958E+00
  7.4052E-01  7.7051E-01  3.6894E-02  6.6820E-01  2.0959E+00  9.8964E-01 -2.0958E+00
  7.4199E-01  7.7541E-01  3.6725E-02  6.6512E-01  2.0959E+00  9.9112E-01 -2.0958E+00
  7.4345E-01  7.8031E-01  3.6555E-02  6.6204E-01  2.0959E+00  9.9261E-01 -2.0958E+00
  7.4503E-01  7.8558E-01  3.6374E-02  6.5873E-01  2.0959E+00  9.9421E-01 -2.0958E+00
  7.4650E-01  7.9048E-01  3.6204E-02  6.5565E-01  2.0959E+00  9.9571E-01 -2.0958E+00
  7.4797E-01  7.9538E-01  3.6035E-02  6.5257E-01  2.0959E+00  9.9720E-01 -2.0958E+00
  7.4944E-01  8.0028E-01  3.5866E-02  6.4949E-01  2.0959E+00  9.9871E-01 -2.0958E+00
  7.5091E-01  8.0518E-01  3.5697E-02  6.4641E-01  2.0959E+00  1.0002E+00 -2.0958E+00
  7.5238E-01  8.1008E-01  3.5527E-02  6.4333E-01  2.0959E+00  1.0017E+00 -2.0958E+00
  7.5385E-01  8.1498E-01  3.5358E-02  6.4025E-01  2.0959E+00  1.0032E+00 -2.0958E+00
  7.5531E-01  8.1988E-01  3.5189E-02  6.3717E-01  2.0959E+00  1.0047E+00 -2.0958E+00
  7.5678E-01  8.2478E-01  3.5020E-02  6.3409E-01  2.0959E+00  1.0063E+00 -2.0958E+00
  7.5836E-01  8.3004E-01  3.4838E-02  6.3078E-01  2.0959E+00  1.0079E+00 -2.0958E+00
  7.5983E-01  8.3494E-01  3.4669E-02  6.2770E-01  2.0959E+00  1.0094E+00 -2.0958E+00
  7.6130E-01  8.3984E-01  3.4499E-02  6.2462E-01  2.0959E+00  1.0109E+00 -2.0958E+00
  7.6277E-01  8.4474E-01  3.4330E-02  6.2154E-01  2.0959E+00  1.0125E+00 -2.0958E+00
  7.6424E-01  8.4964E-01  3.4161E-02  6.1846E-01  2.0959E+00  1.0140E+00 -2.0958E+00
  7.6571E-01  8.5454E-01  3.3992E-02  6.1538E-01  2.0959E+00  1.0155E+00 -2.0958E+00
  7.6717E-01  8.5944E-01  3.3822E-02  6.1230E-01  2.0959E+00  1.0171E+00 -2.0958E+00
  7.6864E-01  8.6434E-01  3.3653E-02  6.0922E-01  2.0959E+00  1.0186E+00 -2.0958E+00
  7.7011E-01  8.6924E-01  3.3484E-02  6.0614E-01  2.0959E+00  1.0202E+00 -2.0958E+00
  7.7169E-01  8.7451E-01  3.3302E-02  6.0283E-01  2.0959E+00  1.0218E+00 -2.0958E+00
  7.7316E-01  8.7941E-01  3.3133E-02  5.9975E-01  2.0959E+00  1.0234E+00 -2.0958E+00
  7.7463E-01  8.8431E-01  3.2964E-02  5.9667E-01  2.0959E+00  1.0250E+00 -2.0958E+00
  7.7610E-01  8.8921E-01  3.2794E-02  5.9359E-01  2.0959E+00  1.0265E+00 -2.0957E+00
  7.7757E-01  8.9411E-01  3.2625E-02  5.9051E-01  2.0959E+00  1.0281E+00 -2.0957E+00
  7.7903E-01  8.9901E-01  3.2456E-02  5.8744E-01  2.0959E+00  1.0296E+00 -2.0957E+00
  7.8050E-01  9.0391E-01  3.2287E-02  5.8436E-01  2.0959E+00  1.0312E+00 -2.0957E+00
  7.8197E-01  9.0881E-01  3.2117E-02  5.8128E-01  2.0959E+00  1.0328E+00 -2.0957E+00
  7.8344E-01  9.1371E-01  3.1948E-02  5.7820E-01  2.0959E+00  1.0344E+00 -2.0957E+00
  7.8502E-01  9.1897E-01  3.1766E-02  5.7489E-01  2.0959E+00  1.0361E+00 -2.0957E+00
  7.8649E-01  9.2387E-01  3.1597E-02  5.7181E-01  2.0959E+00  1.0376E+00 -2.0957E+00
  7.8796E-01  9.2877E-01  3.1428E-02  5.6873E-01  2.0959E+00  1.0392E+00 -2.0957E+00
  7.8943E-01  9.3367E-01  3.1259E-02  5.6565E-01  2.0959E+00  1.0408E+00 -2.0957E+00
  7.9089E-01  9.3857E-01  3.1089E-02  5.6257E-01  2.0959E+00  1.0424E+00 -2.0957E+00
  7.9236E-01  9.4347E-01  3.0920E-02  5.5949E-01  2.0959E+00  1.0440E+00 -2.0957E+00
  7.9383E-01  9.4837E-01  3.0751E-02  5.5641E-01  2.0959E+00  1.0456E+00 -2.0957E+00
  7.9530E-01  9.5327E-01  3.0582E-02  5.5333E-01  2.0959E+00  1.0472E+00 -2.0957E+00
  7.9677E-01  9.5817E-01  3.0412E-02  5.5025E-01  2.0959E+00  1.0488E+00 -2.0957E+00
  7.9835E-01  9.6344E-01  3.0231E-02  5.4694E-01  2.0959E+00  1.0505E+00 -2.0957E+00
  7.9982E-01  9.6834E-01  3.0061E-02  5.4386E-01  2.0959E+00  1.0521E+00 -2.0957E+00
  8.0128E-01  9.7324E-01  2.9892E-02  5.4078E-01  2.0959E+00  1.0537E+00 -2.0957E+00
  8.0275E-01  9.7814E-01  2.9723E-02  5.3770E-01  2.0959E+00  1.0553E+00 -2.0957E+00
  8.0422E-01  9.8304E-01  2.9554E-02  5.3462E-01  2.0959E+00  1.0569E+00 -2.0957E+00
  8.0569E-01  9.8794E-01  2.9384E-02  5.3154E-01  2.0959E+00  1.0586E+00 -2.0957E+00
  8.0716E-01  9.9284E-01  2.9215E-02  5.2846E-01  2.0959E+00  1.0602E+00 -2.0957E+00
  8.0863E-01  9.9774E-01  2.9046E-02  5.2538E-01  2.0959E+00  1.0618E+00 -2.0956E+00
  8.1010E-01  1.0026E+00  2.8877E-02  5.2230E-01  2.0958E+00  1.0634E+00 -2.0956E+00
  8.1168E-01  1.0079E+00  2.8695E-02  5.1899E-01  2.0958E+00  1.0652E+00 -2.0956E+00
  8.1314E-01  1.0128E+00  2.8526E-02  5.1591E-01  2.0958E+00  1.0668E+00 -2.0956E+00
  8.1461E-01  1.0177E+00  2.8356E-02  5.1283E-01  2.0958E+00  1.0685E+00 -2.0956E+00
  8.1608E-01  1.0226E+00  2.8187E-02  5.0976E-01  2.0958E+00  1.0701E+00 -2.0956E+00
  8.1755E-01  1.0275E+00  2.8018E-02  5.0668E-01  2.0958E+00  1.0717E+00 -2.0956E+00
  8.1902E-01  1.0324E+00  2.7849E-02  5.0360E-01  2.0958E+00  1.0734E+00 -2.0956E+00
  8.2049E-01  1.0373E+00  2.7679E-02  5.0052E-01  2.0958E+00  1.0750E+00 -2.0956E+00
  8.2196E-01  1.0422E+00  2.7510E-02  4.9744E-01  2.0958E+00  1.0767E+00 -2.0956E+00
  8.2343E-01  1.0471E+00  2.7341E-02  4.9436E-01  2.0958E+00  1.0783E+00 -2.0956E+00
  8.2500E-01  1.0524E+00  2.7159E-02  4.9105E-01  2.0958E+00  1.0801E+00 -2.0956E+00
  8.2647E-01  1.0573E+00  2.6990E-02  4.8797E-01  2.0958E+00  1.0817E+00 -2.0956E+00
  8.2794E-01  1.0622E+00  2.6821E-02  4.8489E-01  2.0958E+00  1.0834E+00 -2.0956E+00
  8.2941E-01  1.0671E+00  2.6651E-02  4.8181E-01  2.0958E+00  1.0851E+00 -2.0956E+00
  8.3088E-01  1.0720E+00  2.6482E-02  4.7873E-01  2.0958E+00  1.0867E+00 -2.0956E+00
  8.3235E-01  1.0769E+00  2.6313E-02  4.7565E-01  2.0958E+00  1.0884E+00 -2.0956E+00
  8.3382E-01  1.0818E+00  2.6144E-02  4.7257E-01  2.0958E+00  1.0901E+00 -2.0955E+00
  8.3529E-01  1.0867E+00  2.5974E-02  4.6949E-01  2.0958E+00  1.0917E+00 -2.0955E+00
  8.3675E-01  1.0916E+00  2.5805E-02  4.6641E-01  2.0958E+00  1.0934E+00 -2.0955E+00
  8.3833E-01  1.0968E+00  2.5623E-02  4.6310E-01  2.0958E+00  1.0952E+00 -2.0955E+00
  8.3980E-01  1.1017E+00  2.5454E-02  4.6003E-01  2.0958E+00  1.0969E+00 -2.0955E+00
  8.4127E-01  1.1066E+00  2.5285E-02  4.5695E-01  2.0958E+00  1.0986E+00 -2.0955E+00
  8.4274E-01  1.1115E+00  2.5116E-02  4.5387E-01  2.0958E+00  1.1003E+00 -2.0955E+00
  8.4421E-01  1.1164E+00  2.4946E-02  4.5079E-01  2.0958E+00  1.1019E+00 -2.0955E+00
  8.4568E-01  1.1213E+00  2.4777E-02  4.4771E-01  2.0958E+00  1.1036E+00 -2.0955E+00
  8.4715E-01  1.1262E+00  2.4608E-02  4.4463E-01  2.0958E+00  1.1053E+00 -2.0955E+00
  8.4861E-01  1.1311E+00  2.4439E-02  4.4155E-01  2.0958E+00  1.1070E+00 -2.0955E+00
  8.5008E-01  1.1360E+00  2.4269E-02  4.3847E-01  2.0958E+00  1.1087E+00 -2.0955E+00
  8.5166E-01  1.1413E+00  2.4088E-02  4.3516E-01  2.0958E+00  1.1105E+00 -2.0955E+00
  8.5313E-01  1.1462E+00  2.3918E-02  4.3208E-01  2.0958E+00  1.1122E+00 -2.0954E+00
  8.5460E-01  1.1511E+00  2.3749E-02  4.2900E-01  2.0958E+00  1.1140E+00 -2.0954E+00
  8.5607E-01  1.1560E+00  2.3580E-02  4.2592E-01  2.0958E+00  1.1157E+00 -2.0954E+00
  8.5754E-01  1.1609E+00  2.3411E-02  4.2284E-01  2.0958E+00  1.1174E+00 -2.0954E+00
  8.5901E-01  1.1658E+00  2.3241E-02  4.1976E-01  2.0958E+00  1.1191E+00 -2.0954E+00
  8.6047E-01  1.1707E+00  2.3072E-02  4.1669E-01  2.0958E+00  1.1208E+00 -2.0954E+00
  8.6194E-01  1.1756E+00  2.2903E-02  4.1361E-01  2.0958E+00  1.1225E+00 -2.0954E+00
  8.6341E-01  1.1805E+00  2.2734E-02  4.1053E-01  2.0958E+00  1.1242E+00 -2.0954E+00
  8.6499E-01  1.1858E+00  2.2552E-02  4.0722E-01  2.0958E+00  1.1261E+00 -2.0954E+00
  8.6646E-01  1.1907E+00  2.2383E-02  4.0414E-01  2.0958E+00  1.1278E+00 -2.0954E+00
  8.6793E-01  1.1956E+00  2.2213E-02  4.0106E-01  2.0958E+00  1.1295E+00 -2.0954E+00
  8.6940E-01  1.2005E+00  2.2044E-02  3.9798E-01  2.0958E+00  1.1312E+00 -2.0953E+00
  8.7087E-01  1.2054E+00  2.1875E-02  3.9490E-01  2.0957E+00  1.1330E+00 -2.0953E+00
  8.7233E-01  1.2103E+00  2.1706E-02  3.9182E-01  2.0957E+00  1.1347E+00 -2.0953E+00
  8.7380E-01  1.2152E+00  2.1536E-02  3.8874E-01  2.0957E+00  1.1364E+00 -2.0953E+00
  8.7527E-01  1.2201E+00  2.1367E-02  3.8567E-01  2.0957E+00  1.1382E+00 -2.0953E+00
  8.7674E-01  1.2250E+00  2.1198E-02  3.8259E-01  2.0957E+00  1.1399E+00 -2.0953E+00
  8.7832E-01  1.2302E+00  2.1016E-02  3.7928E-01  2.0957E+00  1.1418E+00 -2.0953E+00
  8.7979E-01  1.2351E+00  2.0847E-02  3.7620E-01  2.0957E+00  1.1435E+00 -2.0953E+00
  8.8126E-01  1.2400E+00  2.0678E-02  3.7312E-01  2.0957E+00  1.1453E+00 -2.0953E+00
  8.8272E-01  1.2449E+00  2.0508E-02  3.7004E-01  2.0957E+00  1.1470E+00 -2.0952E+00
  8.8419E-01  1.2498E+00  2.0339E-02  3.6696E-01  2.0957E+00  1.1488E+00 -2.0952E+00
  8.8566E-01  1.2547E+00  2.0170E-02  3.6388E-01  2.0957E+00  1.1505E+00 -2.0952E+00
  8.8713E-01  1.2596E+00  2.0001E-02  3.6080E-01  2.0957E+00  1.1523E+00 -2.0952E+00
  8.8860E-01  1.2645E+00  1.9831E-02  3.5773E-01  2.0957E+00  1.1540E+00 -2.0952E+00
  8.9007E-01  1.2694E+00  1.9662E-02  3.5465E-01  2.0957E+00  1.1558E+00 -2.0952E+00
  8.9165E-01  1.2747E+00  1.9480E-02  3.5134E-01  2.0957E+00  1.1577E+00 -2.0952E+00
  8.9312E-01  1.2796E+00  1.9311E-02  3.4826E-01  2.0957E+00  1.1594E+00 -2.0952E+00
  8.9458E-01  1.2845E+00  1.9142E-02  3.4518E-01  2.0957E+00  1.1612E+00 -2.0951E+00
  8.9605E-01  1.2894E+00  1.8973E-02  3.4210E-01  2.0957E+00  1.1630E+00 -2.0951E+00
  8.9752E-01  1.2943E+00  1.8803E-02  3.3902E-01  2.0957E+00  1.1644E+00 -2.0951E+00
  8.9899E-01  1.2992E+00  1.8634E-02  3.3595E-01  2.0956E+00  1.1655E+00 -2.0950E+00
  9.0046E-01  1.3041E+00  1.8465E-02  3.3287E-01  2.0954E+00  1.1664E+00 -2.0948E+00
  9.0193E-01  1.3090E+00  1.8296E-02  3.2979E-01  2.0951E+00  1.1667E+00 -2.0945E+00
  9.0340E-01  1.3139E+00  1.8127E-02  3.2671E-01  2.0946E+00  1.1660E+00 -2.0939E+00
  9.0498E-01  1.3192E+00  1.7945E-02  3.2341E-01  2.0935E+00  1.1632E+00 -2.0929E+00
  9.0644E-01  1.3241E+00  1.7776E-02  3.2033E-01  2.0918E+00  1.1575E+00 -2.0912E+00
  9.0791E-01  1.3290E+00  1.7607E-02  3.1726E-01  2.0890E+00  1.1475E+00 -2.0883E+00
  9.0938E-01  1.3339E+00  1.7439E-02  3.1420E-01  2.0843E+00  1.1320E+00 -2.0836E+00
  9.1085E-01  1.3388E+00  1.7271E-02  3.1114E-01  2.0771E+00  1.1106E+00 -2.0764E+00
  9.1232E-01  1.3437E+00  1.7103E-02  3.0809E-01  2.0667E+00  1.0854E+00 -2.0661E+00
  9.1379E-01  1.3486E+00  1.6937E-02  3.0507E-01  2.0528E+00  1.0603E+00 -2.0522E+00
  9.1526E-01  1.3535E+00  1.6772E-02  3.0207E-01  2.0358E+00  1.0392E+00 -2.0352E+00
  9.1673E-01  1.3584E+00  1.6608E-02  2.9909E-01  2.0162E+00  1.0240E+00 -2.0156E+00
  9.1830E-01  1.3636E+00  1.6434E-02  2.9592E-01  1.9932E+00  1.0138E+00 -1.9926E+00
  9.1977E-01  1.3685E+00  1.6274E-02  2.9301E-01  1.9707E+00  1.0086E+00 -1.9701E+00
  9.2124E-01  1.3734E+00  1.6116E-02  2.9013E-01  1.9477E+00  1.0062E+00 -1.9471E+00
  9.2271E-01  1.3783E+00  1.5959E-02  2.8729E-01  1.9246E+00  1.0053E+00 -1.9239E+00
  9.2418E-01  1.3832E+00  1.5805E-02  2.8448E-01  1.9014E+00  1.0054E+00 -1.9007E+00
  9.2565E-01  1.3881E+00  1.5652E-02  2.8171E-01  1.8783E+00  1.0060E+00 -1.8775E+00
  9.2712E-01  1.3930E+00  1.5502E-02  2.7896E-01  1.8553E+00  1.0068E+00 -1.8545E+00
  9.2859E-01  1.3979E+00  1.5353E-02  2.7625E-01  1.8325E+00  1.0076E+00 -1.8317E+00
  9.3005E-01  1.4028E+00  1.5206E-02  2.7358E-01  1.8099E+00  1.0087E+00 -1.8091E+00
  9.3163E-01  1.4081E+00  1.5050E-02  2.7074E-01  1.7858E+00  1.0100E+00 -1.7850E+00
  9.3310E-01  1.4130E+00  1.4907E-02  2.6814E-01  1.7637E+00  1.0111E+00 -1.7628E+00
  9.3457E-01  1.4179E+00  1.4766E-02  2.6556E-01  1.7417E+00  1.0122E+00 -1.7408E+00
  9.3604E-01  1.4228E+00  1.4626E-02  2.6302E-01  1.7200E+00  1.0132E+00 -1.7191E+00
  9.3751E-01  1.4277E+00  1.4488E-02  2.6051E-01  1.6985E+00  1.0143E+00 -1.6975E+00
  9.3898E-01  1.4326E+00  1.4352E-02  2.5803E-01  1.6771E+00  1.0153E+00 -1.6762E+00
  9.4045E-01  1.4375E+00  1.4218E-02  2.5558E-01  1.6560E+00  1.0162E+00 -1.6550E+00
  9.4191E-01  1.4424E+00  1.4085E-02  2.5317E-01  1.6351E+00  1.0172E+00 -1.6341E+00
  9.4338E-01  1.4473E+00  1.3954E-02  2.5078E-01  1.6144E+00  1.0182E+00 -1.6133E+00
  9.4496E-01  1.4526E+00  1.3816E-02  2.4825E-01  1.5923E+00  1.0191E+00 -1.5912E+00
  9.4643E-01  1.4575E+00  1.3688E-02  2.4593E-01  1.5720E+00  1.0200E+00 -1.5709E+00
  9.4790E-01  1.4624E+00  1.3562E-02  2.4364E-01  1.5519E+00  1.0209E+00 -1.5507E+00
  9.4937E-01  1.4673E+00  1.3438E-02  2.4137E-01  1.5320E+00  1.0217E+00 -1.5307E+00
  9.5084E-01  1.4722E+00  1.3316E-02  2.3914E-01  1.5122E+00  1.0226E+00 -1.5109E+00
  9.5231E-01  1.4771E+00  1.3195E-02  2.3693E-01  1.4926E+00  1.0234E+00 -1.4913E+00
  9.5377E-01  1.4820E+00  1.3076E-02  2.3475E-01  1.4732E+00  1.0242E+00 -1.4719E+00
  9.5524E-01  1.4869E+00  1.2958E-02  2.3261E-01  1.4540E+00  1.0249E+00 -1.4526E+00
  9.5671E-01  1.4918E+00  1.2842E-02  2.3048E-01  1.4350E+00  1.0257E+00 -1.4336E+00
  9.5829E-01  1.4970E+00  1.2719E-02  2.2824E-01  1.4148E+00  1.0265E+00 -1.4133E+00
  9.5976E-01  1.5019E+00  1.2606E-02  2.2617E-01  1.3961E+00  1.0272E+00 -1.3945E+00
  9.6123E-01  1.5068E+00  1.2494E-02  2.2414E-01  1.3776E+00  1.0279E+00 -1.3760E+00
  9.6270E-01  1.5117E+00  1.2385E-02  2.2213E-01  1.3592E+00  1.0285E+00 -1.3576E+00
  9.6417E-01  1.5166E+00  1.2276E-02  2.2015E-01  1.3411E+00  1.0292E+00 -1.3394E+00
  9.6563E-01  1.5215E+00  1.2169E-02  2.1819E-01  1.3231E+00  1.0298E+00 -1.3213E+00
  9.6710E-01  1.5264E+00  1.2064E-02  2.1627E-01  1.3052E+00  1.0304E+00 -1.3034E+00
  9.6857E-01  1.5313E+00  1.1960E-02  2.1436E-01  1.2875E+00  1.0310E+00 -1.2856E+00
  9.7004E-01  1.5362E+00  1.1857E-02  2.1249E-01  1.2700E+00  1.0316E+00 -1.2680E+00
  9.7162E-01  1.5415E+00  1.1749E-02  2.1050E-01  1.2513E+00  1.0322E+00 -1.2493E+00
  9.7309E-01  1.5464E+00  1.1649E-02  2.0868E-01  1.2341E+00  1.0328E+00 -1.2320E+00
  9.7456E-01  1.5513E+00  1.1551E-02  2.0688E-01  1.2170E+00  1.0333E+00 -1.2149E+00
  9.7602E-01  1.5562E+00  1.1454E-02  2.0511E-01  1.2001E+00  1.0339E+00 -1.1979E+00
  9.7749E-01  1.5611E+00  1.1359E-02  2.0336E-01  1.1833E+00  1.0344E+00 -1.1810E+00
  9.7896E-01  1.5660E+00  1.1265E-02  2.0164E-01  1.1667E+00  1.0349E+00 -1.1643E+00
  9.8043E-01  1.5709E+00  1.1172E-02  1.9994E-01  1.1502E+00  1.0353E+00 -1.1478E+00
  9.8190E-01  1.5758E+00  1.1081E-02  1.9826E-01  1.1339E+00  1.0358E+00 -1.1314E+00
  9.8337E-01  1.5807E+00  1.0991E-02  1.9661E-01  1.1177E+00  1.0363E+00 -1.1151E+00
  9.8495E-01  1.5859E+00  1.0896E-02  1.9487E-01  1.1004E+00  1.0367E+00 -1.0977E+00
  9.8642E-01  1.5908E+00  1.0809E-02  1.9326E-01  1.0845E+00  1.0372E+00 -1.0817E+00
  9.8788E-01  1.5957E+00  1.0723E-02  1.9169E-01  1.0687E+00  1.0376E+00 -1.0658E+00
  9.8935E-01  1.6006E+00  1.0638E-02  1.9013E-01  1.0530E+00  1.0380E+00 -1.0501E+00
  9.9082E-01  1.6055E+00  1.0555E-02  1.8860E-01  1.0375E+00  1.0384E+00 -1.0344E+00
  9.9229E-01  1.6104E+00  1.0473E-02  1.8709E-01  1.0221E+00  1.0388E+00 -1.0189E+00
  9.9376E-01  1.6153E+00  1.0392E-02  1.8561E-01  1.0068E+00  1.0391E+00 -1.0035E+00
  9.9523E-01  1.6202E+00  1.0312E-02  1.8414E-01  9.9164E-01  1.0395E+00 -9.8826E-01
  9.9670E-01  1.6251E+00  1.0234E-02  1.8270E-01  9.7660E-01  1.0398E+00 -9.7311E-01
  9.9828E-01  1.6304E+00  1.0151E-02  1.8118E-01  9.6059E-01  1.0403E+00 -9.5698E-01
  9.9974E-01  1.6353E+00  1.0076E-02  1.7978E-01  9.4584E-01  1.0408E+00 -9.4211E-01
  1.0012E+00  1.6402E+00  1.0001E-02  1.7841E-01  9.3126E-01  1.0413E+00 -9.2741E-01
  1.0027E+00  1.6451E+00  9.9278E-03  1.7706E-01  9.1687E-01  1.0420E+00 -9.1289E-01
  1.0042E+00  1.6500E+00  9.8556E-03  1.7573E-01  9.0272E-01  1.0430E+00 -8.9861E-01
  1.0056E+00  1.6549E+00  9.7846E-03  1.7442E-01  8.8890E-01  1.0444E+00 -8.8465E-01
  1.0071E+00  1.6598E+00  9.7148E-03  1.7313E-01  8.7558E-01  1.0466E+00 -8.7118E-01
  1.0086E+00  1.6647E+00  9.6460E-03  1.7186E-01  8.6299E-01  1.0499E+00 -8.5843E-01
  1.0100E+00  1.6696E+00  9.5783E-03  1.7060E-01  8.5147E-01  1.0548E+00 -8.4674E-01
  1.0116E+00  1.6749E+00  9.5065E-03  1.6927E-01  8.4075E-01  1.0620E+00 -8.3582E-01
  1.0131E+00  1.6798E+00  9.4404E-03  1.6805E-01  8.3270E-01  1.0701E+00 -8.2757E-01
  1.0145E+00  1.6847E+00  9.3750E-03  1.6684E-01  8.2664E-01  1.0784E+00 -8.2132E-01
  1.0160E+00  1.6896E+00  9.3100E-03  1.6564E-01  8.2244E-01  1.0856E+00 -8.1693E-01
  1.0175E+00  1.6945E+00  9.2453E-03  1.6444E-01  8.1972E-01  1.0912E+00 -8.1406E-01
  1.0189E+00  1.6994E+00  9.1808E-03  1.6324E-01  8.1806E-01  1.0950E+00 -8.1226E-01
  1.0204E+00  1.7043E+00  9.1164E-03  1.6205E-01  8.1708E-01  1.0975E+00 -8.1116E-01
  1.0219E+00  1.7092E+00  9.0521E-03  1.6086E-01  8.1652E-01  1.0991E+00 -8.1049E-01
  1.0234E+00  1.7141E+00  8.9878E-03  1.5967E-01  8.1620E-01  1.1001E+00 -8.1007E-01
  1.0249E+00  1.7193E+00  8.9187E-03  1.5839E-01  8.1601E-01  1.1008E+00 -8.0977E-01
  1.0264E+00  1.7242E+00  8.8545E-03  1.5720E-01  8.1592E-01  1.1013E+00 -8.0958E-01
  1.0279E+00  1.7291E+00  8.7902E-03  1.5601E-01  8.1587E-01  1.1017E+00 -8.0942E-01
  1.0293E+00  1.7340E+00  8.7260E-03  1.5482E-01  8.1585E-01  1.1020E+00 -8.0930E-01
  1.0308E+00  1.7389E+00  8.6618E-03  1.5363E-01  8.1585E-01  1.1023E+00 -8.0919E-01
  1.0323E+00  1.7438E+00  8.5975E-03  1.5244E-01  8.1584E-01  1.1025E+00 -8.0908E-01
  1.0337E+00  1.7487E+00  8.5333E-03  1.5126E-01  8.1584E-01  1.1028E+00 -8.0897E-01
  1.0352E+00  1.7536E+00  8.4690E-03  1.5007E-01  8.1584E-01  1.1030E+00 -8.0885E-01
  1.0367E+00  1.7585E+00  8.4048E-03  1.4888E-01  8.1583E-01  1.1033E+00 -8.0873E-01
  1.0383E+00  1.7638E+00  8.3358E-03  1.4760E-01  8.1583E-01  1.1036E+00 -8.0860E-01
  1.0397E+00  1.7687E+00  8.2715E-03  1.4641E-01  8.1582E-01  1.1038E+00 -8.0847E-01
  1.0412E+00  1.7736E+00  8.2073E-03  1.4523E-01  8.1582E-01  1.1041E+00 -8.0835E-01
  1.0427E+00  1.7785E+00  8.1431E-03  1.4404E-01  8.1582E-01  1.1043E+00 -8.0822E-01
  1.0441E+00  1.7834E+00  8.0788E-03  1.4285E-01  8.1581E-01  1.1046E+00 -8.0808E-01
  1.0456E+00  1.7883E+00  8.0146E-03  1.4166E-01  8.1581E-01  1.1048E+00 -8.0794E-01
  1.0471E+00  1.7932E+00  7.9503E-03  1.4048E-01  8.1581E-01  1.1051E+00 -8.0780E-01
  1.0485E+00  1.7981E+00  7.8861E-03  1.3929E-01  8.1580E-01  1.1053E+00 -8.0766E-01
  1.0500E+00  1.8030E+00  7.8218E-03  1.3810E-01  8.1580E-01  1.1056E+00 -8.0751E-01
  1.0516E+00  1.8083E+00  7.7528E-03  1.3683E-01  8.1580E-01  1.1058E+00 -8.0735E-01
  1.0531E+00  1.8132E+00  7.6886E-03  1.3564E-01  8.1579E-01  1.1061E+00 -8.0719E-01
  1.0545E+00  1.8181E+00  7.6244E-03  1.3446E-01  8.1579E-01  1.1063E+00 -8.0703E-01
  1.0560E+00  1.8230E+00  7.5601E-03  1.3327E-01  8.1579E-01  1.1066E+00 -8.0686E-01
  1.0575E+00  1.8279E+00  7.4959E-03  1.3208E-01  8.1578E-01  1.1068E+00 -8.0669E-01
  1.0589E+00  1.8328E+00  7.4316E-03  1.3090E-01  8.1578E-01  1.1071E+00 -8.0652E-01
  1.0604E+00  1.8377E+00  7.3674E-03  1.2971E-01  8.1578E-01  1.1073E+00 -8.0634E-01
  1.0619E+00  1.8426E+00  7.3032E-03  1.2853E-01  8.1577E-01  1.1076E+00 -8.0616E-01
  1.0633E+00  1.8475E+00  7.2389E-03  1.2734E-01  8.1577E-01  1.1078E+00 -8.0597E-01
  1.0649E+00  1.8527E+00  7.1699E-03  1.2607E-01  8.1577E-01  1.1081E+00 -8.0576E-01
  1.0664E+00  1.8576E+00  7.1057E-03  1.2489E-01  8.1576E-01  1.1083E+00 -8.0556E-01
  1.0679E+00  1.8625E+00  7.0414E-03  1.2371E-01  8.1576E-01  1.1086E+00 -8.0535E-01
  1.0693E+00  1.8674E+00  6.9772E-03  1.2252E-01  8.1576E-01  1.1088E+00 -8.0514E-01
  1.0708E+00  1.8723E+00  6.9129E-03  1.2134E-01  8.1575E-01  1.1091E+00 -8.0493E-01
  1.0723E+00  1.8772E+00  6.8487E-03  1.2016E-01  8.1575E-01  1.1093E+00 -8.0470E-01
  1.0737E+00  1.8821E+00  6.7845E-03  1.1897E-01  8.1575E-01  1.1096E+00 -8.0447E-01
  1.0752E+00  1.8870E+00  6.7202E-03  1.1779E-01  8.1574E-01  1.1098E+00 -8.0423E-01
  1.0767E+00  1.8919E+00  6.6560E-03  1.1661E-01  8.1574E-01  1.1101E+00 -8.0399E-01
  1.0782E+00  1.8972E+00  6.5870E-03  1.1534E-01  8.1574E-01  1.1104E+00 -8.0372E-01
  1.0797E+00  1.9021E+00  6.5227E-03  1.1416E-01  8.1573E-01  1.1106E+00 -8.0345E-01
  1.0812E+00  1.9070E+00  6.4585E-03  1.1298E-01  8.1573E-01  1.1109E+00 -8.0319E-01
  1.0827E+00  1.9119E+00  6.3943E-03  1.1180E-01  8.1573E-01  1.1111E+00 -8.0291E-01
  1.0841E+00  1.9168E+00  6.3300E-03  1.1062E-01  8.1572E-01  1.1114E+00 -8.0262E-01
  1.0856E+00  1.9217E+00  6.2658E-03  1.0944E-01  8.1572E-01  1.1116E+00 -8.0233E-01
  1.0871E+00  1.9266E+00  6.2016E-03  1.0826E-01  8.1572E-01  1.1119E+00 -8.0202E-01
  1.0885E+00  1.9315E+00  6.1373E-03  1.0709E-01  8.1571E-01  1.1121E+00 -8.0170E-01
  1.0900E+00  1.9364E+00  6.0731E-03  1.0591E-01  8.1571E-01  1.1124E+00 -8.0138E-01
  1.0916E+00  1.9417E+00  6.0041E-03  1.0464E-01  8.1570E-01  1.1126E+00 -8.0102E-01
  1.0930E+00  1.9466E+00  5.9398E-03  1.0347E-01  8.1570E-01  1.1129E+00 -8.0067E-01
  1.0945E+00  1.9515E+00  5.8756E-03  1.0229E-01  8.1570E-01  1.1131E+00 -8.0031E-01
  1.0960E+00  1.9564E+00  5.8114E-03  1.0112E-01  8.1569E-01  1.1134E+00 -7.9993E-01
  1.0975E+00  1.9613E+00  5.7471E-03  9.9941E-02  8.1569E-01  1.1136E+00 -7.9954E-01
  1.0989E+00  1.9662E+00  5.6829E-03  9.8767E-02  8.1569E-01  1.1139E+00 -7.9914E-01
  1.1004E+00  1.9711E+00  5.6187E-03  9.7593E-02  8.1568E-01  1.1142E+00 -7.9873E-01
  1.1019E+00  1.9760E+00  5.5544E-03  9.6420E-02  8.1568E-01  1.1144E+00 -7.9830E-01
  1.1033E+00  1.9809E+00  5.4902E-03  9.5247E-02  8.1568E-01  1.1147E+00 -7.9785E-01
  1.1049E+00  1.9861E+00  5.4212E-03  9.3989E-02  8.1567E-01  1.1149E+00 -7.9735E-01
  1.1064E+00  1.9910E+00  5.3570E-03  9.2818E-02  8.1567E-01  1.1152E+00 -7.9687E-01
  1.1078E+00  1.9959E+00  5.2927E-03  9.1647E-02  8.1567E-01  1.1154E+00 -7.9636E-01
  1.1093E+00  2.0008E+00  5.2285E-03  9.0478E-02  8.1566E-01  1.1157E+00 -7.9584E-01
  1.1108E+00  2.0057E+00  5.1643E-03  8.9309E-02  8.1566E-01  1.1159E+00 -7.9530E-01
  1.1122E+00  2.0106E+00  5.1000E-03  8.8141E-02  8.1566E-01  1.1162E+00 -7.9474E-01
  1.1137E+00  2.0155E+00  5.0358E-03  8.6974E-02  8.1565E-01  1.1164E+00 -7.9415E-01
  1.1152E+00  2.0204E+00  4.9716E-03  8.5808E-02  8.1565E-01  1.1167E+00 -7.9354E-01
  1.1167E+00  2.0253E+00  4.9073E-03  8.4643E-02  8.1565E-01  1.1169E+00 -7.9291E-01
  1.1182E+00  2.0306E+00  4.8383E-03  8.3392E-02  8.1564E-01  1.1172E+00 -7.9219E-01
  1.1197E+00  2.0355E+00  4.7741E-03  8.2229E-02  8.1564E-01  1.1175E+00 -7.9150E-01
  1.1212E+00  2.0404E+00  4.7098E-03  8.1067E-02  8.1564E-01  1.1177E+00 -7.9078E-01
  1.1242E+00  2.0504E+00  4.5793E-03  7.8708E-02  8.1563E-01  1.1182E+00 -7.8921E-01
