  4.584449242682E-05  4.632939210428E-05  3.100114250425E-01  4.498555639468E+03 -1.293680202806E+03  3.527217065018E+07  1.055956544198E+01 -4.882812500000E-04   1   5
 -9.869587787421E-04  2.549790920886E-04  3.726556811870E-04 -6.070592332716E+04 -7.555798284074E+03 -9.538583033768E+04 -1.124646118595E+01 -4.882812500000E-04   1   3
  8.840913278464E-04 -5.221699166313E-05 -5.787305983052E-06  9.684943181768E+04  1.468726057052E+03  1.064309816324E+05 -1.124804281283E+01 -4.882812500000E-04   1   3
 -1.971107921395E-03  1.351843094073E-04  6.626914701006E-04 -1.300518678872E+05 -7.421757630742E+03 -1.920231562530E+05 -1.124573108674E+01 -4.882812500000E-04   1   3
  1.794803751390E-03 -3.609442639411E-05 -5.577002969176E-04  1.404998161882E+05  1.316188776410E+03  1.788905703567E+05 -1.124896325473E+01 -4.882812500000E-04   1   3
 -3.316687384341E-03  5.354199766277E-04  1.236099720837E-03 -2.106419664557E+05 -1.822093132923E+04 -3.122843289170E+05 -1.124456734591E+01 -4.882812500000E-04   1   3
  1.972537276660E-03 -1.466371302808E-04 -4.302647962500E-04  1.895301579352E+05  4.455735029779E+03  2.226293504672E+05 -1.124963847939E+01 -4.882812500000E-04   1   3
  1.634342985167E-03  4.253550765852E-04 -5.271495413776E-04  1.203288579149E+05 -1.488102842373E+04  1.578875022347E+05 -1.124862344677E+01 -4.882812500000E-04   1   5
  2.067735919781E-03 -1.583339101663E-04 -4.865454880502E-04  2.043609017906E+05  4.469390400387E+03  2.392244593549E+05 -1.125004472383E+01 -4.882812500000E-04   1   5
 -2.673506997761E-03  6.389128386604E-04  6.254716022953E-04 -2.137717595612E+05 -2.082306219840E+04 -2.825765962292E+05 -1.124487860295E+01 -4.882812500000E-04   1   5
  2.023303885055E-04 -5.489710084996E-05  1.049662705049E-04  3.321516718490E+04  2.196038305031E+03  2.680881956468E+04 -1.124737394605E+01 -4.882812500000E-04   1   5
 -1.946050487819E-03 -3.808557128955E-04  6.878432159473E-04 -1.248175594612E+05  1.465583050687E+04 -1.873325095205E+05 -1.124575403061E+01 -4.882812500000E-04   1   5
  7.672077183322E-04  3.248675068503E-04  7.609249142393E-06  8.205904136709E+04 -1.202257588639E+04  8.748610760260E+04 -1.124783245152E+01 -4.882812500000E-04   1   5
 -1.147979067162E-03 -4.039716374337E-04  1.000273886200E-04 -1.121757243186E+05  1.318998000618E+04 -1.380655831979E+05 -1.124610261851E+01 -4.882812500000E-04   1   5
 -1.648255383456E-03 -3.227179973969E-04  4.771719011800E-04 -1.184433679317E+05  1.123166163868E+04 -1.673057627812E+05 -1.124590829728E+01 -4.882812500000E-04   1   5
 -1.980483662310E-03 -2.119572997494E-04  7.790939514224E-04 -1.174242071083E+05  7.944536710790E+03 -1.847602085146E+05 -1.124578187857E+01 -4.882812500000E-04   1   5
  1.185382390457E-03 -2.854538641940E-04 -5.946997162736E-04  5.437535407591E+04  9.312128222032E+03  9.125225575222E+04 -1.124787938596E+01 -4.882812500000E-04   1   5
 -6.034934174272E-04  7.337540868255E-04  3.234428913953E-04 -2.574434225197E+04 -2.358754488952E+04 -5.281126323321E+04 -1.124678319286E+01 -4.882812500000E-04   1   5
 -1.086970468820E-03  3.478637804611E-04  5.786319426617E-04 -4.718315772550E+04 -1.259690586675E+04 -9.220104106635E+04 -1.124647019786E+01 -4.882812500000E-04   1   5
 -3.223348865322E-03 -1.162990890326E-04  1.495790902817E-03 -1.691774086036E+05  3.275783374119E+03 -2.772428382817E+05 -1.124482242692E+01 -4.882812500000E-04   1   5
 -3.050839686930E-03 -4.843128610506E-04  1.251522695483E-03 -1.810030830344E+05  1.410159457228E+04 -2.777348351470E+05 -1.124481542755E+01 -4.882812500000E-04   1   5
  8.514837495137E-06  1.717189018509E-04 -2.436345870978E-04 -2.878621192127E+04 -6.049916310758E+03 -2.249509099969E+04 -1.124701787787E+01 -4.882812500000E-04   1   5
 -1.213631012610E-03  4.603589030292E-04  2.532220885924E-04 -1.004156913678E+05 -1.574326859938E+04 -1.331103849667E+05 -1.124613959866E+01 -4.882812500000E-04   1   5
  1.312232592722E-03  3.043631795519E-04 -6.741260485442E-04  5.905887816811E+04 -1.141781249234E+04  1.026002572004E+05 -1.124796436513E+01 -4.882812500000E-04   1   5
 -2.702295119427E-03  7.426658914307E-05  8.070065786782E-04 -1.890837852926E+05 -3.088255177267E+03 -2.621462020950E+05 -1.124514320161E+01 -4.882812500000E-04   1   5
 -3.624660543684E-03 -3.125220143500E-04  1.446443041099E-03 -2.187930598989E+05  1.095193618157E+04 -3.325313589502E+05 -1.124437306548E+01 -4.882812500000E-04   1   5
  2.443512992900E-03  4.292316870700E-04 -1.036383457164E-03  1.657224326517E+05 -1.476906830746E+04  2.294200865157E+05 -1.124969689388E+01 -4.882812500000E-04   1   5
 -3.234642526054E-03  6.778998145957E-04  1.353873466779E-03 -1.855641950022E+05 -2.219146446611E+04 -2.911300856518E+05 -1.124479155276E+01 -4.882812500000E-04   1   5
 -2.329051399396E-03  3.030926591981E-06  9.802741156112E-04 -1.303290471727E+05 -6.767833147725E+02 -2.119156159383E+05 -1.124557559843E+01 -4.882812500000E-04   1   5
 -1.082913895268E-03  5.641735002149E-04  5.932162640300E-04 -4.488969983127E+04 -1.905937065971E+04 -8.984386709888E+04 -1.124648223238E+01 -4.882812500000E-04   1   5
  2.071494789287E-03  8.835782977225E-05 -9.724401014083E-04  1.163334696549E+05 -2.218158451824E+03  1.742737209217E+05 -1.124887529345E+01 -4.882812500000E-04   1   5
  1.565139088054E-03 -3.889326080443E-04 -6.345934914686E-04  9.486077323961E+04  1.439198225037E+04  1.376152791910E+05 -1.124834185211E+01 -4.882812500000E-04   1   5
  1.030242961204E-03 -4.989964806908E-04 -3.815572427826E-04  6.322000839734E+04  1.715284725742E+04  8.892000410184E+04 -1.124784912076E+01 -4.882812500000E-04   1   5
 -1.669942581346E-03  5.104607188990E-04  4.796406328161E-04 -1.208629469692E+05 -1.807952691057E+04 -1.699729796942E+05 -1.124587440551E+01 -4.882812500000E-04   1   5
 -5.187328874399E-04 -2.997522788598E-04 -2.861330104263E-04 -9.209466157397E+04  9.515152940389E+03 -9.386529651476E+04 -1.124645231447E+01 -4.882812500000E-04   1   5
 -2.110211649529E-03 -4.477649172919E-04  8.517845538975E-04 -1.220245050281E+05  1.675016877284E+04 -1.931813996722E+05 -1.124571177186E+01 -4.882812500000E-04   1   5
 -2.712901072514E-03  9.019358643899E-05  5.360641778583E-04 -2.280773920124E+05 -3.722351037367E+03 -2.930957403492E+05 -1.124480497050E+01 -4.882812500000E-04   1   5
  1.457251206146E-03  5.633422311482E-04 -4.832566711698E-04  1.004587493353E+05 -1.991192419493E+04  1.353170147875E+05 -1.124829358067E+01 -4.882812500000E-04   1   5
 -1.490356066390E-03  3.771038836342E-04  3.118046527236E-04 -1.221067807936E+05 -1.259365223211E+04 -1.620468600463E+05 -1.124594071649E+01 -4.882812500000E-04   1   5
 -2.528271120883E-03 -1.969620492823E-04  1.003572155530E-03 -1.482125563506E+05  8.595530025427E+03 -2.323002869831E+05 -1.124541033006E+01 -4.882812500000E-04   1   5
 -7.085372092758E-04 -2.148842837529E-04 -1.175981649254E-05 -7.808405841333E+04  7.788546455989E+03 -9.306123303948E+04 -1.124647177684E+01 -4.882812500000E-04   1   5
 -1.089259611809E-03  1.091397501545E-05  6.799046593492E-05 -1.087582155623E+05 -8.025336757831E+02 -1.304736347604E+05 -1.124616492907E+01 -4.882812500000E-04   1   5
 -1.903942421616E-03  5.823170356048E-04  5.674772974190E-04 -1.346540987185E+05 -2.046809124119E+04 -1.913200642383E+05 -1.124572410307E+01 -4.882812500000E-04   1   5
  1.188871916419E-03  2.240467141987E-04 -6.399561789759E-04  4.873402579814E+04 -8.056975141017E+03  8.713555690081E+04 -1.124784236189E+01 -4.882812500000E-04   1   5
  4.993792872424E-04  6.263113743222E-06  1.446631279889E-04  6.821745310263E+04 -6.668561014459E+02  6.299085548664E+04 -1.124762118994E+01 -4.882812500000E-04   1   5
 -5.527296948577E-05 -6.546782016820E-04 -8.851532459814E-05 -1.803782364582E+04  2.199112980102E+04 -2.039550474320E+04 -1.124701440945E+01 -4.882812500000E-04   1   5
 -2.041262906151E-03 -1.322320963697E-04  7.146618084876E-04 -1.312552670443E+05  7.046562868338E+03 -1.966759167066E+05 -1.124569748516E+01 -4.882812500000E-04   1   5
  2.324309814849E-03  8.067887779834E-05 -1.229320392025E-03  1.181002848252E+05 -2.227856351353E+03  1.913215852869E+05 -1.124912947175E+01 -4.882812500000E-04   1   5
  8.818244279079E-04  3.805343423592E-04 -3.682333551944E-04  4.851283359076E+04 -1.312965329332E+04  7.117317206997E+04 -1.124771240663E+01 -4.882812500000E-04   1   5
  3.384279528923E-04 -1.708515775011E-04  5.145035922599E-05  4.010922172309E+04  7.978117652480E+03  3.744478214686E+04 -1.124743077566E+01 -4.882812500000E-04   1   5
 -1.250545979108E-03 -2.609215210488E-04  2.027299285370E-04 -1.102924681878E+05  9.049554824984E+03 -1.415340262206E+05 -1.124608093129E+01 -4.882812500000E-04   1   5
  8.608799670117E-05  5.008131587615E-04 -3.200007479215E-04 -3.103432415184E+04 -1.680495611365E+04 -2.209306828842E+04 -1.124700808625E+01 -4.882812500000E-04   1   5
 -1.161315037316E-03  3.608222573552E-04  3.305629003563E-04 -8.546565955704E+04 -1.254997193688E+04 -1.213247336227E+05 -1.124623962647E+01 -4.882812500000E-04   1   5
 -2.338862447083E-03 -4.127990036224E-04  1.088541531293E-03 -1.177210840765E+05  1.425958411948E+04 -2.022459313611E+05 -1.124564431000E+01 -4.882812500000E-04   1   5
  1.717280877975E-03  7.459813731733E-05 -3.793317685401E-04  1.551625002322E+05 -1.942642102065E+03  1.848394627650E+05 -1.124903503545E+01 -4.882812500000E-04   1   5
  5.885441312473E-04 -4.375326817680E-04 -1.027931709037E-04  4.851232383032E+04  1.543163331439E+04  5.643325793563E+04 -1.124757450384E+01 -4.882812500000E-04   1   5
  2.667236639783E-04 -3.756854163770E-04  1.516121758167E-04  4.457203015840E+04  1.261922682044E+04  3.695026629466E+04 -1.124742232257E+01 -4.882812500000E-04   1   5
  2.601274428283E-03 -1.164535568624E-05 -1.104698047797E-03  1.826342738245E+05  4.980353312755E+02  2.460395979213E+05 -1.125006948139E+01 -4.882812500000E-04   1   5
 -2.543478056715E-03  4.444828024587E-04  7.796142163173E-04 -1.788619809588E+05 -1.474116768232E+04 -2.525035581245E+05 -1.124518511017E+01 -4.882812500000E-04   1   5
 -2.581945866629E-03 -1.006341656144E-04  3.944491982750E-04 -2.332538076591E+05  3.110712620011E+03 -2.915557749933E+05 -1.124478159104E+01 -4.882812500000E-04   1   5
  7.210686906983E-04  5.170939180964E-04 -2.017878636175E-04  5.111447384637E+04 -1.839047997759E+04  6.570539077125E+04 -1.124764643524E+01 -4.882812500000E-04   1   5
 -1.154593629673E-03 -2.440948498764E-04  8.700790977799E-04 -1.840762438278E+04  7.430799254925E+03 -7.501348960171E+04 -1.124660047680E+01 -4.882812500000E-04   1   5
  1.842000549397E-03 -1.694545938931E-04 -7.574292135449E-04  1.167627387924E+05  6.445046462251E+03  1.655626097672E+05 -1.124874890194E+01 -4.882812500000E-04   1   5
 -2.812522536193E-03  7.609800942262E-04  9.528325282907E-04 -1.886026466444E+05 -2.450970618898E+04 -2.725152250490E+05 -1.124496373302E+01 -4.882812500000E-04   1   5
 -1.757438083141E-03  1.976064260211E-04  3.697358894289E-04 -1.421551835895E+05 -6.812029054124E+03 -1.876608031635E+05 -1.124576539847E+01 -4.882812500000E-04   1   5
  2.819147585405E-03  1.632744546656E-04 -1.314275507425E-03  1.806315787378E+05 -3.579369983703E+03  2.545879940704E+05 -1.125015058004E+01 -4.882812500000E-04   1   5
 -2.630643990014E-03  4.366418542924E-04  5.077729584842E-04 -2.232101112646E+05 -1.499946032800E+04 -2.868652568701E+05 -1.124485470719E+01 -4.882812500000E-04   1   5
  1.611079058294E-03 -3.970953731260E-04 -6.946841221897E-04  9.218647107329E+04  1.467068456837E+04  1.395066835208E+05 -1.124833406490E+01 -4.882812500000E-04   1   5
 -9.369609829721E-04 -7.187122869851E-04  3.543777802073E-04 -5.854113846567E+04  2.347724091566E+04 -9.207368385310E+04 -1.124646447218E+01 -4.882812500000E-04   1   5
 -4.644146874905E-04 -5.393375380173E-04 -1.992250007071E-04 -7.547176218813E+04  1.723863294282E+04 -8.040448417541E+04 -1.124656505949E+01 -4.882812500000E-04   1   5
  1.264757510693E-03 -2.790994323221E-04 -2.743290065871E-04  1.039958475790E+05  1.073335906099E+04  1.262860643937E+05 -1.124821053444E+01 -4.882812500000E-04   1   5
 -3.580049717456E-03  3.536751579725E-05  1.641274057839E-03 -1.920341566454E+05 -9.084495523686E+02 -3.095949052361E+05 -1.124448288646E+01 -4.882812500000E-04   1   5
 -2.280020024963E-04 -5.903792630866E-04  7.440940913200E-05 -1.630893229664E+04  1.988400660106E+04 -2.825908887716E+04 -1.124696844192E+01 -4.882812500000E-04   1   5
  1.978627060897E-03  3.078029809920E-06 -4.476755315252E-04  1.845995388214E+05 -6.586679381852E+02  2.186224415502E+05 -1.124952840927E+01 -4.882812500000E-04   1   5
 -1.098524403113E-03 -2.045116243998E-04  9.377315048842E-05 -1.076516034748E+05  7.297881992790E+03 -1.327433702757E+05 -1.124614736381E+01 -4.882812500000E-04   1   5
 -1.769441924582E-03 -6.913449183466E-05  9.313814584785E-04 -7.766438429610E+04  2.637675237365E+03 -1.469430009902E+05 -1.124603509587E+01 -4.882812500000E-04   1   5
 -2.325171798400E-03 -1.730400750859E-04  9.624341686112E-04 -1.318746449099E+05  7.059435908110E+03 -2.122652428229E+05 -1.124557253297E+01 -4.882812500000E-04   1   5
  1.950087921213E-03  1.474986869884E-04 -6.717545278965E-04  1.474596954966E+05 -5.194887889688E+03  1.911378832725E+05 -1.124916880063E+01 -4.882812500000E-04   1   5
  1.687804149860E-03 -1.668340114886E-04 -7.025162957806E-04  1.022258732851E+05  4.198001103403E+03  1.475958520188E+05 -1.124849645186E+01 -4.882812500000E-04   1   5
  1.898852321276E-03 -3.263877639310E-04 -9.916995085200E-04  8.937615528827E+04  1.082067996271E+04  1.507131458136E+05 -1.124850532712E+01 -4.882812500000E-04   1   5
  2.065659235147E-03 -5.348072661700E-04 -7.331709289846E-04  1.546017989123E+05  1.734069368528E+04  2.030550978603E+05 -1.124929843818E+01 -4.882812500000E-04   1   5
  1.827727305121E-03  4.512516808746E-04 -6.303221331947E-04  1.339675206523E+05 -1.537135070370E+04  1.765902698534E+05 -1.124890915451E+01 -4.882812500000E-04   1   5
 -1.031399156344E-03  1.959519977211E-04  2.347006278637E-04 -8.174696394269E+04 -8.964103501660E+03 -1.083283636392E+05 -1.124633702079E+01 -4.882812500000E-04   1   5
 -8.683072047224E-04 -3.632264522360E-04  6.012418914830E-04 -1.993779703766E+04  1.226439192906E+04 -6.205845901326E+04 -1.124672074223E+01 -4.882812500000E-04   1   5
 -3.175495363471E-03 -5.005775534491E-04  1.483008056877E-03 -1.620215828789E+05  1.597294830008E+04 -2.718808464930E+05 -1.124498504263E+01 -4.882812500000E-04   1   5
 -2.438654165613E-04 -3.117819644537E-04  1.597812494012E-04 -6.691725496480E+03  1.115081429391E+04 -2.183764911643E+04 -1.124703434523E+01 -4.882812500000E-04   1   5
  1.240370021071E-03  1.271465171144E-04 -1.485431123138E-04  1.181097000779E+05 -4.115897522370E+03  1.346818469317E+05 -1.124830606015E+01 -4.882812500000E-04   1   5
  2.688036552799E-03 -5.531018808457E-04 -1.398003060133E-03  1.503281538627E+05  1.644438329004E+04  2.298582227197E+05 -1.124979205547E+01 -4.882812500000E-04   1   5
  1.385958575508E-05  1.529583026203E-04  2.587655581532E-05  3.936854560038E+03 -4.532931073489E+03 -2.623092020765E+03 -1.124717269526E+01 -4.882812500000E-04   1   5
  2.008678807916E-03  4.486825797239E-04 -6.005872878309E-04  1.658070634425E+05 -1.445802785210E+04  2.070428851196E+05 -1.124936281075E+01 -4.882812500000E-04   1   5
 -3.492726706147E-03  2.641764394483E-05  1.546927805893E-03 -1.912126095161E+05 -5.593981537950E+02 -3.084753849944E+05 -1.124461873298E+01 -4.882812500000E-04   1   5
  2.765514562168E-03 -3.869132458804E-05 -1.255150627161E-03  1.814094783719E+05  5.551852237350E+02  2.523694253100E+05 -1.125011562369E+01 -4.882812500000E-04   1   5
  9.820815849882E-04 -4.227354713228E-04 -7.393241598086E-05  9.643064581672E+04  1.536101063111E+04  1.082296647885E+05 -1.124801593726E+01 -4.882812500000E-04   1   5
  1.632246764317E-03  3.732844406480E-04 -7.626397689112E-04  8.603618030805E+04 -1.087999155656E+04  1.337875419226E+05 -1.124832016325E+01 -4.882812500000E-04   1   5
  1.947341962469E-04  1.069842562003E-04 -4.371547671073E-04 -3.346498378110E+04 -3.936452338198E+03 -1.728637956566E+04 -1.124704228889E+01 -4.882812500000E-04   1   5
  1.972354513585E-03 -7.470184831898E-05 -9.787723626919E-04  1.025914939335E+05  2.570552603216E+03  1.655933727767E+05 -1.124868947987E+01 -4.882812500000E-04   1   5
 -3.381396101373E-03 -3.143896773724E-04  9.870979395776E-04 -2.510849539084E+05  8.183574356586E+03 -3.451736879487E+05 -1.124423677090E+01 -4.882812500000E-04   1   5
 -4.402747195237E-05 -4.553844956956E-04 -3.090464479614E-04 -4.325995339562E+04  1.494354475081E+04 -3.719168087795E+04 -1.124690802808E+01 -4.882812500000E-04   1   5
  1.743974885672E-03  3.540510317272E-04 -7.261980798171E-04  1.073985961864E+05 -1.169230602317E+04  1.552537481352E+05 -1.124859137415E+01 -4.882812500000E-04   1   5
 -3.528891004222E-03  2.770188113867E-04  1.289890287093E-03 -2.288135034955E+05 -8.716895805455E+03 -3.343381200559E+05 -1.124432237557E+01 -4.882812500000E-04   1   5
 -7.762787167653E-04  2.061319678906E-04 -1.715855505984E-04 -1.057006609702E+05 -7.296896635982E+03 -1.154738980251E+05 -1.124627934265E+01 -4.882812500000E-04   1   5
 -3.025882095137E-05 -1.507943373055E-04  1.721653788626E-04  1.482327481547E+04  7.927087656901E+03  2.760099720657E+02 -1.124715720402E+01 -4.882812500000E-04   1   5
 -2.394339783886E-03  4.091129642729E-04  8.793802165195E-04 -1.482787249610E+05 -1.589200744590E+04 -2.243713315629E+05 -1.124547780857E+01 -4.882812500000E-04   1   5
 -6.433366161963E-04 -2.456442434229E-04 -2.091007604028E-04 -9.611333399908E+04  8.230883018195E+03 -1.028815393042E+05 -1.124638114197E+01 -4.882812500000E-04   1   5
 -1.209820946776E-03  3.545196514773E-04  3.885449171001E-04 -8.382936499632E+04 -1.320245259714E+04 -1.227906368803E+05 -1.124622319855E+01 -4.882812500000E-04   1   5
  1.625795962205E-03  3.643488996090E-04 -7.814167319374E-04  8.220773512787E+04 -1.089914643309E+04  1.301386616317E+05 -1.124827925450E+01 -4.882812500000E-04   1   5
  7.179157612269E-04  4.442713153623E-05  1.009136878187E-04  8.849925152396E+04 -1.959951846655E+03  8.950931333521E+04 -1.124785467568E+01 -4.882812500000E-04   1   5
  2.111588761815E-03  1.720187899032E-04 -9.247024384811E-04  1.340419388942E+05 -6.336930464945E+03  1.909834991922E+05 -1.124916756204E+01 -4.882812500000E-04   1   5
 -1.486899482012E-03 -3.444420342099E-04  7.640114926971E-04 -6.762393277418E+04  1.201722878942E+04 -1.251894091872E+05 -1.124619927896E+01 -4.882812500000E-04   1   5
  1.373437700344E-03 -4.387259568491E-04 -4.651030354293E-04  9.275540298697E+04  1.603985897659E+04  1.255613960843E+05 -1.124820246994E+01 -4.882812500000E-04   1   5
 -2.498882019817E-03  5.824472612021E-04  5.871554080674E-04 -1.986301200064E+05 -1.917417573315E+04 -2.640862969290E+05 -1.124506578197E+01 -4.882812500000E-04   1   5
 -6.926475797212E-04  1.693214676982E-04  8.032020625776E-05 -6.468048646287E+04 -6.204324076037E+03 -8.291648884156E+04 -1.124655874880E+01 -4.882812500000E-04   1   5
  8.449110960526E-04  3.539738545688E-04 -5.109711353075E-04  2.646947656654E+04 -1.155848496899E+04  5.465521282384E+04 -1.124757202599E+01 -4.882812500000E-04   1   5
 -1.653305147574E-03 -2.146941672421E-05  1.018831061437E-04 -1.638373160817E+05  9.278327188014E+02 -1.969895736944E+05 -1.124568604205E+01 -4.882812500000E-04   1   5
  2.011469356754E-03 -2.608130213369E-04 -4.619805574582E-04  1.939738398064E+05  7.462433467791E+03  2.281811383943E+05 -1.124978246569E+01 -4.882812500000E-04   1   5
 -2.570049256186E-03 -1.397546579856E-05  4.172800676490E-04 -2.350022619983E+05  2.567433342146E+02 -2.953775004569E+05 -1.124462733601E+01 -4.882812500000E-04   1   5
  2.502515945853E-03  3.421469651291E-04 -1.069011771545E-03  1.757346754405E+05 -1.129705637800E+04  2.378560592966E+05 -1.124997788253E+01 -4.882812500000E-04   1   5
 -3.310970335098E-03  2.865459470354E-04  1.680317517043E-03 -1.531204424878E+05 -9.094500690902E+03 -2.707155187166E+05 -1.124495577276E+01 -4.882812500000E-04   1   5
  1.458290832325E-03 -1.737650592419E-04 -3.856214657801E-04  1.161198224620E+05  5.564933384795E+03  1.459943106394E+05 -1.124846888104E+01 -4.882812500000E-04   1   5
  5.767369509457E-04 -5.132437735959E-04 -2.991570360060E-04  2.295855288419E+04  1.803007538522E+04  3.892731663293E+04 -1.124743392997E+01 -4.882812500000E-04   1   5
  1.788955170868E-03  1.382697555810E-04 -6.638089849236E-04  1.233359116697E+05 -5.088579066906E+03  1.677640290972E+05 -1.124878087474E+01 -4.882812500000E-04   1   5
  9.771162006811E-04  1.389933596931E-04 -4.700757213538E-05  1.025825889419E+05 -4.043933960329E+03  1.150610961143E+05 -1.124812642276E+01 -4.882812500000E-04   1   5
 -2.726367793051E-04  6.443358718604E-04 -1.141788886251E-04 -4.423804978374E+04 -2.138551779365E+04 -4.945290370689E+04 -1.124680633087E+01 -4.882812500000E-04   1   5
 -1.385660359977E-03 -5.710570048842E-04  6.376149300559E-04 -7.233470701584E+04  1.868545876561E+04 -1.236903076536E+05 -1.124621056083E+01 -4.882812500000E-04   1   5
 -3.063389389890E-03 -5.162764923831E-05  1.403047684739E-03 -1.608019862700E+05  1.564371664628E+03 -2.647241677299E+05 -1.124500735468E+01 -4.882812500000E-04   1   5
  8.496370108615E-04  4.140772217217E-05 -5.118571559620E-04  2.757210613024E+04 -1.701201557852E+03  5.873857914827E+04 -1.124758781983E+01 -4.882812500000E-04   1   5
 -1.670027448359E-04 -2.348711573117E-04  2.443658100585E-04  1.124150625761E+04  8.454517551410E+03 -6.479892608553E+03 -1.124713906799E+01 -4.882812500000E-04   1   5
 -6.822263930688E-04  6.556193059628E-07  1.801699979634E-04 -5.129340624877E+04 -4.054707511009E+02 -7.441738358011E+04 -1.124663802051E+01 -4.882812500000E-04   1   5
 -1.779022553855E-03  4.829034289080E-05  4.857763041888E-04 -1.301344752084E+05 -3.373631489637E+03 -1.789866749403E+05 -1.124582016522E+01 -4.882812500000E-04   1   5
  1.717811099771E-03 -1.925817319078E-04 -7.448686747809E-04  1.010653957884E+05  8.549676735786E+03  1.520937771038E+05 -1.124850951859E+01 -4.882812500000E-04   1   5
 -2.087690173330E-04 -6.725890855130E-04 -3.184479416757E-05 -2.751993075247E+04  2.266413805829E+04 -3.485371245927E+04 -1.124691015235E+01 -4.882812500000E-04   1   5
 -3.451327139361E-03  3.881264171357E-04  1.238835690738E-03 -2.244807160026E+05 -1.427016826147E+04 -3.279069532722E+05 -1.124444137526E+01 -4.882812500000E-04   1   5
 -3.598155603608E-03  5.020736360797E-04  1.452937268121E-03 -2.172938999701E+05 -1.346653514591E+04 -3.285683291171E+05 -1.124432701902E+01 -4.882812500000E-04   1   5
 -1.754647684079E-03 -1.567950461043E-05  8.858276669197E-04 -8.133065361537E+04  9.090473464573E+02 -1.483739830204E+05 -1.124602874731E+01 -4.882812500000E-04   1   5
 -2.411546434600E-03 -5.732530440014E-04  7.593135747000E-04 -1.649472860183E+05  2.057793501963E+04 -2.369615851323E+05 -1.124537621258E+01 -4.882812500000E-04   1   5
  4.163981649285E-04 -2.040301263254E-04 -2.075994833931E-04  1.776284866041E+04  1.003061783038E+04  2.955897441577E+04 -1.124736275556E+01 -4.882812500000E-04   1   5
  1.250477623052E-03  3.223894903127E-04 -4.571001806841E-04  8.016795481999E+04 -1.062637054747E+04  1.117207939036E+05 -1.124808368817E+01 -4.882812500000E-04   1   5
 -2.105995369065E-03 -3.683439575546E-04  8.709351678782E-04 -1.197526659329E+05  1.323305131423E+04 -1.925308888132E+05 -1.124571616033E+01 -4.882812500000E-04   1   5
  5.036773855814E-04 -5.594471293210E-04 -2.505941338664E-04  2.163704849970E+04  1.750866283458E+04  3.441349500913E+04 -1.124741554342E+01 -4.882812500000E-04   1   5
  2.310288034611E-03 -2.564771069747E-04 -8.028837392721E-04  1.879414636508E+05  7.792117175152E+03  2.370906825202E+05 -1.124996870285E+01 -4.882812500000E-04   1   5
  2.182698980602E-03 -8.478977775207E-05 -1.032631575419E-03  1.279509770637E+05  3.113499387326E+03  1.902496362648E+05 -1.124915213763E+01 -4.882812500000E-04   1   5
  1.622425041084E-03  2.628456298289E-04 -6.527871527463E-04  1.008132067553E+05 -8.659963882146E+03  1.444558170934E+05 -1.124844814405E+01 -4.882812500000E-04   1   5
  1.469049940987E-03 -2.302943534807E-04 -8.158668553142E-04  5.871181293378E+04  8.196029179022E+03  1.092486527337E+05 -1.124802987701E+01 -4.882812500000E-04   1   5
  3.042094785790E-03 -2.510482483498E-04 -1.937745946621E-03  1.227907520709E+05  6.974417986658E+03  2.247700126622E+05 -1.124982682823E+01 -4.882812500000E-04   1   5
 -2.288398137082E-03 -2.534140386029E-04  7.915347163710E-04 -1.478104865784E+05  1.125347675581E+04 -2.191954198833E+05 -1.124552073702E+01 -4.882812500000E-04   1   5
  2.071264641476E-03 -6.691761216692E-05 -1.037096877570E-03  1.073576220011E+05  2.514829709822E+03  1.737520799441E+05 -1.124878345770E+01 -4.882812500000E-04   1   5
 -2.264301097831E-03 -4.031803454227E-04  7.149946743817E-04 -1.546221687189E+05  1.507448765586E+04 -2.228108632989E+05 -1.124549226304E+01 -4.882812500000E-04   1   5
  1.372906291639E-03 -5.266074645350E-04 -5.679804298357E-04  7.882519523232E+04  1.892008479206E+04  1.167203195566E+05 -1.124809718766E+01 -4.882812500000E-04   1   5
 -3.040063437800E-03  2.363802418260E-04  1.410673944709E-03 -1.551047619234E+05 -7.776490868995E+03 -2.616868082979E+05 -1.124511730146E+01 -4.882812500000E-04   1   5
 -2.342390003499E-03  1.470730340142E-04  6.283146650050E-04 -1.723488097712E+05 -6.763355583225E+03 -2.351196148274E+05 -1.124538653454E+01 -4.882812500000E-04   1   5
 -6.393608561251E-04  3.230794489821E-04  6.529176789371E-04  1.013063456326E+04 -1.092595457045E+04 -3.048249699451E+04 -1.124694078059E+01 -4.882812500000E-04   1   5
 -2.134903884307E-03 -2.787094718332E-06  6.600011487072E-04 -1.456606114471E+05  1.928037254462E+03 -2.060821162407E+05 -1.124562809135E+01 -4.882812500000E-04   1   5
  2.060044885854E-03  1.733925589894E-04 -8.430239098101E-04  1.396823012090E+05 -4.999532303735E+03  1.926708853850E+05 -1.124920520274E+01 -4.882812500000E-04   1   5
  1.301149284204E-03  3.891775265609E-04 -5.126376814554E-04  7.818173155396E+04 -1.405932067772E+04  1.127782386314E+05 -1.124807560934E+01 -4.882812500000E-04   1   5
  1.366419050024E-03 -1.143858518058E-05 -9.382588845736E-05  1.449723827943E+05  4.467478236701E+02  1.612021717875E+05 -1.124865256658E+01 -4.882812500000E-04   1   5
 -3.239386877632E-03  6.425765260167E-04  1.038324262220E-03 -2.284856545249E+05 -2.019731013351E+04 -3.209785456477E+05 -1.124444460546E+01 -4.882812500000E-04   1   5
  1.762276342507E-03  1.327725806199E-04 -5.134619034666E-04  1.424423557905E+05 -4.193457777481E+03  1.787372791891E+05 -1.124895997160E+01 -4.882812500000E-04   1   5
  1.225381976100E-03  2.803702966728E-04 -6.474211376484E-05  1.273444474639E+05 -1.013122028178E+04  1.411157551834E+05 -1.124835643636E+01 -4.882812500000E-04   1   5
 -1.741362389418E-03 -3.426226995371E-04  3.842193509571E-04 -1.391563722001E+05  1.246162695591E+04 -1.847522198919E+05 -1.124577335431E+01 -4.882812500000E-04   1   5
  1.934140893321E-03  2.898713657898E-04 -8.631415936668E-04  1.126808223048E+05 -1.198194504556E+04  1.696164760613E+05 -1.124872671986E+01 -4.882812500000E-04   1   5
 -2.353725150520E-03  1.771377542355E-05  6.699537834134E-04 -1.681328156263E+05 -7.727434816600E+02 -2.326494871097E+05 -1.124541423307E+01 -4.882812500000E-04   1   5
  1.699461608493E-03  3.702593578211E-04 -7.311990210069E-04  9.954700005886E+04 -1.417135399864E+04  1.483500670553E+05 -1.124846811657E+01 -4.882812500000E-04   1   5
  4.681790808484E-04  3.966457069517E-04  2.644553527398E-05  5.062006554752E+04 -1.493227517362E+04  5.068407233553E+04 -1.124752244847E+01 -4.882812500000E-04   1   5
 -8.658707842038E-04 -6.811739069069E-05  4.846653850616E-04 -3.628867988991E+04  4.284413094585E+03 -7.682403673849E+04 -1.124658790066E+01 -4.882812500000E-04   1   5
  2.174582336396E-03 -4.965368734607E-04 -9.119287070602E-04  1.433259080996E+05  1.636580393901E+04  1.998479942041E+05 -1.124926078399E+01 -4.882812500000E-04   1   5
 -2.894878573723E-03  1.645436659681E-04  7.349906961482E-04 -2.315446225943E+05 -4.847017564526E+03 -3.082156091526E+05 -1.124449718702E+01 -4.882812500000E-04   1   5
  1.293489843570E-03 -5.270501309554E-05 -6.550442192739E-04  5.942470833515E+04  1.227234202658E+03  9.955400927811E+04 -1.124796998623E+01 -4.882812500000E-04   1   5
  1.482475152559E-03  3.392850757091E-04 -6.965258315744E-04  7.631159439727E+04 -1.251962493042E+04  1.216814008033E+05 -1.124816242584E+01 -4.882812500000E-04   1   5
 -2.590947033629E-03 -1.987372581541E-04  9.030425469173E-04 -1.681529414766E+05  6.410141862150E+03 -2.474034027141E+05 -1.124524520846E+01 -4.882812500000E-04   1   5
  7.098306427139E-04  3.449018894967E-04  7.478424370866E-05  8.522575182965E+04 -1.107236893812E+04  8.838773799013E+04 -1.124785073736E+01 -4.882812500000E-04   1   5
 -1.181773543320E-03  2.135636645746E-04  5.106526322540E-04 -6.453835935827E+04 -6.322828135885E+03 -1.068396285890E+05 -1.124636784258E+01 -4.882812500000E-04   1   5
 -1.858534683416E-03 -2.281843928143E-04  7.591327411144E-04 -1.068609092174E+05  8.600130846200E+03 -1.705354259912E+05 -1.124588060768E+01 -4.882812500000E-04   1   5
 -3.588153466164E-03 -6.068078153642E-05  1.304913728169E-03 -2.332027164576E+05  7.971842942007E+02 -3.407182596707E+05 -1.124427919753E+01 -4.882812500000E-04   1   5
 -3.212337610302E-03  6.393227784859E-05  1.326228760148E-03 -1.862160314543E+05 -2.439084773359E+03 -2.930172591033E+05 -1.124481853657E+01 -4.882812500000E-04   1   5
 -1.397921828781E-03 -9.719006366100E-05  7.051712516714E-04 -6.652390584884E+04  4.405847381985E+03 -1.232400328077E+05 -1.124621846073E+01 -4.882812500000E-04   1   5
 -1.566822258676E-03 -2.609926122601E-04  9.540572459271E-05 -1.557034352358E+05  8.569121239589E+03 -1.872415259130E+05 -1.124575473080E+01 -4.882812500000E-04   1   5
 -8.571312227144E-04 -2.321296835897E-04  2.052735485483E-04 -6.773847964842E+04  7.197684209022E+03 -9.471993183563E+04 -1.124646519614E+01 -4.882812500000E-04   1   5
 -1.894618027153E-03 -4.161923862742E-04  8.091060282844E-04 -1.053029255385E+05  1.536416385158E+04 -1.722614303644E+05 -1.124585881079E+01 -4.882812500000E-04   1   5
  6.378366681736E-04  1.193236007502E-04 -2.677896567826E-04  3.502471042383E+04 -4.138006991357E+03  5.081129171035E+04 -1.124756226065E+01 -4.882812500000E-04   1   5
 -1.297210394728E-03 -2.251980149345E-04  7.601479364012E-04 -4.798056034927E+04  7.348528005195E+03 -1.034995143647E+05 -1.124637415099E+01 -4.882812500000E-04   1   5
  9.496472087872E-04 -1.099156653373E-04  3.758501532031E-05  1.082819549833E+05  3.909858697437E+03  1.156738774815E+05 -1.124810450080E+01 -4.882812500000E-04   1   5
  9.162211391686E-04  1.983355017742E-04 -8.392063809703E-05  8.753961639868E+04 -7.332844135276E+03  9.818875150324E+04 -1.124793592841E+01 -4.882812500000E-04   1   5
  1.442830326798E-03  1.679656074039E-04 -1.751685551084E-04  1.427222521999E+05 -6.306849776760E+03  1.626742783329E+05 -1.124865958382E+01 -4.882812500000E-04   1   5
  1.581198452738E-03 -5.584507014826E-04 -3.358269658592E-04  1.406429932327E+05  1.761649469719E+04  1.692064433487E+05 -1.124876905274E+01 -4.882812500000E-04   1   5
  6.686882214405E-04  4.678442986136E-04 -3.570161433537E-04  2.658546415005E+04 -1.478385910163E+04  4.565460444892E+04 -1.124751172511E+01 -4.882812500000E-04   1   5
 -2.361266363524E-04  6.391877988830E-04  1.463886013515E-04 -8.715806491891E+03 -2.141354149695E+04 -2.378388091620E+04 -1.124699515077E+01 -4.882812500000E-04   1   5
 -9.501873826583E-04  2.830441133437E-04 -6.747287274261E-05 -1.116077974515E+05 -9.779917950311E+03 -1.280702933042E+05 -1.124617996873E+01 -4.882812500000E-04   1   5
  1.922025366740E-03  2.081421500626E-04 -5.519315419614E-04  1.538551180488E+05 -8.318317321150E+03  1.925110716923E+05 -1.124905172943E+01 -4.882812500000E-04   1   5
 -6.539332871743E-04 -1.208273692809E-04  3.638128202064E-04 -2.522314299412E+04  4.009466916825E+03 -5.447442330991E+04 -1.124679559298E+01 -4.882812500000E-04   1   5
 -2.533186042211E-03  4.185350613821E-04  6.840436691152E-04 -1.896672903335E+05 -1.439052138127E+04 -2.587723162546E+05 -1.124512146403E+01 -4.882812500000E-04   1   5
 -2.707269219839E-03  2.057755810142E-04  1.193051195179E-03 -1.445221228981E+05 -7.562144102067E+03 -2.396456261986E+05 -1.124535518380E+01 -4.882812500000E-04   1   5
  1.553086921077E-03 -3.005663382402E-05 -7.999556576469E-04  7.125403435930E+04  6.591955401007E+02  1.213482367812E+05 -1.124816765535E+01 -4.882812500000E-04   1   5
  2.223661916413E-03  6.493266885204E-04 -9.057284736573E-04  1.529299906529E+05 -2.013953807424E+04  2.089314956028E+05 -1.124941902604E+01 -4.882812500000E-04   1   5
  1.706719901943E-03 -3.901624747673E-04 -4.150301630995E-04  1.449789027539E+05  1.403981675852E+04  1.776029596037E+05 -1.124885435469E+01 -4.882812500000E-04   1   5
 -3.519998779381E-03  2.125339088883E-04  1.310909076684E-03 -2.255344463427E+05 -6.338012063435E+03 -3.309990676876E+05 -1.124433578398E+01 -4.882812500000E-04   1   5
  1.799185432981E-03 -5.843316606172E-05 -3.396805288198E-04  1.786728318796E+05  1.981157613087E+03  2.071599080185E+05 -1.124943284259E+01 -4.882812500000E-04   1   5
 -2.178994586176E-03 -1.042863785629E-04  4.072068478970E-04 -1.824180908796E+05  4.232324396536E+03 -2.352083468533E+05 -1.124538644662E+01 -4.882812500000E-04   1   5
 -2.881967816397E-03 -1.597953334023E-04  1.166504798780E-03 -1.681926743232E+05  5.917824281291E+03 -2.650757978415E+05 -1.124511145173E+01 -4.882812500000E-04   1   5
 -1.855644805042E-04 -1.335305840540E-04  2.688400650633E-04  1.120823442518E+04  5.470388044048E+03 -9.108043467335E+03 -1.124711028830E+01 -4.882812500000E-04   1   5
  5.768861220422E-05  3.810400809559E-04 -1.793532758819E-04 -1.634588827376E+04 -1.349016255006E+04 -1.337986680043E+04 -1.124708614579E+01 -4.882812500000E-04   1   5
  4.484048852943E-04  6.574224209064E-05 -2.418632749785E-04  1.793565708975E+04 -3.372930235697E+03  3.223489222383E+04 -1.124739834066E+01 -4.882812500000E-04   1   5
  3.343115164283E-04  2.370714472889E-04  1.158537452872E-05  3.442277734146E+04 -9.507042442805E+03  3.238897658215E+04 -1.124739427202E+01 -4.882812500000E-04   1   5
 -3.051588683310E-03 -4.379975607971E-05  1.436129093282E-03 -1.537428857262E+05  1.241877341630E+03 -2.607742299526E+05 -1.124510455763E+01 -4.882812500000E-04   1   5
  2.294290237496E-03  1.486727242964E-04 -9.059146402187E-04  1.593157594053E+05 -8.162146289865E+03  2.162638267240E+05 -1.124944693153E+01 -4.882812500000E-04   1   5
 -2.242039231091E-04 -3.378226605031E-04  1.111943390992E-04 -1.048992339888E+04  1.168317711065E+04 -2.351662830281E+04 -1.124702383376E+01 -4.882812500000E-04   1   5
  1.633851060998E-03  3.117316292091E-04 -7.407738732959E-04  8.940674945085E+04 -1.074341932118E+04  1.370678643738E+05 -1.124834784718E+01 -4.882812500000E-04   1   5
 -2.029643939387E-03 -4.378728960422E-04  3.574760059237E-04 -1.725406899601E+05  1.572258165938E+04 -2.219856847382E+05 -1.124549979280E+01 -4.882812500000E-04   1   5
  1.285944993783E-03  9.308881098406E-05 -5.849433522283E-04  6.776609494196E+04 -4.127056197961E+03  1.059957352888E+05 -1.124801864157E+01 -4.882812500000E-04   1   5
  1.518869810364E-03 -2.461302435495E-04 -4.120864783444E-04  1.177447118326E+05  1.068288153167E+04  1.482185463479E+05 -1.124846120274E+01 -4.882812500000E-04   1   5
  6.912946229195E-04  2.450702113460E-04 -2.414116240764E-04  4.309856548121E+04 -1.053666512087E+04  5.838722993524E+04 -1.124759979159E+01 -4.882812500000E-04   1   5
  2.681476840288E-03 -4.975949416566E-04 -1.243488916933E-03  1.754435131556E+05  1.529906226882E+04  2.467874494600E+05 -1.125009052525E+01 -4.882812500000E-04   1   5
  1.321729537857E-03  2.571619839202E-04 -4.602823222791E-04  8.808287953135E+04 -9.161486733043E+03  1.203566738223E+05 -1.124816765322E+01 -4.882812500000E-04   1   5
  6.291681205078E-04  2.858957016526E-04 -3.522022353043E-04  2.291427926857E+04 -1.141089102729E+04  4.377009063122E+04 -1.124746907894E+01 -4.882812500000E-04   1   5
  1.670969745009E-03 -1.739615127585E-04 -2.931585307148E-04  1.579678272406E+05  5.827248643439E+03  1.842604203629E+05 -1.124895653614E+01 -4.882812500000E-04   1   5
  1.212394096978E-03  5.626793121734E-05 -6.629103434632E-04  4.891046869908E+04 -2.459259074793E+03  8.967646966843E+04 -1.124786025857E+01 -4.882812500000E-04   1   5
  3.260646856579E-04 -8.046925272701E-06 -4.510081811030E-04 -2.128721029630E+04 -4.201097030753E+02 -2.409484030023E+03 -1.124714819995E+01 -4.882812500000E-04   1   5
 -2.242219954856E-03  1.511834845267E-04  1.164700069310E-03 -9.854428298797E+04 -4.843512545032E+03 -1.842108965693E+05 -1.124577222160E+01 -4.882812500000E-04   1   5
 -2.519139858467E-03  1.246616529207E-04  1.016617313518E-03 -1.453649482899E+05 -4.437945785335E+03 -2.297453437006E+05 -1.124543679092E+01 -4.882812500000E-04   1   5
 -7.202019543655E-04 -2.453073627857E-04  2.987499055662E-05 -7.399135705904E+04  8.790208941638E+03 -9.020556252002E+04 -1.124649259800E+01 -4.882812500000E-04   1   5
 -8.236997216193E-04  2.413307838259E-04  2.619560286853E-04 -5.704108781677E+04 -8.253150254712E+03 -8.554716043146E+04 -1.124653783078E+01 -4.882812500000E-04   1   5
 -9.167728741542E-04  2.257350435060E-04  1.402373523296E-05 -9.764136674343E+04 -8.105382054631E+03 -1.160267908228E+05 -1.124627498847E+01 -4.882812500000E-04   1   5
 -1.335376304019E-03 -3.374937255573E-04  2.555359302477E-04 -1.121477133620E+05  1.243204928780E+04 -1.453700705642E+05 -1.124605259930E+01 -4.882812500000E-04   1   5
 -3.425079621091E-03 -1.583490520305E-04  1.081781308510E-03 -2.399742553148E+05  6.405589503858E+03 -3.355613315883E+05 -1.124438398472E+01 -4.882812500000E-04   1   5
  2.244850944059E-03  8.138717905958E-05 -7.999689585323E-04  1.676471519979E+05 -5.222440364345E+03  2.183765612286E+05 -1.124948972812E+01 -4.882812500000E-04   1   5
  5.990821778034E-05  1.625500600768E-04  4.207535703432E-05  1.098860493451E+04 -4.784513243127E+03  5.161605061457E+03 -1.124722671760E+01 -4.882812500000E-04   1   5
 -3.463141767772E-03 -5.446698245037E-04  1.280010547613E-03 -2.217766564998E+05  1.797574143999E+04 -3.270943799878E+05 -1.124442293125E+01 -4.882812500000E-04   1   5
  2.702036382225E-03  8.881883132358E-05 -1.243662253489E-03  1.777028776946E+05 -4.584495736449E+03  2.496202488819E+05 -1.125011049393E+01 -4.882812500000E-04   1   5
 -1.804450763480E-03  5.580877165419E-04  5.685332473243E-04 -1.244081784779E+05 -1.973432734884E+04 -1.798668579309E+05 -1.124580514150E+01 -4.882812500000E-04   1   5
 -1.519219915463E-03 -3.328973336630E-04  3.455240784713E-04 -1.208870392542E+05  1.109169288666E+04 -1.623051422192E+05 -1.124593998384E+01 -4.882812500000E-04   1   5
  8.340294491093E-04 -3.124303558235E-04 -4.610897101952E-04  3.135289856788E+04  1.140592968318E+04  5.794130760055E+04 -1.124758898839E+01 -4.882812500000E-04   1   5
  2.122678067621E-03  2.768837654437E-04 -9.799618088479E-04  1.267343953272E+05 -8.613509450114E+03  1.867895791593E+05 -1.124908965126E+01 -4.882812500000E-04   1   5
 -2.535993314499E-03  6.928244846543E-04  5.353153910425E-04 -2.095229847323E+05 -2.234648950875E+04 -2.733987978831E+05 -1.124497341936E+01 -4.882812500000E-04   1   5
  2.676139394122E-03  5.507256779095E-04 -1.355124620092E-03  1.541424103938E+05 -1.690599879251E+04  2.320826553399E+05 -1.124979967069E+01 -4.882812500000E-04   1   5
 -3.077125165450E-03  5.172515595898E-04  1.165160117905E-03 -1.903613919300E+05 -1.845182772034E+04 -2.872699786876E+05 -1.124486928740E+01 -4.882812500000E-04   1   5
  1.379677624561E-03 -1.974164912781E-04 -5.803140980428E-04  7.978043871989E+04  5.522617519880E+03  1.170845469781E+05 -1.124815600791E+01 -4.882812500000E-04   1   5
  1.157266939303E-03 -2.678078018319E-04 -2.466247047112E-05  1.242154605764E+05  9.516514356567E+03  1.357256131228E+05 -1.124829642005E+01 -4.882812500000E-04   1   5
 -2.451912448183E-03  1.911028757582E-04  7.406091170796E-04 -1.712804540234E+05 -9.013023882614E+03 -2.411217818772E+05 -1.124532813448E+01 -4.882812500000E-04   1   5
 -1.645149096021E-03  3.791613983442E-05  8.734765443290E-04 -7.153939820134E+04 -1.902412538920E+03 -1.365200207095E+05 -1.124611196372E+01 -4.882812500000E-04   1   5
  2.588024651181E-03 -3.957486274049E-04 -1.338081692042E-03  1.400285449550E+05  1.293936801804E+04  2.184411686075E+05 -1.124951913755E+01 -4.882812500000E-04   1   5
 -8.083796804241E-04 -6.245550034751E-04  1.805083759624E-04 -6.557841194897E+04  2.130607239333E+04 -8.938829627411E+04 -1.124648656833E+01 -4.882812500000E-04   1   5
 -1.275705827165E-03 -1.684490270151E-04  1.197893014232E-05 -1.358815415651E+05  6.192828223802E+03 -1.600978659383E+05 -1.124594614618E+01 -4.882812500000E-04   1   5
 -3.349325500405E-03 -6.678672328838E-04  1.614178042869E-03 -1.666764644078E+05  2.041485119079E+04 -2.824513385856E+05 -1.124482804495E+01 -4.882812500000E-04   1   5
  2.485482535049E-03 -3.361116965336E-04 -9.957540449351E-04  1.811677320408E+05  1.120947998239E+04  2.405333506911E+05 -1.124995072151E+01 -4.882812500000E-04   1   5
 -4.025310955290E-04 -3.645654192474E-04 -1.438159624323E-04 -6.150038766770E+04  1.350880178743E+04 -6.619479091642E+04 -1.124667180745E+01 -4.882812500000E-04   1   5
 -1.018747018472E-03  4.524292060371E-04  1.914184886649E-04 -8.732829822199E+04 -1.622597886845E+04 -1.152300299974E+05 -1.124628037025E+01 -4.882812500000E-04   1   5
  1.719173385598E-03 -1.174862924708E-04 -4.868409439432E-04  1.319568897864E+05  4.535929038384E+03  1.654042801470E+05 -1.124866323614E+01 -4.882812500000E-04   1   5
  4.903587744326E-04 -2.433909387541E-06 -4.572511887037E-04 -4.606020727970E+03  2.449069255369E+02  1.600909954225E+04 -1.124729397548E+01 -4.882812500000E-04   1   5
  1.647962851417E-03 -4.142373763074E-05 -9.133257851636E-04  6.751675124720E+04  1.244706928359E+03  1.235838485902E+05 -1.124818377091E+01 -4.882812500000E-04   1   5
 -8.758499095582E-04 -4.571275529528E-04  2.960446382035E-04 -5.889991817910E+04  1.627783468037E+04 -8.941527336463E+04 -1.124649498728E+01 -4.882812500000E-04   1   5
 -3.548956729172E-03  2.825454177671E-04  1.832175253809E-03 -1.614450399546E+05 -9.107772524750E+03 -2.881161531367E+05 -1.124477685587E+01 -4.882812500000E-04   1   5
  1.528175498450E-04  1.952808146525E-04  2.123940996347E-04  4.026026410007E+04 -6.652683882503E+03  2.840193755381E+04 -1.124737123622E+01 -4.882812500000E-04   1   5
 -1.015112929735E-03  6.140931284954E-04  3.257717840274E-04 -7.054324077732E+04 -2.098693944302E+04 -1.040814632638E+05 -1.124636876687E+01 -4.882812500000E-04   1   5
  2.072324096381E-03  6.864745900483E-05 -9.823903363524E-04  1.183780829494E+05 -1.818648126377E+03  1.788117440635E+05 -1.124895955334E+01 -4.882812500000E-04   1   5
 -2.958330571405E-03 -5.875516189912E-04  1.259991009214E-03 -1.645371934709E+05  1.965057287427E+04 -2.632826533290E+05 -1.124509890657E+01 -4.882812500000E-04   1   5
  1.922290237013E-03 -2.460938932129E-04 -6.229397812355E-04  1.435468508613E+05  1.070519438337E+04  1.861447215465E+05 -1.124895606225E+01 -4.882812500000E-04   1   5
 -3.682959443620E-03  1.188644230748E-04  1.662918502680E-03 -1.996196516300E+05 -3.995879249598E+03 -3.211241885419E+05 -1.124442548244E+01 -4.882812500000E-04   1   5
 -2.181652126761E-03 -1.977079379208E-05  6.910981956543E-04 -1.467484637625E+05 -1.160547359689E+03 -2.092331952399E+05 -1.124560751175E+01 -4.882812500000E-04   1   5
  2.216412610636E-03  6.412214503748E-04 -9.454682896198E-04  1.471566889844E+05 -1.958217512758E+04  2.048372129027E+05 -1.124938559668E+01 -4.882812500000E-04   1   5
 -1.979290263732E-03  4.947617169256E-05  1.008877727677E-03 -9.011563754025E+04 -2.293828772789E+03 -1.657526406559E+05 -1.124590235500E+01 -4.882812500000E-04   1   5
 -2.807488840437E-03  6.020821053008E-04  8.784660117054E-04 -1.951533737249E+05 -2.104573160929E+04 -2.759053016242E+05 -1.124498287442E+01 -4.882812500000E-04   1   5
 -8.041379282382E-04  8.871104498927E-05  6.486074114855E-04 -7.027122305304E+03 -3.057930524852E+03 -5.025106572925E+04 -1.124681922136E+01 -4.882812500000E-04   1   5
 -2.522906976644E-03 -2.844858348681E-04  8.808279142098E-04 -1.630353814734E+05  1.140741663708E+04 -2.419351118148E+05 -1.124531954189E+01 -4.882812500000E-04   1   5
 -2.573247013924E-03  4.466795858986E-04  8.496886632156E-04 -1.724028306917E+05 -1.613134048824E+04 -2.494335590033E+05 -1.124523754284E+01 -4.882812500000E-04   1   5
  8.695030322010E-04  2.417191198456E-04 -3.773764229031E-04  4.652249194508E+04 -9.413421926687E+03  7.096629474483E+04 -1.124770421202E+01 -4.882812500000E-04   1   5
 -2.807817638942E-03 -5.932356119357E-04  7.000538690912E-04 -2.193330953988E+05  1.993885376638E+04 -2.931211050648E+05 -1.124478655959E+01 -4.882812500000E-04   1   5
  1.383412977318E-03 -1.198309034352E-04 -2.284731336099E-04  1.239361892810E+05  4.424631411863E+03  1.447301475397E+05 -1.124839788900E+01 -4.882812500000E-04   1   5
  1.541797200244E-03 -4.678125439221E-04 -5.745653441262E-04  1.005609511873E+05  1.603783705370E+04  1.406187017420E+05 -1.124838239834E+01 -4.882812500000E-04   1   5
 -2.695673753406E-04 -5.787031864381E-04  2.929626245032E-04  5.841316283183E+03  1.942236685240E+04 -1.457163504694E+04 -1.124705901941E+01 -4.882812500000E-04   1   5
 -3.123188223405E-03 -3.847025597188E-05  1.253375735652E-03 -1.855622570438E+05  7.447092841839E+02 -2.886784200572E+05 -1.124485970895E+01 -4.882812500000E-04   1   5
 -1.212386654790E-03 -1.308549921544E-04  9.166462076922E-04 -1.894599344797E+04  3.688358050827E+03 -7.813131307249E+04 -1.124657457746E+01 -4.882812500000E-04   1   5
  2.520930452488E-03 -7.370104363692E-04 -1.267624301505E-03  1.483696264258E+05  2.094716564480E+04  2.198723545808E+05 -1.124972246924E+01 -4.882812500000E-04   1   5
 -5.833791806449E-06  2.261199968440E-05 -1.501787665747E-04 -1.864688825440E+04 -1.700056886040E+03 -1.376439920661E+04 -1.124706122145E+01 -4.882812500000E-04   1   5
  1.217219358856E-04  2.733728868278E-04 -1.672408566433E-04 -8.008806291810E+03 -9.834281559155E+03 -4.756215709999E+03 -1.124715386263E+01 -4.882812500000E-04   1   5
 -1.226824033809E-03 -2.061884899137E-05  5.513920630772E-04 -6.402095096110E+04  2.693531026817E+02 -1.082292025458E+05 -1.124636124882E+01 -4.882812500000E-04   1   5
 -2.065124340682E-03 -1.324452795748E-04  4.457065440290E-04 -1.650560467277E+05  5.536223287697E+03 -2.172741275845E+05 -1.124553690794E+01 -4.882812500000E-04   1   5
 -2.729911715991E-03 -1.450087827113E-04  5.825315067592E-04 -2.325529839576E+05  4.106617160575E+03 -3.013328265951E+05 -1.124455879706E+01 -4.882812500000E-04   1   5
  2.618776460936E-03  5.992485904733E-04 -1.404544011824E-03  1.455820211542E+05 -1.657675242293E+04  2.218746519761E+05 -1.124984432565E+01 -4.882812500000E-04   1   5
  2.170272340531E-03  9.406083209634E-04 -6.811995222388E-04  1.863477108835E+05 -2.682563339969E+04  2.309512083098E+05 -1.124985946214E+01 -4.882812500000E-04   1   5
  2.238431629547E-03 -4.949468202154E-04 -9.840669595335E-04  1.410723509409E+05  1.647196045609E+04  2.020395078655E+05 -1.124926438735E+01 -4.882812500000E-04   1   5
  1.680127943444E-03 -2.471204555909E-04 -8.473316319912E-04  8.093627879944E+04  7.938278699722E+03  1.344958062247E+05 -1.124831084647E+01 -4.882812500000E-04   1   5
  2.324877777730E-03  3.553592874292E-04 -1.155987243133E-03  1.259794402879E+05 -1.261211634215E+04  1.966172536061E+05 -1.124913456492E+01 -4.882812500000E-04   1   5
 -2.595886180442E-03 -4.966355646165E-04  7.254094479965E-04 -1.932743479421E+05  1.583499849532E+04 -2.650673602361E+05 -1.124502516902E+01 -4.882812500000E-04   1   5
 -1.098366841901E-03  1.162640712186E-04  4.822595814824E-04 -5.881696111223E+04 -3.371459417839E+03 -9.869308262999E+04 -1.124643651128E+01 -4.882812500000E-04   1   5
  1.069948361480E-03 -2.994509877984E-04 -6.117127470572E-04  3.878372451280E+04  1.094634848621E+04  7.528018441987E+04 -1.124772740781E+01 -4.882812500000E-04   1   5
  1.160100513762E-03 -4.682421202051E-04 -3.086337237376E-04  8.693264918272E+04  1.722769369891E+04  1.107601305935E+05 -1.124803872896E+01 -4.882812500000E-04   1   5
  1.434379926854E-03  2.622074703663E-04 -5.984240508854E-04  8.438099899504E+04 -1.057539887001E+04  1.263488520956E+05 -1.124821090341E+01 -4.882812500000E-04   1   5
  5.145812737603E-04 -4.667647308604E-04 -2.774075505886E-04  1.941023290029E+04  1.685259078353E+04  3.471557266341E+04 -1.124740079593E+01 -4.882812500000E-04   1   5
 -8.540879176916E-04  1.653857862668E-04  6.528390127125E-05 -8.419246457920E+04 -5.575242415830E+03 -1.037223920542E+05 -1.124638280289E+01 -4.882812500000E-04   1   5
  2.393229698817E-03  3.625609958544E-04 -1.286559807214E-03  1.164865576857E+05 -1.195168977534E+04  1.930254458723E+05 -1.124909479023E+01 -4.882812500000E-04   1   5
  8.966560032718E-04 -3.292322883974E-04 -5.288695933784E-04  3.017743829701E+04  1.024671183011E+04  5.959480296171E+04 -1.124762029181E+01 -4.882812500000E-04   1   5
  2.689965328143E-04 -2.008538128279E-04 -2.553336994948E-05  2.316818507558E+04  8.975414324082E+03  2.181613162075E+04 -1.124732060399E+01 -4.882812500000E-04   1   5
 -3.416893713224E-03 -1.484067099980E-04  1.148325179191E-03 -2.319098417807E+05  6.955646714286E+03 -3.324485649795E+05 -1.124441697536E+01 -4.882812500000E-04   1   5
  1.670867950245E-03  2.882451330046E-04 -4.881323859752E-04  1.317218461776E+05 -9.618454054406E+03  1.668507965075E+05 -1.124876697876E+01 -4.882812500000E-04   1   5
 -8.127815677541E-04 -7.192546352543E-05 -1.520522128700E-04 -1.075737984309E+05  2.161901128588E+03 -1.196621803944E+05 -1.124625007774E+01 -4.882812500000E-04   1   5
 -2.279430521501E-03  1.270050491684E-04  5.291742362590E-04 -1.768819740194E+05 -4.377146451424E+03 -2.342072027737E+05 -1.124540701231E+01 -4.882812500000E-04   1   5
  1.386871619340E-03 -4.363286531524E-04 -3.203136321457E-04  1.148768145274E+05  1.497572164578E+04  1.415830205525E+05 -1.124839266321E+01 -4.882812500000E-04   1   5
 -1.959105877575E-03 -2.262395842204E-04  5.819045525290E-04 -1.376933230762E+05  7.579406094572E+03 -1.956598682844E+05 -1.124571741718E+01 -4.882812500000E-04   1   5
 -2.611813890360E-03 -1.627052690258E-04  1.017399662976E-03 -1.556343196369E+05  5.744816525314E+03 -2.403953994193E+05 -1.124532862808E+01 -4.882812500000E-04   1   5
 -3.494594068326E-03 -7.540902460946E-05  9.267027965133E-04 -2.681447665957E+05  2.096709771167E+03 -3.637278366987E+05 -1.124416614303E+01 -4.882812500000E-04   1   5
  2.450861675726E-03  3.957620756780E-04 -1.297609389298E-03  1.265833514041E+05 -1.225067808709E+04  2.024398338027E+05 -1.124930700988E+01 -4.882812500000E-04   1   5
  2.399335469189E-03 -1.856336727946E-04 -1.241686466649E-03  1.244395043210E+05  6.875299423258E+03  1.997226504045E+05 -1.124917969335E+01 -4.882812500000E-04   1   5
 -6.731003353536E-04  2.485981211565E-04  4.609936391330E-04 -1.673224338171E+04 -8.862683130084E+03 -5.185801128733E+04 -1.124680291347E+01 -4.882812500000E-04   1   5
 -3.702673086990E-03 -1.035880726008E-05  1.746488588210E-03 -1.903711856453E+05  3.525509848511E+02 -3.165386403749E+05 -1.124450389321E+01 -4.882812500000E-04   1   5
  3.740266910338E-04  2.195833198921E-04  4.632562021045E-06  3.954431729882E+04 -7.348462058693E+03  4.004496243888E+04 -1.124747342951E+01 -4.882812500000E-04   1   5
 -2.301742725075E-03  4.515522202934E-04  2.352295488693E-04 -2.219854778591E+05 -1.404687644122E+04 -2.713869913080E+05 -1.124497965451E+01 -4.882812500000E-04   1   5
 -4.866835261429E-04  1.857906073926E-04  2.803741999226E-04 -1.809185130030E+04 -6.296102767867E+03 -4.275155679252E+04 -1.124688514293E+01 -4.882812500000E-04   1   5
 -2.819099769437E-03  6.515228863871E-04  7.985373565342E-04 -2.078337402523E+05 -2.222811781039E+04 -2.860667703070E+05 -1.124486490417E+01 -4.882812500000E-04   1   5
  3.583050900490E-05  1.984965801195E-04  1.833315029196E-04  2.405922459162E+04 -7.767082095878E+03  1.088515306704E+04 -1.124724612152E+01 -4.882812500000E-04   1   5
 -1.503233175114E-03 -2.143470810781E-04  7.782098187450E-04 -6.754358969687E+04  7.329310432011E+03 -1.260255431792E+05 -1.124619693414E+01 -4.882812500000E-04   1   5
 -3.638389986568E-03  2.971466607724E-04  1.730436540833E-03 -1.864234847518E+05 -9.143265817389E+03 -3.092195704831E+05 -1.124451895522E+01 -4.882812500000E-04   1   5
 -4.180719695968E-04 -3.071208004259E-04 -1.088101100650E-04 -5.832975983259E+04  1.102286178658E+04 -6.508943087631E+04 -1.124669873892E+01 -4.882812500000E-04   1   5
 -7.657637694469E-04 -1.918625760405E-04 -5.763791526536E-05 -8.967386051580E+04  6.852060514816E+03 -1.021492101861E+05 -1.124638723411E+01 -4.882812500000E-04   1   5
  1.986515649567E-03  4.716109602702E-04 -5.255641579360E-04  1.754759776229E+05 -1.486846020161E+04  2.134757596792E+05 -1.124947301046E+01 -4.882812500000E-04   1   5
 -2.267867580346E-03  4.378522884592E-04  7.242544513825E-04 -1.537463414942E+05 -1.681775653080E+04 -2.220374950211E+05 -1.124549748918E+01 -4.882812500000E-04   1   5
 -3.577202903134E-03 -3.355696910232E-04  1.473507938687E-03 -2.097146834261E+05  1.192893125732E+04 -3.242424216774E+05 -1.124446282493E+01 -4.882812500000E-04   1   5
  1.408575280382E-03  3.776331935385E-04 -7.468038785356E-04  6.030110352107E+04 -1.396363436203E+04  1.069280708326E+05 -1.124800568862E+01 -4.882812500000E-04   1   5
  1.330131438667E-03 -2.354252488117E-04 -2.188071345028E-04  1.216534342599E+05  8.253585485873E+03  1.430751618352E+05 -1.124841836667E+01 -4.882812500000E-04   1   5
 -1.310288558047E-04 -2.977552283634E-04 -1.890312828468E-05 -1.686513944882E+04  1.284965168012E+04 -2.128676291145E+04 -1.124700751975E+01 -4.882812500000E-04   1   5
 -3.027400749781E-03  7.538746369869E-04  1.184017834432E-03 -1.834181591105E+05 -2.450006488079E+04 -2.793877948067E+05 -1.124490451258E+01 -4.882812500000E-04   1   5
 -1.203250118986E-03  2.789366149643E-04  7.720452588792E-04 -3.615561003332E+04 -9.998392694622E+03 -9.033774272124E+04 -1.124647808829E+01 -4.882812500000E-04   1   5
  2.159129071819E-05  2.535470264102E-04 -7.517018458542E-05 -7.277574316132E+03 -9.281722385156E+03 -9.132591141291E+03 -1.124712464028E+01 -4.882812500000E-04   1   5
  1.719331423938E-03 -2.481712089869E-04 -7.772215308724E-04  9.547700640311E+04  1.013227732903E+04  1.478603071599E+05 -1.124843641043E+01 -4.882812500000E-04   1   5
  1.980172123236E-03 -2.014416994339E-04 -8.689821210429E-04  1.208458100028E+05  7.221076888557E+03  1.750371715691E+05 -1.124889873137E+01 -4.882812500000E-04   1   5
  8.246322353200E-04  3.317056049839E-04 -2.383631653202E-04  5.902927337724E+04 -1.057936314203E+04  7.562370090922E+04 -1.124776315636E+01 -4.882812500000E-04   1   5
  8.538315475060E-05 -4.723701762136E-04 -8.387555381523E-05 -2.418460361861E+03  1.681674875935E+04 -2.452699701265E+03 -1.124714634226E+01 -4.882812500000E-04   1   5
  1.235708585934E-04 -1.209520805088E-04  3.413819598104E-04  5.234737700177E+04  4.778728812513E+03  3.521410699484E+04 -1.124740509930E+01 -4.882812500000E-04   1   5
  2.427334731406E-03  4.089817023642E-04 -1.245704809802E-03  1.315906760324E+05 -1.314384431085E+04  2.045724405284E+05 -1.124935351292E+01 -4.882812500000E-04   1   5
  2.755701445793E-03 -3.040499737603E-04 -1.334509174560E-03  1.740997301585E+05  9.189915461973E+03  2.495847109407E+05 -1.125016203435E+01 -4.882812500000E-04   1   5
 -8.950588420453E-04 -7.661877682407E-04  4.704342341604E-04 -3.956672738737E+04  2.434132285670E+04 -7.692206098519E+04 -1.124658600620E+01 -4.882812500000E-04   1   5
  1.025001344309E-03 -4.528113079807E-04 -3.642042250241E-04  6.467341765213E+04  1.600256413747E+04  8.930908806750E+04 -1.124785293378E+01 -4.882812500000E-04   1   5
  1.121619890072E-04  1.411119662480E-04 -2.343784961770E-04 -1.683797035977E+04 -5.631471318346E+03 -7.563409321286E+03 -1.124710388064E+01 -4.882812500000E-04   1   5
 -1.775757925804E-03 -6.029700710298E-04  5.988562851395E-04 -1.175599709383E+05  2.044682855624E+04 -1.730829135206E+05 -1.124585220427E+01 -4.882812500000E-04   1   5
  1.577314141155E-03  2.660439763516E-04 -3.467785947962E-04  1.349241594172E+05 -1.106232053200E+04  1.634483321141E+05 -1.124864110038E+01 -4.882812500000E-04   1   5
  6.325333326762E-04 -1.226780312934E-04 -8.707312308009E-05  5.463683243954E+04  5.236050261814E+03  6.050263477775E+04 -1.124761693094E+01 -4.882812500000E-04   1   5
  1.137670680475E-03 -1.657811542609E-04 -3.896991001862E-05  1.195398739407E+05  5.742493909859E+03  1.309747334239E+05 -1.124824712920E+01 -4.882812500000E-04   1   5
 -3.614145728624E-03 -5.410014116346E-04  1.747959016699E-03 -1.801573017719E+05  1.676794176837E+04 -3.046388183171E+05 -1.124460781931E+01 -4.882812500000E-04   1   5
 -3.215243963621E-03  6.369297038342E-04  9.923931081312E-04 -2.307151765870E+05 -2.045886019375E+04 -3.210036303411E+05 -1.124446275666E+01 -4.882812500000E-04   1   5
 -2.694037182538E-03  7.495430190492E-04  6.890251869617E-04 -2.081354539930E+05 -2.449647570520E+04 -2.802438053877E+05 -1.124490437230E+01 -4.882812500000E-04   1   5
  1.882235008005E-03  5.811722429022E-04 -6.816669750119E-04  1.336384012028E+05 -1.899200939414E+04  1.792630018202E+05 -1.124892916757E+01 -4.882812500000E-04   1   5
  1.629114034129E-03  4.988222735461E-04 -4.127830827252E-04  1.346315761797E+05 -1.674838813296E+04  1.664322035366E+05 -1.124871540899E+01 -4.882812500000E-04   1   5
  1.777023742673E-03 -3.214189348022E-04 -8.010776769716E-04  1.009590550043E+05  1.118536719771E+04  1.528116303171E+05 -1.124854986677E+01 -4.882812500000E-04   1   5
  2.183542834869E-03  2.478898391667E-04 -1.205099349845E-03  9.883545292859E+04 -7.591238811509E+03  1.705906750231E+05 -1.124879565637E+01 -4.882812500000E-04   1   5
 -3.467910630890E-03  5.275888099195E-04  1.271462532830E-03 -2.232954944064E+05 -1.761501589268E+04 -3.280662915611E+05 -1.124441242981E+01 -4.882812500000E-04   1   5
  4.758545584431E-04 -6.149403735903E-05 -1.940601574058E-05  4.743062875358E+04  1.808143692869E+03  4.988272093428E+04 -1.124755109165E+01 -4.882812500000E-04   1   5
  1.573834022639E-03  5.436092855724E-04 -5.722289706780E-04  1.035841382523E+05 -1.945511410711E+04  1.439527390394E+05 -1.124839017546E+01 -4.882812500000E-04   1   5
  2.189550632132E-04  2.393259234729E-04 -4.700252335273E-04 -3.510225366564E+04 -7.833385021772E+03 -1.780910145098E+04 -1.124703919241E+01 -4.882812500000E-04   1   5
  2.181339759441E-03  7.330530475231E-04 -6.304556586129E-04  1.958800653616E+05 -2.099983305563E+04  2.382308325709E+05 -1.124996523751E+01 -4.882812500000E-04   1   5
  1.703932958346E-03  3.160608342609E-04 -7.882309976777E-04  9.205209393849E+04 -1.123275032849E+04  1.423815527417E+05 -1.124841154490E+01 -4.882812500000E-04   1   5
  2.080437128327E-03 -3.173055074843E-04 -6.892033515873E-04  1.586665140475E+05  1.141536442696E+04  2.042210602099E+05 -1.124925437823E+01 -4.882812500000E-04   1   5
  1.789978276773E-03 -4.943386411959E-04 -7.366530209699E-04  1.120542164130E+05  1.641901204317E+04  1.606488763476E+05 -1.124865713373E+01 -4.882812500000E-04   1   5
  2.469116593136E-03  6.026251310158E-05 -1.279883209486E-03  1.301093834705E+05 -2.843769541356E+03  2.074608007168E+05 -1.124930832683E+01 -4.882812500000E-04   1   5
  8.196845816026E-04  3.227421497686E-04 -1.942713375838E-04  6.337446858642E+04 -1.219082396860E+04  7.859383074988E+04 -1.124776693816E+01 -4.882812500000E-04   1   5
 -1.251930565702E-03  4.353650403621E-04  5.602839965427E-04 -6.774749819096E+04 -1.592547996267E+04 -1.148566291824E+05 -1.124628278223E+01 -4.882812500000E-04   1   5
 -2.822723181986E-03 -1.794036163366E-04  4.773379392300E-04 -2.520824873522E+05  5.713593120107E+03 -3.173176085624E+05 -1.124449450299E+01 -4.882812500000E-04   1   5
 -6.594181101505E-04 -5.094528600177E-04  6.216567396464E-04  4.494338078208E+03  1.646922987427E+04 -3.483277320437E+04 -1.124691125075E+01 -4.882812500000E-04   1   5
  2.799050963845E-03  3.433523451501E-04 -1.575046855147E-03  1.381129916848E+05 -1.024944755609E+04  2.267095995088E+05 -1.124971259992E+01 -4.882812500000E-04   1   5
  1.189760144327E-03 -4.182733401065E-04 -5.426835587437E-04  6.122624578906E+04  1.464506965905E+04  9.612109268989E+04 -1.124791425760E+01 -4.882812500000E-04   1   5
  3.951691961298E-04  3.069052832724E-04  1.136076334174E-04  5.500863127205E+04 -9.905008548954E+03  5.145945984670E+04 -1.124755436104E+01 -4.882812500000E-04   1   5
  1.904444182657E-04 -3.934848731561E-04 -2.142046438295E-04 -6.557085509877E+03  1.293470830178E+04 -2.025935288891E+02 -1.124718152510E+01 -4.882812500000E-04   1   5
 -2.587198403464E-03  5.982742385863E-04  7.231986083081E-04 -1.916972740450E+05 -1.934495833143E+04 -2.633381373995E+05 -1.124506108671E+01 -4.882812500000E-04   1   5
  2.294797438186E-03  2.839541930555E-04 -1.128334914834E-03  1.309762019814E+05 -9.246160610091E+03  1.975196555194E+05 -1.124928201357E+01 -4.882812500000E-04   1   5
  2.107177181530E-03  2.837640595295E-04 -8.285392623684E-04  1.560876681327E+05 -7.379401807582E+03  2.061251831941E+05 -1.124955786966E+01 -4.882812500000E-04   1   5
  1.478021922761E-03  2.449571363286E-04 -3.865791112444E-04  1.191804396548E+05 -7.309870292785E+03  1.495094959199E+05 -1.124851762935E+01 -4.882812500000E-04   1   5
  2.556406158668E-03  2.027722406996E-04 -1.123858610476E-03  1.734329324181E+05 -8.063294386771E+03  2.409299984400E+05 -1.124994261844E+01 -4.882812500000E-04   1   5
 -1.402567650578E-03 -1.063036676232E-04  4.309901172656E-05 -1.449175864413E+05  3.704446049694E+03 -1.715710685915E+05 -1.124586542845E+01 -4.882812500000E-04   1   5
  2.826833631724E-03 -1.004714113681E-04 -1.237901232142E-03  1.951469940819E+05  2.156277114927E+03  2.684514119900E+05 -1.125032245881E+01 -4.882812500000E-04   1   5
 -2.010104691774E-03  3.966085130233E-04  4.624860231433E-04 -1.577756272089E+05 -1.451744751629E+04 -2.108799324189E+05 -1.124558341089E+01 -4.882812500000E-04   1   5
 -1.808744712071E-04  4.254441774698E-04 -1.502233087501E-04 -3.806574376221E+04 -1.493721319204E+04 -4.021931619411E+04 -1.124689311800E+01 -4.882812500000E-04   1   5
 -2.486217647459E-04 -2.585917647081E-04 -1.913116261585E-04 -4.995294530977E+04  8.952046512047E+03 -5.038321760983E+04 -1.124681325080E+01 -4.882812500000E-04   1   5
  4.952275143046E-04 -1.536979265774E-04 -1.564074153532E-04  3.208655489531E+04  8.307381516732E+03  4.108146083482E+04 -1.124746135981E+01 -4.882812500000E-04   1   5
  9.352173561182E-04 -2.065235740364E-05  8.474233762179E-05  1.110440908029E+05  6.970752148735E+02  1.149920826678E+05 -1.124808017480E+01 -4.882812500000E-04   1   5
  8.978227403476E-04  4.014820589401E-04 -8.269295805069E-05  8.588017066383E+04 -1.362425278932E+04  9.687992079411E+04 -1.124792177878E+01 -4.882812500000E-04   1   5
 -5.017196338872E-04  2.962819059675E-05 -7.458407368249E-05 -6.300561441842E+04 -1.149926330216E+03 -7.249797319988E+04 -1.124664615781E+01 -4.882812500000E-04   1   5
 -3.645398885603E-03  2.663299822252E-04  1.661796810017E-03 -1.957540381698E+05 -8.058843262084E+03 -3.166311441787E+05 -1.124446138234E+01 -4.882812500000E-04   1   5
  1.904231865354E-03 -1.472944386924E-04 -7.976482815907E-04  1.201602353292E+05  5.770410956198E+03  1.708811945620E+05 -1.124883267625E+01 -4.882812500000E-04   1   5
  4.745954499117E-04 -3.298337700807E-04 -3.502731254173E-04  6.511737763069E+03  1.147710221274E+04  2.408546273947E+04 -1.124733026876E+01 -4.882812500000E-04   1   5
 -5.468536046935E-04  3.219060842858E-04 -1.578498584286E-04 -7.873770705660E+04 -1.142292900546E+04 -8.482303392058E+04 -1.124652467844E+01 -4.882812500000E-04   1   5
 -8.914468548305E-04 -4.242759380472E-04  5.314414152335E-04 -3.115643226572E+04  1.423389901911E+04 -7.109728138331E+04 -1.124664919995E+01 -4.882812500000E-04   1   5
  1.233143140252E-03  5.988404593756E-04 -4.177333183643E-04  8.221395006736E+04 -2.114406428841E+04  1.125268922549E+05 -1.124805887544E+01 -4.882812500000E-04   1   5
  3.070264616678E-03 -1.127029614487E-04 -1.945031400194E-03  1.268210431185E+05  3.157499783012E+03  2.290211167892E+05 -1.124990711156E+01 -4.882812500000E-04   1   5
  2.392111713884E-03  3.006012273368E-04 -8.882911982527E-04  1.819643864288E+05 -1.081479948871E+04  2.370804874698E+05 -1.124985466112E+01 -4.882812500000E-04   1   5
 -7.694742110875E-04  4.700129173699E-04  6.083619443573E-04 -9.383210041158E+03 -1.623419406092E+04 -5.052996479658E+04 -1.124678915999E+01 -4.882812500000E-04   1   5
 -1.733715464358E-05  1.951861213249E-04 -8.614606147050E-05 -1.285358087643E+04 -4.955623366637E+03 -1.583520503172E+04 -1.124708393285E+01 -4.882812500000E-04   1   5
  2.619379431099E-03 -2.873331954490E-04 -1.120473817447E-03  1.864178041858E+05  8.805820260980E+03  2.518870680093E+05 -1.125018566491E+01 -4.882812500000E-04   1   5
  1.726708028318E-03  5.048828502306E-05 -8.901132450003E-04  8.142591376120E+04 -1.878566873869E+03  1.380582581452E+05 -1.124834714608E+01 -4.882812500000E-04   1   5
 -9.487904337309E-04 -5.589485590869E-04  6.228511435591E-04 -2.671871339260E+04  1.871764436156E+04 -7.077254768562E+04 -1.124663242724E+01 -4.882812500000E-04   1   5
  1.756883165263E-03  2.871794165269E-04 -4.381493530659E-04  1.521361411549E+05 -9.599184104425E+03  1.848979281827E+05 -1.124903241988E+01 -4.882812500000E-04   1   5
  1.802398857798E-03  3.733206178835E-04 -9.171085002747E-04  8.599895410400E+04 -1.356883861295E+04  1.441781693983E+05 -1.124839210620E+01 -4.882812500000E-04   1   5
  2.514771998341E-03 -1.812271537887E-04 -1.374262826534E-03  1.297238180548E+05  5.054470942620E+03  2.060423984068E+05 -1.124950611384E+01 -4.882812500000E-04   1   5
  2.074904880448E-03  2.780425309163E-04 -5.011375872995E-04  1.961749605907E+05 -8.329655420743E+03  2.325142535325E+05 -1.124982161821E+01 -4.882812500000E-04   1   5
  2.001739088152E-03  1.079196027529E-04 -1.011617973370E-03  9.918592819254E+04 -2.779030784077E+03  1.586356002501E+05 -1.124863806141E+01 -4.882812500000E-04   1   5
  1.922081186241E-03 -1.170413709245E-04 -4.489049884654E-04  1.917030007212E+05  3.214725443378E+03  2.240054861054E+05 -1.124988764392E+01 -4.882812500000E-04   1   5
  1.957778377764E-03  4.132048600868E-04 -5.684025487500E-04  1.623743274829E+05 -1.328896619499E+04  2.018010925621E+05 -1.124927838620E+01 -4.882812500000E-04   1   5
  2.037111235606E-03 -4.701507905216E-04 -5.469206194149E-04  1.814205200900E+05  1.394733506870E+04  2.199500361774E+05 -1.124960434147E+01 -4.882812500000E-04   1   5
 -3.206378037575E-03 -6.139223980132E-04  1.356465258466E-03 -1.812004357314E+05  2.062555353014E+04 -2.863696049836E+05 -1.124485402148E+01 -4.882812500000E-04   1   5
 -2.860000745646E-03  1.719143287773E-04  6.825697609371E-04 -2.255057862979E+05 -5.813422253102E+03 -2.975867785237E+05 -1.124476823419E+01 -4.882812500000E-04   1   5
  1.239550710910E-04 -1.958666799775E-04  8.884361191508E-06  1.354818608198E+04  7.287108641967E+03  1.001644568354E+04 -1.124725699592E+01 -4.882812500000E-04   1   5
  1.450589709534E-03 -1.466188846257E-04 -2.912515946198E-04  1.257577554518E+05  6.214504184442E+03  1.499959477785E+05 -1.124849062347E+01 -4.882812500000E-04   1   5
  7.552086733836E-04 -4.042500280383E-04 -8.901654232341E-05  6.909200089458E+04  1.405868860127E+04  7.899878228743E+04 -1.124776474146E+01 -4.882812500000E-04   1   5
 -8.733011906925E-04  4.040608086608E-04 -1.316223695313E-05 -9.620823192625E+04 -1.393500280441E+04 -1.127955946245E+05 -1.124630128170E+01 -4.882812500000E-04   1   5
  2.809721922075E-03 -1.102562260286E-04 -1.371967464280E-03  1.750542155239E+05  3.513187273259E+03  2.542086906815E+05 -1.125017477310E+01 -4.882812500000E-04   1   5
  1.294353219781E-03 -1.439149662742E-04 -1.991333040304E-04  1.190002498390E+05  5.101459911553E+03  1.387415981988E+05 -1.124836204636E+01 -4.882812500000E-04   1   5
  1.857086161641E-04  7.716556684545E-06  3.104245334176E-04  5.707516317788E+04 -3.703313169176E+02  4.353738901218E+04 -1.124749491242E+01 -4.882812500000E-04   1   5
  2.565664009838E-03  4.482731519004E-04 -1.212382987310E-03  1.640766486867E+05 -1.412604996719E+04  2.332938852738E+05 -1.124992238947E+01 -4.882812500000E-04   1   5
  1.393590483966E-03 -1.888485120041E-04 -7.447291141037E-04  5.952142717046E+04  6.434680773739E+03  1.072962378404E+05 -1.124800676848E+01 -4.882812500000E-04   1   5
 -1.564320722216E-03  4.172389966339E-04  7.393174398462E-04 -7.932590837778E+04 -1.479380290529E+04 -1.382997230549E+05 -1.124610159083E+01 -4.882812500000E-04   1   5
 -3.796614340743E-03 -3.990363167365E-04  1.629925197122E-03 -2.158739072205E+05  1.045730472296E+04 -3.362805654374E+05 -1.124428025878E+01 -4.882812500000E-04   1   5
  4.670844862138E-04  4.016170649838E-04 -2.462073701635E-04  1.833825336026E+04 -1.437072242753E+04  3.148103887213E+04 -1.124738425272E+01 -4.882812500000E-04   1   5
  9.909765653698E-05 -1.759636083957E-04  3.715683548666E-05  1.170814290598E+04  8.798101258685E+03  3.683974593110E+03 -1.124718086144E+01 -4.882812500000E-04   1   5
 -5.050567499409E-05 -4.428946798180E-04  7.284193402118E-05  2.029084822640E+03  1.702298317640E+04 -6.043391814880E+03 -1.124711258301E+01 -4.882812500000E-04   1   5
 -2.381748119146E-03 -3.339804046932E-04  8.108764100254E-04 -1.558433747720E+05  1.346807189997E+04 -2.300028468992E+05 -1.124543151045E+01 -4.882812500000E-04   1   5
 -2.948443298769E-03 -8.231008879830E-04  1.059822345261E-03 -1.911666820899E+05  2.601386788628E+04 -2.811192024091E+05 -1.124486536614E+01 -4.882812500000E-04   1   5
  2.538824919995E-03 -5.863952374910E-04 -1.179245294464E-03  1.616552295860E+05  1.787900224651E+04  2.306972516342E+05 -1.124980199394E+01 -4.882812500000E-04   1   5
  1.202196340815E-03  4.419208137275E-04 -3.961293576730E-04  8.140788958350E+04 -1.498954798240E+04  1.093578077628E+05 -1.124804539568E+01 -4.882812500000E-04   1   5
  3.145824598156E-04  1.679097567370E-04 -4.713489702447E-04 -2.502159725760E+04 -5.941688522855E+03 -6.998721016131E+03 -1.124712964606E+01 -4.882812500000E-04   1   5
  1.755354553619E-04 -4.809098040569E-04 -2.727721058002E-04 -1.555488041785E+04  1.546530593191E+04 -7.865987410657E+03 -1.124712664395E+01 -4.882812500000E-04   1   5
  1.932440925711E-03  2.372371908551E-04 -5.686357260692E-04  1.633367339944E+05 -7.361232984563E+03  2.019348783518E+05 -1.124937196621E+01 -4.882812500000E-04   1   5
  1.004788199911E-03  2.426992843241E-04 -2.081503114554E-04  8.316184186936E+04 -8.066553900000E+03  1.007229633166E+05 -1.124797943089E+01 -4.882812500000E-04   1   5
 -1.645210586031E-03  3.892076568149E-04  1.951735195874E-04 -1.518609081574E+05 -1.379012621904E+04 -1.885534407982E+05 -1.124574514003E+01 -4.882812500000E-04   1   5
 -2.829979853400E-03  1.094670867970E-04  1.218219158884E-03 -1.559514124177E+05 -3.926870895693E+03 -2.516124001154E+05 -1.124520013375E+01 -4.882812500000E-04   1   5
  1.668305602275E-03 -4.453926300606E-04 -4.456883453144E-04  1.347881497138E+05  1.577532607675E+04  1.685736603354E+05 -1.124873025715E+01 -4.882812500000E-04   1   5
 -1.034347473931E-05  5.889699336164E-04  2.149431265369E-05  6.364732921451E+02 -1.923009765280E+04 -5.496635590248E+03 -1.124713776744E+01 -4.882812500000E-04   1   5
  3.661668637842E-04 -4.454539181983E-04  3.793770587840E-05  4.101926973779E+04  1.611381736178E+04  3.924570009334E+04 -1.124743388247E+01 -4.882812500000E-04   1   5
  1.146240890611E-03  3.001385561455E-04 -2.829897064630E-04  9.018038592192E+04 -1.086651210784E+04  1.134061684120E+05 -1.124808970479E+01 -4.882812500000E-04   1   5
  3.481751451030E-05 -2.403687120648E-04  1.211220254764E-04  1.747439546611E+04  8.421189474836E+03  7.636311856508E+03 -1.124723843924E+01 -4.882812500000E-04   1   5
 -1.145497194785E-03  6.875225731774E-04  5.699268614156E-04 -5.422942662932E+04 -2.229618793346E+04 -9.856997885842E+04 -1.124641171544E+01 -4.882812500000E-04   1   5
 -3.598044637118E-03 -8.349582505947E-05  1.276104977170E-03 -2.369961081947E+05  3.563998318507E+03 -3.436446139908E+05 -1.124427465842E+01 -4.882812500000E-04   1   5
  2.374778185492E-03 -4.276642848502E-04 -9.701134923304E-04  1.641940854399E+05  1.470491668032E+04  2.240312295059E+05 -1.124960729508E+01 -4.882812500000E-04   1   5
 -1.288018184863E-03  1.894114465501E-04  1.841035369881E-04 -1.164510473712E+05 -7.276463175501E+03 -1.474885547223E+05 -1.124603706487E+01 -4.882812500000E-04   1   5
 -1.829583228150E-03 -1.058077103717E-04  5.644762836030E-04 -1.265688920113E+05  6.408197439752E+03 -1.808321785140E+05 -1.124580799837E+01 -4.882812500000E-04   1   5
 -2.952433400532E-04  6.434618091953E-04  1.969717063985E-04 -7.888104904947E+03 -2.052411912255E+04 -2.547514599499E+04 -1.124700142624E+01 -4.882812500000E-04   1   5
 -2.408715292549E-03  1.835951423360E-04  7.861367240071E-04 -1.611459815176E+05 -9.360034063352E+03 -2.333429662029E+05 -1.124540347912E+01 -4.882812500000E-04   1   5
  1.745223220089E-03 -2.392766107706E-04 -5.484417081580E-04  1.355797445076E+05  5.432764676120E+03  1.752656093885E+05 -1.124889351160E+01 -4.882812500000E-04   1   5
  7.834305893478E-04 -4.585717723402E-04 -4.058945645202E-04  3.295478697075E+04  1.434588349642E+04  5.550977788221E+04 -1.124758822401E+01 -4.882812500000E-04   1   5
  6.418783336448E-04 -4.194815435840E-04 -2.465948932461E-04  3.682922724104E+04  1.493600504634E+04  5.182382273750E+04 -1.124753969022E+01 -4.882812500000E-04   1   5
  1.497956484853E-03  3.837737790653E-04 -4.568147130163E-04  1.102112523057E+05 -1.398902158346E+04  1.432745123541E+05 -1.124841771723E+01 -4.882812500000E-04   1   5
 -2.686836696634E-03 -5.641807722024E-04  9.500975692233E-04 -1.728053731781E+05  1.916020624899E+04 -2.550742112047E+05 -1.124517470247E+01 -4.882812500000E-04   1   5
 -4.833295684403E-04  5.813319168322E-04  1.574396836630E-04 -3.318776960741E+04 -1.991950569415E+04 -5.215653128161E+04 -1.124679275346E+01 -4.882812500000E-04   1   5
  1.041820857349E-03  1.149391262256E-04 -1.029019723017E-04  9.909904195037E+04 -3.904879496245E+03  1.111360511186E+05 -1.124805455352E+01 -4.882812500000E-04   1   5
 -8.988505664987E-05 -2.082217956402E-04  1.015610646221E-04  2.351673342151E+03  7.112347147207E+03 -8.478882116795E+03 -1.124713145802E+01 -4.882812500000E-04   1   5
  1.802034800278E-03  5.113819809780E-04 -6.040171886263E-04  1.309234343318E+05 -1.785265439636E+04  1.724545785275E+05 -1.124879275665E+01 -4.882812500000E-04   1   5
  1.113338825706E-03  3.771080917508E-05 -1.498853551178E-04  1.041033850174E+05 -7.615741054046E+02  1.210703364703E+05 -1.124817764541E+01 -4.882812500000E-04   1   5
  1.358334404957E-03 -1.282021486594E-04 -7.287600181929E-04  5.727591292242E+04  5.626900211230E+03  1.036061398345E+05 -1.124797250461E+01 -4.882812500000E-04   1   5
  2.164969284097E-03  4.423962070007E-04 -8.974001027117E-04  1.529473256606E+05 -1.223308951786E+04  2.062232082201E+05 -1.124954186503E+01 -4.882812500000E-04   1   5
 -2.704237391055E-03  6.256441319017E-04  6.087506309800E-04 -2.201218208165E+05 -2.074618507605E+04 -2.892224430958E+05 -1.124480606863E+01 -4.882812500000E-04   1   5
 -3.181553529421E-03  6.978570332392E-04  1.455813895823E-03 -1.674668245408E+05 -2.160968333677E+04 -2.747248233420E+05 -1.124490673293E+01 -4.882812500000E-04   1   5
 -3.901385761511E-04 -4.540889130319E-04 -1.160192395101E-04 -5.662270299481E+04  1.546863237303E+04 -6.326551961632E+04 -1.124670920642E+01 -4.882812500000E-04   1   5
  2.559786800804E-03 -3.580129566091E-04 -1.197049844654E-03  1.584623909137E+05  1.236830435936E+04  2.302798420849E+05 -1.124970487364E+01 -4.882812500000E-04   1   5
  1.581421243752E-03 -2.497850569779E-04 -5.471193501840E-04  1.102053567484E+05  7.064201041680E+03  1.483257299859E+05 -1.124850290966E+01 -4.882812500000E-04   1   5
 -3.056731133571E-03 -2.093710019447E-04  8.497642177120E-04 -2.272311180032E+05  8.176841222691E+03 -3.087432952147E+05 -1.124464991841E+01 -4.882812500000E-04   1   5
  9.467127137174E-05  4.427135864051E-04  1.936562840169E-04  3.136899703815E+04 -1.534676315693E+04  1.949991210379E+04 -1.124729394557E+01 -4.882812500000E-04   1   5
 -1.858740070427E-03 -2.141158081186E-04  1.017699769561E-03 -7.658726107775E+04  7.164039685105E+03 -1.508250791139E+05 -1.124600896856E+01 -4.882812500000E-04   1   5
 -1.979895362596E-03  2.382085392908E-04  3.782373230211E-04 -1.640280825143E+05 -9.253918804361E+03 -2.120540470622E+05 -1.124557890894E+01 -4.882812500000E-04   1   5
  1.834207997778E-04 -5.205673406923E-05 -1.133485722726E-04  5.230650200471E+03  1.927152746784E+03  7.861714826822E+03 -1.124724363873E+01 -4.882812500000E-04   1   5
  2.003618237128E-03 -2.689715570588E-04 -5.262215196019E-04  1.757640250847E+05  8.519230395594E+03  2.133521454391E+05 -1.124944665627E+01 -4.882812500000E-04   1   5
  1.638257204687E-03  2.872540670724E-04 -5.936095205710E-04  1.090925106180E+05 -1.315137166918E+04  1.498049944914E+05 -1.124847871049E+01 -4.882812500000E-04   1   5
 -1.234513510094E-04 -4.045780739918E-04 -8.182119042877E-05 -2.345997549775E+04  1.430447077242E+04 -2.690165571120E+04 -1.124698979058E+01 -4.882812500000E-04   1   5
  1.063150129734E-03 -1.224754350838E-04 -3.553049751348E-04  7.136151276314E+04  5.699327269584E+03  9.678507021241E+04 -1.124793843142E+01 -4.882812500000E-04   1   5
 -2.226133060328E-03 -6.176825021066E-05  1.049231443154E-03 -1.106529991933E+05  2.076209524628E+03 -1.919542330736E+05 -1.124572263461E+01 -4.882812500000E-04   1   5
  1.598733873857E-03 -2.438601209609E-04 -7.322900111374E-04  8.573964651567E+04  1.020560118544E+04  1.349031320594E+05 -1.124828389005E+01 -4.882812500000E-04   1   5
  2.461625391798E-03 -1.020098621634E-04 -1.131430283014E-03  1.526949179863E+05  5.723173651309E+03  2.225014909216E+05 -1.124955063147E+01 -4.882812500000E-04   1   5
 -5.908164405260E-04 -2.037064858588E-04  6.500370451845E-05 -5.529494066632E+04  7.146305348434E+03 -7.142456859480E+04 -1.124665564260E+01 -4.882812500000E-04   1   5
  2.627223356957E-03  2.829211060314E-04 -1.217074709797E-03  1.699460585672E+05 -1.003017185085E+04  2.415845754313E+05 -1.124996309979E+01 -4.882812500000E-04   1   5
  2.471655706533E-03  3.006420029820E-04 -1.006160151507E-03  1.750299073694E+05 -1.102704540932E+04  2.356423998036E+05 -1.124982626910E+01 -4.882812500000E-04   1   5
 -2.304574117861E-03  3.214786707982E-04  4.844184868640E-04 -1.864527869336E+05 -1.156737423346E+04 -2.439712113857E+05 -1.124531217533E+01 -4.882812500000E-04   1   5
 -1.095746272407E-03 -8.599071436377E-05  1.255660689728E-04 -1.022436558233E+05  3.869405040993E+03 -1.259415693361E+05 -1.124619961663E+01 -4.882812500000E-04   1   5
 -1.092767848405E-05 -2.099010964808E-04  3.819112872800E-04  4.286911494365E+04  7.130261319544E+03  2.185341205958E+04 -1.124730780421E+01 -4.882812500000E-04   1   5
 -2.609904179949E-03  1.935686361718E-04  1.246139418165E-03 -1.271780421238E+05 -7.518888200779E+03 -2.220146006544E+05 -1.124549624920E+01 -4.882812500000E-04   1   5
 -2.401752699403E-03  1.286819996151E-04  7.111320201051E-04 -1.694625299707E+05 -6.332706153995E+03 -2.379421711481E+05 -1.124536159642E+01 -4.882812500000E-04   1   5
 -3.599783749330E-03  1.867118110567E-05  1.744003852998E-03 -1.808631583857E+05 -5.925558921251E+02 -3.031767276940E+05 -1.124455847139E+01 -4.882812500000E-04   1   5
  2.331550577307E-03 -2.089289418270E-04 -1.091680592285E-03  1.386028375118E+05  7.532914305105E+03  2.075935394652E+05 -1.124929796581E+01 -4.882812500000E-04   1   5
 -3.443770583365E-04 -4.669032820447E-04  1.696355690622E-04 -1.759705567149E+04  1.761478178617E+04 -3.517935213605E+04 -1.124690644734E+01 -4.882812500000E-04   1   5
  9.585095337342E-05 -4.171941358399E-04 -1.361434449880E-04 -7.080068123236E+03  1.390935712429E+04 -5.547823642895E+03 -1.124714591119E+01 -4.882812500000E-04   1   5
  2.303635482640E-03  2.908158323817E-05 -1.181989577387E-03  1.233621170125E+05 -4.637097036046E+02  1.933736528263E+05 -1.124919426680E+01 -4.882812500000E-04   1   5
  4.825931136069E-04 -3.430197167034E-04 -5.400590542098E-05  4.391501360020E+04  1.179793404037E+04  4.854835051508E+04 -1.124753230562E+01 -4.882812500000E-04   1   5
 -1.183668415791E-03  3.030562397068E-04  5.939342786898E-04 -5.541719007350E+04 -1.065845952592E+04 -1.018945702447E+05 -1.124639488912E+01 -4.882812500000E-04   1   5
 -5.255421444835E-04 -1.346959542440E-04  1.039944335395E-04 -4.365981071824E+04  4.071426853937E+03 -6.139992226142E+04 -1.124674152782E+01 -4.882812500000E-04   1   5
  1.696849006361E-03  1.511258532181E-04 -2.950112351045E-04  1.618115865042E+05 -4.596140951320E+03  1.883041895728E+05 -1.124901853278E+01 -4.882812500000E-04   1   5
  7.254632601691E-04  2.854338836312E-05  7.389774980138E-05  8.842083209620E+04 -6.645221499612E+02  9.260821921168E+04 -1.124791230352E+01 -4.882812500000E-04   1   5
 -2.819744033046E-03 -4.122817725087E-05  1.046269946794E-03 -1.795411534411E+05  1.005293487064E+03 -2.660097759004E+05 -1.124496907067E+01 -4.882812500000E-04   1   5
  1.254300830211E-03  5.032376750882E-04 -3.711902960843E-04  9.078865916331E+04 -1.742307406261E+04  1.184184395318E+05 -1.124812941610E+01 -4.882812500000E-04   1   5
  2.197232239190E-03  1.387785811072E-04 -9.951066304820E-04  1.364059983660E+05 -4.204519752696E+03  1.953689129523E+05 -1.124926456180E+01 -4.882812500000E-04   1   5
 -7.040267286138E-04  3.624068900337E-04  1.861203345804E-05 -7.385918842005E+04 -1.270929232519E+04 -8.976259871589E+04 -1.124649443085E+01 -4.882812500000E-04   1   5
  9.429381951672E-04 -2.941219239909E-04 -5.356960391917E-04  3.456648304180E+04  9.244442651851E+03  6.465761263930E+04 -1.124766758324E+01 -4.882812500000E-04   1   5
  2.095831164224E-03  8.160571625929E-04 -5.972916841512E-04  1.889842110846E+05 -2.297341462511E+04  2.293182007967E+05 -1.124985401299E+01 -4.882812500000E-04   1   5
  9.311978561968E-04  2.499487220685E-04 -1.300786560158E-04  8.406060872576E+04 -8.582432645116E+03  9.730852932478E+04 -1.124793723249E+01 -4.882812500000E-04   1   5
 -2.952468376589E-03  4.612507831492E-04  1.217644582028E-03 -1.686949935766E+05 -1.693162561214E+04 -2.661382050075E+05 -1.124509112184E+01 -4.882812500000E-04   1   5
 -9.475005667170E-04 -3.664705975924E-04  6.111326082603E-05 -9.568829001036E+04  1.188363074823E+04 -1.179260619647E+05 -1.124626514007E+01 -4.882812500000E-04   1   5
  1.651197261939E-03 -2.187991477534E-04 -5.610307423023E-04  1.181621628183E+05  6.765347403937E+03  1.573381592428E+05 -1.124862492944E+01 -4.882812500000E-04   1   5
  2.873143927480E-03  3.197665869248E-04 -1.694023190899E-03  1.352798221703E+05 -9.180034311419E+03  2.270461756893E+05 -1.124983505222E+01 -4.882812500000E-04   1   5
 -1.765448655553E-03 -1.747394468691E-05  1.038564464015E-03 -6.385272773805E+04  2.762244893203E+02 -1.361499981208E+05 -1.124611284164E+01 -4.882812500000E-04   1   5
 -2.419613002699E-03  5.030359301121E-04  8.146844848386E-04 -1.593282065179E+05 -1.841238313543E+04 -2.340101048552E+05 -1.124539845061E+01 -4.882812500000E-04   1   5
  1.294516727397E-03  1.218757933468E-04 -6.641434522263E-04  5.829496660538E+04 -4.026588122579E+03  9.969261499075E+04 -1.124795811637E+01 -4.882812500000E-04   1   5
 -3.340861020963E-03  2.370242044123E-04  1.739101182580E-03 -1.484207639202E+05 -7.615048837439E+03 -2.689331227826E+05 -1.124498964366E+01 -4.882812500000E-04   1   5
  1.708350167488E-03  5.969582233116E-04 -2.321916456574E-04  1.850738247436E+05 -1.668836265518E+04  2.090680839279E+05 -1.124950027870E+01 -4.882812500000E-04   1   5
  2.439768262443E-03 -5.675753517407E-05 -1.193608372817E-03  1.398707334592E+05  2.107868502174E+03  2.137768976843E+05 -1.124940201670E+01 -4.882812500000E-04   1   5
 -9.252963858991E-04 -1.044693164982E-04  7.522528197760E-04 -8.699708508814E+03  3.426045953687E+03 -5.827089714690E+04 -1.124673046791E+01 -4.882812500000E-04   1   5
  2.260867327790E-03 -2.949414923706E-04 -7.409189017045E-04  1.848471586319E+05  1.011184740675E+04  2.329200641692E+05 -1.124978948472E+01 -4.882812500000E-04   1   5
 -3.445995183641E-04  7.596777110953E-05 -2.111197534647E-04 -6.275673494667E+04 -2.778447417709E+03 -6.439775551739E+04 -1.124671042336E+01 -4.882812500000E-04   1   5
  2.431959686593E-03 -3.722057125419E-04 -1.279026094001E-03  1.266931776298E+05  1.141695904866E+04  2.017103338532E+05 -1.124929653291E+01 -4.882812500000E-04   1   5
 -1.001232978817E-03 -1.614191752120E-04  1.816352243926E-04 -8.595761102907E+04  5.371819832175E+03 -1.130849327531E+05 -1.124631353596E+01 -4.882812500000E-04   1   5
  1.060954852365E-03 -5.893770655263E-05 -6.819951796890E-04  2.901963833657E+04  1.680942975068E+03  6.820153330870E+04 -1.124767156517E+01 -4.882812500000E-04   1   5
  2.971680000007E-03  5.387375155635E-04 -1.814200018426E-03  1.299575847673E+05 -1.536230030744E+04  2.274506771222E+05 -1.124981706611E+01 -4.882812500000E-04   1   5
  1.955745191234E-03  3.224872200874E-04 -6.211965875652E-04  1.572173787909E+05 -1.032294200159E+04  1.985756275077E+05 -1.124929366779E+01 -4.882812500000E-04   1   5
 -4.266377939801E-04 -2.325418994904E-04  1.258424110002E-04 -3.014210326112E+04  8.446487947587E+03 -4.694048330935E+04 -1.124685360822E+01 -4.882812500000E-04   1   5
 -3.277933697786E-04 -2.634743491515E-04  2.044858892351E-04 -1.014418341646E+04  9.271231864054E+03 -2.862337827634E+04 -1.124698839414E+01 -4.882812500000E-04   1   5
  7.255128280146E-04  4.080521898814E-04 -9.601092146166E-05  6.412159293648E+04 -1.580232499213E+04  7.326804733028E+04 -1.124770701673E+01 -4.882812500000E-04   1   5
 -3.687767510020E-03  2.047790128150E-04  1.537594855306E-03 -2.147318895974E+05 -7.347003522813E+03 -3.329459510662E+05 -1.124436238567E+01 -4.882812500000E-04   1   5
 -1.151526001034E-03  3.166766546984E-04  6.287105150130E-04 -4.815937086474E+04 -1.138103662054E+04 -9.624213602654E+04 -1.124643598282E+01 -4.882812500000E-04   1   5
  2.295924196975E-03  4.837505157872E-05 -8.728193117534E-04  1.817342868289E+05 -1.502645870567E+03  2.339008733280E+05 -1.125003449284E+01 -4.882812500000E-04   1   5
 -1.086934967399E-03  4.657428449621E-04  7.024835831640E-04 -3.156841116751E+04 -1.544074330033E+04 -8.063826695759E+04 -1.124655988472E+01 -4.882812500000E-04   1   5
  3.002295017519E-05 -4.769430351769E-04  9.323499044867E-05  1.263964491656E+04  1.666385534524E+04  3.705729889072E+03 -1.124718805275E+01 -4.882812500000E-04   1   5
