 -3.336527206125E-07  1.586803264543E-05  8.296714916224E-01 -5.909939222744E+00  1.663808730323E+02  5.154993994927E+06  2.798876620062E+00 -4.882812500000E-04   1   5
  6.417256703525E-06  2.566405003218E-04  2.136520637807E-04 -2.463235017356E+01 -5.582229321784E+02  6.189113662888E+03  4.353842847045E-04 -4.882812500000E-04   1   3
 -2.509984773504E-04  2.625095371042E-05 -2.471723852290E-04 -7.903979288074E+02  2.811784257980E+02 -8.569641457714E+03 -4.353842847045E-04 -4.882812500000E-04   1   3
  1.652138815150E-05  6.114919985866E-04  4.200925780183E-04 -2.599772357094E+01 -5.653989009250E+02  1.844576525291E+04  8.707685694085E-04 -4.882812500000E-04   1   3
 -4.739299590859E-04  2.359180777386E-05 -4.838878186636E-04  1.660553703344E+03  8.799781127038E+01 -3.967675456941E+04 -8.707685694089E-04 -4.882812500000E-04   1   3
  2.435608380171E-05  7.792983763662E-04  7.092945792133E-04 -6.119815719559E+01 -1.511463190973E+03  6.841157629229E+04  1.306152854113E-03 -4.882812500000E-04   1   3
 -8.516901816832E-04  3.099211443859E-05 -6.538682131505E-04  2.551770154610E+03  5.979766757496E+01 -6.383399026052E+04 -1.306152854113E-03 -4.882812500000E-04   1   3
  7.973146427147E-05  8.328152199063E-04 -4.011298347786E-04 -2.944429153350E+02 -1.542531731595E+03 -2.471185878110E+04 -7.554601507849E-04 -4.882812500000E-04   1   5
 -4.053209225892E-04  8.428075915057E-06 -7.449151461664E-04 -1.556192272911E+03  2.828284485790E+02 -8.884061534423E+04 -1.297457633753E-03 -4.882812500000E-04   1   5
  7.447256460122E-04  5.598221265217E-04  6.339912481376E-04 -1.619688394648E+03 -6.816000228696E+02  5.359216321296E+04  1.196574933424E-03 -4.882812500000E-04   1   5
 -3.788892534257E-04 -5.181948347268E-05 -5.601264495891E-05  1.956872225348E+02  3.495793110948E+02  1.006149305919E+03 -9.913751803170E-05 -4.882812500000E-04   1   5
 -5.040749908609E-04 -8.430557966758E-04  4.114539961882E-04  1.608653382327E+03  2.550146365598E+03  2.007339534531E+04  8.983522729675E-04 -4.882812500000E-04   1   5
 -6.137183722814E-04  1.111375476077E-03 -1.937819344192E-04  2.097484174944E+03 -3.917526386194E+03  1.049522356295E+03 -4.309666059776E-04 -4.882812500000E-04   1   5
  5.100376023903E-04 -7.414102992638E-04  3.113480008785E-04 -1.131502141044E+03  1.304000078464E+03  1.527348431053E+04  6.484029101612E-04 -4.882812500000E-04   1   5
 -1.049537173513E-05 -4.391729728855E-04  3.702108058382E-04 -1.968528815229E+00 -9.177735810399E+02  1.483081739908E+04  7.302494634338E-04 -4.882812500000E-04   1   5
 -5.474596782692E-04 -2.594152390048E-04  4.056867514296E-04  2.013667701563E+02 -2.271874610737E+01  1.754269633209E+04  8.687864231502E-04 -4.882812500000E-04   1   5
  4.553716552751E-04 -6.136234469949E-04 -2.049308319612E-04 -1.069444109886E+03  1.238444333739E+03 -2.128234194311E+03 -4.128726178689E-04 -4.882812500000E-04   1   5
  6.804476048734E-05  1.100548989120E-03  1.178551471073E-04 -1.985462447960E+02 -2.122729240969E+03  5.752663364795E+03  2.384757000811E-04 -4.882812500000E-04   1   5
 -3.567757277569E-04  8.301354708976E-04  2.082016259799E-04  5.800661475261E+02 -1.523451853269E+03  9.020280556839E+03  3.943685791508E-04 -4.882812500000E-04   1   5
 -3.270625038598E-04  2.995598171967E-05  6.393931467934E-04  2.823991595091E+01  2.172458838631E+01  6.262805943174E+04  1.181997898693E-03 -4.882812500000E-04   1   5
 -1.860640651667E-04 -2.462677120589E-04  6.406518196648E-04 -2.761068904285E+02  2.570569641917E+02  6.326202207970E+04  1.183031296536E-03 -4.882812500000E-04   1   5
  9.596995348882E-04  5.782277876172E-05  4.992626032019E-05 -2.457694077315E+03  1.767010982751E+02  3.446708075130E+03  8.821314344054E-05 -4.882812500000E-04   1   5
  6.369414316847E-04  5.875745590307E-04  3.009064436932E-04 -1.357678065481E+03 -7.912801150042E+02  1.459805842753E+04  6.048677566715E-04 -4.882812500000E-04   1   5
  1.329226444713E-03  5.057574728814E-04 -2.317015309640E-04 -4.668656961407E+03 -1.541004712626E+03 -2.605429810397E+02 -6.221401977546E-04 -4.882812500000E-04   1   5
  1.021416028760E-03 -8.725556466557E-05  5.744648151682E-04 -4.439728489001E+03  7.368641471175E+02  3.769922161555E+04  1.236383484528E-03 -4.882812500000E-04   1   5
 -3.983995999883E-04 -3.933337114652E-04  7.561565665418E-04  4.169269784692E+02  1.112586576026E+03  7.883162376085E+04  1.373203325963E-03 -4.882812500000E-04   1   5
  3.890221069399E-04  7.968319628751E-04 -6.727185433355E-04 -1.863151950443E+03 -3.100532232679E+03 -6.217374191421E+04 -1.455887075137E-03 -4.882812500000E-04   1   5
 -2.372686905574E-04  9.202535000184E-04  6.557130455347E-04  5.741467124871E+02 -1.585461843913E+03  5.709156501372E+04  1.239670644378E-03 -4.882812500000E-04   1   5
 -8.424311161706E-04  3.413087783500E-04  4.616216560679E-04  2.220757036713E+03 -9.873365250168E+02  2.356001318889E+04  9.559431016148E-04 -4.882812500000E-04   1   5
 -2.667571226650E-04  1.140323675891E-03  2.033463869447E-04  6.739107488120E+02 -3.056964146806E+03  1.026231589473E+04  4.529052629447E-04 -4.882812500000E-04   1   5
 -8.469738920271E-05  9.702569132885E-06 -4.629263468270E-04  1.798039344752E+03  6.354794354535E+01 -3.553982271036E+04 -8.140594668307E-04 -4.882812500000E-04   1   5
  2.916310892392E-05 -1.037217414520E-03 -3.312440819528E-04 -3.953392168119E+00  2.860107136879E+03 -1.265716578625E+04 -6.585789116915E-04 -4.882812500000E-04   1   5
 -1.513617184931E-04 -1.124992345485E-03 -1.979991981306E-04  5.454374604069E+02  3.931045734440E+03  6.038781120628E+01 -3.865126602545E-04 -4.882812500000E-04   1   5
  4.454952620028E-04  8.660797677067E-04  3.768140532840E-04 -1.081751086604E+03 -1.952472122230E+03  1.833108078901E+04  7.843105830951E-04 -4.882812500000E-04   1   5
  9.276936238201E-04 -7.110720658965E-04  2.119663755835E-04 -2.503425869207E+03  1.832503355879E+03  1.072201743120E+04  4.697483832339E-04 -4.882812500000E-04   1   5
 -7.345783072455E-04 -9.511119792669E-04  4.229246590851E-04  2.398731852945E+03  3.595582625043E+03  2.143610804833E+04  9.198239426560E-04 -4.882812500000E-04   1   5
  9.766524660878E-04 -1.254438323041E-05  6.556539351522E-04 -3.033142240110E+03 -1.079230942498E+02  5.366651044531E+04  1.336105343597E-03 -4.882812500000E-04   1   5
  2.964355147686E-04  1.302798572164E-03 -3.209542298868E-04 -9.258146010833E+02 -4.199912958037E+03 -8.869166550330E+03 -7.938859806580E-04 -4.882812500000E-04   1   5
  4.113097866511E-04  3.343662026645E-04  3.601004489999E-04  6.594719158155E+02  7.041774672427E+02  1.510304977228E+04  7.041620387893E-04 -4.882812500000E-04   1   5
 -6.842387408151E-04 -4.613311149910E-04  5.054545241887E-04  1.220924425870E+03  1.381364747760E+03  2.861085652881E+04  1.040270569682E-03 -4.882812500000E-04   1   5
  4.307795167653E-04 -5.757229798750E-04  2.088768314852E-04 -3.353245693231E+02  9.309161559331E+02  7.911488307625E+03  4.750793762685E-04 -4.882812500000E-04   1   5
  1.207467494059E-03 -2.461551086142E-04  2.936737884534E-04 -4.539196332372E+03  9.360952833008E+02  1.496039311772E+04  6.651803376281E-04 -4.882812500000E-04   1   5
  3.791529815560E-04  1.043053917778E-03  4.193288238419E-04 -9.863694465340E+02 -3.035567322545E+03  2.107171083597E+04  9.201934770409E-04 -4.882812500000E-04   1   5
  7.347367821505E-04  3.029807992284E-04 -1.945664931452E-04 -1.475047205937E+03 -7.834552246521E+02 -1.415919436318E+03 -3.829871214429E-04 -4.882812500000E-04   1   5
 -1.291907063716E-03  4.640128075668E-04 -1.340297598719E-04  4.924433071956E+03 -1.761363269561E+03  4.833058638806E+03 -4.036652744457E-04 -4.882812500000E-04   1   5
 -2.080801481362E-05 -1.290600050907E-03  4.776815668106E-05  3.416616834980E+01  4.049923506400E+03  6.237870863135E+03  1.149530753946E-04 -4.882812500000E-04   1   5
 -4.105264247868E-04 -4.902123957802E-04  4.294425873087E-04  4.520458455287E+02  7.884421828934E+02  1.920037570300E+04  9.031863849085E-04 -4.882812500000E-04   1   5
  8.164937182319E-04 -2.086026080229E-04 -5.266390423280E-04 -2.011481292612E+03  9.517329560176E+02 -4.493774979275E+04 -9.589477676366E-04 -4.882812500000E-04   1   5
  3.229999357915E-04  6.233011647520E-04 -1.566664639855E-04 -2.579500883690E+02 -9.377794081848E+02 -4.868639508104E+02 -2.362072051754E-04 -4.882812500000E-04   1   5
 -7.840680580019E-04 -6.257445276254E-04 -7.663385088663E-05  2.891827658002E+03  2.831108295286E+03  4.466360518130E+03 -1.545625246409E-04 -4.882812500000E-04   1   5
  3.839736167071E-04 -5.503417477432E-04  3.186207043819E-04 -3.431430393847E+02  5.106198268319E+02  1.445711069327E+04  6.816216786252E-04 -4.882812500000E-04   1   5
  9.930715901416E-04  6.503513244114E-04  5.070792587081E-05 -2.735390644419E+03 -1.653778278338E+03  5.342440679046E+03  1.182533759190E-04 -4.882812500000E-04   1   5
  2.015148657610E-04  4.827915338132E-04  2.743425022513E-04  3.157558889824E+02  3.005650660111E+02  1.126069184202E+04  5.522605180435E-04 -4.882812500000E-04   1   5
 -1.096105288856E-03 -4.789868328532E-04  4.417484977355E-04  3.288580230089E+03  1.426466523988E+03  2.286841960866E+04  9.614988048332E-04 -4.882812500000E-04   1   5
 -8.052431772048E-04  2.281786038531E-04 -5.029319250757E-04  2.109809925157E+03 -1.182427888363E+02 -4.139237208206E+04 -8.970283030765E-04 -4.882812500000E-04   1   5
 -5.625159072596E-04 -9.780209721329E-04 -1.195158051097E-04  2.231133252266E+03  3.934118767920E+03  3.937057773764E+03 -2.196218823540E-04 -4.882812500000E-04   1   5
 -1.004441166014E-03 -5.296440673767E-04 -7.486636525000E-05  3.806795222888E+03  1.857779396764E+03  5.220246317430E+03 -1.299702119093E-04 -4.882812500000E-04   1   5
 -4.637304750256E-04  7.020044603238E-05 -7.583771928472E-04  2.169249635214E+03 -2.374009795658E+02 -8.310085942373E+04 -1.420040502470E-03 -4.882812500000E-04   1   5
  2.100566779748E-04  3.867408700197E-04  5.587389234061E-04  5.335847141471E+02  1.158812258904E+03  4.033598569064E+04  1.056422131746E-03 -4.882812500000E-04   1   5
  8.270867102675E-04 -3.381977202464E-04  6.574378304319E-04 -1.707798911449E+03  6.905922331345E+02  5.826858447861E+04  1.227942704787E-03 -4.882812500000E-04   1   5
  4.148292799763E-04  1.207803205357E-03 -1.410141580140E-04 -1.717609113392E+03 -4.211815947703E+03  3.825158324656E+03 -3.091381671121E-04 -4.882812500000E-04   1   5
 -1.175508818716E-03  1.434846023690E-05  1.699329896672E-04  2.989477015836E+03 -1.720184507788E+02  8.656825010528E+03  3.939988007797E-04 -4.882812500000E-04   1   5
 -3.280624733637E-05 -4.967621881498E-04 -4.313477541680E-04  4.171444365947E+02  2.053977274193E+03 -3.060734922442E+04 -7.309322675479E-04 -4.882812500000E-04   1   5
  2.324576517337E-04  8.000117988580E-04  6.115112791738E-04 -2.858746949972E+02 -7.500557361817E+02  5.112250640133E+04  1.153891704334E-03 -4.882812500000E-04   1   5
  5.159195408114E-04  9.561387623409E-05  4.108148604034E-04  6.433147434428E+02  5.136275588126E+02  1.742642570188E+04  8.451823561133E-04 -4.882812500000E-04   1   5
 -3.977961699945E-04 -1.145623599662E-05 -7.816747716237E-04  2.788487351654E+03  7.593245767794E+02 -8.407429512387E+04 -1.477658603354E-03 -4.882812500000E-04   1   5
  8.879199018616E-04  4.326252113168E-04  6.417148653612E-04 -2.040616127914E+03 -1.063995013872E+03  5.312811772151E+04  1.227416627563E-03 -4.882812500000E-04   1   5
  4.337107395610E-04 -1.282880790744E-03 -3.323744363611E-04 -1.793611216139E+03  4.751261203192E+03 -9.161111404956E+03 -9.755074628210E-04 -4.882812500000E-04   1   5
 -4.499526571717E-04 -1.094700702366E-03  2.081964962896E-04  1.309994491394E+03  2.990977687818E+03  1.058024149510E+04  4.646044833501E-04 -4.882812500000E-04   1   5
  4.835911450607E-04 -9.355434655778E-04  1.805986422161E-04 -9.129903567377E+02  1.885794261868E+03  8.309034713290E+03  3.825397174473E-04 -4.882812500000E-04   1   5
 -9.559761676894E-04 -5.790722466778E-04 -2.971045359407E-04  3.048458165777E+03  1.805588894665E+03 -8.030710741268E+03 -5.779911165775E-04 -4.882812500000E-04   1   5
 -2.671777002283E-04  4.443611277025E-05  7.201871834898E-04  7.530931049202E+02  3.539268833222E+02  8.052752111429E+04  1.280879811061E-03 -4.882812500000E-04   1   5
 -3.406792156661E-04 -1.036932698287E-03  6.339160322522E-05  1.010288189537E+03  2.704591177352E+03  4.608503030505E+03  1.586595426626E-04 -4.882812500000E-04   1   5
 -8.819983315125E-04  3.667541810202E-04 -6.292185187690E-04  2.858319853649E+03 -1.388106279245E+03 -5.729124029379E+04 -1.263035575416E-03 -4.882812500000E-04   1   5
  4.217540959074E-04 -5.169471345638E-04  2.997362001669E-04 -2.756014601634E+01  5.987022598423E+02  1.349490840187E+04  6.692713244290E-04 -4.882812500000E-04   1   5
 -9.346401512118E-04  6.598295559015E-05  3.308217699006E-04  2.138719992776E+03  1.098901289062E+02  1.621010907289E+04  6.829965435111E-04 -4.882812500000E-04   1   5
 -9.146850342957E-04 -2.640650699385E-04  4.622992369593E-04  2.687437576912E+03  9.346946559524E+02  2.376534744993E+04  9.680219243506E-04 -4.882812500000E-04   1   5
 -3.213020482865E-04  4.036715706307E-04 -5.340967935525E-04  1.202769022424E+03 -1.267976764836E+03 -4.847295338367E+04 -8.996235081007E-04 -4.882812500000E-04   1   5
  7.914905923362E-05 -2.677948738515E-05 -3.677586517632E-04 -3.170806486284E+02 -5.179912269804E+02 -2.134403287873E+04 -6.474203847291E-04 -4.882812500000E-04   1   5
  7.020526964950E-04 -8.290037915135E-04 -3.729493369379E-04 -1.745495273457E+03  2.095869034172E+03 -1.858011399460E+04 -7.446948982568E-04 -4.882812500000E-04   1   5
 -3.792852103395E-04 -8.388055025528E-04 -5.701658901696E-04  8.149259877961E+02  2.747280391541E+03 -5.040845799476E+04 -1.083416895101E-03 -4.882812500000E-04   1   5
  4.711776865412E-05  8.373600376168E-04 -4.716978747458E-04 -1.517654376269E+02 -1.784498698200E+03 -3.652397303721E+04 -8.665337590092E-04 -4.882812500000E-04   1   5
  1.147701426661E-03  5.044580584995E-04  2.447856683728E-04 -4.809812297831E+03 -1.771982537185E+03  1.254577559436E+04  5.320922656797E-04 -4.882812500000E-04   1   5
 -8.025268020857E-04 -4.190837946152E-04  1.377329297445E-04  9.981052136275E+02  8.753261466405E+02  4.877168049149E+03  2.714998235080E-04 -4.882812500000E-04   1   5
 -8.518937679247E-04 -3.436807744659E-04  6.079941757398E-04  1.452084821481E+03  4.976835013453E+02  4.902969470165E+04  1.145052306680E-03 -4.882812500000E-04   1   5
 -2.735692982056E-04 -5.834666985522E-04  4.714523654503E-05  1.934224339794E+02  1.233517347378E+03  1.172031632368E+03  1.828034524163E-04 -4.882812500000E-04   1   5
 -9.665673837789E-04  4.628604644502E-04 -3.218781027025E-04  2.715372547523E+03 -8.986627132089E+02 -1.135320232848E+04 -6.489983837454E-04 -4.882812500000E-04   1   5
  2.832103178175E-04 -6.815089568113E-04 -6.896242855156E-04 -9.008139433079E+02  1.721626920390E+03 -7.198762070513E+04 -1.320256224013E-03 -4.882812500000E-04   1   5
 -1.366358866326E-04  1.902024766568E-04  5.944167998262E-06  9.420833280754E+02 -5.129616034658E+02  3.749520374546E+02  6.310635390205E-05 -4.882812500000E-04   1   5
 -3.744034684594E-04  8.481363107653E-04 -5.862717398988E-04  1.256759437136E+03 -2.429617506095E+03 -5.269978808462E+04 -1.147248466915E-03 -4.882812500000E-04   1   5
 -8.159858947134E-04  1.811679644214E-04  6.987594024185E-04  2.278078871389E+03 -1.329920083013E+02  6.425727888642E+04  1.316918796076E-03 -4.882812500000E-04   1   5
 -4.297324201119E-04  1.918326545827E-04 -7.732399028941E-04  2.501060369989E+03 -1.164242727237E+03 -8.232190938554E+04 -1.465100675901E-03 -4.882812500000E-04   1   5
 -1.073737321617E-03 -8.591979824379E-04 -2.458438199499E-04  3.388743629114E+03  3.057605859847E+03 -1.661316599859E+03 -6.574425010522E-04 -4.882812500000E-04   1   5
  3.888739829280E-04  2.025053307855E-04 -3.228177120248E-04 -4.452575120311E+02  2.743683421970E+02 -1.486927268595E+04 -6.553359796415E-04 -4.882812500000E-04   1   5
  1.190620000232E-03 -7.685236965367E-05  4.042747094224E-05 -3.662026522877E+03  2.994174313126E+02  5.503146368939E+03  1.268866188275E-04 -4.882812500000E-04   1   5
  1.103743014909E-03 -4.971162696152E-04 -4.212187093976E-04 -3.929796347150E+03  1.791391926807E+03 -2.354991560390E+04 -9.562070938718E-04 -4.882812500000E-04   1   5
 -8.129840624732E-05  6.082985898334E-05  7.870281368136E-04  1.478063965820E+03 -1.865547838818E+03  8.780718900768E+04  1.397357065696E-03 -4.882812500000E-04   1   5
  5.043364792730E-04 -9.130266983012E-04  8.213329786844E-05 -1.004915033195E+03  2.027670589637E+03  4.234268718698E+03  1.708999058079E-04 -4.882812500000E-04   1   5
  4.858866219500E-04  4.473236705603E-04 -3.926280483563E-04 -1.402632248665E+03 -7.351640361686E+02 -2.389963781208E+04 -7.052022519969E-04 -4.882812500000E-04   1   5
  8.603829958145E-05  2.947233060600E-04  7.653707909490E-04 -7.730091323046E+02 -1.303149120162E+03  8.379037430403E+04  1.381837977797E-03 -4.882812500000E-04   1   5
  1.153750861511E-03  1.145543372842E-04  2.610216155519E-04 -3.263358667748E+03 -3.702795829171E+02  1.321031303478E+04  6.121375505774E-04 -4.882812500000E-04   1   5
 -1.136154411431E-03 -6.392903233774E-04  4.270558778940E-06  4.726321635279E+03  3.014281285290E+03  6.865882792840E+03 -1.354257926272E-04 -4.882812500000E-04   1   5
  9.648245126591E-05  1.018213921589E-03  4.875465391215E-04 -6.459633271667E+02 -3.036424135150E+03  2.656523777956E+04  1.055682422611E-03 -4.882812500000E-04   1   5
  7.734882596365E-04 -6.719830032540E-04  2.326107997558E-04 -1.486896079159E+03  1.625263540103E+03  1.118012629097E+04  4.976737345888E-04 -4.882812500000E-04   1   5
  1.587682378911E-04  6.993807753104E-04  2.780972174670E-04 -1.820250404593E+01 -9.775820169613E+02  1.244283199424E+04  6.231881788636E-04 -4.882812500000E-04   1   5
  3.215324980653E-04  2.721073441830E-04 -3.120046609633E-04  8.979706074186E+01 -2.026365867164E+02 -1.370355507430E+04 -6.342686306140E-04 -4.882812500000E-04   1   5
 -9.853492691803E-04  4.602072666564E-04 -1.991112934363E-04  3.309597154510E+03 -1.588806709252E+03 -2.779149317471E+02 -4.170260027565E-04 -4.882812500000E-04   1   5
  3.128245983215E-04  3.413830520918E-04 -5.336531928144E-04 -1.052594929047E+03 -1.225579179867E+03 -4.855786548350E+04 -9.098030980867E-04 -4.882812500000E-04   1   5
 -7.169665738913E-04 -4.693255576086E-04  2.841647690213E-04  1.121026410299E+03  1.193533595157E+03  1.358516217177E+04  5.675507535043E-04 -4.882812500000E-04   1   5
 -4.029798009180E-04 -1.053646828346E-03 -2.950707567879E-04  1.363262864979E+03  3.116356704138E+03 -7.824564223355E+03 -6.040824134304E-04 -4.882812500000E-04   1   5
  5.890127789366E-04  5.559336286552E-04  5.876469277050E-04 -5.743164170216E+02 -4.726359708676E+02  4.583935993881E+04  1.126768171171E-03 -4.882812500000E-04   1   5
  5.006411773957E-04  1.979184878654E-04  1.849697336037E-04 -7.675085171493E+02 -1.772958596436E+02  5.954089660186E+03  3.720787145096E-04 -4.882812500000E-04   1   5
  7.524542701470E-04  3.794287666503E-04 -1.168845655296E-04 -1.755730307478E+03 -6.819912149324E+02  1.936627926216E+03 -2.371817702627E-04 -4.882812500000E-04   1   5
  1.127452712669E-03 -4.210688860483E-04  4.301534543324E-04 -3.357379571928E+03  1.506637660634E+03  2.212239605227E+04  9.477972558627E-04 -4.882812500000E-04   1   5
 -7.258595987130E-04 -3.658274620992E-05 -6.862982439660E-04  1.655410547998E+03  2.582123144869E+01 -7.231192744700E+04 -1.275275320578E-03 -4.882812500000E-04   1   5
  3.762764046563E-04 -9.938307059010E-05  6.850178928777E-04  1.586266841857E+01 -6.542411432410E+00  7.335056071350E+04  1.250508160000E-03 -4.882812500000E-04   1   5
 -2.432677288642E-05  5.417732059114E-04 -7.329711845460E-04  3.201558912848E+02 -1.278887486897E+03 -8.163566276657E+04 -1.328867919224E-03 -4.882812500000E-04   1   5
 -5.485951673152E-04  4.483880050288E-04  6.120134404805E-04 -4.375503726124E+02  1.297693619989E+02  5.285221932177E+04  1.184438086612E-03 -4.882812500000E-04   1   5
 -4.347953617214E-04 -1.653422882664E-04 -3.613957489411E-04  1.409058173934E+03  5.385053923609E+02 -1.961353491500E+04 -6.626690677356E-04 -4.882812500000E-04   1   5
  2.500718101704E-05 -1.275936808481E-03 -7.922116461978E-05  4.623623384231E+01  4.568687849119E+03  5.974231507826E+03 -1.351343057778E-04 -4.882812500000E-04   1   5
  9.104049870977E-05  3.125126334022E-04 -4.393343596790E-04 -4.761053526136E+02 -1.236673685368E+03 -3.191621088456E+04 -8.892743447668E-04 -4.882812500000E-04   1   5
 -2.023816026333E-04  1.494056894418E-04 -2.701926901627E-04 -5.983050658316E+02  4.550310603411E+02 -1.036928484677E+04 -4.840127158747E-04 -4.882812500000E-04   1   5
  7.279683076755E-04  9.312449909500E-04  1.104033207071E-04 -1.751381987363E+03 -2.355238828585E+03  6.343299283607E+03  2.528510183666E-04 -4.882812500000E-04   1   5
 -6.716949414166E-04 -7.223713231243E-04  2.805077576968E-04  1.512181004202E+03  1.452956146118E+03  1.384716910785E+04  6.047473939610E-04 -4.882812500000E-04   1   5
 -4.018745111012E-04  6.426396080761E-05  5.985226757781E-04 -6.652032083086E+02  2.410591329211E+02  5.114998242093E+04  1.120241370500E-03 -4.882812500000E-04   1   5
  1.310326825173E-03 -2.339624318613E-04 -1.244520513215E-04 -5.411731936422E+03  1.101322638792E+03  5.268148832044E+03 -4.264620941528E-04 -4.882812500000E-04   1   5
 -5.581655627977E-04 -3.616832311817E-04  1.503469114672E-05  7.090316719765E+02  8.277458247965E+02  1.461993105983E+03  1.209368494979E-04 -4.882812500000E-04   1   5
  1.485107435683E-04  6.862098770077E-05  1.640045652602E-04 -1.444747895398E+03 -6.177617954791E+02  3.398154073958E+03  3.402609469521E-04 -4.882812500000E-04   1   5
  6.284884746188E-04  1.690973874194E-04  3.943536550656E-04 -9.583778599318E+02 -3.584365143522E+02  1.736370024494E+04  8.501097327334E-04 -4.882812500000E-04   1   5
  6.495260216336E-04 -1.021148440588E-03 -3.755939223811E-04 -2.348230730789E+03  3.730848339254E+03 -1.700553519509E+04 -8.266675256112E-04 -4.882812500000E-04   1   5
 -1.335371461360E-04 -1.294996611453E-03  7.889651389603E-05  5.637812146965E+02  4.025114028167E+03  6.635488896000E+03  1.734477152180E-04 -4.882812500000E-04   1   5
  1.404533495085E-04  6.991292333464E-04  7.420708741497E-04 -5.705303502626E+02 -1.530698680466E+03  7.308467786028E+04  1.402968405139E-03 -4.882812500000E-04   1   5
  2.518540415106E-05  2.196017018697E-05  7.594590211331E-04 -6.807424806389E+02  1.795552066565E+03  8.777062418614E+04  1.297840821300E-03 -4.882812500000E-04   1   5
 -6.979728204185E-04  8.302812961180E-05  3.336192562637E-04  6.526437923540E+02  2.953047439378E+02  1.518479590672E+04  7.257717275420E-04 -4.882812500000E-04   1   5
 -3.237528687106E-04 -1.092599879562E-03  5.142097921602E-04  1.153982821371E+03  3.341162024982E+03  2.995385332488E+04  1.077705181715E-03 -4.882812500000E-04   1   5
  3.581159482729E-04 -1.278962293989E-03 -5.839215023729E-05 -1.565931969375E+03  5.864231851708E+03  7.072341462742E+03 -2.968802609975E-04 -4.882812500000E-04   1   5
  2.557990578873E-04  4.170933270062E-04 -2.599019251520E-04 -5.512052408554E+02 -4.947669381474E+02 -8.024460606172E+03 -5.206057216087E-04 -4.882812500000E-04   1   5
 -8.486676550245E-04 -5.407786146839E-04  4.221163332414E-04  2.592569711101E+03  1.480490897634E+03  2.084184179717E+04  9.174678709170E-04 -4.882812500000E-04   1   5
  5.771449956521E-05 -8.405455790667E-04 -7.091445286511E-05 -3.456909184044E+02  1.741359973580E+03  3.040542162158E+03 -1.465048156066E-04 -4.882812500000E-04   1   5
 -5.390112178069E-04 -1.399664697691E-04 -7.302271744209E-04  1.106742758734E+03  1.730570979473E+02 -8.173236639001E+04 -1.334658366066E-03 -4.882812500000E-04   1   5
  2.957660579575E-04 -3.242850574007E-04 -5.299679440565E-04 -7.046626302700E+02  1.261554528557E+03 -4.782089118979E+04 -1.033513807545E-03 -4.882812500000E-04   1   5
  3.591652077140E-04  3.351369317581E-04 -3.562074950707E-04 -1.204601838843E+03 -7.715845444469E+02 -1.879493387923E+04 -6.508337692854E-04 -4.882812500000E-04   1   5
  9.699470174250E-04 -8.876982663814E-04 -2.491949083028E-04 -3.216559462368E+03  3.135950924079E+03 -2.311112623510E+03 -6.032592603611E-04 -4.882812500000E-04   1   5
  4.154380457699E-04 -2.687946878505E-04 -6.890006382850E-04  1.176610328747E+03 -4.551240337448E+02 -8.120006765361E+04 -1.291650424776E-03 -4.882812500000E-04   1   5
 -3.662545242179E-04 -7.700486222459E-04  4.765195000237E-04  7.956778900687E+02  2.127730957856E+03  2.485863913311E+04  9.812949285726E-04 -4.882812500000E-04   1   5
  1.161389954907E-03 -5.495958262285E-04 -4.465621827134E-04 -4.254515394129E+03  2.132200444302E+03 -2.550221021161E+04 -1.126779987393E-03 -4.882812500000E-04   1   5
 -2.830747039935E-04 -7.913589185563E-04  4.840555396074E-04  8.001786508887E+02  1.530272919066E+03  2.568042449433E+04  1.008317879859E-03 -4.882812500000E-04   1   5
 -4.788486920272E-05 -1.371096106523E-03 -2.684025699853E-04  3.311850114089E+02  4.625177195541E+03 -3.323411371177E+03 -7.286226046150E-04 -4.882812500000E-04   1   5
 -8.278917077626E-04  5.407328686601E-04  5.779051038026E-04  2.229741719580E+03 -1.040987486269E+03  4.144687718609E+04  1.138115037013E-03 -4.882812500000E-04   1   5
  8.248332643390E-04  2.870475383266E-04  5.114971814313E-04 -2.278062896792E+03 -6.420588985498E+02  2.965929728316E+04  1.035564792461E-03 -4.882812500000E-04   1   5
 -9.079572711930E-04  9.010672219393E-04  7.027834240836E-05  2.646416482746E+03 -2.635244044487E+03  6.271080656849E+03  1.730212344664E-04 -4.882812500000E-04   1   5
  4.692175481283E-04 -4.503691242240E-04  4.486740228858E-04 -8.538258546134E+02  1.071141866758E+03  2.085249385797E+04  9.275668888242E-04 -4.882812500000E-04   1   5
  2.086173808053E-04  1.228169493214E-04 -5.423915824655E-04 -1.422568370431E+03 -2.345951657384E+02 -5.048318575903E+04 -9.526203590204E-04 -4.882812500000E-04   1   5
  4.553579934487E-04  7.787595225341E-04 -2.600584130791E-04 -1.053137909073E+03 -1.876562222268E+03 -5.428655794455E+03 -5.331064895406E-04 -4.882812500000E-04   1   5
 -1.033044791920E-03  2.345804789237E-04 -4.095162081840E-04  2.556913344876E+03 -3.734623439017E+02 -2.461926739106E+04 -8.119316117234E-04 -4.882812500000E-04   1   5
  2.386599953041E-04  4.946547120644E-04  7.348146792211E-04  4.877556840547E+01  2.957967495101E+01  7.840065118396E+04  1.308426595763E-03 -4.882812500000E-04   1   5
 -4.382479516828E-04  2.997717871525E-04 -4.831063995517E-04  1.403319886138E+03 -6.140886562836E+02 -3.952679467008E+04 -8.386677868160E-04 -4.882812500000E-04   1   5
 -9.357272500675E-04  9.981380547038E-04 -3.374080849859E-04  2.861832265750E+03 -3.133535174770E+03 -1.064804773735E+04 -7.845874243704E-04 -4.882812500000E-04   1   5
  3.872800809674E-04 -8.440854827545E-04  4.061160557821E-04 -1.084582278139E+03  2.194335651638E+03  1.959996673223E+04  8.567039995908E-04 -4.882812500000E-04   1   5
  1.024003878559E-03  7.746042138819E-04 -4.322824968420E-04 -3.785535855605E+03 -2.824671833360E+03 -2.347264657050E+04 -1.143369929411E-03 -4.882812500000E-04   1   5
  5.411490628703E-04 -1.179210289611E-04  5.054501365194E-04 -2.704108543180E+02  1.932079801700E+02  2.755878540450E+04  1.060097230608E-03 -4.882812500000E-04   1   5
  8.338177747456E-04  8.385599470507E-04 -3.643834626857E-04 -2.573622492574E+03 -2.424647082918E+03 -1.632859245792E+04 -7.086364586644E-04 -4.882812500000E-04   1   5
 -4.048126622770E-04  1.306499534781E-03 -1.055713961654E-04  1.595131467873E+03 -4.700747069960E+03  5.790664130618E+03 -2.739849120856E-04 -4.882812500000E-04   1   5
 -1.265110653795E-03 -2.221971621443E-04  1.731205838749E-04  5.055611558783E+03  1.291130067104E+03  9.534022685095E+03  3.399229004546E-04 -4.882812500000E-04   1   5
 -2.284144180535E-04 -8.357932413390E-04 -5.598060253514E-04  8.704483054585E+02  2.421502579261E+03 -4.977250362439E+04 -1.041957117272E-03 -4.882812500000E-04   1   5
  2.284726958382E-04  6.248800934961E-05  7.162798497852E-04 -9.344918349497E+02 -3.883626795618E+02  8.007601071757E+04  1.257680909837E-03 -4.882812500000E-04   1   5
  4.491005738948E-04 -1.208972680220E-04 -2.282384588344E-04 -5.172729644912E+02 -6.741550703696E+01 -5.817030424287E+03 -4.528528348966E-04 -4.882812500000E-04   1   5
  9.493526656374E-04  6.254694012680E-04 -2.842375057824E-04 -2.781239964384E+03 -1.724165834347E+03 -6.746147852249E+03 -5.745535082808E-04 -4.882812500000E-04   1   5
 -8.215860639027E-05 -1.347244489782E-04  5.449247812633E-04 -4.898639867287E+02 -5.940927593813E+02  3.706262391976E+04  9.985258814043E-04 -4.882812500000E-04   1   5
 -4.714365010244E-04  6.852920087539E-04 -1.970021871004E-04  8.726905207253E+02 -1.230503729018E+03 -1.528845491961E+03 -3.670769974704E-04 -4.882812500000E-04   1   5
 -3.184956720776E-05  2.074263091178E-04  2.402340825016E-04 -2.285352279196E+02 -2.328767728198E+02  7.315149486564E+03  5.108069258744E-04 -4.882812500000E-04   1   5
 -4.163841275031E-04 -3.314036119934E-04  3.774757096626E-04 -4.508600332272E+02  4.264183801119E+01  1.592965672446E+04  7.623686066132E-04 -4.882812500000E-04   1   5
 -7.977083448237E-05  2.281509636129E-04  7.774067673419E-04  4.343904984293E+02 -2.225629704989E+03  8.475963059403E+04  1.395681233000E-03 -4.882812500000E-04   1   5
 -9.030749056864E-04  3.942993819045E-04  6.543183378855E-04  3.568020232519E+03 -1.378321279704E+03  5.110609968350E+04  1.388262286239E-03 -4.882812500000E-04   1   5
 -1.264304406155E-03 -9.299687241955E-05  2.784582205870E-04  5.019481568732E+03  6.014033438545E+02  1.425609982363E+04  6.315287112169E-04 -4.882812500000E-04   1   5
  1.010653355445E-03 -6.902103861817E-04  4.105815945360E-04 -3.068910111170E+03  1.862693138815E+03  2.100639676116E+04  9.165160800628E-04 -4.882812500000E-04   1   5
 -4.169099702766E-05 -3.037373507228E-04  2.121893075381E-04  4.385243683348E+02  7.980325032129E+02  6.466539675025E+03  4.451722209908E-04 -4.882812500000E-04   1   5
 -9.705510555266E-04 -7.908996260073E-04  3.809586952915E-04  3.559800813358E+03  2.894764409885E+03  1.931812560923E+04  8.304061191917E-04 -4.882812500000E-04   1   5
  2.027057131072E-04  7.650651388745E-05 -1.109393760568E-04  3.899867026274E+02  4.731150408867E+02 -9.850509049846E+02 -1.850597780075E-04 -4.882812500000E-04   1   5
 -9.631667157901E-04 -8.243687276774E-05  2.348762148715E-04  2.060496779978E+03  5.794122176844E+01  1.101805327579E+04  4.909891808840E-04 -4.882812500000E-04   1   5
 -8.628514241576E-04 -3.554173289284E-05 -2.675258373220E-04  1.582225064737E+03  4.314567159086E+02 -6.435405067141E+03 -5.164510439610E-04 -4.882812500000E-04   1   5
 -6.443772829148E-04  6.898127624787E-04 -2.215192932096E-04  2.011801021313E+03 -1.971027551073E+03 -2.258336909744E+03 -4.576225894213E-04 -4.882812500000E-04   1   5
 -9.214552932608E-04  7.379083380901E-04 -4.125689055249E-04  2.566429187776E+03 -2.235708870104E+03 -2.361852687520E+04 -7.955957553154E-04 -4.882812500000E-04   1   5
 -8.191127187254E-04 -6.691170444367E-04 -4.387067341238E-04  2.010424257738E+03  1.719333085106E+03 -2.932604352244E+04 -8.567695831738E-04 -4.882812500000E-04   1   5
  4.395520630522E-04  4.797191728309E-04 -9.766305549408E-05 -2.220839880489E+02 -1.296555538411E+01  8.038100699121E+02 -1.969190392330E-04 -4.882812500000E-04   1   5
  6.062629354167E-05  1.180246724645E-03  5.452845859599E-05  8.519699502913E+01 -3.149703509095E+03  5.299641031700E+03  1.551904932757E-04 -4.882812500000E-04   1   5
  1.051246388698E-03  2.441045010633E-04  2.892096127775E-04 -2.666239166381E+03 -5.986212963359E+02  1.453244816064E+04  6.365455053050E-04 -4.882812500000E-04   1   5
 -7.469727380374E-04  9.164085776962E-04 -5.145478947818E-04  3.141138391798E+03 -3.687799822731E+03 -3.517230947923E+04 -1.277412483127E-03 -4.882812500000E-04   1   5
 -3.404759379502E-04 -1.751564720650E-04  1.185239684833E-04  1.227832189549E+03  1.027791068353E+03  1.871841611160E+03  2.338065947756E-04 -4.882812500000E-04   1   5
  5.050120154602E-04  4.397215078631E-04  5.743130009260E-04 -3.672206748665E+02  3.948848755006E+01  4.312659901116E+04  1.128886973950E-03 -4.882812500000E-04   1   5
 -9.225137196699E-04  7.065754679557E-04  5.203668641777E-04  3.180621626254E+03 -2.180148530960E+03  3.034577818219E+04  1.098481821041E-03 -4.882812500000E-04   1   5
  7.284316487438E-04 -2.055123740117E-04 -2.842183566876E-04 -1.481529282791E+03  3.631477023136E+02 -8.421403249126E+03 -5.555445964709E-04 -4.882812500000E-04   1   5
  1.635386686811E-04  8.454842540225E-04 -5.984961133382E-04 -2.433950095998E+02 -2.099439018071E+03 -5.649380716337E+04 -1.118634509924E-03 -4.882812500000E-04   1   5
 -9.513424245702E-04 -7.737387536705E-04 -4.632355263678E-04  3.075279258621E+03  2.922712628830E+03 -2.950113164098E+04 -1.005024073326E-03 -4.882812500000E-04   1   5
  1.664106448062E-04  1.479834204113E-04  7.605646789625E-04 -1.902103475123E+03 -6.063327733798E+02  8.432114200839E+04  1.361447937072E-03 -4.882812500000E-04   1   5
 -7.335543029133E-04  6.901744691380E-05 -5.990702557982E-04  1.489583388613E+03  2.454673183035E+02 -5.919508406928E+04 -1.054638121714E-03 -4.882812500000E-04   1   5
  7.290866309107E-04 -5.185142871422E-04  5.113882295260E-04 -1.516085364166E+03  1.461003491612E+03  2.979741769254E+04  1.064130965242E-03 -4.882812500000E-04   1   5
 -1.061800811023E-03 -7.100253939164E-05  5.820296112102E-04  4.116694627330E+03  1.533515909694E+02  3.934268980639E+04  1.231029254633E-03 -4.882812500000E-04   1   5
 -9.001686337052E-04 -2.008106561906E-04  2.196276194522E-05  2.519160093943E+03  7.694909319933E+02  3.331881856634E+03  2.928597681429E-05 -4.882812500000E-04   1   5
  6.036521034930E-04  5.952306106076E-04  3.001479258447E-05 -1.042952112042E+03 -1.050536039283E+03  2.467851460781E+03  6.034797426224E-05 -4.882812500000E-04   1   5
  8.744031051027E-04  8.961597844798E-05 -6.604299031898E-05 -3.103885613591E+03 -2.165282737782E+02  3.720299704364E+03 -1.781118436495E-04 -4.882812500000E-04   1   5
 -4.410152198464E-04  8.898291234905E-04 -6.560305062708E-05  1.852235332449E+03 -3.142466183343E+03  4.457203216407E+03 -1.338713580910E-04 -4.882812500000E-04   1   5
 -8.112498828953E-04  1.959290459954E-04  5.791815307594E-04  1.223737924523E+03 -3.061599545579E+02  4.350621202973E+04  1.123329601476E-03 -4.882812500000E-04   1   5
  3.475891231541E-05  9.735318295301E-04 -6.125375620036E-04 -1.850651755493E+02 -4.811652644584E+03 -5.054995858095E+04 -1.518123045477E-03 -4.882812500000E-04   1   5
 -1.984988167487E-04 -5.771540993926E-04  5.052905848912E-05  1.444858345645E+02  1.055156631613E+03  9.783251462206E+02  1.449306577279E-04 -4.882812500000E-04   1   5
  5.514469484638E-04  4.341670691976E-04 -3.312764693546E-04 -1.039153502387E+03 -8.571074878757E+02 -1.445351547460E+04 -6.073946531941E-04 -4.882812500000E-04   1   5
  5.105393828605E-04 -1.057355412753E-03  4.814603997002E-04 -1.360504822305E+03  3.210198000404E+03  2.626107722408E+04  1.028251346051E-03 -4.882812500000E-04   1   5
  6.110233115696E-04  1.680869788657E-04 -2.432207170561E-04 -1.481188761643E+03 -5.339725262053E+02 -5.303258763516E+03 -4.401087642560E-04 -4.882812500000E-04   1   5
 -9.498514274119E-04 -7.462912560185E-04 -3.630678587259E-04  3.257056469962E+03  2.682025585102E+03 -1.551872813670E+04 -7.606463221235E-04 -4.882812500000E-04   1   5
  3.157426920850E-04  8.176917851440E-04 -1.253077307999E-04 -9.597119116968E+02 -2.669949675796E+03  2.089222136886E+03 -2.675759800175E-04 -4.882812500000E-04   1   5
 -8.748756428112E-05 -4.832714425419E-04 -7.612937843813E-04  1.480148346670E+02 -1.942299981472E+02 -8.694112940627E+04 -1.535165865569E-03 -4.882812500000E-04   1   5
  1.586320207901E-04  4.923774801251E-04 -2.830881339383E-04 -3.728947030285E+02 -1.232453201630E+03 -9.674996635792E+03 -5.059344402758E-04 -4.882812500000E-04   1   5
  1.154316024087E-03  6.781970474904E-04 -8.997259119492E-05 -4.782254332126E+03 -2.588821189233E+03  6.399239670216E+03 -3.205463019746E-04 -4.882812500000E-04   1   5
 -1.174410498223E-03 -5.091531188196E-05 -4.883236041561E-04  3.992997915699E+03  2.814841610565E+02 -3.378537691063E+04 -1.057637724299E-03 -4.882812500000E-04   1   5
  9.667117403901E-04 -5.648908816395E-05 -2.003468196785E-04 -3.113103008751E+03  1.500133571874E+02 -7.962535425462E+02 -4.373731859708E-04 -4.882812500000E-04   1   5
  1.100902639284E-03 -1.922014195777E-04  8.666709001237E-06 -3.463628741243E+03  4.353157324740E+02  5.072338050201E+03  5.050444806631E-05 -4.882812500000E-04   1   5
 -1.040191650336E-03  4.854899451105E-04  4.058968844248E-04  3.170025678024E+03 -1.114557490581E+03  2.037769818095E+04  8.992561682932E-04 -4.882812500000E-04   1   5
 -3.644445411807E-04  2.574663363680E-04  4.995190614977E-04 -8.507116151274E+02  8.480858552290E+02  2.683601347860E+04  1.001887838762E-03 -4.882812500000E-04   1   5
  4.744040753757E-04 -6.359363133174E-04  2.025231129311E-04 -8.786938900327E+02  1.183137602044E+03  8.086387608331E+03  4.047204405544E-04 -4.882812500000E-04   1   5
  4.963393516379E-05  4.125865301329E-04  1.911864869708E-04  1.201369491455E+02 -9.152631958435E+02  5.894522672595E+03  3.809999769042E-04 -4.882812500000E-04   1   5
  9.178204685760E-04  1.954390236449E-04  2.627139718421E-04 -2.026079763424E+03 -3.175782558277E+02  1.264099399619E+04  5.361186535082E-04 -4.882812500000E-04   1   5
  6.484067361575E-04 -1.049220901479E-03  3.255568523988E-04 -2.709365821811E+03  3.925198968218E+03  1.654630219507E+04  7.130231590833E-04 -4.882812500000E-04   1   5
  3.351425665217E-04 -5.388790227654E-04  7.576953462454E-04 -1.402538590839E+03  2.098891551485E+03  7.440617080634E+04  1.432391445131E-03 -4.882812500000E-04   1   5
 -4.574824391796E-04  8.346830239414E-04 -6.227577667166E-04  1.998862012847E+03 -4.230880789436E+03 -5.248408012372E+04 -1.490946359386E-03 -4.882812500000E-04   1   5
 -6.201212327072E-05  1.547123271999E-04 -1.050147281834E-05  2.454195384447E+02 -7.039275819279E+01  3.422386217332E+02  4.501031337423E-06 -4.882812500000E-04   1   5
 -3.244067956887E-04 -5.593950173974E-04  7.434650488087E-04  3.463557583960E+02  4.696835170448E+02  7.691310450600E+04  1.356200765952E-03 -4.882812500000E-04   1   5
  2.164404569770E-04  4.007654632978E-04 -7.691441298322E-04 -5.676937107878E+02 -1.574713714483E+03 -8.467490595372E+04 -1.447070191123E-03 -4.882812500000E-04   1   5
  2.350524055586E-04  1.059150939694E-03  3.964086188216E-04 -3.985491230662E+02 -3.031493094195E+03  1.962359309493E+04  9.006617174983E-04 -4.882812500000E-04   1   5
  1.917445843928E-04 -4.588201967596E-04  3.605040934814E-04  1.322951089065E+02 -7.879181997481E+02  1.494765808647E+04  7.250222213830E-04 -4.882812500000E-04   1   5
  3.966552208670E-04 -1.014110667566E-03 -1.234034517431E-04 -1.359404096008E+03  4.151859533131E+03  3.549435752891E+03 -2.405553632934E-04 -4.882812500000E-04   1   5
  4.638292469914E-04  2.185513131137E-04 -5.149508385266E-04 -1.264313444335E+03 -1.237162329230E+02 -4.498090521083E+04 -9.412771081272E-04 -4.882812500000E-04   1   5
  7.320771599655E-04  5.710013258728E-04  6.105152427330E-04 -1.153637207278E+03 -5.100611513721E+02  4.973094389448E+04  1.163567909574E-03 -4.882812500000E-04   1   5
  5.931268009204E-04  5.119081884932E-04 -6.935577120613E-04 -1.756754611773E+03 -1.244198461184E+03 -7.060919319153E+04 -1.319577885893E-03 -4.882812500000E-04   1   5
 -1.098137804274E-04  1.020768097934E-03  6.403770234925E-04  4.290134178515E+02 -3.124460405725E+03  5.032282473713E+04  1.287925415056E-03 -4.882812500000E-04   1   5
  7.265397516206E-05 -1.083817269930E-04 -2.774803456502E-04  7.294369410650E+01 -4.683395479783E+02 -1.178671903045E+04 -4.952777412917E-04 -4.882812500000E-04   1   5
 -1.313579259516E-03 -3.297287472706E-04 -3.214994190630E-04  4.067326773778E+03  1.301312236039E+03 -8.929370495244E+03 -7.505412986126E-04 -4.882812500000E-04   1   5
  4.995138006358E-04  5.206365465966E-04  5.261187537517E-04 -8.824022735896E+02 -7.206577037262E+02  3.198541093171E+04  1.065870943029E-03 -4.882812500000E-04   1   5
 -7.437555984204E-04  3.834358070440E-04  3.090550911243E-04  1.283618323328E+03 -8.741058887715E+02  1.487829126342E+04  6.380035403661E-04 -4.882812500000E-04   1   5
  4.363315723367E-04 -8.543329024846E-04 -6.271305785956E-04 -1.302983965506E+03  3.050974106510E+03 -5.686412841479E+04 -1.288412866590E-03 -4.882812500000E-04   1   5
  4.718533481219E-05 -1.299624743214E-03  2.015812749226E-04 -4.459243446727E+02  4.396282847092E+03  1.081358752255E+04  4.689259550390E-04 -4.882812500000E-04   1   5
  9.347064322470E-04 -7.058957768815E-04  3.561040888130E-04 -2.761391344395E+03  2.506481559033E+03  1.790563590780E+04  7.958494643350E-04 -4.882812500000E-04   1   5
 -7.011168575709E-04 -3.594105932086E-04  6.422485012711E-04  3.283850747449E+01 -1.072503904603E+02  5.939221173061E+04  1.205931540362E-03 -4.882812500000E-04   1   5
 -4.728439740286E-04 -4.618455874304E-04 -7.308071007696E-04  1.698777587130E+03  1.442756711046E+03 -7.678743112148E+04 -1.384460350786E-03 -4.882812500000E-04   1   5
  6.129571024484E-04 -1.192874763983E-03  1.484659703266E-04 -2.068763665184E+03  4.593754806016E+03  8.969746159744E+03  3.200309744131E-04 -4.882812500000E-04   1   5
  5.672132657460E-04  7.739671320676E-04  2.609862157901E-04 -1.068766683750E+03 -1.720709699760E+03  1.260262196045E+04  5.381485324247E-04 -4.882812500000E-04   1   5
 -1.276418082226E-03 -1.291634520088E-05 -4.165120719120E-04  5.138984293045E+03 -1.002674487477E+02 -2.067338640663E+04 -1.207028832560E-03 -4.882812500000E-04   1   5
  6.351962001583E-04 -2.374500319550E-04 -3.256494923187E-05 -5.644384674396E+02  4.914107417834E+02  1.901159502657E+03 -5.158207002420E-06 -4.882812500000E-04   1   5
  9.793171503328E-04 -3.478702460887E-04 -2.895082394734E-04 -2.372689439060E+03  9.154573437791E+02 -7.754627711990E+03 -5.947121623628E-04 -4.882812500000E-04   1   5
 -3.276329353682E-04 -8.445552551253E-04  2.011501797060E-04  8.203907307254E+02  1.699779629498E+03  8.633309533629E+03  4.118681649126E-04 -4.882812500000E-04   1   5
 -6.671207575781E-04  5.075776191271E-04  6.556972850350E-04  1.511018436337E+02 -3.683502486586E+02  6.110769407904E+04  1.220815201564E-03 -4.882812500000E-04   1   5
 -6.597786995866E-04  5.494440011200E-04 -5.752726103492E-05  1.789313420230E+03 -1.179589221574E+03  3.334395425067E+03 -1.467395413752E-04 -4.882812500000E-04   1   5
  2.994967257534E-04  1.096419285078E-03  2.355329510423E-04 -7.079646339771E+02 -2.954903839158E+03  1.176454692748E+04  5.372156303380E-04 -4.882812500000E-04   1   5
  4.903609752889E-04 -1.383472290928E-04 -4.830139077764E-04 -1.437767244196E+03  8.444401873282E+02 -3.947874734653E+04 -8.393991577504E-04 -4.882812500000E-04   1   5
 -7.395245827596E-04 -6.686326255831E-04  5.818889855179E-04  1.545013092200E+03  1.633355999272E+03  4.255500484028E+04  1.132570829480E-03 -4.882812500000E-04   1   5
 -8.826253431523E-04 -8.115419142524E-04 -4.907203377045E-04  3.764992457571E+03  3.611801167338E+03 -3.131526138377E+04 -1.354758175277E-03 -4.882812500000E-04   1   5
 -3.617069770766E-04  2.593813484045E-04  7.386596668300E-04  2.519219214941E+02 -4.906185487338E+02  7.995829483616E+04  1.318180716406E-03 -4.882812500000E-04   1   5
  5.508041143160E-04  1.010319949444E-04  4.548130133868E-04 -7.915485839681E+02 -2.687573524364E+02  2.089900875385E+04  9.634942794015E-04 -4.882812500000E-04   1   5
  2.655933326923E-04  7.007458440940E-04 -5.879133074427E-04 -5.386127130255E+02 -1.206537672476E+03 -5.713643583033E+04 -1.054629277833E-03 -4.882812500000E-04   1   5
 -8.648172691680E-04  4.421610261008E-04  3.690608752369E-04  1.974690033192E+03 -1.187740203211E+03  1.793878117582E+04  7.835947734143E-04 -4.882812500000E-04   1   5
  5.121403269263E-04  9.069439615035E-04  6.117006153793E-04 -1.742728240473E+03 -2.370541168025E+03  4.625304688662E+04  1.229940046452E-03 -4.882812500000E-04   1   5
 -7.382482128771E-04  3.537029947187E-04  1.103390282042E-04  6.060670469637E+02 -2.278428348538E+02  2.942097516607E+03  3.003870989349E-04 -4.882812500000E-04   1   5
 -4.540807686092E-04 -5.691362365340E-04  5.281344709042E-04  7.840110615442E+02  7.618340955026E+02  3.242744000329E+04  1.061085125213E-03 -4.882812500000E-04   1   5
  2.263360107925E-04  7.116150474669E-04  5.475631684628E-04 -3.104216159642E+02 -5.524875834358E+02  3.662037068080E+04  1.097440288785E-03 -4.882812500000E-04   1   5
  6.574247832810E-04  4.964099549667E-04 -1.552652409818E-04 -1.963008723588E+03 -1.239952183096E+03  6.968609000193E+02 -3.483555810107E-04 -4.882812500000E-04   1   5
  2.267528864246E-04 -9.359747000684E-04  6.580337146860E-04 -4.197465282652E+02  2.271897688334E+03  5.636397969311E+04  1.254241818424E-03 -4.882812500000E-04   1   5
 -1.325318210746E-03  1.580206511337E-05 -3.484946270398E-04  4.862209051360E+03 -3.467285616589E+01 -1.154414904020E+04 -1.012011598503E-03 -4.882812500000E-04   1   5
 -2.427521832750E-05 -9.420585518651E-04 -3.411927973690E-04 -2.516009398847E+02  2.094293750843E+03 -1.467246510871E+04 -6.563043813008E-04 -4.882812500000E-04   1   5
 -6.917548989331E-04 -9.605775533580E-04  3.518476010067E-05  1.737751446086E+03  3.008396560814E+03  5.329792130254E+03  1.150304045168E-04 -4.882812500000E-04   1   5
 -9.218872873401E-04  3.019711047998E-04  6.439361393570E-04  3.700434638685E+03 -1.375016033113E+03  4.951948829079E+04  1.375183782021E-03 -4.882812500000E-04   1   5
 -1.170245333099E-03  2.194606799612E-04  1.772508257153E-04  2.983967996130E+03 -7.400203632159E+02  9.093156822854E+03  4.219424225922E-04 -4.882812500000E-04   1   5
  7.320489453332E-05 -5.875708762027E-04 -6.660291208064E-04 -2.308252336554E+02  4.167144537762E+02 -7.455860645881E+04 -1.170540841049E-03 -4.882812500000E-04   1   5
  1.303144870179E-03 -1.383751322871E-04  3.358935430497E-05 -5.530764572863E+03  6.074517328133E+02  6.809167538842E+03 -6.257366825491E-05 -4.882812500000E-04   1   5
  4.227653178199E-04  4.337539679781E-04  1.081147956938E-05 -4.780112471502E+02 -6.566439139024E+02  1.167155444658E+03  6.795034012264E-05 -4.882812500000E-04   1   5
 -7.279199359805E-05  6.115401200980E-05  2.428015535836E-04 -8.686610428492E+01 -2.805703730088E+02  6.746333578789E+03  5.653572393807E-04 -4.882812500000E-04   1   5
  6.398567290421E-04 -5.943875403103E-04  4.721651788244E-04 -1.442540433909E+03  1.629124038941E+03  2.450108184108E+04  9.733153866205E-04 -4.882812500000E-04   1   5
  2.378103786597E-04 -1.602319569664E-04  7.009090389245E-04 -4.064954359370E+02  5.626301723899E+02  7.726792253678E+04  1.240321007043E-03 -4.882812500000E-04   1   5
  2.495125691558E-04  2.076631376447E-04 -6.909795922005E-04  9.448602036176E+02  1.075179729677E+03 -8.324253857122E+04 -1.169369979225E-03 -4.882812500000E-04   1   5
 -8.098567801081E-05  6.620211161037E-04 -7.017100805693E-04 -2.155414179883E+02  6.771528537881E+02 -7.953080096676E+04 -1.340740372863E-03 -4.882812500000E-04   1   5
 -2.253056598709E-05 -9.626068906778E-04 -5.628094195844E-04  1.004556159581E+02  3.237504652478E+03 -4.806477231008E+04 -1.119374565631E-03 -4.882812500000E-04   1   5
  6.621340214363E-04 -5.781792146841E-04 -3.223795551631E-04 -1.424588169908E+03  9.900958402406E+02 -1.241003786922E+04 -6.150854383655E-04 -4.882812500000E-04   1   5
  9.487897323600E-04  5.920482610368E-04 -5.334526914273E-04 -3.310152759420E+03 -2.185205967499E+03 -4.029438984467E+04 -1.111944598030E-03 -4.882812500000E-04   1   5
  1.074614558370E-04 -5.265549206695E-04  5.953598885071E-04 -1.077384322605E+02 -2.553362625993E+02  4.929827733393E+04  1.160842197591E-03 -4.882812500000E-04   1   5
 -6.148420832735E-05  1.343886720157E-04  2.210972813105E-04  8.451177253728E+01 -5.021912703213E+02  6.095268239384E+03  4.659401816007E-04 -4.882812500000E-04   1   5
  6.917954761056E-04 -1.068156267431E-03 -1.641047241747E-04 -2.372520012549E+03  4.087508184455E+03  2.833716913218E+03 -3.602822224718E-04 -4.882812500000E-04   1   5
 -6.764176574931E-04 -1.171934605522E-03 -2.524430442379E-04  2.523456884268E+03  4.320198989062E+03 -1.853887614002E+03 -7.973082288117E-04 -4.882812500000E-04   1   5
  1.004521832895E-03  5.697222532581E-04 -2.973607019441E-04 -3.477315804412E+03 -1.525821679397E+03 -7.830604245589E+03 -5.944480759061E-04 -4.882812500000E-04   1   5
  2.792944006458E-04 -1.325910252745E-03 -6.981494916325E-05 -1.202453488908E+03  4.754422210648E+03  6.681396365559E+03 -1.649942638093E-04 -4.882812500000E-04   1   5
  6.498020132780E-04  4.067675755706E-05  2.339207881870E-04 -7.207456895766E+02  3.218025431728E+02  9.290883589655E+03  5.662834060485E-04 -4.882812500000E-04   1   5
  1.044866086527E-03  3.653268778068E-04 -5.221089192791E-04 -3.150414381185E+03 -1.061178121326E+03 -4.009507943620E+04 -1.012948665285E-03 -4.882812500000E-04   1   5
  3.960864938473E-04 -5.519690756121E-04 -1.296279121414E-04 -5.164064373456E+02  5.222362136519E+02  1.799147444963E+02 -2.035436006111E-04 -4.882812500000E-04   1   5
 -6.679184550706E-04 -6.661236805018E-04 -4.304718564674E-05  2.604886282489E+03  2.451253647457E+03  4.288683956889E+03 -1.105210700767E-04 -4.882812500000E-04   1   5
 -3.210412112142E-04 -5.577818211079E-04  7.505440457902E-04  1.848249434102E+03  2.691145415804E+03  7.159685128695E+04  1.465478401175E-03 -4.882812500000E-04   1   5
 -2.852243195963E-04  5.907252749631E-04 -4.359598115965E-04  8.921104385657E+02 -1.389782138857E+03 -3.120874827545E+04 -7.851648723123E-04 -4.882812500000E-04   1   5
  6.468548899265E-04 -2.619909985873E-04  2.707361530389E-04 -2.358029143983E+01  7.956147309623E+01  1.188643127155E+04  6.174820503362E-04 -4.882812500000E-04   1   5
  1.116466176578E-03 -1.221525086316E-04  5.073128431849E-04 -4.354607200492E+03  9.528127037333E+02  2.820151078016E+04  1.108672815856E-03 -4.882812500000E-04   1   5
 -6.620968555135E-04 -7.277595760644E-04 -3.439381016668E-04  1.360409891208E+03  1.750777926898E+03 -1.488665563417E+04 -6.880849644380E-04 -4.882812500000E-04   1   5
  6.228026541870E-06 -2.250088149663E-04  4.259210484846E-04  1.614521236546E+01 -1.114454465848E+03  1.690162192490E+04  9.102764708055E-04 -4.882812500000E-04   1   5
 -2.744808550601E-04 -1.219774320861E-04  5.257103247950E-04 -1.339718918284E+03 -3.596558956255E+02  3.226196607000E+04  9.968846866619E-04 -4.882812500000E-04   1   5
 -2.945020375409E-04  5.011516514894E-05  8.141261986444E-04  3.641790764013E+03 -9.980345173576E+02  8.293489523563E+04  1.511943818583E-03 -4.882812500000E-04   1   5
  8.119321098637E-04  2.827133929404E-04 -5.706342856251E-04 -2.064641497971E+03 -3.478592325392E+02 -5.211532547349E+04 -1.024288812148E-03 -4.882812500000E-04   1   5
  7.848558887664E-04 -7.734877796754E-04 -5.448207773678E-04 -2.706863897405E+03  3.146943828900E+03 -4.184263723542E+04 -1.152271869540E-03 -4.882812500000E-04   1   5
 -6.073334577577E-04  6.592218382725E-04  1.141862671681E-04  1.239009212937E+03 -1.015423053500E+03  3.947626176859E+03  2.224332004790E-04 -4.882812500000E-04   1   5
 -6.743853619977E-04  1.582464108215E-04  7.226675991560E-04  4.478364197397E+02  8.696645038927E+01  7.381534983161E+04  1.316389848597E-03 -4.882812500000E-04   1   5
 -1.139609225303E-04  3.079978750051E-04 -8.548957967780E-05 -1.640964503079E+02  4.547377277533E+02  2.951400496559E+02 -1.124828261108E-04 -4.882812500000E-04   1   5
  8.317950170428E-04  1.435340598650E-04  6.077252437193E-04 -4.630027093874E+02  4.045532160362E+02  5.063910815881E+04  1.161280320247E-03 -4.882812500000E-04   1   5
 -3.264018941303E-04  4.074293293354E-04  9.220888931960E-05  1.047561445888E+03 -8.351031052893E+02  1.311190726126E+03  2.188820877844E-04 -4.882812500000E-04   1   5
  5.017713036709E-04  8.653700476417E-04  6.394142952635E-04 -1.039986485539E+03 -2.129952152823E+03  5.234779328110E+04  1.234049501462E-03 -4.882812500000E-04   1   5
 -5.724008491157E-04  7.366718850181E-04 -1.992770764159E-05  1.761895773914E+03 -2.141209862397E+03  3.823187492535E+03 -4.474635893947E-05 -4.882812500000E-04   1   5
 -6.155066323692E-04 -1.826213932611E-04  2.858247163503E-04  1.303666518572E+02  2.987614104615E+02  1.259754467416E+04  6.272675412844E-04 -4.882812500000E-04   1   5
 -3.614811081881E-04  3.489840911653E-04  7.142192103358E-04 -1.454899441458E+02 -5.975862065754E+01  7.661842889282E+04  1.290390575771E-03 -4.882812500000E-04   1   5
  4.461358701086E-04 -7.817226666388E-04  1.439304794272E-04 -6.620911863889E+02  1.550272545467E+03  5.310664347478E+03  2.704898434929E-04 -4.882812500000E-04   1   5
  1.026361898540E-03 -7.657455047722E-04  2.303521561947E-04 -3.808590091936E+03  2.858625667606E+03  1.201144371503E+04  5.022688771534E-04 -4.882812500000E-04   1   5
 -3.876041036675E-04  8.304442087528E-04 -6.133329204447E-04  9.451852983625E+02 -2.323095489090E+03 -5.724312540169E+04 -1.160061307355E-03 -4.882812500000E-04   1   5
  2.790062546077E-04  1.011326542741E-03  4.822655230838E-04 -8.212353838265E+02 -3.176041516352E+03  2.599005917857E+04  1.046432120346E-03 -4.882812500000E-04   1   5
 -5.562465956492E-04 -4.449003396480E-04  7.356105114500E-04  7.929478515299E+02  1.281078441596E+03  7.317289239653E+04  1.377422539771E-03 -4.882812500000E-04   1   5
  1.189530528063E-03  7.003968882134E-04 -2.428866571712E-04 -3.713026397493E+03 -2.292627309988E+03 -1.538187297063E+03 -6.131805430454E-04 -4.882812500000E-04   1   5
 -7.677750775010E-04 -2.928817923150E-04 -3.496811921152E-04  1.352637536090E+03  7.842302333620E+02 -1.656407700876E+04 -6.770115802586E-04 -4.882812500000E-04   1   5
  2.616134334391E-04 -1.303488709063E-03  4.960116445507E-05 -1.263746081334E+03  5.458837949689E+03  6.911811048612E+03  7.508119519439E-06 -4.882812500000E-04   1   5
 -1.678536484530E-05  9.231634158674E-04  6.271859446507E-04  3.347351343224E+01 -1.416182233704E+03  5.277463713766E+04  1.164359353686E-03 -4.882812500000E-04   1   5
 -7.914054789572E-04  8.746692413961E-04  2.047161821851E-04  2.188696032938E+03 -2.611938831492E+03  1.036145139971E+04  4.653182163965E-04 -4.882812500000E-04   1   5
  3.188953114860E-04  4.576545758562E-04  1.995073453520E-05 -5.594382990563E+02 -8.307529761455E+02  9.501255960390E+02  9.170227216204E-05 -4.882812500000E-04   1   5
  6.830350567250E-04 -1.125588630339E-03 -3.586066852657E-04 -2.531574046271E+03  4.285076382671E+03 -1.276594971021E+04 -1.056506564337E-03 -4.882812500000E-04   1   5
  4.050116579596E-05 -5.139623764405E-04 -4.681452258132E-04  2.397000417335E+02  1.869210277032E+03 -3.690810842696E+04 -7.805727670527E-04 -4.882812500000E-04   1   5
  1.964107568886E-05  3.441580314291E-04 -1.692559149157E-04  2.317138355953E+02  5.905536862778E+02 -3.065622487220E+03 -2.865174077749E-04 -4.882812500000E-04   1   5
 -4.396548903612E-05 -1.128123092417E-03  8.898304029725E-06  7.189505630317E+01  3.755222552932E+03  5.192114253988E+03  6.272121400075E-05 -4.882812500000E-04   1   5
 -1.259089654215E-03 -9.582445643885E-05 -7.035494810192E-05  4.476891626087E+03  7.409581801257E+02  6.057701853176E+03 -1.213145962895E-04 -4.882812500000E-04   1   5
  7.031255251652E-04  4.302469938725E-04 -5.816514613974E-04 -1.775314972358E+03 -1.041094808553E+03 -5.431063380595E+04 -1.083329145417E-03 -4.882812500000E-04   1   5
  6.224749009986E-05 -2.903994725353E-04 -7.774477885231E-04  1.218619631264E+02 -4.818422697364E+02 -9.100807356087E+04 -1.405510821253E-03 -4.882812500000E-04   1   5
 -6.918542035475E-04 -9.446429324148E-04  1.737262392895E-04  1.716727561708E+03  2.151022760402E+03  8.781833138486E+03  3.859239815087E-04 -4.882812500000E-04   1   5
 -2.620908567021E-04 -1.082341460916E-03 -1.990049937209E-04  1.091353660514E+03  3.912917628210E+03 -3.825580266770E+01 -4.020084624692E-04 -4.882812500000E-04   1   5
  1.335741513529E-03  7.555382394605E-05  2.046208145345E-05 -5.477815196701E+03 -5.120353859828E+01  6.944185552743E+03 -5.845607643007E-05 -4.882812500000E-04   1   5
 -2.854893257388E-04 -1.005908172895E-03  3.829788963016E-04  6.454705588292E+02  2.752278275176E+03  1.884427577992E+04  8.279667952955E-04 -4.882812500000E-04   1   5
 -5.818924285907E-04  1.174951450070E-03 -4.105690883397E-04  1.807180759861E+03 -4.235455988129E+03 -2.037497445690E+04 -1.028054322530E-03 -4.882812500000E-04   1   5
 -8.252305656908E-04 -2.317131029715E-04 -1.301524083133E-04  2.873798475660E+03  7.876688605762E+02  1.882915547154E+03 -3.066853608438E-04 -4.882812500000E-04   1   5
 -1.316121017379E-03 -4.424933422491E-05 -3.082096841776E-04  4.414088022509E+03  2.417731059113E+02 -7.601929998520E+03 -7.555610471042E-04 -4.882812500000E-04   1   5
 -7.312518307004E-04 -2.733297030175E-04  6.960588334205E-04 -1.583910455566E+01 -8.690333992309E+00  6.986949574411E+04  1.261929937496E-03 -4.882812500000E-04   1   5
  3.563489662454E-04  5.311409866913E-04  7.320171600117E-04 -2.297047711040E+02  4.793876272849E+01  7.625893859952E+04  1.307891523006E-03 -4.882812500000E-04   1   5
  5.928270938037E-04  7.481258987995E-04  6.276391348738E-04 -9.570224233409E+02 -1.109960152954E+03  5.250482532734E+04  1.186200381860E-03 -4.882812500000E-04   1   5
  1.897277194809E-04  9.700751653419E-04 -4.781116970937E-04 -5.779912814024E+02 -2.525059989273E+03 -3.607730903171E+04 -9.284507696674E-04 -4.882812500000E-04   1   5
 -3.682381431005E-04  1.101960164073E-03 -4.265852469449E-04  1.288604770717E+03 -3.054784343442E+03 -2.595493283158E+04 -8.345896808848E-04 -4.882812500000E-04   1   5
  3.360514609592E-04 -7.541210585612E-04 -3.828778964491E-04 -8.157314926220E+02  1.651691589355E+03 -2.159642656373E+04 -7.128559982261E-04 -4.882812500000E-04   1   5
  1.001531410350E-03  2.001300094284E-05 -4.446980587733E-04 -2.462283441487E+03  3.686469797539E+02 -3.077348115960E+04 -8.244740890624E-04 -4.882812500000E-04   1   5
  7.870262407333E-05  6.200030150210E-04  7.460153342781E-04 -1.942253547209E+02 -4.570326793178E+02  7.735645801744E+04  1.341404795826E-03 -4.882812500000E-04   1   5
 -2.759090546084E-04  3.808761744732E-05 -1.081011045895E-04 -3.529272250560E+02 -1.021533675105E+02 -4.736494994136E+02 -1.566503085653E-04 -4.882812500000E-04   1   5
  5.320135419509E-04  1.239260382991E-03 -3.465088366840E-04 -1.895715250580E+03 -3.998242975082E+03 -1.164064388290E+04 -8.875284890109E-04 -4.882812500000E-04   1   5
  1.173701447811E-03  5.669570230699E-05  4.153859209644E-05 -3.309367297401E+03  1.367109412247E+02  5.268096336331E+03  1.032874898548E-04 -4.882812500000E-04   1   5
 -2.016696149525E-04  5.817893650066E-04 -7.289513676570E-04 -2.161125719390E+02  5.327597918595E+02 -8.294303678675E+04 -1.457042654276E-03 -4.882812500000E-04   1   5
  6.015697613141E-04  4.868976789382E-04 -3.478195221084E-04 -9.741895265130E+02 -9.853339681447E+02 -1.650259976265E+04 -6.509807965944E-04 -4.882812500000E-04   1   5
 -8.929608121624E-04 -5.696771572265E-04 -5.636195672688E-04  3.734632008544E+03  2.194648404804E+03 -4.452000968376E+04 -1.239375540254E-03 -4.882812500000E-04   1   5
  6.553029108185E-05 -9.277926436942E-04 -4.100295044256E-04 -4.171308197701E+02  2.156037837265E+03 -2.558598353709E+04 -7.700933036880E-04 -4.882812500000E-04   1   5
  1.053109020111E-03 -1.330833843961E-05 -5.765873109889E-04 -3.987639209124E+03 -1.135099550835E+02 -4.700965042198E+04 -1.203526556732E-03 -4.882812500000E-04   1   5
  1.061827440587E-04  8.288670499522E-04 -1.733646334769E-04 -4.919529683445E+02 -2.180934244821E+03 -6.390869618580E+01 -3.808964817180E-04 -4.882812500000E-04   1   5
 -2.691123506142E-04  1.114037760171E-03  2.600752202480E-04  1.024020448890E+03 -3.394588138690E+03  1.301562347431E+04  6.017169008716E-04 -4.882812500000E-04   1   5
  5.705355108498E-04 -3.441650442727E-04  7.237121037218E-04  1.904945061898E+02  8.943220815882E+01  7.547323192874E+04  1.297451091209E-03 -4.882812500000E-04   1   5
 -1.095343568958E-03 -5.551071485875E-04  7.941958146707E-05  2.796436152744E+03  1.584799895155E+03  5.888764310863E+03  2.089186520995E-04 -4.882812500000E-04   1   5
  8.031662307744E-04  1.267511162630E-04 -6.713977421755E-04 -2.208513655821E+03  1.450172546724E+01 -6.754686975948E+04 -1.300911446231E-03 -4.882812500000E-04   1   5
  2.541985414727E-04 -1.100825512279E-03 -2.162210198675E-04 -8.446724225717E+02  3.794370811470E+03 -1.097305169202E+03 -4.452302832210E-04 -4.882812500000E-04   1   5
 -3.952564221796E-04  5.503883790167E-04 -1.103851196631E-04  5.058876239875E+02 -3.121170630186E+02  7.647051473502E+02 -1.728197725197E-04 -4.882812500000E-04   1   5
  2.137071900202E-04 -6.786446453741E-04  1.699684963552E-06 -3.606921823316E+02  8.157806003770E+02  1.773337154589E+03  6.512200429487E-05 -4.882812500000E-04   1   5
  4.406652302203E-04  5.164330418728E-04  5.879149707939E-04 -2.186789375524E+02  3.281987632241E+02  4.667634774509E+04  1.155010987455E-03 -4.882812500000E-04   1   5
  4.930082399922E-04  3.072060627943E-04 -5.613165247591E-04 -1.076171600129E+03 -7.164246969477E+02 -5.365466436876E+04 -9.670933176178E-04 -4.882812500000E-04   1   5
 -6.676647854421E-05  1.250212944711E-04 -6.226645039297E-04  3.591128961275E+02  2.116142689308E+02 -6.944928124073E+04 -1.034022819859E-03 -4.882812500000E-04   1   5
 -2.372017070988E-04  3.106138689268E-04 -3.735203736475E-04  7.815788842608E+02 -4.041243833331E+02 -2.170433550364E+04 -7.511928525799E-04 -4.882812500000E-04   1   5
  4.418774559674E-04  4.862903576708E-04 -7.303217941311E-04 -2.217271573612E+03 -1.832596501952E+03 -7.476076382299E+04 -1.455295338046E-03 -4.882812500000E-04   1   5
  1.144229099368E-03 -5.566456190683E-04  3.789879239644E-04 -3.571244772173E+03  1.846908092446E+03  1.945257009659E+04  8.557136614518E-04 -4.882812500000E-04   1   5
  1.053315295141E-04  3.272841157332E-05 -8.257680070245E-04 -5.612814628341E+02 -5.273249255212E+02 -9.159086586934E+04 -1.585599583347E-03 -4.882812500000E-04   1   5
  7.570918547272E-04  6.164375835474E-04  4.590072944041E-04 -2.032115463251E+03 -1.497722422146E+03  2.364481927139E+04  9.830861934996E-04 -4.882812500000E-04   1   5
  6.649281308573E-04  6.316085021103E-04  8.771464092627E-05 -9.536408576376E+02 -1.085013876752E+03  3.179353234266E+03  1.646061080898E-04 -4.882812500000E-04   1   5
  6.667413874797E-04 -6.922481868163E-04  1.106252083701E-04 -1.474390645750E+03  1.455204082427E+03  4.403490584373E+03  2.128256695997E-04 -4.882812500000E-04   1   5
 -2.187930592832E-04 -8.967849307383E-04 -8.523211789890E-05  9.205022277357E+02  3.634832680761E+03  3.801003816043E+03 -2.116558237626E-04 -4.882812500000E-04   1   5
 -1.342110872052E-03  3.134247779723E-04 -2.633232420680E-04  4.358181199320E+03 -8.809043562955E+02 -3.059345213903E+03 -7.066153982218E-04 -4.882812500000E-04   1   5
 -4.478787560499E-04  9.682703763580E-04 -2.179854626926E-04  1.546525673112E+03 -2.842747614648E+03 -1.624009061231E+03 -4.398975442363E-04 -4.882812500000E-04   1   5
  5.681948635110E-04 -1.023083878314E-04  1.603596777743E-04 -6.999291534308E+02  2.030127921244E+02  4.611345893835E+03  3.435987114284E-04 -4.882812500000E-04   1   5
 -3.752858972197E-04  2.888917278022E-04  7.293284056603E-04  3.969466484618E+02  4.709596918929E+01  7.860906955711E+04  1.298898698453E-03 -4.882812500000E-04   1   5
 -1.894578160356E-05 -4.731425726894E-04 -4.519149950616E-04  4.110204207967E+02  2.015970561534E+03 -3.414650846416E+04 -7.697929599626E-04 -4.882812500000E-04   1   5
  6.147492789803E-04 -9.554036471313E-04 -4.729317092256E-05 -2.420585592702E+03  3.518377037147E+03  5.580016149553E+03 -6.218419277904E-05 -4.882812500000E-04   1   5
  1.251203681001E-03  3.781537865934E-04  1.909369624939E-04 -4.341565167426E+03 -1.174144719488E+03  1.038472415828E+04  4.203050783809E-04 -4.882812500000E-04   1   5
 -6.935774492569E-04 -5.107474825365E-04  1.583059536527E-04  8.420112342525E+02  7.692979897822E+02  5.621496125194E+03  3.122725988520E-04 -4.882812500000E-04   1   5
  5.296337249044E-04  1.271659784129E-03 -2.575723893522E-04 -1.822727693723E+03 -3.691962999992E+03 -2.868555222822E+03 -5.757368607759E-04 -4.882812500000E-04   1   5
  3.921917161750E-04 -1.923730726825E-04 -7.081948818491E-04  1.619528812433E+03 -4.146636656522E+02 -8.501628872266E+04 -1.232383822289E-03 -4.882812500000E-04   1   5
 -1.515281465263E-04  7.562628048029E-04 -7.100521718841E-04  3.541758907618E+02 -2.991464424577E+03 -6.999924713650E+04 -1.429891391824E-03 -4.882812500000E-04   1   5
 -6.470038983753E-04  1.180213090461E-03  1.143305396272E-04  1.905510089523E+03 -3.609893175771E+03  7.788160984683E+03  2.885445274861E-04 -4.882812500000E-04   1   5
  1.254372926786E-04 -1.425217529760E-05  3.348214809840E-05 -5.498570487480E+02  7.614561329123E+02 -1.108576558298E+02  1.037941336874E-04 -4.882812500000E-04   1   5
 -9.178858812555E-05 -2.599411810115E-04 -7.842856036108E-04 -4.837981613436E+02 -1.909612642197E+02 -9.128331183621E+04 -1.394945827280E-03 -4.882812500000E-04   1   5
  1.037942026716E-03 -1.814323199050E-04 -3.324774551853E-04 -2.709875521393E+03  6.068124491920E+02 -1.279133010043E+04 -6.886071145260E-04 -4.882812500000E-04   1   5
 -1.004422260529E-03 -8.028303052072E-04  1.599296200891E-04  2.932004245793E+03  2.617914167503E+03  8.982670508369E+03  3.776421576642E-04 -4.882812500000E-04   1   5
 -5.536883545364E-04  6.742703017324E-04 -5.025947486266E-04  1.472254331325E+03 -1.554353726270E+03 -4.106942596897E+04 -9.294081854883E-04 -4.882812500000E-04   1   5
  1.217605728538E-03  6.330478535718E-04 -3.469419528916E-04 -3.861615387687E+03 -2.026769477439E+03 -1.163646669491E+04 -8.037519166564E-04 -4.882812500000E-04   1   5
  3.179361656566E-04 -2.237619608431E-04 -6.118977197871E-04 -7.295734916258E+01  6.873232390569E+01 -6.611369063523E+04 -1.126311771377E-03 -4.882812500000E-04   1   5
 -5.979380369944E-04  4.748951278286E-04 -6.980671006106E-04  1.528719019558E+03 -1.006007114124E+03 -7.227740466105E+04 -1.298505132334E-03 -4.882812500000E-04   1   5
  2.506903536413E-05 -1.266984424203E-05 -4.039561897053E-04  1.461623554157E+03  2.048948491095E+02 -2.622886440238E+04 -7.279104058759E-04 -4.882812500000E-04   1   5
 -2.964995706042E-04  8.255593483913E-06 -7.014896766778E-04 -1.476313444087E+03  4.130898902526E+02 -8.511373757661E+04 -1.206218830205E-03 -4.882812500000E-04   1   5
 -4.705232394381E-04  8.005184419008E-04 -5.651463909266E-04  1.658244338459E+03 -2.137249824335E+03 -4.958352785996E+04 -1.069721817923E-03 -4.882812500000E-04   1   5
 -7.743042558638E-04 -3.267366254625E-04 -6.446289851605E-04  2.264469983121E+03  7.778961580977E+02 -6.327142220321E+04 -1.241984768654E-03 -4.882812500000E-04   1   5
 -6.666624785690E-04 -7.351310326272E-04  6.416259796085E-04  1.209606098056E+03  1.966807239492E+03  5.332993745277E+04  1.248556157903E-03 -4.882812500000E-04   1   5
  9.625953799963E-04 -3.016803913101E-05  6.658257068589E-04 -3.424985304970E+03  5.500985226485E+02  5.409403538290E+04  1.376855671341E-03 -4.882812500000E-04   1   5
 -1.779179675331E-04 -4.065894993310E-04 -2.040449686147E-05  1.916444252034E+02  9.553624903682E+02  9.866838412518E+02 -2.735957457922E-05 -4.882812500000E-04   1   5
 -1.115261312171E-03 -2.646271450958E-04 -3.698564891037E-04  3.499254489411E+03  1.103745036747E+03 -1.725373228877E+04 -7.130372460069E-04 -4.882812500000E-04   1   5
 -6.568974794284E-04 -8.011895837141E-04 -1.736311082970E-04  2.207449421367E+03  3.010532875651E+03  9.407741726143E+02 -3.780484801821E-04 -4.882812500000E-04   1   5
  1.185393953138E-03  4.803873890305E-04  2.545924498344E-04 -4.099302123653E+03 -1.314188596882E+03  1.321364190180E+04  6.024152137249E-04 -4.882812500000E-04   1   5
  3.314615220445E-04 -2.341985150759E-04 -7.846186963169E-04 -4.171769148772E+02  1.286791950810E+02 -8.840581744643E+04 -1.580678096394E-03 -4.882812500000E-04   1   5
 -8.491541911241E-04 -8.847369119596E-05 -3.354729635182E-04  1.767163061001E+03  3.036702956721E+02 -1.426991383369E+04 -6.450506696472E-04 -4.882812500000E-04   1   5
 -5.870523195274E-04  1.843052108490E-04 -9.237367534354E-05  6.995869011773E+00  6.347679565108E+01  7.260748186726E+02 -2.046946997565E-04 -4.882812500000E-04   1   5
  2.632523713532E-04  4.980682031606E-04 -7.177964467061E-04 -3.914817379849E+02 -9.656500044857E+02 -8.052857441334E+04 -1.282293696171E-03 -4.882812500000E-04   1   5
  1.155057212645E-03 -7.689345761040E-04 -2.435436923843E-04 -4.342747295022E+03  2.745129451381E+03 -9.905589547930E+02 -7.444700353418E-04 -4.882812500000E-04   1   5
 -5.098265833237E-04  1.045167523947E-03  3.115228379246E-04  1.840528893971E+03 -3.195530959904E+03  1.569121162766E+04  7.037454835288E-04 -4.882812500000E-04   1   5
 -1.019931112685E-05  3.148156352549E-05  7.732299890582E-04 -1.820481251237E+03 -1.226887321398E+03  8.824435544147E+04  1.347985351631E-03 -4.882812500000E-04   1   5
  7.850424807342E-04  7.707456785458E-04 -6.335309419025E-05 -3.102577031573E+03 -2.574212293425E+03  5.186959192496E+03 -1.212751242683E-04 -4.882812500000E-04   1   5
 -1.093232764624E-03 -6.913839964862E-04 -2.937892222943E-06  5.003159973895E+03  2.969506439266E+03  6.905428832405E+03 -1.902928997932E-04 -4.882812500000E-04   1   5
 -3.535313596802E-04 -1.304699242138E-03  1.748463013707E-05  1.092756690915E+03  5.239759329739E+03  6.970446016558E+03 -2.855124056023E-05 -4.882812500000E-04   1   5
 -4.981160712984E-04 -7.965447878034E-04  4.998171969942E-04  1.638148763174E+03  2.334906064351E+03  2.800642421787E+04  1.033110562586E-03 -4.882812500000E-04   1   5
 -3.427626157443E-04 -7.724997419544E-04  6.347538086586E-04  5.334492556849E+02  8.052678762725E+02  5.617995214925E+04  1.179801723087E-03 -4.882812500000E-04   1   5
 -2.939579507711E-06 -7.368747293318E-04 -6.927600285792E-04 -1.239764871489E+02  2.197095871528E+03 -7.175116833172E+04 -1.346839065228E-03 -4.882812500000E-04   1   5
  1.230297901683E-04  7.762958012026E-04 -2.512813622949E-04  1.386385337169E+01 -1.431379445964E+03 -5.329425203306E+03 -4.874047678620E-04 -4.882812500000E-04   1   5
  8.548380683255E-04  9.949320255676E-05  1.674159047604E-05 -1.310284141502E+03 -2.851968921858E+02  2.579252011457E+03  3.833007411336E-05 -4.882812500000E-04   1   5
  1.895387862896E-04 -7.617200632005E-04  1.816329256377E-05 -2.833794248248E+01  9.009422033607E+02  1.953762764302E+03  8.789246654395E-05 -4.882812500000E-04   1   5
 -4.298171583906E-04  4.236640199299E-04 -5.828087289380E-04  1.139396263217E+03 -8.054174941405E+02 -5.770753798291E+04 -9.895168368081E-04 -4.882812500000E-04   1   5
 -2.260688131040E-04  4.227459388048E-04 -2.310095097549E-04  4.968341467733E+02 -3.837025646336E+02 -5.898755942491E+03 -4.693638031674E-04 -4.882812500000E-04   1   5
  1.166257066710E-03  4.454369222776E-04  4.131823335835E-04 -3.498537303173E+03 -1.115536040012E+03  2.124219084677E+04  9.097668352833E-04 -4.882812500000E-04   1   5
 -4.389980495252E-04  2.824013065637E-04  5.559126199287E-04 -5.786759259104E+02  3.724561054393E+02  3.904479025286E+04  1.109455375031E-03 -4.882812500000E-04   1   5
 -8.723420455932E-04 -8.755810876215E-04 -4.316528236250E-04  2.832584873837E+03  2.981254908551E+03 -2.519551892308E+04 -9.103209571051E-04 -4.882812500000E-04   1   5
  2.483472582253E-04  8.502840056758E-04  1.389585589406E-05 -4.893802707344E+02 -1.235161130992E+03  2.717217970907E+03  3.302356972501E-05 -4.882812500000E-04   1   5
 -9.380916035666E-04 -9.551188563609E-04 -7.956654019847E-05  3.553911190882E+03  3.479131980110E+03  6.457259929944E+03 -2.284598978899E-04 -4.882812500000E-04   1   5
  3.585112721850E-05  6.586451059885E-04 -2.627795729284E-04 -4.365234501208E+02 -1.348297188168E+03 -6.912265228045E+03 -4.603136065735E-04 -4.882812500000E-04   1   5
 -4.461767974560E-04 -3.442364233809E-04 -1.504154933629E-05  6.199368857058E+02  5.823115654932E+02  1.267431306507E+03  2.275209938452E-05 -4.882812500000E-04   1   5
 -1.608569802484E-05  1.071849186248E-03  2.235647212387E-04 -2.206536349741E+02 -2.099311223358E+03  1.083934599577E+04  4.764990885637E-04 -4.882812500000E-04   1   5
 -1.241561432663E-04 -3.139202579334E-04  7.806818780836E-04  7.354607897111E+02  2.368652288621E+03  8.316951740461E+04  1.420959035709E-03 -4.882812500000E-04   1   5
 -3.548153601926E-04 -8.443979005659E-04 -6.502439359619E-04  1.556164944956E+03  3.531074322511E+03 -5.891288928417E+04 -1.425869601218E-03 -4.882812500000E-04   1   5
  6.741141774870E-04  2.404869041517E-04  3.310749494253E-04 -7.210745312796E+02 -4.301466008223E+02  1.519366321563E+04  7.333893761667E-04 -4.882812500000E-04   1   5
  2.919344052195E-05 -6.284867432893E-04  3.979543357714E-04  1.406356519546E+01  1.108382094319E+03  1.741071534755E+04  8.331620192403E-04 -4.882812500000E-04   1   5
  3.701075899716E-05  8.601707318253E-04  5.590871302952E-05  2.569234443208E+01 -6.670386983929E+02  2.112078520938E+03  1.797489090767E-04 -4.882812500000E-04   1   5
  2.566352691500E-04  6.784687326215E-04  5.075288659799E-04 -5.599293861289E+02 -1.037941974522E+03  2.853538152152E+04  1.041371704073E-03 -4.882812500000E-04   1   5
  7.124373129236E-07  9.462908667734E-05 -4.674013454312E-04 -7.746036209612E+02 -1.442480268695E+03 -3.628891904655E+04 -8.239750635153E-04 -4.882812500000E-04   1   5
  1.161894296569E-04 -6.564140557463E-04 -1.201843027634E-04 -3.846716043526E+01  5.516837293085E+02  3.043676859457E+02 -2.079681254523E-04 -4.882812500000E-04   1   5
 -8.867760904793E-05 -1.077644397340E-03 -1.091361359959E-04  3.319228489400E+02  4.287668626032E+03  4.004832168151E+03 -2.298038823252E-04 -4.882812500000E-04   1   5
 -8.041972779307E-05  9.077472220179E-04 -3.499916430343E-04  3.806560810662E+02 -1.906582030794E+03 -1.612851189912E+04 -6.645466678066E-04 -4.882812500000E-04   1   5
 -2.524770795661E-04 -7.827295064253E-04  5.624008180444E-04  4.968933684875E+01  1.308811940863E+03  3.987579109657E+04  1.111305536984E-03 -4.882812500000E-04   1   5
  2.891903353773E-04  1.009166297592E-03  1.155638061247E-04 -6.211984973307E+02 -2.120269962983E+03  5.322137294662E+03  2.261252589357E-04 -4.882812500000E-04   1   5
 -1.049761491585E-03  5.151013542147E-04 -2.549927584119E-04  3.704164309365E+03 -1.451309844684E+03 -3.844761426704E+03 -5.036895395492E-04 -4.882812500000E-04   1   5
 -2.694255606179E-04 -3.207408453233E-04  1.838307518021E-05  6.228232773453E+02  8.830016898942E+02  4.855447386308E+02  6.073101053650E-05 -4.882812500000E-04   1   5
 -3.326285687152E-05  1.186521861511E-03 -4.468125949210E-04  3.642758883494E+02 -3.781624057830E+03 -2.813901040637E+04 -9.092536026420E-04 -4.882812500000E-04   1   5
 -4.709077898228E-04  7.500868850789E-05 -2.853511576709E-04  9.837869030773E+02  3.234528003656E+02 -1.031378553599E+04 -5.395642760120E-04 -4.882812500000E-04   1   5
  1.036379200244E-03 -8.985659551994E-04 -2.339886458610E-04 -3.711955308133E+03  3.702677719116E+03 -3.171029306753E+02 -7.376603947957E-04 -4.882812500000E-04   1   5
 -2.235854986165E-06  2.681756108245E-04 -6.194305177942E-04  2.922880360458E+02  2.633716558424E+02 -6.843224020658E+04 -1.038106603982E-03 -4.882812500000E-04   1   5
  6.640964429722E-04  6.345513904562E-04  6.513410969576E-04 -9.791482490491E+02 -1.246462205702E+03  5.711103922606E+04  1.227106456492E-03 -4.882812500000E-04   1   5
 -2.192326366957E-04  6.694780391179E-04  6.229943155158E-04 -3.485455882303E+02  4.614974342508E+02  5.569365098673E+04  1.184271691387E-03 -4.882812500000E-04   1   5
  3.119242056691E-04 -9.345795369203E-04  1.402497259436E-04 -4.444842395062E+02  1.954387879128E+03  5.761060997157E+03  2.800405696091E-04 -4.882812500000E-04   1   5
  1.967044801001E-04 -8.600105463548E-04 -6.750287845388E-04 -8.586736465271E+02  3.787073524064E+03 -6.213027364219E+04 -1.495784748888E-03 -4.882812500000E-04   1   5
 -1.104487250694E-04 -1.478870758109E-04 -3.696793825083E-04  3.727239717694E+02  1.329229445381E+02 -2.131961315517E+04 -6.702972779933E-04 -4.882812500000E-04   1   5
  5.187949982494E-04 -7.073177618089E-04  6.943693454809E-04 -1.958051004583E+03  2.783534969126E+03  5.962338469371E+04  1.396563142816E-03 -4.882812500000E-04   1   5
 -4.630187004537E-04  1.127888734246E-03 -3.675271183623E-05  1.753683383788E+03 -3.711740323715E+03  5.983408703742E+03 -3.754261476097E-05 -4.882812500000E-04   1   5
 -1.266616036168E-03 -5.277505926163E-05  3.379249309412E-04  4.121607443756E+03  1.722538937724E+02  1.733264653461E+04  7.661222535784E-04 -4.882812500000E-04   1   5
  1.167349220928E-03  3.087843043250E-04  4.604530919925E-04 -4.328481325199E+03 -9.677499927962E+02  2.394490747940E+04  1.016738783720E-03 -4.882812500000E-04   1   5
  1.951511620099E-04 -2.012337114141E-04 -1.605594342746E-05 -7.175095944429E+02  8.336742011372E+02  7.501892032893E+02  3.661701776014E-06 -4.882812500000E-04   1   5
 -9.351669619146E-04 -1.837530011459E-04 -6.085777800120E-04  3.236033336515E+03  6.045060017450E+02 -5.444808084013E+04 -1.244005439332E-03 -4.882812500000E-04   1   5
  2.463233505756E-04  1.204326138567E-03 -3.678281310364E-04 -6.574806762340E+02 -4.171283930579E+03 -1.592916520403E+04 -7.772944314821E-04 -4.882812500000E-04   1   5
  1.552280924002E-04 -8.877379574401E-04  5.889934673931E-05 -3.824889277650E+02  1.888893728293E+03  2.826760593043E+03  9.021100514595E-05 -4.882812500000E-04   1   5
 -1.175576942114E-05 -4.917139974081E-04 -2.202161001458E-04 -5.675057466611E+01  1.530572530383E+03 -4.463194482858E+03 -3.562955442491E-04 -4.882812500000E-04   1   5
 -8.358910116015E-04  1.272811535624E-04  4.211101707068E-04  1.472541951969E+03 -1.458500925568E+02  1.994813055977E+04  8.679190524488E-04 -4.882812500000E-04   1   5
  6.465525331728E-04 -1.167837581855E-03 -3.189812215826E-04 -2.332752104791E+03  4.592531727291E+03 -7.669692632325E+03 -1.010469244809E-03 -4.882812500000E-04   1   5
  3.899420287069E-04 -8.555680553075E-04 -6.384633474245E-04 -1.660932860177E+03  4.601404237650E+03 -5.426454736941E+04 -1.545547545246E-03 -4.882812500000E-04   1   5
  3.001459311256E-04 -4.821936970802E-04  1.577520042203E-04 -6.836749862437E+02  9.373364568633E+02  4.371186470278E+03  3.646771788488E-04 -4.882812500000E-04   1   5
  4.666157358239E-04  4.551797625075E-04 -7.342423008827E-04 -1.772506845767E+03 -1.353945734640E+03 -7.692047598324E+04 -1.410969675980E-03 -4.882812500000E-04   1   5
 -6.386960369340E-05  7.769279615033E-04 -7.035326313066E-04  4.323044397316E+02 -3.304199905724E+03 -6.823782428046E+04 -1.497562063512E-03 -4.882812500000E-04   1   5
  9.958417989465E-04  3.462376323684E-04  5.306615362052E-04 -3.192955194540E+03 -7.635772803115E+02  3.240387933722E+04  1.108780062041E-03 -4.882812500000E-04   1   5
  1.028562547507E-03 -6.821586848536E-04  2.838606270779E-04 -3.955615779703E+03  2.870456272407E+03  1.444720358230E+04  6.090146015985E-04 -4.882812500000E-04   1   5
 -1.287606346500E-03 -1.145096329166E-04 -4.124407229611E-05  4.422058767081E+03  4.556484119404E+02  6.462127709668E+03 -8.221945897313E-05 -4.882812500000E-04   1   5
 -8.910934250332E-04  7.686638324013E-04  4.826639725092E-04  2.465679102655E+03 -2.430920261497E+03  2.626927546651E+04  1.054606570943E-03 -4.882812500000E-04   1   5
  3.323135672155E-04  3.291274763269E-04  5.183025860915E-04  2.681359851201E+02  1.097729990244E+02  3.006846412239E+04  1.055156571167E-03 -4.882812500000E-04   1   5
 -4.260251817334E-04  1.228843655947E-04  7.031701311624E-04  1.939026533925E+02  1.155813430099E+02  7.565826664086E+04  1.270288273058E-03 -4.882812500000E-04   1   5
  7.453025149381E-04 -7.595974156719E-04 -5.752168196586E-04 -3.343937290911E+03  3.153186311654E+03 -4.543109579090E+04 -1.294368956217E-03 -4.882812500000E-04   1   5
 -5.927046078087E-04 -1.215817026006E-03  7.967995527303E-05  2.334409609250E+03  4.764508642254E+03  7.246954574522E+03  1.121733496028E-04 -4.882812500000E-04   1   5
  4.289256672957E-05 -6.953200001672E-04  1.279775310425E-05  6.315193371466E+00  8.188669118238E+02  1.518191424557E+03  8.676095939064E-05 -4.882812500000E-04   1   5
  5.802727097251E-04 -2.438524987617E-04 -5.407026939919E-04 -1.321889263337E+03  1.052884318072E+03 -4.923373700284E+04 -9.221429933288E-04 -4.882812500000E-04   1   5
 -3.273024424381E-04 -5.509115150816E-04 -1.039640233603E-04  1.996213099880E+02  8.039117635707E+02  9.452199157868E+02 -1.326055709852E-04 -4.882812500000E-04   1   5
 -2.340269211524E-04  5.913239748646E-04  2.304478872678E-04 -8.543665582588E+01 -3.055621432345E+02  9.079845834096E+03  5.021144400543E-04 -4.882812500000E-04   1   5
  1.025987024006E-04 -2.903517499144E-04  1.340882658943E-04 -6.320480126989E+02  1.897767730585E+03  2.477780071996E+03  2.543193693594E-04 -4.882812500000E-04   1   5
 -1.037466294171E-03  4.806314738228E-04 -5.036798134247E-04  3.665592313431E+03 -1.273519493497E+03 -3.634625668768E+04 -1.043844537147E-03 -4.882812500000E-04   1   5
 -3.061462387408E-04  5.819105192764E-05 -2.111155677750E-04 -7.724161415870E+02  6.033728836400E+02 -5.758132903185E+03 -3.364135015738E-04 -4.882812500000E-04   1   5
 -4.930817829321E-05  9.102935396957E-06  6.056328737045E-04  7.219026501148E+01 -6.756865448769E+00  5.464416479200E+04  1.072088268080E-03 -4.882812500000E-04   1   5
  1.005600300778E-04  1.053044229453E-03 -2.751274151581E-04 -1.487800646604E+02 -2.631833525660E+03 -6.297433236199E+03 -5.602859117690E-04 -4.882812500000E-04   1   5
  5.458807244509E-05  1.990408710711E-04 -5.561232030392E-04  1.610762089657E+02 -1.241503451964E+03 -5.356841575734E+04 -9.659748211344E-04 -4.882812500000E-04   1   5
  7.369626027483E-04  4.512015913194E-04  2.016485373897E-04 -1.262547568279E+03 -5.679079331706E+02  8.360908197079E+03  3.827715246212E-04 -4.882812500000E-04   1   5
  3.044827251853E-04 -4.672515563988E-04 -1.424294631027E-04  1.625392747172E+00  1.080824620017E+02 -1.195807255299E+03 -2.873498585703E-04 -4.882812500000E-04   1   5
 -2.065679750222E-04  5.909820338197E-04 -6.994914732076E-04  9.665032390044E+01  4.774425864727E+02 -7.965355550721E+04 -1.312640562636E-03 -4.882812500000E-04   1   5
 -3.872146885635E-04  5.641453569894E-04 -2.205902049834E-04  8.555634767043E+02 -8.535830278296E+02 -3.728761227434E+03 -3.696875744241E-04 -4.882812500000E-04   1   5
 -2.628572664630E-04  1.061665357148E-03  5.858556806291E-04  4.668310294107E+02 -3.194468226776E+03  4.120876857370E+04  1.200111273863E-03 -4.882812500000E-04   1   5
  2.566504701395E-04 -5.393309911674E-04  2.667748440605E-04  2.980058327017E+02 -1.359908852739E+02  1.126422056410E+04  5.363907190077E-04 -4.882812500000E-04   1   5
 -1.642333358936E-04 -2.486158292945E-04 -4.006235560559E-04  4.707708686490E+02  7.948137414072E+02 -2.569586190113E+04 -7.866484993326E-04 -4.882812500000E-04   1   5
  5.782821745596E-04  5.878236269343E-05 -6.939463841371E-04 -2.973824096886E+02  2.691692704764E+02 -7.894917730215E+04 -1.236304948292E-03 -4.882812500000E-04   1   5
 -9.347034369934E-04  2.823851244595E-04  3.083969550849E-04  1.773965118114E+03 -5.723314328497E+02  1.533932832220E+04  6.452349370401E-04 -4.882812500000E-04   1   5
  7.617223678942E-05  1.044940602727E-03  5.083127633417E-04  5.334938532123E+01 -3.091813309665E+03  2.920208622151E+04  1.076108200747E-03 -4.882812500000E-04   1   5
  7.087854378033E-04 -2.108020770373E-05 -2.266222419217E-04 -1.365910740738E+03  3.046671975425E+02 -3.863951339243E+03 -4.235893159543E-04 -4.882812500000E-04   1   5
 -6.599288092131E-04  4.496378697510E-04  6.049789113279E-04 -1.093416093704E+02 -1.193477399283E+02  5.044344190208E+04  1.163740784805E-03 -4.882812500000E-04   1   5
 -3.769154311525E-04  5.039468184290E-04 -6.127232064268E-04 -2.428457523157E+02  4.827666081909E+02 -6.474391093585E+04 -1.178272913545E-03 -4.882812500000E-04   1   5
  9.347625534886E-04 -4.443903112264E-04 -6.009653749858E-04 -3.997787331521E+03  1.998558337664E+03 -4.945683654079E+04 -1.323409995948E-03 -4.882812500000E-04   1   5
 -1.308489292956E-03  1.597453799167E-04  1.317721184102E-04  4.346001706006E+03 -4.442889078011E+02  8.160161735613E+03  2.893144550917E-04 -4.882812500000E-04   1   5
 -6.559420907775E-04 -4.602135055316E-04 -6.934841069913E-04  2.305648384183E+03  2.222691324384E+03 -6.772048523593E+04 -1.436184320645E-03 -4.882812500000E-04   1   5
  7.766465054102E-04 -7.562646894531E-05  1.416192793806E-04 -8.564558386037E+02  1.416331140320E+02  4.219202651037E+03  3.323929274939E-04 -4.882812500000E-04   1   5
  5.421679352968E-04 -6.521325515019E-04 -5.679843443424E-04 -1.534662576465E+03  1.584031352261E+03 -5.173227944240E+04 -1.042241754396E-03 -4.882812500000E-04   1   5
  2.470558153594E-04 -2.907336979830E-04  2.546882188376E-04  6.957943748542E+00 -4.043332246731E+01  9.024050323045E+03  5.217643085191E-04 -4.882812500000E-04   1   5
  1.095314791695E-03 -3.898007563281E-04 -1.474227737285E-04 -4.092134060907E+03  1.457265204905E+03  2.898561728303E+03 -2.953891359523E-04 -4.882812500000E-04   1   5
  6.086508103508E-04  1.732886928584E-04 -6.900017362570E-04  2.693744587344E+02  3.003759797260E+02 -7.829554108380E+04 -1.295954968240E-03 -4.882812500000E-04   1   5
 -3.147218708476E-04  5.700545604748E-04 -5.647473123048E-04  9.022402862412E+02 -1.244259327335E+03 -5.365582449604E+04 -9.931530447256E-04 -4.882812500000E-04   1   5
 -8.040458313929E-05 -5.260617082719E-04  1.013301749724E-04  1.602090148208E+02  1.564303425820E+03  1.646428862680E+03  2.605528389776E-04 -4.882812500000E-04   1   5
 -3.377428186817E-04 -4.474534018461E-04  6.142628602390E-05  5.327853434779E+02  1.098526622189E+03  8.739934501527E+02  1.479064863630E-04 -4.882812500000E-04   1   5
 -1.715546632863E-04  1.380571772142E-03 -1.588916341249E-04  5.958205948070E+02 -4.955821276450E+03  3.705319707407E+03 -4.215970047672E-04 -4.882812500000E-04   1   5
 -3.027714197110E-04  4.311609526437E-04  7.582312673007E-04  2.060829522999E+02 -8.745623105815E+02  7.984848110366E+04  1.381513893158E-03 -4.882812500000E-04   1   5
 -4.670600324705E-04  7.816035109813E-04  2.177542070400E-04  8.620153623382E+02 -1.442729424735E+03  9.661356216550E+03  4.130029428602E-04 -4.882812500000E-04   1   5
 -7.576892146511E-05  7.377755425554E-05 -7.393668269178E-04 -5.968191957167E+02  1.603735473698E+02 -8.978839895581E+04 -1.426508667860E-03 -4.882812500000E-04   1   5
 -5.074060668105E-04  9.325840750266E-04  1.820493996251E-04  9.731288567575E+02 -1.888813766189E+03  8.453556753967E+03  3.681266580871E-04 -4.882812500000E-04   1   5
 -6.686632819672E-04 -9.095539081410E-04 -3.851568383229E-06  2.349499820263E+03  2.955742497313E+03  5.262947369344E+03  2.671437771395E-05 -4.882812500000E-04   1   5
