  3.1727E-03  2.2713E-02 -1.9893E-03  3.2089E-01  2.0131E+01  1.0248E+00  1.9980E+01
  6.4092E-03  3.5313E-02 -3.1733E-03  3.7618E-01  1.4830E+01  1.0176E+00  1.4774E+01
  9.6328E-03  4.6934E-02 -3.9951E-03  4.2037E-01  1.2955E+01  9.8479E-01  1.2928E+01
  1.2829E-02  5.8134E-02 -4.6754E-03  4.6156E-01  1.2990E+01  9.5594E-01  1.2976E+01
  1.6055E-02  6.9286E-02 -5.3281E-03  5.0544E-01  1.4294E+01  9.4810E-01  1.4286E+01
  1.9266E-02  8.0317E-02 -6.0038E-03  5.5479E-01  1.6420E+01  9.5356E-01  1.6414E+01
  2.2476E-02  9.1315E-02 -6.7389E-03  6.1173E-01  1.8895E+01  9.5053E-01  1.8892E+01
  2.5687E-02  1.0230E-01 -7.5399E-03  6.7633E-01  2.1012E+01  9.4400E-01  2.1009E+01
  2.8898E-02  1.1329E-01 -8.3791E-03  7.4601E-01  2.1854E+01  1.0050E+00  2.1852E+01
  3.2109E-02  1.2429E-01 -9.1930E-03  8.1535E-01  2.0640E+01  1.1621E+00  2.0637E+01
  3.5320E-02  1.3528E-01 -9.8983E-03  8.7726E-01  1.7216E+01  1.3240E+00  1.7212E+01
  3.8531E-02  1.4625E-01 -1.0423E-02  9.2555E-01  1.2288E+01  1.4072E+00  1.2283E+01
  4.1742E-02  1.5720E-01 -1.0734E-02  9.5727E-01  7.0724E+00  1.3974E+00  7.0662E+00
  4.4953E-02  1.6812E-01 -1.0846E-02  9.7328E-01  2.6564E+00  1.3191E+00  2.6444E+00
  4.8164E-02  1.7899E-01 -1.0806E-02  9.7716E-01  4.7109E-01  1.2038E+00 -4.2297E-01
  5.1375E-02  1.8984E-01 -1.0668E-02  9.7346E-01  2.0730E+00  1.0867E+00 -2.0660E+00
  5.4490E-02  2.0034E-01 -1.0491E-02  9.6668E-01  2.4922E+00  1.0021E+00 -2.4881E+00
  5.7797E-02  2.1147E-01 -1.0297E-02  9.5965E-01  1.9782E+00  9.9326E-01 -1.9740E+00
  6.0922E-02  2.2197E-01 -1.0134E-02  9.5559E-01  8.5887E-01  1.0481E+00 -8.4933E-01
  6.4218E-02  2.3304E-01 -1.0002E-02  9.5586E-01  7.8727E-01  1.1338E+00  7.7652E-01
  6.7348E-02  2.4354E-01 -9.9225E-03  9.6138E-01  2.4922E+00  1.1540E+00  2.4891E+00
  7.0640E-02  2.5458E-01 -9.8843E-03  9.7286E-01  4.1907E+00  1.0608E+00  4.1892E+00
  7.3772E-02  2.6508E-01 -9.8810E-03  9.8847E-01  5.4700E+00  9.5792E-01  5.4691E+00
  7.7062E-02  2.7611E-01 -9.8940E-03  1.0084E+00  6.3132E+00  9.9827E-01  6.3124E+00
  8.0194E-02  2.8661E-01 -9.9040E-03  1.0291E+00  6.6574E+00  1.1277E+00  6.6565E+00
  8.3484E-02  2.9763E-01 -9.8963E-03  1.0514E+00  6.6630E+00  1.2321E+00  6.6620E+00
  8.6616E-02  3.0813E-01 -9.8622E-03  1.0723E+00  6.4432E+00  1.2856E+00  6.4422E+00
  8.9906E-02  3.1916E-01 -9.7923E-03  1.0931E+00  6.0659E+00  1.2862E+00  6.0647E+00
  9.3038E-02  3.2966E-01 -9.6912E-03  1.1116E+00  5.6573E+00  1.2424E+00  5.6562E+00
  9.6328E-02  3.4069E-01 -9.5495E-03  1.1297E+00  5.2368E+00  1.1968E+00  5.2358E+00
  9.9460E-02  3.5119E-01 -9.3828E-03  1.1456E+00  4.8531E+00  1.1710E+00  4.8520E+00
  1.0275E-01  3.6222E-01 -9.1767E-03  1.1609E+00  4.4598E+00  1.1567E+00  4.4587E+00
  1.0588E-01  3.7272E-01 -8.9533E-03  1.1742E+00  4.0894E+00  1.1502E+00  4.0883E+00
  1.0917E-01  3.8375E-01 -8.6924E-03  1.1869E+00  3.7034E+00  1.1461E+00  3.7022E+00
  1.1230E-01  3.9425E-01 -8.4218E-03  1.1978E+00  3.3398E+00  1.1436E+00  3.3385E+00
  1.1559E-01  4.0528E-01 -8.1171E-03  1.2079E+00  2.9639E+00  1.1423E+00  2.9624E+00
  1.1873E-01  4.1578E-01 -7.8105E-03  1.2164E+00  2.6141E+00  1.1418E+00  2.6124E+00
  1.2202E-01  4.2681E-01 -7.4743E-03  1.2240E+00  2.2577E+00  1.1419E+00  2.2559E+00
  1.2515E-01  4.3731E-01 -7.1439E-03  1.2302E+00  1.9313E+00  1.1425E+00  1.9291E+00
  1.2844E-01  4.4834E-01 -6.7894E-03  1.2356E+00  1.6041E+00  1.1435E+00  1.6015E+00
  1.3157E-01  4.5884E-01 -6.4478E-03  1.2397E+00  1.3092E+00  1.1443E+00  1.3060E+00
  1.3486E-01  4.6986E-01 -6.0879E-03  1.2430E+00  1.0187E+00  1.1445E+00  1.0146E+00
  1.3799E-01  4.8036E-01 -5.7469E-03  1.2453E+00  7.6143E-01  1.1440E+00  7.5597E-01
  1.4128E-01  4.9139E-01 -5.3933E-03  1.2468E+00  5.1303E-01  1.1423E+00  5.0493E-01
  1.4441E-01  5.0189E-01 -5.0632E-03  1.2475E+00  2.9975E-01  1.1390E+00  2.8577E-01
  1.4770E-01  5.1292E-01 -4.7257E-03  1.2476E+00  1.1808E-01  1.1336E+00  7.6378E-02
  1.5083E-01  5.2342E-01 -4.4147E-03  1.2470E+00  1.3690E-01  1.1263E+00 -1.0358E-01
  1.5412E-01  5.3445E-01 -4.1005E-03  1.2459E+00  2.8697E-01  1.1164E+00 -2.7288E-01
  1.5726E-01  5.4495E-01 -3.8144E-03  1.2443E+00  4.2541E-01  1.1049E+00 -4.1621E-01
  1.6055E-01  5.5597E-01 -3.5284E-03  1.2422E+00  5.5593E-01  1.0907E+00 -5.4908E-01
  1.6368E-01  5.6647E-01 -3.2704E-03  1.2399E+00  6.6555E-01  1.0755E+00 -6.5998E-01
  1.6697E-01  5.7750E-01 -3.0148E-03  1.2371E+00  7.6609E-01  1.0581E+00 -7.6138E-01
  1.7010E-01  5.8800E-01 -2.7862E-03  1.2341E+00  8.4902E-01  1.0406E+00 -8.4490E-01
  1.7339E-01  5.9903E-01 -2.5614E-03  1.2308E+00  9.2396E-01  1.0215E+00 -9.2029E-01
  1.7652E-01  6.0953E-01 -2.3617E-03  1.2275E+00  9.8496E-01  1.0032E+00 -9.8163E-01
  1.7981E-01  6.2055E-01 -2.1665E-03  1.2238E+00  1.0394E+00  9.8428E-01 -1.0363E+00
  1.8294E-01  6.3105E-01 -1.9939E-03  1.2202E+00  1.0832E+00  9.6686E-01 -1.0804E+00
  1.8623E-01  6.4208E-01 -1.8259E-03  1.2162E+00  1.1218E+00  9.4940E-01 -1.1192E+00
  1.8937E-01  6.5258E-01 -1.6780E-03  1.2124E+00  1.1526E+00  9.3386E-01 -1.1500E+00
  1.9266E-01  6.6361E-01 -1.5346E-03  1.2083E+00  1.1793E+00  9.1884E-01 -1.1769E+00
  1.9579E-01  6.7411E-01 -1.4085E-03  1.2044E+00  1.2004E+00  9.0581E-01 -1.1981E+00
  1.9908E-01  6.8513E-01 -1.2866E-03  1.2002E+00  1.2185E+00  8.9348E-01 -1.2162E+00
  2.0221E-01  6.9563E-01 -1.1795E-03  1.1961E+00  1.2325E+00  8.8295E-01 -1.2303E+00
  2.0550E-01  7.0666E-01 -1.0760E-03  1.1919E+00  1.2443E+00  8.7314E-01 -1.2422E+00
  2.0863E-01  7.1716E-01 -9.8522E-04  1.1878E+00  1.2532E+00  8.6493E-01 -1.2511E+00
  2.1192E-01  7.2818E-01 -8.9741E-04  1.1835E+00  1.2606E+00  8.5736E-01 -1.2585E+00
  2.1505E-01  7.3868E-01 -8.2037E-04  1.1794E+00  1.2659E+00  8.5103E-01 -1.2639E+00
  2.1834E-01  7.4971E-01 -7.4580E-04  1.1751E+00  1.2701E+00  8.4506E-01 -1.2681E+00
  2.2148E-01  7.6021E-01 -6.8031E-04  1.1710E+00  1.2729E+00  8.4005E-01 -1.2709E+00
  2.2476E-01  7.7124E-01 -6.1683E-04  1.1667E+00  1.2748E+00  8.3542E-01 -1.2728E+00
  2.2790E-01  7.8174E-01 -5.6099E-04  1.1626E+00  1.2758E+00  8.3152E-01 -1.2738E+00
  2.3119E-01  7.9276E-01 -5.0677E-04  1.1583E+00  1.2761E+00  8.2787E-01 -1.2741E+00
  2.3432E-01  8.0326E-01 -4.5897E-04  1.1543E+00  1.2758E+00  8.2477E-01 -1.2738E+00
  2.3761E-01  8.1429E-01 -4.1246E-04  1.1500E+00  1.2750E+00  8.2183E-01 -1.2730E+00
  2.4074E-01  8.2479E-01 -3.7136E-04  1.1459E+00  1.2738E+00  8.1928E-01 -1.2718E+00
  2.4403E-01  8.3581E-01 -3.3127E-04  1.1417E+00  1.2722E+00  8.1684E-01 -1.2702E+00
  2.4716E-01  8.4631E-01 -2.9575E-04  1.1376E+00  1.2703E+00  8.1471E-01 -1.2683E+00
  2.5045E-01  8.5734E-01 -2.6101E-04  1.1334E+00  1.2681E+00  8.1264E-01 -1.2661E+00
  2.5358E-01  8.6784E-01 -2.3014E-04  1.1294E+00  1.2658E+00  8.1082E-01 -1.2638E+00
  2.5687E-01  8.7887E-01 -1.9987E-04  1.1252E+00  1.2632E+00  8.0904E-01 -1.2612E+00
  2.6001E-01  8.8937E-01 -1.7290E-04  1.1212E+00  1.2605E+00  8.0731E-01 -1.2585E+00
  2.6330E-01  9.0039E-01 -1.4638E-04  1.1170E+00  1.2575E+00  8.0558E-01 -1.2555E+00
  2.6643E-01  9.1089E-01 -1.2269E-04  1.1131E+00  1.2546E+00  8.0401E-01 -1.2526E+00
  2.6972E-01  9.2192E-01 -9.9334E-05  1.1089E+00  1.2514E+00  8.0244E-01 -1.2494E+00
  2.7285E-01  9.3242E-01 -7.8413E-05  1.1050E+00  1.2483E+00  8.0102E-01 -1.2462E+00
  2.7614E-01  9.4344E-01 -5.7720E-05  1.1008E+00  1.2449E+00  7.9959E-01 -1.2428E+00
  2.7927E-01  9.5394E-01 -3.9133E-05  1.0969E+00  1.2416E+00  7.9827E-01 -1.2395E+00
  2.8256E-01  9.6497E-01 -2.0687E-05  1.0928E+00  1.2381E+00  7.9687E-01 -1.2360E+00
  2.8569E-01  9.7547E-01 -4.0596E-06  1.0889E+00  1.2347E+00  7.9559E-01 -1.2326E+00
  2.8898E-01  9.8650E-01  1.2493E-05  1.0849E+00  1.2311E+00  7.9430E-01 -1.2289E+00
  2.9212E-01  9.9700E-01  2.7458E-05  1.0810E+00  1.2276E+00  7.9313E-01 -1.2254E+00
  2.9540E-01  1.0080E+00  4.2400E-05  1.0769E+00  1.2239E+00  7.9195E-01 -1.2217E+00
  2.9854E-01  1.0185E+00  5.5948E-05  1.0731E+00  1.2203E+00  7.9086E-01 -1.2181E+00
  3.0183E-01  1.0295E+00  6.9516E-05  1.0691E+00  1.2165E+00  7.8962E-01 -1.2143E+00
  3.0496E-01  1.0400E+00  8.1856E-05  1.0653E+00  1.2128E+00  7.8845E-01 -1.2106E+00
  3.0825E-01  1.0511E+00  9.4249E-05  1.0613E+00  1.2090E+00  7.8728E-01 -1.2067E+00
  3.1138E-01  1.0616E+00  1.0555E-04  1.0575E+00  1.2052E+00  7.8620E-01 -1.2030E+00
  3.1467E-01  1.0726E+00  1.1694E-04  1.0535E+00  1.2013E+00  7.8511E-01 -1.1990E+00
  3.1780E-01  1.0831E+00  1.2735E-04  1.0498E+00  1.1976E+00  7.8412E-01 -1.1953E+00
  3.2109E-01  1.0941E+00  1.3787E-04  1.0458E+00  1.1936E+00  7.8310E-01 -1.1913E+00
  3.2422E-01  1.1046E+00  1.4751E-04  1.0421E+00  1.1898E+00  7.8211E-01 -1.1874E+00
  3.2751E-01  1.1157E+00  1.5729E-04  1.0382E+00  1.1857E+00  7.8112E-01 -1.1834E+00
  3.3065E-01  1.1262E+00  1.6627E-04  1.0345E+00  1.1819E+00  7.8023E-01 -1.1795E+00
  3.3394E-01  1.1372E+00  1.7540E-04  1.0306E+00  1.1778E+00  7.7933E-01 -1.1754E+00
  3.3707E-01  1.1477E+00  1.8382E-04  1.0269E+00  1.1739E+00  7.7852E-01 -1.1715E+00
  3.4036E-01  1.1587E+00  1.9238E-04  1.0230E+00  1.1698E+00  7.7771E-01 -1.1674E+00
  3.4349E-01  1.1692E+00  2.0030E-04  1.0194E+00  1.1659E+00  7.7689E-01 -1.1634E+00
  3.4678E-01  1.1802E+00  2.0839E-04  1.0156E+00  1.1617E+00  7.7605E-01 -1.1592E+00
  3.4991E-01  1.1907E+00  2.1587E-04  1.0119E+00  1.1577E+00  7.7529E-01 -1.1552E+00
  3.5320E-01  1.2018E+00  2.2353E-04  1.0081E+00  1.1536E+00  7.7455E-01 -1.1510E+00
  3.5633E-01  1.2123E+00  2.3064E-04  1.0045E+00  1.1496E+00  7.7388E-01 -1.1470E+00
  3.5962E-01  1.2233E+00  2.3792E-04  1.0007E+00  1.1453E+00  7.7323E-01 -1.1428E+00
  3.6276E-01  1.2338E+00  2.4470E-04  9.9717E-01  1.1413E+00  7.7264E-01 -1.1387E+00
  3.6605E-01  1.2448E+00  2.5166E-04  9.9342E-01  1.1371E+00  7.7203E-01 -1.1344E+00
  3.6918E-01  1.2553E+00  2.5815E-04  9.8987E-01  1.1330E+00  7.7149E-01 -1.1304E+00
  3.7247E-01  1.2663E+00  2.6482E-04  9.8616E-01  1.1287E+00  7.7097E-01 -1.1260E+00
  3.7560E-01  1.2768E+00  2.7105E-04  9.8263E-01  1.1246E+00  7.7052E-01 -1.1219E+00
  3.7889E-01  1.2879E+00  2.7747E-04  9.7894E-01  1.1203E+00  7.7010E-01 -1.1176E+00
  3.8202E-01  1.2984E+00  2.8348E-04  9.7545E-01  1.1162E+00  7.6974E-01 -1.1134E+00
  3.8531E-01  1.3094E+00  2.8968E-04  9.7179E-01  1.1118E+00  7.6934E-01 -1.1090E+00
  3.8844E-01  1.3199E+00  2.9548E-04  9.6831E-01  1.1076E+00  7.6898E-01 -1.1048E+00
  3.9173E-01  1.3309E+00  3.0148E-04  9.6468E-01  1.1033E+00  7.6864E-01 -1.1004E+00
  3.9487E-01  1.3414E+00  3.0710E-04  9.6124E-01  1.0991E+00  7.6838E-01 -1.0962E+00
  3.9815E-01  1.3524E+00  3.1291E-04  9.5764E-01  1.0946E+00  7.6814E-01 -1.0918E+00
  4.0129E-01  1.3629E+00  3.1837E-04  9.5422E-01  1.0904E+00  7.6797E-01 -1.0875E+00
  4.0458E-01  1.3740E+00  3.2403E-04  9.5065E-01  1.0860E+00  7.6781E-01 -1.0830E+00
  4.0771E-01  1.3845E+00  3.2934E-04  9.4726E-01  1.0817E+00  7.6764E-01 -1.0787E+00
  4.1100E-01  1.3955E+00  3.3485E-04  9.4372E-01  1.0772E+00  7.6752E-01 -1.0742E+00
  4.1413E-01  1.4060E+00  3.4003E-04  9.4036E-01  1.0729E+00  7.6745E-01 -1.0699E+00
  4.1742E-01  1.4170E+00  3.4541E-04  9.3684E-01  1.0684E+00  7.6742E-01 -1.0653E+00
  4.2055E-01  1.4275E+00  3.5047E-04  9.3351E-01  1.0641E+00  7.6744E-01 -1.0610E+00
  4.2384E-01  1.4385E+00  3.5573E-04  9.3003E-01  1.0596E+00  7.6752E-01 -1.0564E+00
  4.2697E-01  1.4490E+00  3.6068E-04  9.2672E-01  1.0552E+00  7.6761E-01 -1.0520E+00
  4.3026E-01  1.4601E+00  3.6584E-04  9.2327E-01  1.0506E+00  7.6775E-01 -1.0474E+00
  4.3340E-01  1.4706E+00  3.7071E-04  9.1999E-01  1.0462E+00  7.6793E-01 -1.0430E+00
  4.3669E-01  1.4816E+00  3.7578E-04  9.1657E-01  1.0416E+00  7.6817E-01 -1.0383E+00
  4.3982E-01  1.4921E+00  3.8057E-04  9.1332E-01  1.0372E+00  7.6845E-01 -1.0339E+00
  4.4311E-01  1.5031E+00  3.8557E-04  9.0993E-01  1.0326E+00  7.6878E-01 -1.0292E+00
  4.4624E-01  1.5136E+00  3.9029E-04  9.0671E-01  1.0281E+00  7.6923E-01 -1.0246E+00
  4.4953E-01  1.5246E+00  3.9496E-04  9.0335E-01  1.0234E+00  7.6988E-01 -1.0199E+00
  4.5266E-01  1.5351E+00  3.9874E-04  9.0016E-01  1.0190E+00  7.6984E-01 -1.0154E+00
  4.5595E-01  1.5462E+00  4.0267E-04  8.9683E-01  1.0142E+00  7.7028E-01 -1.0107E+00
  4.5908E-01  1.5567E+00  4.0642E-04  8.9367E-01  1.0097E+00  7.7075E-01 -1.0061E+00
  4.6237E-01  1.5677E+00  4.1037E-04  8.9037E-01  1.0050E+00  7.7129E-01 -1.0013E+00
  4.6551E-01  1.5782E+00  4.1414E-04  8.8724E-01  1.0004E+00  7.7185E-01 -9.9670E-01
  4.6879E-01  1.5892E+00  4.1811E-04  8.8397E-01  9.9563E-01  7.7246E-01 -9.9186E-01
  4.7193E-01  1.5997E+00  4.2190E-04  8.8087E-01  9.9106E-01  7.7307E-01 -9.8723E-01
  4.7522E-01  1.6107E+00  4.2591E-04  8.7763E-01  9.8623E-01  7.7376E-01 -9.8235E-01
  4.7835E-01  1.6212E+00  4.2974E-04  8.7456E-01  9.8163E-01  7.7446E-01 -9.7770E-01
  4.8164E-01  1.6323E+00  4.3379E-04  8.7136E-01  9.7677E-01  7.7525E-01 -9.7279E-01
  4.8477E-01  1.6428E+00  4.3766E-04  8.6832E-01  9.7214E-01  7.7604E-01 -9.6810E-01
  4.8806E-01  1.6538E+00  4.4174E-04  8.6514E-01  9.6726E-01  7.7690E-01 -9.6315E-01
  4.9119E-01  1.6643E+00  4.4565E-04  8.6213E-01  9.6259E-01  7.7768E-01 -9.5843E-01
  4.9448E-01  1.6753E+00  4.4976E-04  8.5899E-01  9.5768E-01  7.7855E-01 -9.5346E-01
  4.9761E-01  1.6858E+00  4.5370E-04  8.5601E-01  9.5299E-01  7.7942E-01 -9.4871E-01
  5.0090E-01  1.6969E+00  4.5785E-04  8.5290E-01  9.4805E-01  7.8038E-01 -9.4370E-01
  5.0404E-01  1.7074E+00  4.6181E-04  8.4995E-01  9.4332E-01  7.8134E-01 -9.3891E-01
  5.0733E-01  1.7184E+00  4.6599E-04  8.4687E-01  9.3835E-01  7.8240E-01 -9.3387E-01
  5.1046E-01  1.7289E+00  4.6999E-04  8.4396E-01  9.3359E-01  7.8337E-01 -9.2905E-01
  5.1375E-01  1.7399E+00  4.7420E-04  8.4091E-01  9.2858E-01  7.8441E-01 -9.2397E-01
  5.1688E-01  1.7504E+00  4.7823E-04  8.3802E-01  9.2379E-01  7.8544E-01 -9.1911E-01
  5.2017E-01  1.7614E+00  4.8247E-04  8.3501E-01  9.1875E-01  7.8658E-01 -9.1399E-01
  5.2330E-01  1.7719E+00  4.8653E-04  8.3215E-01  9.1393E-01  7.8770E-01 -9.0910E-01
  5.2659E-01  1.7830E+00  4.9080E-04  8.2917E-01  9.0885E-01  7.8893E-01 -9.0395E-01
  5.2972E-01  1.7935E+00  4.9489E-04  8.2635E-01  9.0400E-01  7.9015E-01 -8.9902E-01
  5.3301E-01  1.8045E+00  4.9919E-04  8.2340E-01  8.9888E-01  7.9153E-01 -8.9382E-01
  5.3615E-01  1.8150E+00  5.0330E-04  8.2061E-01  8.9399E-01  7.9289E-01 -8.8884E-01
  5.3944E-01  1.8260E+00  5.0762E-04  8.1770E-01  8.8883E-01  7.9437E-01 -8.8360E-01
  5.4257E-01  1.8365E+00  5.1175E-04  8.1494E-01  8.8391E-01  7.9581E-01 -8.7859E-01
  5.4586E-01  1.8475E+00  5.1610E-04  8.1206E-01  8.7873E-01  7.9737E-01 -8.7332E-01
  5.4899E-01  1.8580E+00  5.2025E-04  8.0933E-01  8.7378E-01  7.9890E-01 -8.6828E-01
  5.5228E-01  1.8691E+00  5.2463E-04  8.0648E-01  8.6855E-01  8.0053E-01 -8.6296E-01
  5.5541E-01  1.8796E+00  5.2880E-04  8.0379E-01  8.6356E-01  8.0210E-01 -8.5788E-01
  5.5870E-01  1.8906E+00  5.3318E-04  8.0097E-01  8.5831E-01  8.0380E-01 -8.5252E-01
  5.6183E-01  1.9011E+00  5.3737E-04  7.9831E-01  8.5329E-01  8.0546E-01 -8.4741E-01
  5.6512E-01  1.9121E+00  5.4177E-04  7.9554E-01  8.4800E-01  8.0725E-01 -8.4202E-01
  5.6826E-01  1.9226E+00  5.4597E-04  7.9291E-01  8.4296E-01  8.0898E-01 -8.3687E-01
  5.7154E-01  1.9336E+00  5.5039E-04  7.9016E-01  8.3764E-01  8.1080E-01 -8.3144E-01
  5.7468E-01  1.9441E+00  5.5460E-04  7.8757E-01  8.3255E-01  8.1219E-01 -8.2625E-01
  5.7797E-01  1.9552E+00  5.5901E-04  7.8486E-01  8.2718E-01  8.1368E-01 -8.2078E-01
  5.8110E-01  1.9657E+00  5.6321E-04  7.8230E-01  8.2206E-01  8.1514E-01 -8.1555E-01
  5.8439E-01  1.9767E+00  5.6761E-04  7.7962E-01  8.1667E-01  8.1672E-01 -8.1004E-01
  5.8752E-01  1.9872E+00  5.7180E-04  7.7710E-01  8.1152E-01  8.1825E-01 -8.0478E-01
  5.9081E-01  1.9982E+00  5.7620E-04  7.7446E-01  8.0610E-01  8.1991E-01 -7.9924E-01
  5.9394E-01  2.0087E+00  5.8038E-04  7.7196E-01  8.0092E-01  8.2141E-01 -7.9394E-01
  5.9723E-01  2.0197E+00  5.8476E-04  7.6936E-01  7.9545E-01  8.2294E-01 -7.8836E-01
  6.0036E-01  2.0302E+00  5.8894E-04  7.6690E-01  7.9024E-01  8.2445E-01 -7.8302E-01
  6.0365E-01  2.0413E+00  5.9332E-04  7.6433E-01  7.8475E-01  8.2606E-01 -7.7740E-01
  6.0679E-01  2.0518E+00  5.9749E-04  7.6191E-01  7.7950E-01  8.2763E-01 -7.7203E-01
  6.1008E-01  2.0628E+00  6.0186E-04  7.5938E-01  7.7398E-01  8.2933E-01 -7.6638E-01
  6.1321E-01  2.0733E+00  6.0602E-04  7.5699E-01  7.6872E-01  8.3097E-01 -7.6098E-01
  6.1650E-01  2.0843E+00  6.1039E-04  7.5449E-01  7.6316E-01  8.3264E-01 -7.5528E-01
  6.1963E-01  2.0948E+00  6.1453E-04  7.5214E-01  7.5785E-01  8.3427E-01 -7.4984E-01
  6.2292E-01  2.1058E+00  6.1886E-04  7.4968E-01  7.5227E-01  8.3602E-01 -7.4411E-01
  6.2605E-01  2.1163E+00  6.2298E-04  7.4736E-01  7.4694E-01  8.3773E-01 -7.3863E-01
  6.2934E-01  2.1274E+00  6.2729E-04  7.4494E-01  7.4133E-01  8.3955E-01 -7.3287E-01
  6.3247E-01  2.1379E+00  6.3138E-04  7.4265E-01  7.3598E-01  8.4133E-01 -7.2736E-01
  6.3576E-01  2.1489E+00  6.3566E-04  7.4027E-01  7.3034E-01  8.4312E-01 -7.2157E-01
  6.3890E-01  2.1594E+00  6.3971E-04  7.3802E-01  7.2497E-01  8.4478E-01 -7.1603E-01
  6.4218E-01  2.1704E+00  6.4394E-04  7.3567E-01  7.1930E-01  8.4656E-01 -7.1020E-01
  6.4532E-01  2.1809E+00  6.4794E-04  7.3346E-01  7.1390E-01  8.4829E-01 -7.0464E-01
  6.4861E-01  2.1920E+00  6.5212E-04  7.3115E-01  7.0822E-01  8.5015E-01 -6.9878E-01
  6.5174E-01  2.2025E+00  6.5607E-04  7.2897E-01  7.0279E-01  8.5195E-01 -6.9318E-01
  6.5503E-01  2.2135E+00  6.6019E-04  7.2670E-01  6.9708E-01  8.5387E-01 -6.8728E-01
  6.5816E-01  2.2240E+00  6.6409E-04  7.2456E-01  6.9162E-01  8.5563E-01 -6.8164E-01
  6.6145E-01  2.2350E+00  6.6817E-04  7.2233E-01  6.8588E-01  8.5752E-01 -6.7571E-01
  6.6458E-01  2.2455E+00  6.7202E-04  7.2022E-01  6.8039E-01  8.5935E-01 -6.7004E-01
  6.6787E-01  2.2565E+00  6.7603E-04  7.1802E-01  6.7463E-01  8.6130E-01 -6.6407E-01
  6.7100E-01  2.2670E+00  6.7984E-04  7.1595E-01  6.6912E-01  8.6320E-01 -6.5837E-01
  6.7429E-01  2.2781E+00  6.8380E-04  7.1380E-01  6.6333E-01  8.6522E-01 -6.5236E-01
  6.7743E-01  2.2886E+00  6.8755E-04  7.1176E-01  6.5781E-01  8.6703E-01 -6.4664E-01
  6.8072E-01  2.2996E+00  6.9145E-04  7.0965E-01  6.5201E-01  8.6882E-01 -6.4062E-01
  6.8385E-01  2.3101E+00  6.9513E-04  7.0765E-01  6.4647E-01  8.7057E-01 -6.3487E-01
  6.8714E-01  2.3211E+00  6.9895E-04  7.0557E-01  6.4065E-01  8.7243E-01 -6.2882E-01
  6.9027E-01  2.3316E+00  7.0256E-04  7.0361E-01  6.3509E-01  8.7423E-01 -6.2304E-01
  6.9356E-01  2.3426E+00  7.0632E-04  7.0157E-01  6.2925E-01  8.7616E-01 -6.1695E-01
  6.9669E-01  2.3531E+00  7.0986E-04  6.9965E-01  6.2368E-01  8.7802E-01 -6.1115E-01
  6.9998E-01  2.3642E+00  7.1353E-04  6.9765E-01  6.1781E-01  8.7983E-01 -6.0503E-01
  7.0311E-01  2.3747E+00  7.1698E-04  6.9576E-01  6.1222E-01  8.8157E-01 -5.9920E-01
  7.0640E-01  2.3857E+00  7.2056E-04  6.9380E-01  6.0633E-01  8.8344E-01 -5.9305E-01
  7.0954E-01  2.3962E+00  7.2393E-04  6.9196E-01  6.0072E-01  8.8525E-01 -5.8719E-01
  7.1283E-01  2.4072E+00  7.2742E-04  6.9003E-01  5.9482E-01  8.8718E-01 -5.8101E-01
  7.1596E-01  2.4177E+00  7.3070E-04  6.8822E-01  5.8920E-01  8.8904E-01 -5.7511E-01
  7.1925E-01  2.4287E+00  7.3409E-04  6.8634E-01  5.8327E-01  8.9099E-01 -5.6890E-01
  7.2238E-01  2.4392E+00  7.3728E-04  6.8457E-01  5.7762E-01  8.9282E-01 -5.6297E-01
  7.2567E-01  2.4503E+00  7.4057E-04  6.8273E-01  5.7168E-01  8.9478E-01 -5.5672E-01
  7.2880E-01  2.4608E+00  7.4365E-04  6.8099E-01  5.6601E-01  8.9668E-01 -5.5076E-01
  7.3209E-01  2.4718E+00  7.4684E-04  6.7919E-01  5.6005E-01  8.9870E-01 -5.4448E-01
  7.3522E-01  2.4823E+00  7.4982E-04  6.7750E-01  5.5437E-01  9.0065E-01 -5.3849E-01
  7.3851E-01  2.4933E+00  7.5290E-04  6.7574E-01  5.4841E-01  9.0274E-01 -5.3218E-01
  7.4164E-01  2.5038E+00  7.5580E-04  6.7408E-01  5.4272E-01  9.0458E-01 -5.2617E-01
  7.4493E-01  2.5148E+00  7.5879E-04  6.7236E-01  5.3675E-01  9.0654E-01 -5.1984E-01
  7.4807E-01  2.5253E+00  7.6162E-04  6.7074E-01  5.3105E-01  9.0844E-01 -5.1380E-01
  7.5136E-01  2.5364E+00  7.6454E-04  6.6906E-01  5.2507E-01  9.1046E-01 -5.0745E-01
  7.5449E-01  2.5469E+00  7.6729E-04  6.6748E-01  5.1937E-01  9.1241E-01 -5.0138E-01
  7.5778E-01  2.5579E+00  7.7014E-04  6.6584E-01  5.1338E-01  9.1448E-01 -4.9500E-01
  7.6091E-01  2.5684E+00  7.7282E-04  6.6430E-01  5.0767E-01  9.1643E-01 -4.8891E-01
  7.6420E-01  2.5794E+00  7.7558E-04  6.6270E-01  5.0167E-01  9.1844E-01 -4.8250E-01
  7.6733E-01  2.5899E+00  7.7815E-04  6.6120E-01  4.9596E-01  9.2038E-01 -4.7638E-01
  7.7062E-01  2.6009E+00  7.8079E-04  6.5965E-01  4.8996E-01  9.2245E-01 -4.6994E-01
  7.7375E-01  2.6114E+00  7.8325E-04  6.5818E-01  4.8424E-01  9.2444E-01 -4.6379E-01
  7.7704E-01  2.6225E+00  7.8578E-04  6.5667E-01  4.7824E-01  9.2656E-01 -4.5733E-01
  7.8018E-01  2.6330E+00  7.8813E-04  6.5525E-01  4.7252E-01  9.2861E-01 -4.5116E-01
  7.8347E-01  2.6440E+00  7.9054E-04  6.5377E-01  4.6650E-01  9.3055E-01 -4.4466E-01
  7.8660E-01  2.6545E+00  7.9277E-04  6.5239E-01  4.6077E-01  9.3241E-01 -4.3845E-01
  7.8989E-01  2.6655E+00  7.9505E-04  6.5096E-01  4.5475E-01  9.3439E-01 -4.3192E-01
  7.9302E-01  2.6760E+00  7.9717E-04  6.4962E-01  4.4903E-01  9.3630E-01 -4.2569E-01
  7.9631E-01  2.6870E+00  7.9932E-04  6.4823E-01  4.4302E-01  9.3833E-01 -4.1914E-01
  7.9944E-01  2.6975E+00  8.0132E-04  6.4692E-01  4.3730E-01  9.4029E-01 -4.1289E-01
  8.0273E-01  2.7086E+00  8.0335E-04  6.4558E-01  4.3131E-01  9.4225E-01 -4.0632E-01
  8.0586E-01  2.7191E+00  8.0522E-04  6.4431E-01  4.2561E-01  9.4398E-01 -4.0007E-01
  8.0915E-01  2.7301E+00  8.0710E-04  6.4301E-01  4.1964E-01  9.4583E-01 -3.9350E-01
  8.1229E-01  2.7406E+00  8.0883E-04  6.4179E-01  4.1396E-01  9.4761E-01 -3.8722E-01
  8.1557E-01  2.7516E+00  8.1057E-04  6.4052E-01  4.0800E-01  9.4951E-01 -3.8062E-01
  8.1871E-01  2.7621E+00  8.1216E-04  6.3934E-01  4.0234E-01  9.5134E-01 -3.7433E-01
  8.2200E-01  2.7732E+00  8.1375E-04  6.3812E-01  3.9641E-01  9.5329E-01 -3.6771E-01
  8.2513E-01  2.7837E+00  8.1519E-04  6.3698E-01  3.9076E-01  9.5504E-01 -3.6140E-01
  8.2842E-01  2.7947E+00  8.1660E-04  6.3580E-01  3.8485E-01  9.5689E-01 -3.5476E-01
  8.2967E-01  2.7989E+00  8.1711E-04  6.3536E-01  3.8261E-01  9.5761E-01 -3.5223E-01
  8.3155E-01  2.8052E+00  8.1785E-04  6.3470E-01  3.7924E-01  9.5869E-01 -3.4843E-01
  8.3484E-01  2.8162E+00  8.1907E-04  6.3356E-01  3.7336E-01  9.6060E-01 -3.4177E-01
  8.3797E-01  2.8267E+00  8.2013E-04  6.3250E-01  3.6778E-01  9.6245E-01 -3.3542E-01
  8.4126E-01  2.8377E+00  8.2115E-04  6.3141E-01  3.6194E-01  9.6442E-01 -3.2875E-01
  8.4439E-01  2.8482E+00  8.2202E-04  6.3039E-01  3.5639E-01  9.6627E-01 -3.2238E-01
  8.4768E-01  2.8593E+00  8.2282E-04  6.2934E-01  3.5058E-01  9.6816E-01 -3.1568E-01
  8.5082E-01  2.8698E+00  8.2347E-04  6.2836E-01  3.4508E-01  9.6998E-01 -3.0930E-01
  8.5411E-01  2.8808E+00  8.2404E-04  6.2736E-01  3.3932E-01  9.7191E-01 -3.0258E-01
  8.5724E-01  2.8913E+00  8.2446E-04  6.2642E-01  3.3387E-01  9.7378E-01 -2.9618E-01
  8.6053E-01  2.9023E+00  8.2478E-04  6.2545E-01  3.2817E-01  9.7577E-01 -2.8945E-01
  8.6366E-01  2.9128E+00  8.2497E-04  6.2456E-01  3.2278E-01  9.7769E-01 -2.8303E-01
  8.6695E-01  2.9238E+00  8.2505E-04  6.2364E-01  3.1715E-01  9.7933E-01 -2.7632E-01
  8.7008E-01  2.9343E+00  8.2501E-04  6.2278E-01  3.1181E-01  9.8087E-01 -2.6992E-01
  8.7337E-01  2.9454E+00  8.2483E-04  6.2191E-01  3.0625E-01  9.8251E-01 -2.6319E-01
  8.7650E-01  2.9559E+00  8.2454E-04  6.2109E-01  3.0100E-01  9.8409E-01 -2.5677E-01
  8.7979E-01  2.9669E+00  8.2410E-04  6.2026E-01  2.9552E-01  9.8579E-01 -2.5003E-01
  8.8293E-01  2.9774E+00  8.2356E-04  6.1948E-01  2.9036E-01  9.8742E-01 -2.4360E-01
  8.8621E-01  2.9884E+00  8.2287E-04  6.1869E-01  2.8497E-01  9.8903E-01 -2.3685E-01
  8.8935E-01  2.9989E+00  8.2209E-04  6.1796E-01  2.7988E-01  9.9035E-01 -2.3043E-01
  8.9264E-01  3.0099E+00  8.2116E-04  6.1721E-01  2.7459E-01  9.9177E-01 -2.2368E-01
  8.9577E-01  3.0204E+00  8.2016E-04  6.1652E-01  2.6961E-01  9.9314E-01 -2.1724E-01
  8.9906E-01  3.0315E+00  8.1900E-04  6.1582E-01  2.6445E-01  9.9460E-01 -2.1048E-01
  9.0219E-01  3.0420E+00  8.1777E-04  6.1517E-01  2.5959E-01  9.9602E-01 -2.0403E-01
  9.0548E-01  3.0530E+00  8.1637E-04  6.1451E-01  2.5456E-01  9.9752E-01 -1.9726E-01
  9.0861E-01  3.0635E+00  8.1491E-04  6.1390E-01  2.4983E-01  9.9877E-01 -1.9081E-01
  9.1190E-01  3.0745E+00  8.1323E-04  6.1329E-01  2.4495E-01  1.0001E+00 -1.8404E-01
  9.1503E-01  3.0850E+00  8.1150E-04  6.1272E-01  2.4037E-01  1.0013E+00 -1.7758E-01
  9.1832E-01  3.0960E+00  8.0953E-04  6.1215E-01  2.3566E-01  1.0027E+00 -1.7080E-01
  9.2146E-01  3.1065E+00  8.0752E-04  6.1162E-01  2.3127E-01  1.0040E+00 -1.6434E-01
  9.2475E-01  3.1176E+00  8.0526E-04  6.1109E-01  2.2676E-01  1.0054E+00 -1.5755E-01
  9.2788E-01  3.1281E+00  8.0297E-04  6.1061E-01  2.2256E-01  1.0066E+00 -1.5109E-01
  9.3117E-01  3.1391E+00  8.0043E-04  6.1012E-01  2.1824E-01  1.0077E+00 -1.4431E-01
  9.3430E-01  3.1496E+00  7.9788E-04  6.0968E-01  2.1425E-01  1.0088E+00 -1.3785E-01
  9.3759E-01  3.1606E+00  7.9507E-04  6.0924E-01  2.1019E-01  1.0099E+00 -1.3107E-01
  9.4072E-01  3.1711E+00  7.9226E-04  6.0884E-01  2.0645E-01  1.0110E+00 -1.2460E-01
  9.4401E-01  3.1821E+00  7.8917E-04  6.0844E-01  2.0267E-01  1.0122E+00 -1.1782E-01
  9.4714E-01  3.1926E+00  7.8609E-04  6.0808E-01  1.9922E-01  1.0133E+00 -1.1135E-01
  9.5043E-01  3.2037E+00  7.8273E-04  6.0772E-01  1.9573E-01  1.0144E+00 -1.0456E-01
  9.5357E-01  3.2142E+00  7.7940E-04  6.0740E-01  1.9256E-01  1.0153E+00 -9.8089E-02
  9.5686E-01  3.2252E+00  7.7577E-04  6.0709E-01  1.8941E-01  1.0164E+00 -9.1296E-02
  9.5999E-01  3.2357E+00  7.7219E-04  6.0682E-01  1.8659E-01  1.0174E+00 -8.4826E-02
  9.6328E-01  3.2467E+00  7.6829E-04  6.0655E-01  1.8383E-01  1.0184E+00 -7.8032E-02
  9.6641E-01  3.2572E+00  7.6446E-04  6.0631E-01  1.8139E-01  1.0195E+00 -7.1562E-02
  9.6970E-01  3.2682E+00  7.6030E-04  6.0609E-01  1.7904E-01  1.0206E+00 -6.4756E-02
  9.7283E-01  3.2787E+00  7.5620E-04  6.0589E-01  1.7699E-01  1.0215E+00 -5.8249E-02
  9.7612E-01  3.2898E+00  7.5175E-04  6.0571E-01  1.7507E-01  1.0226E+00 -5.1416E-02
  9.7925E-01  3.3003E+00  7.4738E-04  6.0556E-01  1.7347E-01  1.0236E+00 -4.4910E-02
  9.8103E-01  3.3062E+00  7.4483E-04  6.0549E-01  1.7266E-01  1.0242E+00 -4.1214E-02
  9.8249E-01  3.3111E+00  7.4271E-04  6.0543E-01  1.7206E-01  1.0247E+00 -3.8179E-02
  9.8575E-01  3.3221E+00  7.3787E-04  6.0531E-01  1.7089E-01  1.0258E+00 -3.1414E-02
  9.8889E-01  3.3326E+00  7.3308E-04  6.0523E-01  1.7002E-01  1.0268E+00 -2.4912E-02
  9.9218E-01  3.3436E+00  7.2790E-04  6.0515E-01  1.6934E-01  1.0279E+00 -1.8076E-02
  9.9531E-01  3.3541E+00  7.2284E-04  6.0511E-01  1.6893E-01  1.0288E+00 -1.1565E-02
  9.9860E-01  3.3651E+00  7.1738E-04  6.0508E-01  1.6878E-01  1.0298E+00 -4.7313E-03
  1.0017E+00  3.3756E+00  7.1205E-04  6.0507E-01  1.6889E-01  1.0308E+00  1.7738E-03
  1.0050E+00  3.3866E+00  7.0630E-04  6.0509E-01  1.6927E-01  1.0319E+00  8.6016E-03
  1.0082E+00  3.3971E+00  7.0070E-04  6.0513E-01  1.6988E-01  1.0329E+00  1.5100E-02
  1.0114E+00  3.4082E+00  6.9467E-04  6.0519E-01  1.7077E-01  1.0340E+00  2.1921E-02
  1.0146E+00  3.4187E+00  6.8880E-04  6.0527E-01  1.7183E-01  1.0348E+00  2.8413E-02
  1.0179E+00  3.4297E+00  6.8249E-04  6.0537E-01  1.7320E-01  1.0356E+00  3.5227E-02
  1.0210E+00  3.4402E+00  6.7635E-04  6.0549E-01  1.7474E-01  1.0365E+00  4.1710E-02
  1.0243E+00  3.4512E+00  6.6975E-04  6.0564E-01  1.7659E-01  1.0374E+00  4.8514E-02
  1.0274E+00  3.4617E+00  6.6334E-04  6.0580E-01  1.7857E-01  1.0383E+00  5.4988E-02
  1.0307E+00  3.4727E+00  6.5646E-04  6.0599E-01  1.8087E-01  1.0392E+00  6.1781E-02
  1.0338E+00  3.4832E+00  6.4978E-04  6.0619E-01  1.8325E-01  1.0400E+00  6.8266E-02
  1.0371E+00  3.4943E+00  6.4261E-04  6.0643E-01  1.8596E-01  1.0408E+00  7.5074E-02
  1.0403E+00  3.5048E+00  6.3564E-04  6.0667E-01  1.8871E-01  1.0415E+00  8.1552E-02
  1.0436E+00  3.5158E+00  6.2818E-04  6.0695E-01  1.9180E-01  1.0424E+00  8.8348E-02
  1.0467E+00  3.5263E+00  6.2094E-04  6.0724E-01  1.9490E-01  1.0432E+00  9.4814E-02
  1.0500E+00  3.5373E+00  6.1318E-04  6.0756E-01  1.9833E-01  1.0440E+00  1.0160E-01
  1.0531E+00  3.5478E+00  6.0565E-04  6.0789E-01  2.0174E-01  1.0447E+00  1.0805E-01
  1.0564E+00  3.5588E+00  5.9761E-04  6.0825E-01  2.0542E-01  1.0453E+00  1.1481E-01
  1.0595E+00  3.5693E+00  5.8982E-04  6.0862E-01  2.0907E-01  1.0458E+00  1.2125E-01
  1.0628E+00  3.5804E+00  5.8150E-04  6.0903E-01  2.1304E-01  1.0463E+00  1.2800E-01
  1.0659E+00  3.5909E+00  5.7344E-04  6.0944E-01  2.1693E-01  1.0468E+00  1.3442E-01
  1.0692E+00  3.6019E+00  5.6485E-04  6.0989E-01  2.2114E-01  1.0474E+00  1.4115E-01
  1.0724E+00  3.6124E+00  5.5653E-04  6.1035E-01  2.2526E-01  1.0480E+00  1.4755E-01
  1.0757E+00  3.6234E+00  5.4766E-04  6.1084E-01  2.2969E-01  1.0484E+00  1.5430E-01
  1.0788E+00  3.6339E+00  5.3908E-04  6.1133E-01  2.3400E-01  1.0488E+00  1.6073E-01
  1.0821E+00  3.6450E+00  5.2993E-04  6.1187E-01  2.3863E-01  1.0493E+00  1.6747E-01
  1.0852E+00  3.6555E+00  5.2108E-04  6.1241E-01  2.4312E-01  1.0497E+00  1.7388E-01
  1.0885E+00  3.6665E+00  5.1165E-04  6.1299E-01  2.4791E-01  1.0502E+00  1.8060E-01
  1.0916E+00  3.6770E+00  5.0255E-04  6.1356E-01  2.5255E-01  1.0507E+00  1.8699E-01
  1.0949E+00  3.6880E+00  4.9284E-04  6.1419E-01  2.5749E-01  1.0512E+00  1.9369E-01
  1.0981E+00  3.6985E+00  4.8347E-04  6.1480E-01  2.6223E-01  1.0515E+00  2.0005E-01
  1.1013E+00  3.7095E+00  4.7349E-04  6.1547E-01  2.6728E-01  1.0519E+00  2.0672E-01
  1.1045E+00  3.7200E+00  4.6386E-04  6.1613E-01  2.7214E-01  1.0523E+00  2.1307E-01
  1.1078E+00  3.7311E+00  4.5361E-04  6.1684E-01  2.7730E-01  1.0527E+00  2.1972E-01
  1.1109E+00  3.7416E+00  4.4371E-04  6.1754E-01  2.8226E-01  1.0531E+00  2.2604E-01
  1.1142E+00  3.7526E+00  4.3318E-04  6.1829E-01  2.8752E-01  1.0536E+00  2.3267E-01
  1.1173E+00  3.7631E+00  4.2303E-04  6.1903E-01  2.9254E-01  1.0539E+00  2.3895E-01
  1.1206E+00  3.7741E+00  4.1222E-04  6.1982E-01  2.9784E-01  1.0542E+00  2.4553E-01
  1.1237E+00  3.7846E+00  4.0179E-04  6.2060E-01  3.0293E-01  1.0545E+00  2.5179E-01
  1.1270E+00  3.7956E+00  3.9070E-04  6.2144E-01  3.0831E-01  1.0548E+00  2.5835E-01
  1.1302E+00  3.8061E+00  3.8000E-04  6.2226E-01  3.1346E-01  1.0551E+00  2.6458E-01
  1.1335E+00  3.8172E+00  3.6862E-04  6.2314E-01  3.1890E-01  1.0555E+00  2.7111E-01
  1.1366E+00  3.8277E+00  3.5765E-04  6.2399E-01  3.2409E-01  1.0558E+00  2.7731E-01
  1.1399E+00  3.8387E+00  3.4600E-04  6.2492E-01  3.2951E-01  1.0556E+00  2.8379E-01
  1.1430E+00  3.8492E+00  3.3478E-04  6.2581E-01  3.3470E-01  1.0555E+00  2.8994E-01
  1.1463E+00  3.8602E+00  3.2286E-04  6.2678E-01  3.4016E-01  1.0554E+00  2.9639E-01
  1.1494E+00  3.8707E+00  3.1138E-04  6.2771E-01  3.4539E-01  1.0554E+00  3.0252E-01
  1.1527E+00  3.8817E+00  2.9920E-04  6.2872E-01  3.5089E-01  1.0553E+00  3.0894E-01
  1.1559E+00  3.8922E+00  2.8747E-04  6.2969E-01  3.5615E-01  1.0553E+00  3.1504E-01
  1.1591E+00  3.9033E+00  2.7501E-04  6.3074E-01  3.6166E-01  1.0550E+00  3.2142E-01
  1.1623E+00  3.9138E+00  2.6301E-04  6.3175E-01  3.6690E-01  1.0546E+00  3.2747E-01
  1.1656E+00  3.9248E+00  2.5027E-04  6.3284E-01  3.7242E-01  1.0542E+00  3.3381E-01
  1.1687E+00  3.9353E+00  2.3800E-04  6.3389E-01  3.7768E-01  1.0538E+00  3.3984E-01
  1.1720E+00  3.9463E+00  2.2496E-04  6.3502E-01  3.8322E-01  1.0535E+00  3.4615E-01
  1.1751E+00  3.9568E+00  2.1240E-04  6.3611E-01  3.8851E-01  1.0531E+00  3.5214E-01
  1.1784E+00  3.9678E+00  1.9906E-04  6.3728E-01  3.9406E-01  1.0528E+00  3.5842E-01
  1.1815E+00  3.9783E+00  1.8620E-04  6.3841E-01  3.9933E-01  1.0523E+00  3.6438E-01
  1.1848E+00  3.9894E+00  1.7253E-04  6.3961E-01  4.0488E-01  1.0518E+00  3.7061E-01
  1.1880E+00  3.9999E+00  1.5935E-04  6.4078E-01  4.1016E-01  1.0514E+00  3.7654E-01
  1.1913E+00  4.0109E+00  1.4533E-04  6.4203E-01  4.1572E-01  1.0509E+00  3.8274E-01
  1.1944E+00  4.0214E+00  1.3180E-04  6.4324E-01  4.2161E-01  1.0509E+00  3.8927E-01
  1.1977E+00  4.0324E+00  1.1741E-04  6.4453E-01  4.2986E-01  1.0506E+00  3.9833E-01
  1.2008E+00  4.0429E+00  1.0352E-04  6.4579E-01  4.3879E-01  1.0505E+00  4.0808E-01
  1.2041E+00  4.0539E+00  8.8730E-05  6.4715E-01  4.5012E-01  1.0505E+00  4.2037E-01
  1.2072E+00  4.0644E+00  7.4440E-05  6.4848E-01  4.6362E-01  1.0509E+00  4.3488E-01
  1.2105E+00  4.0755E+00  5.9207E-05  6.4994E-01  4.8117E-01  1.0518E+00  4.5361E-01
  1.2137E+00  4.0860E+00  4.4471E-05  6.5139E-01  5.0020E-01  1.0528E+00  4.7380E-01
  1.2169E+00  4.0970E+00  2.8743E-05  6.5298E-01  5.1765E-01  1.0534E+00  4.9225E-01
  1.2201E+00  4.1075E+00  1.3515E-05  6.5453E-01  5.1945E-01  1.0521E+00  4.9430E-01
  1.2234E+00  4.1185E+00 -2.7257E-06  6.5610E-01  4.8072E-01  1.0470E+00  4.5380E-01
  1.2265E+00  4.1290E+00 -1.8415E-05  6.5736E-01  3.7792E-01  1.0402E+00  3.4368E-01
  1.2298E+00  4.1401E+00 -3.5136E-05  6.5818E-01  2.0829E-01  1.0352E+00  1.3810E-01
  1.2329E+00  4.1506E+00 -5.1305E-05  6.5822E-01  1.9470E-01  1.0341E+00 -1.1773E-01
  1.2362E+00  4.1616E+00 -6.8535E-05  6.5737E-01  4.2033E-01  1.0353E+00 -3.9097E-01
  1.2393E+00  4.1721E+00 -8.5152E-05  6.5579E-01  6.2280E-01  1.0384E+00 -6.0352E-01
  1.2426E+00  4.1831E+00 -1.0280E-04  6.5355E-01  7.5507E-01  1.0468E+00 -7.3925E-01
  1.2458E+00  4.1936E+00 -1.1985E-04  6.5118E-01  7.6788E-01  1.0584E+00 -7.5224E-01
  1.2490E+00  4.2046E+00 -1.3798E-04  6.4883E-01  6.8092E-01  1.0726E+00 -6.6305E-01
  1.2522E+00  4.2151E+00 -1.5558E-04  6.4699E-01  5.1834E-01  1.0868E+00 -4.9434E-01
  1.2555E+00  4.2261E+00 -1.7443E-04  6.4572E-01  3.1394E-01  1.0906E+00 -2.7277E-01
  1.2586E+00  4.2366E+00 -1.9274E-04  6.4516E-01  1.7968E-01  1.0749E+00 -9.5240E-02
  1.2619E+00  4.2476E+00 -2.1227E-04  6.4499E-01  1.5044E-01  1.0505E+00 -2.6003E-02
  1.2650E+00  4.2581E+00 -2.3118E-04  6.4483E-01  1.7344E-01  1.0364E+00 -9.4394E-02
  1.2683E+00  4.2691E+00 -2.5131E-04  6.4426E-01  2.9653E-01  1.0326E+00 -2.5914E-01
  1.2715E+00  4.2796E+00 -2.7082E-04  6.4316E-01  4.5629E-01  1.0336E+00 -4.3317E-01
  1.2747E+00  4.2907E+00 -2.9163E-04  6.4148E-01  5.9089E-01  1.0381E+00 -5.7333E-01
  1.2779E+00  4.3012E+00 -3.1194E-04  6.3957E-01  6.4671E-01  1.0471E+00 -6.3067E-01
  1.2812E+00  4.3122E+00 -3.3384E-04  6.3752E-01  6.1116E-01  1.0597E+00 -5.9402E-01
  1.2843E+00  4.3227E+00 -3.5554E-04  6.3582E-01  4.9494E-01  1.0741E+00 -4.7333E-01
  1.2876E+00  4.3337E+00 -3.7928E-04  6.3455E-01  3.1939E-01  1.0837E+00 -2.8460E-01
  1.2907E+00  4.3442E+00 -4.0302E-04  6.3394E-01  1.7693E-01  1.0759E+00 -1.0397E-01
  1.2940E+00  4.3552E+00 -4.2897E-04  6.3379E-01  1.3953E-01  1.0534E+00  3.9121E-03
  1.2971E+00  4.3657E+00 -4.5468E-04  6.3379E-01  1.3745E-01  1.0358E+00 -1.5816E-02
  1.3004E+00  4.3766E+00 -4.8250E-04  6.3354E-01  1.9737E-01  1.0293E+00 -1.4398E-01
  1.3036E+00  4.3871E+00 -5.0988E-04  6.3282E-01  3.3446E-01  1.0290E+00 -3.0636E-01
  1.3068E+00  4.3981E+00 -5.3942E-04  6.3154E-01  4.7572E-01  1.0316E+00 -4.5656E-01
  1.3100E+00  4.4086E+00 -5.6861E-04  6.2993E-01  5.5913E-01  1.0411E+00 -5.4285E-01
  1.3133E+00  4.4196E+00 -6.0043E-04  6.2811E-01  5.5402E-01  1.0507E+00 -5.3753E-01
  1.3164E+00  4.4301E+00 -6.3232E-04  6.2652E-01  4.7115E-01  1.0635E+00 -4.5143E-01
  1.3197E+00  4.4411E+00 -6.6757E-04  6.2526E-01  3.2357E-01  1.0752E+00 -2.9386E-01
  1.3228E+00  4.4516E+00 -7.0326E-04  6.2459E-01  1.8143E-01  1.0734E+00 -1.2178E-01
  1.3261E+00  4.4626E+00 -7.4270E-04  6.2440E-01  1.3173E-01  1.0546E+00  7.8256E-03
  1.3292E+00  4.4731E+00 -7.8220E-04  6.2446E-01  1.3149E-01  1.0355E+00  2.7637E-02
  1.3325E+00  4.4841E+00 -8.2506E-04  6.2439E-01  1.4124E-01  1.0263E+00 -6.2141E-02
  1.3357E+00  4.4946E+00 -8.6720E-04  6.2395E-01  2.4106E-01  1.0249E+00 -2.0550E-01
  1.3390E+00  4.5056E+00 -9.1235E-04  6.2299E-01  3.7676E-01  1.0264E+00 -3.5527E-01
  1.3421E+00  4.5161E+00 -9.5648E-04  6.2167E-01  4.7496E-01  1.0304E+00 -4.5819E-01
  1.3454E+00  4.5271E+00 -1.0039E-03  6.2006E-01  4.9913E-01  1.0420E+00 -4.8306E-01
  1.3485E+00  4.5376E+00 -1.0506E-03  6.1857E-01  4.4791E-01  1.0528E+00 -4.2979E-01
  1.3518E+00  4.5485E+00 -1.1014E-03  6.1731E-01  3.3183E-01  1.0651E+00 -3.0667E-01
  1.3549E+00  4.5590E+00 -1.1521E-03  6.1655E-01  1.9737E-01  1.0694E+00 -1.5145E-01
  1.3582E+00  4.5700E+00 -1.2073E-03  6.1626E-01  1.2478E-01  1.0571E+00 -8.2095E-03
  1.3614E+00  4.5805E+00 -1.2620E-03  6.1631E-01  1.3165E-01  1.0377E+00  5.0175E-02
  1.3646E+00  4.5915E+00 -1.3205E-03  6.1638E-01  1.1976E-01  1.0248E+00  3.9097E-03
  1.3678E+00  4.6020E+00 -1.3771E-03  6.1618E-01  1.6462E-01  1.0216E+00 -1.1398E-01
  1.3711E+00  4.6130E+00 -1.4364E-03  6.1553E-01  2.8251E-01  1.0223E+00 -2.5659E-01
  1.3742E+00  4.6235E+00 -1.4931E-03  6.1449E-01  3.8507E-01  1.0252E+00 -3.6658E-01
  1.3775E+00  4.6344E+00 -1.5526E-03  6.1313E-01  4.3941E-01  1.0321E+00 -4.2330E-01
  1.3806E+00  4.6449E+00 -1.6101E-03  6.1176E-01  4.2398E-01  1.0415E+00 -4.0716E-01
  1.3839E+00  4.6559E+00 -1.6712E-03  6.1050E-01  3.4171E-01  1.0537E+00 -3.2038E-01
  1.3870E+00  4.6664E+00 -1.7313E-03  6.0965E-01  2.2231E-01  1.0621E+00 -1.8768E-01
  1.3903E+00  4.6774E+00 -1.7960E-03  6.0923E-01  1.2520E-01  1.0568E+00 -4.1923E-02
  1.3935E+00  4.6879E+00 -1.8596E-03  6.0921E-01  1.2390E-01  1.0392E+00  4.4719E-02
  1.3968E+00  4.6989E+00 -1.9270E-03  6.0933E-01  1.1943E-01  1.0233E+00  3.7682E-02
  1.3999E+00  4.7094E+00 -1.9915E-03  6.0927E-01  1.2427E-01  1.0179E+00 -5.3265E-02
  1.4032E+00  4.7203E+00 -2.0582E-03  6.0883E-01  2.1763E-01  1.0175E+00 -1.8678E-01
  1.4063E+00  4.7308E+00 -2.1211E-03  6.0801E-01  3.2425E-01  1.0191E+00 -3.0456E-01
  1.4096E+00  4.7418E+00 -2.1860E-03  6.0681E-01  4.0029E-01  1.0255E+00 -3.8450E-01
  1.4127E+00  4.7523E+00 -2.2477E-03  6.0553E-01  4.0669E-01  1.0332E+00 -3.9111E-01
  1.4160E+00  4.7633E+00 -2.3127E-03  6.0428E-01  3.4878E-01  1.0439E+00 -3.3033E-01
  1.4192E+00  4.7738E+00 -2.3761E-03  6.0335E-01  2.4615E-01  1.0536E+00 -2.1900E-01
  1.4224E+00  4.7847E+00 -2.4442E-03  6.0282E-01  1.3725E-01  1.0535E+00 -7.9597E-02
  1.4256E+00  4.7952E+00 -2.5110E-03  6.0270E-01  1.1232E-01  1.0392E+00  2.3393E-02
  1.4289E+00  4.8062E+00 -2.5819E-03  6.0279E-01  1.1817E-01  1.0220E+00  4.8774E-02
  1.4320E+00  4.8167E+00 -2.6497E-03  6.0282E-01  1.0720E-01  1.0143E+00 -1.2860E-02
  1.4353E+00  4.8277E+00 -2.7193E-03  6.0254E-01  1.6782E-01  1.0129E+00 -1.3026E-01
  1.4384E+00  4.8382E+00 -2.7844E-03  6.0190E-01  2.6914E-01  1.0137E+00 -2.4764E-01
  1.4417E+00  4.8491E+00 -2.8508E-03  6.0088E-01  3.5574E-01  1.0165E+00 -3.3986E-01
  1.4448E+00  4.8596E+00 -2.9134E-03  5.9970E-01  3.8401E-01  1.0252E+00 -3.6926E-01
  1.4481E+00  4.8706E+00 -2.9787E-03  5.9848E-01  3.4992E-01  1.0341E+00 -3.3358E-01
  1.4513E+00  4.8811E+00 -3.0421E-03  5.9751E-01  2.6851E-01  1.0440E+00 -2.4663E-01
  1.4545E+00  4.8920E+00 -3.1100E-03  5.9685E-01  1.6074E-01  1.0489E+00 -1.2072E-01
  1.4577E+00  4.9025E+00 -3.1771E-03  5.9662E-01  1.0512E-01  1.0402E+00 -7.8189E-03
  1.4610E+00  4.9135E+00 -3.2486E-03  5.9666E-01  1.1400E-01  1.0230E+00  4.9435E-02
  1.4641E+00  4.9240E+00 -3.3172E-03  5.9675E-01  1.0366E-01  1.0121E+00  2.2082E-02
  1.4674E+00  4.9350E+00 -3.3878E-03  5.9663E-01  1.2413E-01  1.0092E+00 -7.2730E-02
  1.4705E+00  4.9455E+00 -3.4535E-03  5.9618E-01  2.0960E-01  1.0096E+00 -1.8410E-01
  1.4738E+00  4.9564E+00 -3.5200E-03  5.9536E-01  2.9886E-01  1.0116E+00 -2.8167E-01
  1.4770E+00  4.9669E+00 -3.5821E-03  5.9434E-01  3.4750E-01  1.0166E+00 -3.3284E-01
  1.4802E+00  4.9779E+00 -3.6463E-03  5.9319E-01  3.4246E-01  1.0244E+00 -3.2751E-01
  1.4834E+00  4.9884E+00 -3.7083E-03  5.9220E-01  2.8569E-01  1.0341E+00 -2.6742E-01
  1.4867E+00  4.9993E+00 -3.7745E-03  5.9145E-01  1.8926E-01  1.0423E+00 -1.6016E-01
  1.4898E+00  5.0098E+00 -3.8402E-03  5.9109E-01  1.1020E-01  1.0396E+00 -4.5971E-02
  1.4931E+00  5.0208E+00 -3.9106E-03  5.9104E-01  1.0422E-01  1.0245E+00  3.4460E-02
  1.4962E+00  5.0313E+00 -3.9789E-03  5.9113E-01  1.0397E-01  1.0110E+00  3.8079E-02
  1.4995E+00  5.0422E+00 -4.0493E-03  5.9111E-01  1.0133E-01  1.0059E+00 -3.2676E-02
  1.5026E+00  5.0527E+00 -4.1147E-03  5.9081E-01  1.6628E-01  1.0056E+00 -1.3610E-01
  1.5059E+00  5.0637E+00 -4.1804E-03  5.9015E-01  2.5769E-01  1.0067E+00 -2.3947E-01
  1.5091E+00  5.0742E+00 -4.2412E-03  5.8923E-01  3.2220E-01  1.0098E+00 -3.0786E-01
  1.5123E+00  5.0852E+00 -4.3035E-03  5.8814E-01  3.3584E-01  1.0175E+00 -3.2205E-01
  1.5155E+00  5.0957E+00 -4.3632E-03  5.8714E-01  2.9689E-01  1.0259E+00 -2.8109E-01
  1.5188E+00  5.1066E+00 -4.4270E-03  5.8631E-01  2.1403E-01  1.0350E+00 -1.9132E-01
  1.5219E+00  5.1171E+00 -4.4903E-03  5.8584E-01  1.2631E-01  1.0363E+00 -8.2464E-02
  1.5252E+00  5.1281E+00 -4.5587E-03  5.8570E-01  9.4895E-02  1.0246E+00  1.0994E-02
  1.5283E+00  5.1386E+00 -4.6257E-03  5.8576E-01  1.0083E-01  1.0101E+00  3.9829E-02
  1.5316E+00  5.1495E+00 -4.6951E-03  5.8579E-01  9.1815E-02  1.0028E+00 -5.2107E-03
  1.5348E+00  5.1600E+00 -4.7598E-03  5.8560E-01  1.3186E-01  1.0017E+00 -9.5189E-02
  1.5380E+00  5.1710E+00 -4.8244E-03  5.8508E-01  2.1754E-01  1.0022E+00 -1.9763E-01
  1.5412E+00  5.1815E+00 -4.8838E-03  5.8429E-01  2.8945E-01  1.0040E+00 -2.7488E-01
  1.5445E+00  5.1924E+00 -4.9440E-03  5.8328E-01  3.2148E-01  1.0108E+00 -3.0838E-01
  1.5476E+00  5.2029E+00 -5.0013E-03  5.8229E-01  3.0040E-01  1.0177E+00 -2.8628E-01
  1.5509E+00  5.2139E+00 -5.0621E-03  5.8142E-01  2.3536E-01  1.0266E+00 -2.1690E-01
  1.5540E+00  5.2244E+00 -5.1225E-03  5.8085E-01  1.5033E-01  1.0316E+00 -1.1930E-01
  1.5573E+00  5.2353E+00 -5.1883E-03  5.8059E-01  9.2511E-02  1.0252E+00 -1.8879E-02
  1.5604E+00  5.2458E+00 -5.2533E-03  5.8059E-01  9.5437E-02  1.0111E+00  3.4331E-02
  1.5637E+00  5.2568E+00 -5.3215E-03  5.8066E-01  8.9972E-02  1.0007E+00  1.9341E-02
  1.5669E+00  5.2673E+00 -5.3854E-03  5.8059E-01  1.0151E-01  9.9824E-01 -5.1669E-02
  1.5701E+00  5.2782E+00 -5.4492E-03  5.8023E-01  1.7190E-01  9.9851E-01 -1.4821E-01
  1.5733E+00  5.2887E+00 -5.5075E-03  5.7959E-01  2.4535E-01  9.9977E-01 -2.2948E-01
  1.5766E+00  5.2997E+00 -5.5660E-03  5.7871E-01  2.9281E-01  1.0035E+00 -2.7966E-01
  1.5797E+00  5.3102E+00 -5.6210E-03  5.7778E-01  2.9481E-01  1.0094E+00 -2.8172E-01
  1.5830E+00  5.3211E+00 -5.6789E-03  5.7688E-01  2.5108E-01  1.0178E+00 -2.3546E-01
  1.5861E+00  5.3316E+00 -5.7362E-03  5.7623E-01  1.7649E-01  1.0252E+00 -1.5329E-01
  1.5894E+00  5.3426E+00 -5.7988E-03  5.7586E-01  1.0206E-01  1.0242E+00 -5.3259E-02
  1.5926E+00  5.3531E+00 -5.8614E-03  5.7578E-01  8.7525E-02  1.0123E+00  1.7318E-02
  1.5958E+00  5.3640E+00 -5.9278E-03  5.7584E-01  8.9391E-02  9.9953E-01  2.9246E-02
  1.5990E+00  5.3745E+00 -5.9905E-03  5.7583E-01  8.6561E-02  9.9499E-01 -2.1503E-02
  1.6023E+00  5.3854E+00 -6.0533E-03  5.7559E-01  1.3823E-01  9.9470E-01 -1.1012E-01
  1.6054E+00  5.3959E+00 -6.1104E-03  5.7507E-01  2.1244E-01  9.9535E-01 -1.9544E-01
  1.6087E+00  5.4069E+00 -6.1670E-03  5.7428E-01  2.7277E-01  9.9744E-01 -2.5980E-01
  1.6118E+00  5.4174E+00 -6.2197E-03  5.7339E-01  2.9026E-01  1.0035E+00 -2.7807E-01
  1.6151E+00  5.4283E+00 -6.2746E-03  5.7249E-01  2.6168E-01  1.0106E+00 -2.4801E-01
  1.6182E+00  5.4388E+00 -6.3287E-03  5.7177E-01  1.9841E-01  1.0184E+00 -1.7986E-01
  1.6215E+00  5.4498E+00 -6.3880E-03  5.7131E-01  1.1953E-01  1.0208E+00 -8.5384E-02
  1.6247E+00  5.4603E+00 -6.4478E-03  5.7114E-01  8.2868E-02  1.0120E+00 -5.4883E-03
  1.6279E+00  5.4712E+00 -6.5120E-03  5.7116E-01  8.6030E-02  9.9855E-01  2.7956E-02
  1.6311E+00  5.4817E+00 -6.5733E-03  5.7119E-01  8.0624E-02  9.9196E-01 -1.5172E-03
  1.6344E+00  5.4927E+00 -6.6350E-03  5.7104E-01  1.1151E-01  9.9091E-01 -7.7395E-02
  1.6375E+00  5.5032E+00 -6.6909E-03  5.7063E-01  1.8014E-01  9.9122E-01 -1.6138E-01
  1.6408E+00  5.5141E+00 -6.7460E-03  5.6995E-01  2.4630E-01  9.9235E-01 -2.3301E-01
  1.6439E+00  5.5246E+00 -6.7966E-03  5.6912E-01  2.7858E-01  9.9744E-01 -2.6688E-01
  1.6472E+00  5.5356E+00 -6.8487E-03  5.6823E-01  2.6518E-01  1.0032E+00 -2.5283E-01
  1.6503E+00  5.5461E+00 -6.8998E-03  5.6747E-01  2.1646E-01  1.0106E+00 -2.0103E-01
  1.6536E+00  5.5570E+00 -6.9556E-03  5.6692E-01  1.4220E-01  1.0159E+00 -1.1729E-01
  1.6568E+00  5.5675E+00 -7.0122E-03  5.6666E-01  8.6500E-02  1.0118E+00 -3.3319E-02
  1.6600E+00  5.5784E+00 -7.0739E-03  5.6662E-01  8.1223E-02  9.9916E-01  2.0436E-02
  1.6632E+00  5.5889E+00 -7.1337E-03  5.6666E-01  7.9257E-02  9.8979E-01  1.5737E-02
  1.6665E+00  5.5999E+00 -7.1944E-03  5.6660E-01  8.8051E-02  9.8727E-01 -4.2225E-02
  1.6696E+00  5.6104E+00 -7.2497E-03  5.6632E-01  1.4315E-01  9.8746E-01 -1.2065E-01
  1.6729E+00  5.6213E+00 -7.3038E-03  5.6577E-01  2.0999E-01  9.8829E-01 -1.9543E-01
  1.6760E+00  5.6318E+00 -7.3530E-03  5.6505E-01  2.5299E-01  9.9082E-01 -2.4107E-01
  1.6793E+00  5.6428E+00 -7.4030E-03  5.6421E-01  2.6019E-01  9.9575E-01 -2.4859E-01
  1.6825E+00  5.6533E+00 -7.4512E-03  5.6344E-01  2.2906E-01  1.0025E+00 -2.1572E-01
  1.6857E+00  5.6642E+00 -7.5035E-03  5.6281E-01  1.6548E-01  1.0096E+00 -1.4633E-01
  1.6889E+00  5.6747E+00 -7.5568E-03  5.6246E-01  1.0026E-01  1.0100E+00 -6.4129E-02
  1.6922E+00  5.6856E+00 -7.6155E-03  5.6234E-01  7.6177E-02  9.9988E-01  3.6542E-03
  1.6953E+00  5.6961E+00 -7.6734E-03  5.6237E-01  7.7906E-02  9.8864E-01  2.0889E-02
  1.6986E+00  5.7071E+00 -7.7330E-03  5.6236E-01  7.6673E-02  9.8401E-01 -1.8081E-02
  1.7017E+00  5.7176E+00 -7.7874E-03  5.6217E-01  1.1595E-01  9.8379E-01 -8.9023E-02
  1.7050E+00  5.7285E+00 -7.8404E-03  5.6173E-01  1.8238E-01  9.8425E-01 -1.6666E-01
  1.7081E+00  5.7390E+00 -7.8882E-03  5.6108E-01  2.3512E-01  9.8557E-01 -2.2320E-01
  1.7114E+00  5.7500E+00 -7.9358E-03  5.6027E-01  2.5658E-01  9.9046E-01 -2.4569E-01
  1.7146E+00  5.7605E+00 -7.9813E-03  5.5950E-01  2.3768E-01  9.9618E-01 -2.2583E-01
  1.7178E+00  5.7714E+00 -8.0303E-03  5.5882E-01  1.8467E-01  1.0034E+00 -1.6902E-01
  1.7210E+00  5.7819E+00 -8.0803E-03  5.5838E-01  1.1851E-01  1.0064E+00 -9.2257E-02
  1.7243E+00  5.7928E+00 -8.1359E-03  5.5818E-01  7.5708E-02  9.9948E-01 -1.7463E-02
  1.7274E+00  5.8033E+00 -8.1915E-03  5.5817E-01  7.4581E-02  9.8785E-01  1.6913E-02
  1.7307E+00  5.8143E+00 -8.2495E-03  5.5819E-01  7.2021E-02  9.8116E-01 -2.6131E-03
  1.7338E+00  5.8248E+00 -8.3030E-03  5.5807E-01  9.4900E-02  9.8024E-01 -6.2142E-02
  1.7371E+00  5.8357E+00 -8.3551E-03  5.5772E-01  1.5529E-01  9.8052E-01 -1.3783E-01
  1.7403E+00  5.8462E+00 -8.4016E-03  5.5716E-01  2.1224E-01  9.8116E-01 -1.9989E-01
  1.7435E+00  5.8572E+00 -8.4474E-03  5.5641E-01  2.4652E-01  9.8652E-01 -2.3594E-01
  1.7467E+00  5.8677E+00 -8.4906E-03  5.5565E-01  2.3988E-01  9.8957E-01 -2.2900E-01
  1.7500E+00  5.8786E+00 -8.5365E-03  5.5494E-01  2.0001E-01  9.9621E-01 -1.8674E-01
  1.7531E+00  5.8891E+00 -8.5832E-03  5.5443E-01  1.3949E-01  1.0014E+00 -1.1961E-01
  1.7564E+00  5.9000E+00 -8.6353E-03  5.5414E-01  8.3205E-02  9.9883E-01 -4.2731E-02
  1.7595E+00  5.9105E+00 -8.6884E-03  5.5407E-01  7.0858E-02  9.8833E-01  7.3346E-03
  1.7628E+00  5.9215E+00 -8.7447E-03  5.5410E-01  7.0394E-02  9.7900E-01  1.0192E-02
  1.7659E+00  5.9320E+00 -8.7975E-03  5.5405E-01  7.6958E-02  9.7654E-01 -3.3430E-02
  1.7692E+00  5.9429E+00 -8.8491E-03  5.5381E-01  1.2419E-01  9.7671E-01 -1.0317E-01
  1.7724E+00  5.9534E+00 -8.8951E-03  5.5336E-01  1.8108E-01  9.7720E-01 -1.6743E-01
  1.7756E+00  5.9644E+00 -8.9398E-03  5.5270E-01  2.2346E-01  9.7904E-01 -2.1259E-01
  1.7788E+00  5.9749E+00 -8.9812E-03  5.5199E-01  2.3402E-01  9.8285E-01 -2.2365E-01
  1.7821E+00  5.9858E+00 -9.0244E-03  5.5127E-01  2.1025E-01  9.8874E-01 -1.9859E-01
  1.7852E+00  5.9963E+00 -9.0679E-03  5.5070E-01  1.5981E-01  9.9504E-01 -1.4402E-01
  1.7885E+00  6.0072E+00 -9.1165E-03  5.5033E-01  9.8501E-02  9.9645E-01 -7.0132E-02
  1.7916E+00  6.0177E+00 -9.1666E-03  5.5019E-01  6.9135E-02  9.8855E-01 -9.6748E-03
  1.7949E+00  6.0287E+00 -9.2209E-03  5.5019E-01  6.8730E-02  9.7766E-01  1.2679E-02
  1.7981E+00  6.0392E+00 -9.2725E-03  5.5018E-01  6.8591E-02  9.7309E-01 -1.4267E-02
  1.8013E+00  6.0501E+00 -9.3234E-03  5.5002E-01  1.0137E-01  9.7282E-01 -7.6152E-02
  1.8045E+00  6.0606E+00 -9.3687E-03  5.4965E-01  1.5697E-01  9.7311E-01 -1.4208E-01
  1.8078E+00  6.0715E+00 -9.4121E-03  5.4907E-01  2.0739E-01  9.7396E-01 -1.9641E-01
  1.8109E+00  6.0820E+00 -9.4516E-03  5.4839E-01  2.3022E-01  9.7767E-01 -2.2037E-01
  1.8142E+00  6.0930E+00 -9.4922E-03  5.4766E-01  2.1740E-01  9.8262E-01 -2.0691E-01
  1.8173E+00  6.1035E+00 -9.5326E-03  5.4705E-01  1.7617E-01  9.8879E-01 -1.6296E-01
  1.8206E+00  6.1144E+00 -9.5778E-03  5.4661E-01  1.1608E-01  9.9244E-01 -9.4808E-02
  1.8237E+00  6.1249E+00 -9.6248E-03  5.4640E-01  7.2801E-02  9.8750E-01 -2.9674E-02
  1.8270E+00  6.1358E+00 -9.6766E-03  5.4636E-01  6.6027E-02  9.7655E-01  7.5212E-03
  1.8302E+00  6.1463E+00 -9.7267E-03  5.4636E-01  6.5091E-02  9.7008E-01 -2.8107E-03
  1.8334E+00  6.1573E+00 -9.7768E-03  5.4626E-01  8.3974E-02  9.6902E-01 -5.3397E-02
  1.8366E+00  6.1678E+00 -9.8213E-03  5.4597E-01  1.3364E-01  9.6925E-01 -1.1696E-01
  1.8399E+00  6.1787E+00 -9.8638E-03  5.4547E-01  1.8725E-01  9.6962E-01 -1.7579E-01
  1.8430E+00  6.1892E+00 -9.9017E-03  5.4484E-01  2.2029E-01  9.7411E-01 -2.1061E-01
  1.8463E+00  6.2001E+00 -9.9401E-03  5.4412E-01  2.1873E-01  9.7649E-01 -2.0899E-01
  1.8494E+00  6.2106E+00 -9.9777E-03  5.4349E-01  1.8862E-01  9.8203E-01 -1.7718E-01
  1.8527E+00  6.2216E+00 -1.0020E-02  5.4299E-01  1.3503E-01  9.8731E-01 -1.1844E-01
  1.8558E+00  6.2321E+00 -1.0063E-02  5.4270E-01  8.3518E-02  9.8620E-01 -5.2926E-02
  1.8591E+00  6.2430E+00 -1.0112E-02  5.4260E-01  6.3908E-02  9.7684E-01 -2.6773E-03
  1.8623E+00  6.2535E+00 -1.0161E-02  5.4260E-01  6.3429E-02  9.6814E-01  5.8296E-03
  1.8655E+00  6.2645E+00 -1.0210E-02  5.4256E-01  6.9325E-02  9.6539E-01 -2.9256E-02
  1.8687E+00  6.2750E+00 -1.0254E-02  5.4236E-01  1.0717E-01  9.6557E-01 -8.6905E-02
  1.8720E+00  6.2859E+00 -1.0296E-02  5.4196E-01  1.5997E-01  9.6592E-01 -1.4722E-01
  1.8751E+00  6.2964E+00 -1.0333E-02  5.4141E-01  1.9865E-01  9.6712E-01 -1.8858E-01
  1.8784E+00  6.3073E+00 -1.0370E-02  5.4075E-01  2.1248E-01  9.7036E-01 -2.0309E-01
  1.8815E+00  6.3178E+00 -1.0405E-02  5.4011E-01  1.9619E-01  9.7519E-01 -1.8594E-01
  1.8848E+00  6.3288E+00 -1.0444E-02  5.3956E-01  1.5273E-01  9.8125E-01 -1.3922E-01
  1.8880E+00  6.3393E+00 -1.0484E-02  5.3920E-01  9.9679E-02  9.8346E-01 -7.7434E-02
  1.8912E+00  6.3502E+00 -1.0530E-02  5.3903E-01  6.5058E-02  9.7699E-01 -1.9022E-02
  1.8944E+00  6.3607E+00 -1.0576E-02  5.3901E-01  6.1730E-02  9.6722E-01  5.5933E-03
  1.8977E+00  6.3716E+00 -1.0624E-02  5.3899E-01  6.2517E-02  9.6227E-01 -1.3506E-02
  1.9008E+00  6.3821E+00 -1.0667E-02  5.3886E-01  8.7993E-02  9.6201E-01 -6.3517E-02
  1.9041E+00  6.3931E+00 -1.0709E-02  5.3854E-01  1.3860E-01  9.6230E-01 -1.2457E-01
  1.9072E+00  6.4036E+00 -1.0745E-02  5.3805E-01  1.8338E-01  9.6282E-01 -1.7307E-01
  1.9105E+00  6.4145E+00 -1.0779E-02  5.3742E-01  2.0861E-01  9.6626E-01 -1.9959E-01
  1.9136E+00  6.4250E+00 -1.0812E-02  5.3678E-01  2.0149E-01  9.6991E-01 -1.9213E-01
  1.9169E+00  6.4359E+00 -1.0847E-02  5.3619E-01  1.6675E-01  9.7568E-01 -1.5524E-01
  1.9201E+00  6.4464E+00 -1.0884E-02  5.3577E-01  1.1626E-01  9.7957E-01 -9.8996E-02
  1.9233E+00  6.4574E+00 -1.0926E-02  5.3554E-01  7.1241E-02  9.7605E-01 -3.7445E-02
  1.9265E+00  6.4679E+00 -1.0970E-02  5.3547E-01  5.9909E-02  9.6656E-01 -9.2378E-04
  1.9298E+00  6.4788E+00 -1.1016E-02  5.3546E-01  5.9544E-02  9.5975E-01 -4.5658E-03
  1.9329E+00  6.4893E+00 -1.1058E-02  5.3538E-01  7.3843E-02  9.5866E-01 -4.4156E-02
  1.9362E+00  6.5002E+00 -1.1099E-02  5.3513E-01  1.1805E-01  9.5895E-01 -1.0222E-01
  1.9393E+00  6.5107E+00 -1.1133E-02  5.3471E-01  1.6493E-01  9.5918E-01 -1.5405E-01
  1.9426E+00  6.5217E+00 -1.1167E-02  5.3413E-01  1.9866E-01  9.6180E-01 -1.8972E-01
  1.9458E+00  6.5322E+00 -1.1197E-02  5.3351E-01  2.0140E-01  9.6462E-01 -1.9259E-01
  1.9490E+00  6.5431E+00 -1.1229E-02  5.3290E-01  1.7691E-01  9.6965E-01 -1.6676E-01
  1.9522E+00  6.5536E+00 -1.1262E-02  5.3243E-01  1.3295E-01  9.7462E-01 -1.1904E-01
  1.9555E+00  6.5645E+00 -1.1300E-02  5.3213E-01  8.3049E-02  9.7464E-01 -5.8389E-02
  1.9586E+00  6.5750E+00 -1.1340E-02  5.3201E-01  5.9679E-02  9.6702E-01 -1.1889E-02
  1.9619E+00  6.5859E+00 -1.1384E-02  5.3200E-01  5.7873E-02  9.5829E-01  1.6600E-03
  1.9650E+00  6.5964E+00 -1.1425E-02  5.3196E-01  6.2325E-02  9.5543E-01 -2.3869E-02
  1.9683E+00  6.6074E+00 -1.1464E-02  5.3179E-01  9.4873E-02  9.5563E-01 -7.5491E-02
  1.9714E+00  6.6179E+00 -1.1498E-02  5.3146E-01  1.4032E-01  9.5591E-01 -1.2806E-01
  1.9747E+00  6.6288E+00 -1.1530E-02  5.3095E-01  1.7850E-01  9.5678E-01 -1.6908E-01
  1.9779E+00  6.6393E+00 -1.1558E-02  5.3038E-01  1.9381E-01  9.5933E-01 -1.8516E-01
  1.9811E+00  6.6502E+00 -1.1587E-02  5.2977E-01  1.8230E-01  9.6363E-01 -1.7306E-01
  1.9843E+00  6.6607E+00 -1.1616E-02  5.2927E-01  1.4768E-01  9.6902E-01 -1.3603E-01
  1.9876E+00  6.6717E+00 -1.1650E-02  5.2890E-01  9.8433E-02  9.7193E-01 -7.9873E-02
  1.9907E+00  6.6822E+00 -1.1686E-02  5.2873E-01  6.3445E-02  9.6719E-01 -2.7591E-02
  1.9940E+00  6.6931E+00 -1.1725E-02  5.2868E-01  5.6475E-02  9.5779E-01  3.6236E-04
  1.9971E+00  6.7036E+00 -1.1764E-02  5.2867E-01  5.7134E-02  9.5278E-01 -1.0908E-02
  2.0004E+00  6.7145E+00 -1.1801E-02  5.2856E-01  7.8060E-02  9.5241E-01 -5.4431E-02
  2.0036E+00  6.7250E+00 -1.1833E-02  5.2829E-01  1.2058E-01  9.5272E-01 -1.0687E-01
  2.0068E+00  6.7360E+00 -1.1862E-02  5.2785E-01  1.6366E-01  9.5306E-01 -1.5388E-01
  2.0100E+00  6.7465E+00 -1.1887E-02  5.2731E-01  1.8872E-01  9.5659E-01 -1.8028E-01
  2.0132E+00  6.7574E+00 -1.1911E-02  5.2671E-01  1.8576E-01  9.5900E-01 -1.7719E-01
  2.0164E+00  6.7679E+00 -1.1936E-02  5.2618E-01  1.5877E-01  9.6398E-01 -1.4860E-01
  2.0197E+00  6.7788E+00 -1.1964E-02  5.2577E-01  1.1299E-01  9.6821E-01 -9.8126E-02
  2.0228E+00  6.7893E+00 -1.1994E-02  5.2554E-01  7.1127E-02  9.6616E-01 -4.4132E-02
  2.0261E+00  6.8003E+00 -1.2028E-02  5.2545E-01  5.5482E-02  9.5739E-01 -5.8580E-03
  2.0292E+00  6.8108E+00 -1.2062E-02  5.2544E-01  5.4826E-02  9.5074E-01 -3.7341E-03
  2.0325E+00  6.8217E+00 -1.2095E-02  5.2538E-01  6.5758E-02  9.4936E-01 -3.6764E-02
  2.0357E+00  6.8322E+00 -1.2123E-02  5.2518E-01  1.0165E-01  9.4969E-01 -8.5842E-02
  2.0389E+00  6.8431E+00 -1.2148E-02  5.2481E-01  1.4587E-01  9.4985E-01 -1.3539E-01
  2.0421E+00  6.8536E+00 -1.2168E-02  5.2432E-01  1.7723E-01  9.5072E-01 -1.6873E-01
  2.0454E+00  6.8646E+00 -1.2186E-02  5.2374E-01  1.8383E-01  9.5440E-01 -1.7563E-01
  2.0485E+00  6.8751E+00 -1.2204E-02  5.2320E-01  1.6558E-01  9.5864E-01 -1.5640E-01
  2.0518E+00  6.8860E+00 -1.2224E-02  5.2275E-01  1.2656E-01  9.6362E-01 -1.1421E-01
  2.0549E+00  6.8965E+00 -1.2246E-02  5.2246E-01  8.2517E-02  9.6457E-01 -6.1992E-02
  2.0582E+00  6.9074E+00 -1.2273E-02  5.2234E-01  5.6184E-02  9.5802E-01 -1.5551E-02
  2.0613E+00  6.9179E+00 -1.2299E-02  5.2232E-01  5.3457E-02  9.4990E-01  1.1450E-03
  2.0646E+00  6.9288E+00 -1.2326E-02  5.2230E-01  5.6138E-02  9.4658E-01 -1.8020E-02
  2.0678E+00  6.9393E+00 -1.2348E-02  5.2217E-01  8.0590E-02  9.4677E-01 -6.0639E-02
  2.0710E+00  6.9503E+00 -1.2367E-02  5.2189E-01  1.2233E-01  9.4709E-01 -1.1026E-01
  2.0742E+00  6.9608E+00 -1.2381E-02  5.2147E-01  1.5694E-01  9.4765E-01 -1.4776E-01
  2.0775E+00  6.9717E+00 -1.2392E-02  5.2095E-01  1.7424E-01  9.4984E-01 -1.6603E-01
  2.0806E+00  6.9822E+00 -1.2402E-02  5.2043E-01  1.6735E-01  9.5339E-01 -1.5876E-01
  2.0839E+00  6.9931E+00 -1.2414E-02  5.1995E-01  1.3756E-01  9.5854E-01 -1.2691E-01
  2.0870E+00  7.0036E+00 -1.2427E-02  5.1962E-01  9.5593E-02  9.6180E-01 -7.9460E-02
  2.0903E+00  7.0146E+00 -1.2444E-02  5.1944E-01  6.0186E-02  9.5828E-01 -2.8807E-02
  2.0935E+00  7.0251E+00 -1.2463E-02  5.1940E-01  5.2300E-02  9.4996E-01 -2.2443E-04
  2.0967E+00  7.0360E+00 -1.2483E-02  5.1940E-01  5.2221E-02  9.4448E-01 -5.6726E-03
  2.0999E+00  7.0465E+00 -1.2500E-02  5.1933E-01  6.5718E-02  9.4402E-01 -4.0444E-02
  2.1032E+00  7.0574E+00 -1.2513E-02  5.1912E-01  1.0311E-01  9.4443E-01 -8.9207E-02
  2.1063E+00  7.0679E+00 -1.2522E-02  5.1877E-01  1.4117E-01  9.4466E-01 -1.3140E-01
  2.1096E+00  7.0789E+00 -1.2528E-02  5.1829E-01  1.6728E-01  9.4728E-01 -1.5912E-01
  2.1127E+00  7.0894E+00 -1.2533E-02  5.1778E-01  1.6799E-01  9.4958E-01 -1.5987E-01
  2.1160E+00  7.1003E+00 -1.2538E-02  5.1728E-01  1.4549E-01  9.5426E-01 -1.3598E-01
  2.1191E+00  7.1108E+00 -1.2545E-02  5.1692E-01  1.0732E-01  9.5846E-01 -9.3960E-02
  2.1224E+00  7.1217E+00 -1.2557E-02  5.1669E-01  6.7046E-02  9.5753E-01 -4.2697E-02
  2.1256E+00  7.1322E+00 -1.2571E-02  5.1662E-01  5.1552E-02  9.5012E-01 -5.9660E-03
  2.1288E+00  7.1431E+00 -1.2586E-02  5.1662E-01  5.0759E-02  9.4315E-01  1.0281E-03
  2.1320E+00  7.1536E+00 -1.2600E-02  5.1659E-01  5.6026E-02  9.4162E-01 -2.4085E-02
  2.1353E+00  7.1646E+00 -1.2612E-02  5.1644E-01  8.5528E-02  9.4205E-01 -6.9019E-02
  2.1384E+00  7.1751E+00 -1.2619E-02  5.1615E-01  1.2376E-01  9.4221E-01 -1.1302E-01
  2.1417E+00  7.1860E+00 -1.2623E-02  5.1572E-01  1.5508E-01  9.4286E-01 -1.4669E-01
  2.1448E+00  7.1965E+00 -1.2625E-02  5.1524E-01  1.6433E-01  9.4611E-01 -1.5642E-01
  2.1481E+00  7.2074E+00 -1.2628E-02  5.1475E-01  1.5001E-01  9.5000E-01 -1.4128E-01
  2.1513E+00  7.2179E+00 -1.2632E-02  5.1435E-01  1.1821E-01  9.5460E-01 -1.0684E-01
  2.1545E+00  7.2289E+00 -1.2640E-02  5.1408E-01  7.7141E-02  9.5636E-01 -5.8257E-02
  2.1577E+00  7.2394E+00 -1.2651E-02  5.1397E-01  5.2571E-02  9.5129E-01 -1.5579E-02
  2.1610E+00  7.2503E+00 -1.2664E-02  5.1396E-01  4.9917E-02  9.4324E-01  4.5995E-03
  2.1641E+00  7.2608E+00 -1.2678E-02  5.1396E-01  5.0084E-02  9.3973E-01 -7.9827E-03
  2.1674E+00  7.2717E+00 -1.2689E-02  5.1387E-01  6.7509E-02  9.3988E-01 -4.6049E-02
  2.1705E+00  7.2822E+00 -1.2696E-02  5.1366E-01  1.0232E-01  9.4024E-01 -8.9661E-02
  2.1738E+00  7.2931E+00 -1.2701E-02  5.1330E-01  1.3620E-01  9.4066E-01 -1.2700E-01
  2.1769E+00  7.3036E+00 -1.2702E-02  5.1287E-01  1.5391E-01  9.4240E-01 -1.4585E-01
  2.1802E+00  7.3146E+00 -1.2704E-02  5.1239E-01  1.5051E-01  9.4563E-01 -1.4224E-01
  2.1834E+00  7.3251E+00 -1.2706E-02  5.1197E-01  1.2712E-01  9.5019E-01 -1.1716E-01
  2.1866E+00  7.3360E+00 -1.2711E-02  5.1166E-01  8.8912E-02  9.5390E-01 -7.3910E-02
  2.1898E+00  7.3465E+00 -1.2720E-02  5.1150E-01  5.6967E-02  9.5174E-01 -2.8678E-02
  2.1931E+00  7.3574E+00 -1.2732E-02  5.1146E-01  4.8777E-02  9.4389E-01  1.9955E-03
  2.1962E+00  7.3679E+00 -1.2745E-02  5.1148E-01  4.8406E-02  9.3837E-01  1.6030E-03
  2.1995E+00  7.3789E+00 -1.2756E-02  5.1144E-01  5.5935E-02  9.3767E-01 -2.8272E-02
  2.2026E+00  7.3894E+00 -1.2764E-02  5.1129E-01  8.5381E-02  9.3814E-01 -7.0473E-02
  2.2059E+00  7.4003E+00 -1.2769E-02  5.1098E-01  1.2168E-01  9.3834E-01 -1.1176E-01
  2.2091E+00  7.4108E+00 -1.2770E-02  5.1059E-01  1.4663E-01  9.3943E-01 -1.3853E-01
  2.2123E+00  7.4217E+00 -1.2771E-02  5.1012E-01  1.5076E-01  9.4251E-01 -1.4288E-01
  2.2155E+00  7.4322E+00 -1.2772E-02  5.0969E-01  1.3377E-01  9.4655E-01 -1.2479E-01
  2.2187E+00  7.4431E+00 -1.2775E-02  5.0934E-01  9.9567E-02  9.5093E-01 -8.7067E-02
  2.2219E+00  7.4536E+00 -1.2782E-02  5.0914E-01  6.4028E-02  9.5101E-01 -4.2131E-02
  2.2252E+00  7.4646E+00 -1.2792E-02  5.0907E-01  4.8013E-02  9.4436E-01 -4.5488E-03
  2.2283E+00  7.4751E+00 -1.2804E-02  5.0908E-01  4.7740E-02  9.3758E-01  5.8165E-03
  2.2316E+00  7.4860E+00 -1.2815E-02  5.0907E-01  4.9351E-02  9.3561E-01 -1.4375E-02
  2.2347E+00  7.4965E+00 -1.2823E-02  5.0897E-01  7.0605E-02  9.3605E-01 -5.2551E-02
  2.2380E+00  7.5074E+00 -1.2828E-02  5.0873E-01  1.0607E-01  9.3625E-01 -9.5055E-02
  2.2412E+00  7.5179E+00 -1.2830E-02  5.0837E-01  1.3502E-01  9.3666E-01 -1.2658E-01
  2.2444E+00  7.5289E+00 -1.2830E-02  5.0793E-01  1.4715E-01  9.3947E-01 -1.3943E-01
  2.2476E+00  7.5394E+00 -1.2830E-02  5.0750E-01  1.3721E-01  9.4276E-01 -1.2888E-01
  2.2509E+00  7.5503E+00 -1.2831E-02  5.0713E-01  1.0928E-01  9.4729E-01 -9.8569E-02
  2.2540E+00  7.5608E+00 -1.2836E-02  5.0688E-01  7.3833E-02  9.4956E-01 -5.6767E-02
  2.2573E+00  7.5717E+00 -1.2844E-02  5.0677E-01  4.9147E-02  9.4548E-01 -1.4611E-02
  2.2604E+00  7.5822E+00 -1.2854E-02  5.0676E-01  4.6989E-02  9.3806E-01  6.8441E-03
  2.2637E+00  7.5931E+00 -1.2865E-02  5.0678E-01  4.6229E-02  9.3399E-01 -1.0378E-03
  2.2668E+00  7.6036E+00 -1.2873E-02  5.0673E-01  5.6387E-02  9.3404E-01 -3.2403E-02
  2.2701E+00  7.6146E+00 -1.2878E-02  5.0656E-01  8.7123E-02  9.3448E-01 -7.3937E-02
  2.2733E+00  7.6251E+00 -1.2880E-02  5.0627E-01  1.1774E-01  9.3476E-01 -1.0838E-01
  2.2765E+00  7.6360E+00 -1.2879E-02  5.0588E-01  1.3694E-01  9.3621E-01 -1.2899E-01
  2.2797E+00  7.6465E+00 -1.2877E-02  5.0547E-01  1.3670E-01  9.3892E-01 -1.2873E-01
  2.2830E+00  7.6574E+00 -1.2876E-02  5.0508E-01  1.1703E-01  9.4326E-01 -1.0756E-01
  2.2861E+00  7.6679E+00 -1.2878E-02  5.0479E-01  8.4791E-02  9.4704E-01 -7.1102E-02
  2.2894E+00  7.6788E+00 -1.2882E-02  5.0463E-01  5.3665E-02  9.4588E-01 -2.7545E-02
  2.2925E+00  7.6893E+00 -1.2889E-02  5.0460E-01  4.5722E-02  9.3906E-01  2.4724E-03
  2.2958E+00  7.7003E+00 -1.2897E-02  5.0462E-01  4.5734E-02  9.3307E-01  6.3050E-03
  2.2990E+00  7.7108E+00 -1.2904E-02  5.0461E-01  4.8327E-02  9.3212E-01 -1.7140E-02
  2.3022E+00  7.7217E+00 -1.2907E-02  5.0450E-01  7.2400E-02  9.3268E-01 -5.6609E-02
  2.3054E+00  7.7322E+00 -1.2907E-02  5.0426E-01  1.0429E-01  9.3288E-01 -9.4055E-02
  2.3087E+00  7.7431E+00 -1.2903E-02  5.0390E-01  1.2980E-01  9.3359E-01 -1.2176E-01
  2.3118E+00  7.7536E+00 -1.2898E-02  5.0351E-01  1.3648E-01  9.3637E-01 -1.2884E-01
  2.3151E+00  7.7646E+00 -1.2893E-02  5.0310E-01  1.2291E-01  9.4017E-01 -1.1433E-01
  2.3182E+00  7.7751E+00 -1.2889E-02  5.0279E-01  9.4569E-02  9.4437E-01 -8.3060E-02
  2.3215E+00  7.7860E+00 -1.2888E-02  5.0259E-01  6.0699E-02  9.4532E-01 -4.0543E-02
  2.3246E+00  7.7965E+00 -1.2889E-02  5.0253E-01  4.5145E-02  9.3991E-01 -5.1981E-03
  2.3279E+00  7.8074E+00 -1.2892E-02  5.0254E-01  4.5276E-02  9.3287E-01  8.6416E-03
  2.3311E+00  7.8179E+00 -1.2894E-02  5.0256E-01  4.4658E-02  9.3060E-01 -5.8442E-03
  2.3343E+00  7.8288E+00 -1.2893E-02  5.0249E-01  6.0179E-02  9.3107E-01 -4.0814E-02
  2.3375E+00  7.8393E+00 -1.2888E-02  5.0230E-01  9.0403E-02  9.3135E-01 -7.8884E-02
  2.3408E+00  7.8503E+00 -1.2880E-02  5.0199E-01  1.1926E-01  9.3165E-01 -1.1082E-01
  2.3439E+00  7.8608E+00 -1.2869E-02  5.0162E-01  1.3295E-01  9.3395E-01 -1.2542E-01
  2.3472E+00  7.8717E+00 -1.2858E-02  5.0122E-01  1.2601E-01  9.3702E-01 -1.1803E-01
  2.3503E+00  7.8822E+00 -1.2848E-02  5.0088E-01  1.0344E-01  9.4117E-01 -9.3503E-02
  2.3536E+00  7.8931E+00 -1.2839E-02  5.0064E-01  7.0380E-02  9.4401E-01 -5.4699E-02
  2.3568E+00  7.9036E+00 -1.2834E-02  5.0054E-01  4.7007E-02  9.4117E-01 -1.6322E-02
  2.3600E+00  7.9145E+00 -1.2830E-02  5.0053E-01  4.4313E-02  9.3393E-01  7.4745E-03
  2.3632E+00  7.9250E+00 -1.2827E-02  5.0056E-01  4.3613E-02  9.2964E-01  4.1163E-03
  2.3665E+00  7.9360E+00 -1.2822E-02  5.0054E-01  4.9366E-02  9.2952E-01 -2.3623E-02
  2.3696E+00  7.9465E+00 -1.2813E-02  5.0042E-01  7.4250E-02  9.3005E-01 -6.0317E-02
  2.3729E+00  7.9574E+00 -1.2801E-02  5.0016E-01  1.0416E-01  9.3031E-01 -9.4771E-02
  2.3760E+00  7.9679E+00 -1.2787E-02  4.9983E-01  1.2322E-01  9.3144E-01 -1.1541E-01
  2.3793E+00  7.9788E+00 -1.2771E-02  4.9945E-01  1.2573E-01  9.3397E-01 -1.1807E-01
  2.3824E+00  7.9893E+00 -1.2756E-02  4.9911E-01  1.1069E-01  9.3781E-01 -1.0188E-01
  2.3857E+00  8.0003E+00 -1.2742E-02  4.9883E-01  8.1337E-02  9.4186E-01 -6.8792E-02
  2.3889E+00  8.0108E+00 -1.2732E-02  4.9868E-01  5.2763E-02  9.4171E-01 -3.0124E-02
  2.3921E+00  8.0217E+00 -1.2723E-02  4.9864E-01  4.2981E-02  9.3549E-01  1.0906E-03
  2.3953E+00  8.0322E+00 -1.2717E-02  4.9867E-01  4.3401E-02  9.2955E-01  8.1046E-03
  2.3986E+00  8.0431E+00 -1.2709E-02  4.9868E-01  4.4023E-02  9.2820E-01 -1.1420E-02
  2.4017E+00  8.0536E+00 -1.2698E-02  4.9860E-01  6.2348E-02  9.2883E-01 -4.5638E-02
  2.4050E+00  8.0645E+00 -1.2684E-02  4.9839E-01  9.2758E-02  9.2909E-01 -8.2493E-02
  2.4081E+00  8.0750E+00 -1.2668E-02  4.9809E-01  1.1694E-01  9.2960E-01 -1.0900E-01
  2.4114E+00  8.0860E+00 -1.2650E-02  4.9772E-01  1.2633E-01  9.3209E-01 -1.1902E-01
  2.4146E+00  8.0965E+00 -1.2632E-02  4.9736E-01  1.1671E-01  9.3539E-01 -1.0872E-01
  2.4178E+00  8.1074E+00 -1.2615E-02  4.9705E-01  9.1368E-02  9.3965E-01 -8.0859E-02
  2.4210E+00  8.1179E+00 -1.2602E-02  4.9686E-01  6.1025E-02  9.4126E-01 -4.3753E-02
  2.4242E+00  8.1288E+00 -1.2590E-02  4.9679E-01  4.3055E-02  9.3671E-01 -8.1929E-03
  2.4274E+00  8.1393E+00 -1.2581E-02  4.9680E-01  4.2567E-02  9.3002E-01  7.4427E-03
  2.4307E+00  8.1502E+00 -1.2572E-02  4.9682E-01  4.1845E-02  9.2722E-01 -3.1155E-03
  2.4338E+00  8.1607E+00 -1.2561E-02  4.9677E-01  5.2982E-02  9.2765E-01 -3.2699E-02
  2.4371E+00  8.1717E+00 -1.2547E-02  4.9661E-01  8.1112E-02  9.2803E-01 -6.9612E-02
  2.4402E+00  8.1822E+00 -1.2530E-02  4.9635E-01  1.0787E-01  9.2823E-01 -9.9537E-02
  2.4435E+00  8.1931E+00 -1.2511E-02  4.9600E-01  1.2372E-01  9.3141E-01 -1.1651E-01
  2.4467E+00  8.2036E+00 -1.2492E-02  4.9564E-01  1.1989E-01  9.3282E-01 -1.1245E-01
  2.4499E+00  8.2145E+00 -1.2473E-02  4.9531E-01  1.0021E-01  9.3687E-01 -9.1128E-02
  2.4531E+00  8.2250E+00 -1.2457E-02  4.9508E-01  7.1345E-02  9.3995E-01 -5.7851E-02
  2.4564E+00  8.2359E+00 -1.2444E-02  4.9496E-01  4.6276E-02  9.3804E-01 -2.0266E-02
  2.4595E+00  8.2464E+00 -1.2434E-02  4.9495E-01  4.1421E-02  9.3155E-01  3.6653E-03
  2.4628E+00  8.2574E+00 -1.2424E-02  4.9497E-01  4.1186E-02  9.2671E-01  4.0119E-03
  2.4659E+00  8.2679E+00 -1.2413E-02  4.9496E-01  4.4872E-02  9.2635E-01 -1.8415E-02
  2.4692E+00  8.2788E+00 -1.2399E-02  4.9485E-01  6.7202E-02  9.2698E-01 -5.3336E-02
  2.4723E+00  8.2893E+00 -1.2383E-02  4.9464E-01  9.4420E-02  9.2721E-01 -8.5140E-02
  2.4756E+00  8.3002E+00 -1.2364E-02  4.9433E-01  1.1463E-01  9.2813E-01 -1.0713E-01
  2.4788E+00  8.3107E+00 -1.2344E-02  4.9398E-01  1.1923E-01  9.3029E-01 -1.1203E-01
  2.4820E+00  8.3216E+00 -1.2325E-02  4.9364E-01  1.0700E-01  9.3391E-01 -9.8882E-02
  2.4852E+00  8.3321E+00 -1.2308E-02  4.9338E-01  8.2087E-02  9.3784E-01 -7.1133E-02
  2.4885E+00  8.3431E+00 -1.2293E-02  4.9321E-01  5.3263E-02  9.3851E-01 -3.4087E-02
  2.4916E+00  8.3536E+00 -1.2281E-02  4.9316E-01  4.0865E-02  9.3332E-01 -4.2347E-03
  2.4949E+00  8.3645E+00 -1.2270E-02  4.9318E-01  4.0767E-02  9.2700E-01  6.0378E-03
  2.4980E+00  8.3750E+00 -1.2259E-02  4.9319E-01  4.1076E-02  9.2527E-01 -8.4774E-03
  2.5013E+00  8.3859E+00 -1.2246E-02  4.9312E-01  5.6880E-02  9.2589E-01 -4.0280E-02
  2.5045E+00  8.3964E+00 -1.2230E-02  4.9295E-01  8.3920E-02  9.2618E-01 -7.3716E-02
  2.5077E+00  8.4074E+00 -1.2212E-02  4.9266E-01  1.0858E-01  9.2656E-01 -1.0093E-01
  2.5109E+00  8.4179E+00 -1.2192E-02  4.9233E-01  1.1950E-01  9.2865E-01 -1.1258E-01
  2.5142E+00  8.4288E+00 -1.2172E-02  4.9198E-01  1.1247E-01  9.3173E-01 -1.0508E-01
  2.5173E+00  8.4393E+00 -1.2154E-02  4.9168E-01  9.1465E-02  9.3568E-01 -8.2154E-02
  2.5206E+00  8.4502E+00 -1.2137E-02  4.9148E-01  6.1992E-02  9.3789E-01 -4.7162E-02
  2.5237E+00  8.4607E+00 -1.2124E-02  4.9139E-01  4.2448E-02  9.3444E-01 -1.4127E-02
  2.5270E+00  8.4716E+00 -1.2113E-02  4.9139E-01  3.9899E-02  9.2763E-01  4.1248E-03
  2.5301E+00  8.4821E+00 -1.2102E-02  4.9140E-01  3.9557E-02  9.2445E-01 -2.1028E-03
  2.5334E+00  8.4931E+00 -1.2089E-02  4.9136E-01  4.8851E-02  9.2472E-01 -2.8801E-02
  2.5366E+00  8.5036E+00 -1.2074E-02  4.9123E-01  7.3282E-02  9.2516E-01 -6.1778E-02
  2.5398E+00  8.5145E+00 -1.2056E-02  4.9098E-01  1.0000E-01  9.2531E-01 -9.1936E-02
  2.5430E+00  8.5250E+00 -1.2037E-02  4.9067E-01  1.1637E-01  9.2824E-01 -1.0950E-01
  2.5463E+00  8.5359E+00 -1.2017E-02  4.9031E-01  1.1505E-01  9.2940E-01 -1.0810E-01
  2.5494E+00  8.5464E+00 -1.1998E-02  4.9000E-01  9.9252E-02  9.3302E-01 -9.1073E-02
  2.5527E+00  8.5573E+00 -1.1980E-02  4.8976E-01  7.2055E-02  9.3642E-01 -6.0245E-02
  2.5558E+00  8.5678E+00 -1.1966E-02  4.8963E-01  4.7355E-02  9.3547E-01 -2.6225E-02
  2.5591E+00  8.5788E+00 -1.1954E-02  4.8960E-01  3.9123E-02  9.2929E-01 -6.2999E-04
  2.5623E+00  8.5893E+00 -1.1943E-02  4.8962E-01  3.8973E-02  9.2427E-01  2.9612E-03
  2.5655E+00  8.6002E+00 -1.1931E-02  4.8961E-01  4.2017E-02  9.2351E-01 -1.6174E-02
  2.5687E+00  8.6107E+00 -1.1917E-02  4.8952E-01  6.0744E-02  9.2416E-01 -4.6777E-02
  2.5719E+00  8.6216E+00 -1.1900E-02  4.8932E-01  8.7423E-02  9.2440E-01 -7.8391E-02
  2.5751E+00  8.6321E+00 -1.1882E-02  4.8904E-01  1.0704E-01  9.2506E-01 -9.9812E-02
  2.5784E+00  8.6430E+00 -1.1862E-02  4.8871E-01  1.1371E-01  9.2703E-01 -1.0694E-01
  2.5815E+00  8.6535E+00 -1.1842E-02  4.8839E-01  1.0478E-01  9.3017E-01 -9.7365E-02
  2.5848E+00  8.6645E+00 -1.1824E-02  4.8811E-01  8.2051E-02  9.3418E-01 -7.2286E-02
  2.5879E+00  8.6750E+00 -1.1809E-02  4.8794E-01  5.5380E-02  9.3549E-01 -3.9499E-02
  2.5912E+00  8.6859E+00 -1.1795E-02  4.8788E-01  3.9601E-02  9.3098E-01 -8.9452E-03
  2.5944E+00  8.6964E+00 -1.1784E-02  4.8788E-01  3.8425E-02  9.2483E-01  3.3662E-03
  2.5976E+00  8.7073E+00 -1.1772E-02  4.8789E-01  3.8891E-02  9.2251E-01 -7.6323E-03
  2.6008E+00  8.7178E+00 -1.1759E-02  4.8783E-01  5.1610E-02  9.2305E-01 -3.4805E-02
  2.6041E+00  8.7287E+00 -1.1743E-02  4.8767E-01  7.7485E-02  9.2341E-01 -6.7490E-02
  2.6072E+00  8.7392E+00 -1.1725E-02  4.8742E-01  1.0066E-01  9.2365E-01 -9.3205E-02
  2.6105E+00  8.7502E+00 -1.1705E-02  4.8709E-01  1.1353E-01  9.2585E-01 -1.0697E-01
  2.6136E+00  8.7607E+00 -1.1686E-02  4.8677E-01  1.0929E-01  9.2814E-01 -1.0245E-01
  2.6169E+00  8.7716E+00 -1.1667E-02  4.8647E-01  9.0603E-02  9.3204E-01 -8.2183E-02
  2.6201E+00  8.7821E+00 -1.1651E-02  4.8626E-01  6.4291E-02  9.3457E-01 -5.1720E-02
  2.6233E+00  8.7930E+00 -1.1637E-02  4.8616E-01  4.2417E-02  9.3196E-01 -1.8791E-02
  2.6265E+00  8.8035E+00 -1.1625E-02  4.8614E-01  3.7726E-02  9.2564E-01  2.9487E-04
  2.6297E+00  8.8144E+00 -1.1613E-02  4.8615E-01  3.7609E-02  9.2184E-01 -2.5017E-03
  2.6329E+00  8.8249E+00 -1.1601E-02  4.8612E-01  4.4811E-02  9.2191E-01 -2.4556E-02
  2.6362E+00  8.8359E+00 -1.1585E-02  4.8599E-01  6.7597E-02  9.2244E-01 -5.6274E-02
  2.6393E+00  8.8464E+00 -1.1568E-02  4.8578E-01  9.2235E-02  9.2255E-01 -8.4314E-02
  2.6426E+00  8.8573E+00 -1.1549E-02  4.8548E-01  1.0990E-01  9.2436E-01 -1.0334E-01
  2.6457E+00  8.8678E+00 -1.1530E-02  4.8515E-01  1.1096E-01  9.2596E-01 -1.0447E-01
  2.6490E+00  8.8787E+00 -1.1510E-02  4.8484E-01  9.7435E-02  9.2941E-01 -8.9942E-02
  2.6522E+00  8.8892E+00 -1.1493E-02  4.8460E-01  7.3858E-02  9.3279E-01 -6.3602E-02
  2.6554E+00  8.9001E+00 -1.1478E-02  4.8445E-01  4.8323E-02  9.3262E-01 -3.0496E-02
  2.6586E+00  8.9106E+00 -1.1466E-02  4.8441E-01  3.7627E-02  9.2729E-01 -5.4834E-03
  2.6619E+00  8.9216E+00 -1.1454E-02  4.8441E-01  3.6981E-02  9.2180E-01  1.1804E-03
  2.6650E+00  8.9321E+00 -1.1442E-02  4.8440E-01  3.9284E-02  9.2068E-01 -1.3542E-02
  2.6683E+00  8.9430E+00 -1.1428E-02  4.8432E-01  5.6132E-02  9.2135E-01 -4.2339E-02
  2.6714E+00  8.9535E+00 -1.1412E-02  4.8415E-01  8.0280E-02  9.2160E-01 -7.1344E-02
  2.6747E+00  8.9644E+00 -1.1393E-02  4.8388E-01  1.0067E-01  9.2210E-01 -9.3719E-02
  2.6778E+00  8.9749E+00 -1.1375E-02  4.8358E-01  1.0864E-01  9.2376E-01 -1.0223E-01
  2.6811E+00  8.9858E+00 -1.1355E-02  4.8326E-01  1.0197E-01  9.2668E-01 -9.5089E-02
  2.6843E+00  8.9963E+00 -1.1337E-02  4.8300E-01  8.2913E-02  9.3042E-01 -7.4246E-02
  2.6875E+00  9.0073E+00 -1.1321E-02  4.8281E-01  5.6700E-02  9.3233E-01 -4.3026E-02
  2.6907E+00  9.0178E+00 -1.1308E-02  4.8273E-01  3.9423E-02  9.2885E-01 -1.4287E-02
  2.6940E+00  9.0287E+00 -1.1296E-02  4.8272E-01  3.6456E-02  9.2255E-01  5.6851E-04
  2.6971E+00  9.0392E+00 -1.1284E-02  4.8272E-01  3.6876E-02  9.1982E-01 -6.4635E-03
  2.7004E+00  9.0501E+00 -1.1271E-02  4.8267E-01  4.7909E-02  9.2026E-01 -3.1292E-02
  2.7035E+00  9.0606E+00 -1.1256E-02  4.8253E-01  7.0769E-02  9.2067E-01 -6.0783E-02
  2.7068E+00  9.0715E+00 -1.1238E-02  4.8230E-01  9.4195E-02  9.2085E-01 -8.6964E-02
  2.7100E+00  9.0820E+00 -1.1219E-02  4.8200E-01  1.0774E-01  9.2339E-01 -1.0147E-01
  2.7132E+00  9.0930E+00 -1.1200E-02  4.8168E-01  1.0572E-01  9.2480E-01 -9.9324E-02
  2.7164E+00  9.1035E+00 -1.1182E-02  4.8139E-01  9.0511E-02  9.2832E-01 -8.2913E-02
  2.7197E+00  9.1144E+00 -1.1165E-02  4.8117E-01  6.5406E-02  9.3125E-01 -5.4370E-02
  2.7228E+00  9.1249E+00 -1.1151E-02  4.8106E-01  4.3549E-02  9.2961E-01 -2.4139E-02
  2.7261E+00  9.1358E+00 -1.1138E-02  4.8103E-01  3.6102E-02  9.2346E-01 -3.1442E-03
  2.7292E+00  9.1463E+00 -1.1127E-02  4.8103E-01  3.5870E-02  9.1937E-01 -2.7001E-03
  2.7325E+00  9.1572E+00 -1.1114E-02  4.8100E-01  4.1973E-02  9.1916E-01 -2.2043E-02
  2.7356E+00  9.1677E+00 -1.1100E-02  4.8089E-01  6.1579E-02  9.1973E-01 -5.0178E-02
  2.7389E+00  9.1787E+00 -1.1083E-02  4.8069E-01  8.6019E-02  9.1985E-01 -7.8286E-02
  2.7421E+00  9.1892E+00 -1.1065E-02  4.8042E-01  1.0335E-01  9.2038E-01 -9.7023E-02
  2.7453E+00  9.2001E+00 -1.1045E-02  4.8010E-01  1.0677E-01  9.2274E-01 -1.0064E-01
  2.7485E+00  9.2106E+00 -1.1027E-02  4.7980E-01  9.6254E-02  9.2576E-01 -8.9390E-02
  2.7518E+00  9.2215E+00 -1.1009E-02  4.7955E-01  7.4344E-02  9.2929E-01 -6.5171E-02
  2.7549E+00  9.2320E+00 -1.0995E-02  4.7940E-01  5.0354E-02  9.2982E-01 -3.5464E-02
  2.7582E+00  9.2429E+00 -1.0981E-02  4.7934E-01  3.6744E-02  9.2503E-01 -9.4088E-03
  2.7613E+00  9.2534E+00 -1.0970E-02  4.7933E-01  3.5278E-02  9.1957E-01 -5.7788E-04
  2.7646E+00  9.2644E+00 -1.0958E-02  4.7933E-01  3.7264E-02  9.1793E-01 -1.2309E-02
  2.7678E+00  9.2749E+00 -1.0944E-02  4.7926E-01  5.1215E-02  9.1855E-01 -3.7244E-02
  2.7710E+00  9.2858E+00 -1.0928E-02  4.7909E-01  7.4682E-02  9.1886E-01 -6.5911E-02
  2.7742E+00  9.2963E+00 -1.0911E-02  4.7886E-01  9.4176E-02  9.1918E-01 -8.7400E-02
  2.7774E+00  9.3072E+00 -1.0892E-02  4.7856E-01  1.0379E-01  9.2066E-01 -9.7683E-02
  2.7806E+00  9.3177E+00 -1.0874E-02  4.7826E-01  9.9620E-02  9.2315E-01 -9.3227E-02
  2.7839E+00  9.3286E+00 -1.0856E-02  4.7799E-01  8.2526E-02  9.2685E-01 -7.4645E-02
  2.7870E+00  9.3391E+00 -1.0841E-02  4.7780E-01  5.8927E-02  9.2910E-01 -4.7235E-02
  2.7903E+00  9.3501E+00 -1.0827E-02  4.7770E-01  3.9566E-02  9.2638E-01 -1.8293E-02
  2.7934E+00  9.3606E+00 -1.0815E-02  4.7768E-01  3.4906E-02  9.2049E-01 -2.3915E-03
  2.7967E+00  9.3715E+00 -1.0803E-02  4.7768E-01  3.5237E-02  9.1715E-01 -6.3433E-03
  2.7999E+00  9.3820E+00 -1.0790E-02  4.7764E-01  4.3995E-02  9.1741E-01 -2.7130E-02
  2.8031E+00  9.3929E+00 -1.0775E-02  4.7751E-01  6.5636E-02  9.1791E-01 -5.5771E-02
  2.8063E+00  9.4034E+00 -1.0759E-02  4.7730E-01  8.7470E-02  9.1803E-01 -8.0352E-02
  2.8096E+00  9.4143E+00 -1.0740E-02  4.7702E-01  1.0235E-01  9.1996E-01 -9.6335E-02
  2.8127E+00  9.4248E+00 -1.0722E-02  4.7671E-01  1.0252E-01  9.2137E-01 -9.6514E-02
  2.8160E+00  9.4358E+00 -1.0704E-02  4.7643E-01  8.9319E-02  9.2475E-01 -8.2326E-02
  2.8191E+00  9.4463E+00 -1.0688E-02  4.7621E-01  6.7317E-02  9.2775E-01 -5.7679E-02
  2.8224E+00  9.4572E+00 -1.0673E-02  4.7608E-01  4.4470E-02  9.2689E-01 -2.7897E-02
  2.8255E+00  9.4677E+00 -1.0661E-02  4.7603E-01  3.5077E-02  9.2144E-01 -6.9044E-03
  2.8288E+00  9.4786E+00 -1.0649E-02  4.7603E-01  3.4367E-02  9.1681E-01 -3.5556E-03
  2.8320E+00  9.4891E+00 -1.0637E-02  4.7600E-01  3.9041E-02  9.1631E-01 -1.8957E-02
  2.8352E+00  9.5000E+00 -1.0622E-02  4.7591E-01  5.7083E-02  9.1695E-01 -4.5770E-02
  2.8384E+00  9.5105E+00 -1.0607E-02  4.7573E-01  7.9449E-02  9.1707E-01 -7.1772E-02
  2.8417E+00  9.5215E+00 -1.0589E-02  4.7546E-01  9.7615E-02  9.1746E-01 -9.1490E-02
  2.8448E+00  9.5320E+00 -1.0571E-02  4.7517E-01  1.0282E-01  9.1958E-01 -9.7014E-02
  2.8481E+00  9.5429E+00 -1.0553E-02  4.7487E-01  9.4225E-02  9.2241E-01 -8.7836E-02
  2.8512E+00  9.5534E+00 -1.0536E-02  4.7463E-01  7.5519E-02  9.2575E-01 -6.7341E-02
  2.8545E+00  9.5643E+00 -1.0521E-02  4.7446E-01  5.1621E-02  9.2690E-01 -3.8689E-02
  2.8577E+00  9.5748E+00 -1.0508E-02  4.7439E-01  3.6687E-02  9.2303E-01 -1.3796E-02
  2.8609E+00  9.5857E+00 -1.0496E-02  4.7437E-01  3.3843E-02  9.1734E-01 -2.4992E-03
  2.8641E+00  9.5962E+00 -1.0485E-02  4.7437E-01  3.5286E-02  9.1534E-01 -1.0640E-02
  2.8674E+00  9.6071E+00 -1.0471E-02  4.7430E-01  4.7641E-02  9.1592E-01 -3.3747E-02
  2.8705E+00  9.6176E+00 -1.0457E-02  4.7416E-01  6.8667E-02  9.1628E-01 -5.9886E-02
  2.8738E+00  9.6286E+00 -1.0440E-02  4.7393E-01  8.8668E-02  9.1651E-01 -8.2072E-02
  2.8769E+00  9.6391E+00 -1.0423E-02  4.7366E-01  9.8982E-02  9.1770E-01 -9.3123E-02
  2.8802E+00  9.6500E+00 -1.0404E-02  4.7336E-01  9.6739E-02  9.2000E-01 -9.0724E-02
  2.8833E+00  9.6605E+00 -1.0388E-02  4.7310E-01  8.2709E-02  9.2333E-01 -7.5553E-02
  2.8866E+00  9.6714E+00 -1.0372E-02  4.7290E-01  6.0031E-02  9.2598E-01 -4.9678E-02
  2.8898E+00  9.6819E+00 -1.0359E-02  4.7280E-01  4.0637E-02  9.2420E-01 -2.2858E-02
  2.8930E+00  9.6928E+00 -1.0347E-02  4.7276E-01  3.3734E-02  9.1842E-01 -5.0513E-03
  2.8962E+00  9.7033E+00 -1.0335E-02  4.7276E-01  3.3721E-02  9.1480E-01 -5.9539E-03
  2.8995E+00  9.7143E+00 -1.0323E-02  4.7272E-01  4.1198E-02  9.1484E-01 -2.4450E-02
  2.9026E+00  9.7248E+00 -1.0309E-02  4.7261E-01  6.0065E-02  9.1539E-01 -5.0095E-02
  2.9059E+00  9.7357E+00 -1.0293E-02  4.7241E-01  8.1941E-02  9.1550E-01 -7.4959E-02
  2.9090E+00  9.7462E+00 -1.0277E-02  4.7215E-01  9.6767E-02  9.1623E-01 -9.0939E-02
  2.9123E+00  9.7571E+00 -1.0259E-02  4.7185E-01  9.9011E-02  9.1838E-01 -9.3314E-02
  2.9155E+00  9.7676E+00 -1.0242E-02  4.7158E-01  8.8603E-02  9.2136E-01 -8.2165E-02
  2.9187E+00  9.7785E+00 -1.0226E-02  4.7135E-01  6.7957E-02  9.2455E-01 -5.9280E-02
  2.9219E+00  9.7890E+00 -1.0212E-02  4.7121E-01  4.6270E-02  9.2446E-01 -3.2246E-02
  2.9252E+00  9.8000E+00 -1.0200E-02  4.7115E-01  3.4436E-02  9.1942E-01 -9.9536E-03
  2.9283E+00  9.8105E+00 -1.0189E-02  4.7114E-01  3.3046E-02  9.1470E-01 -4.2907E-03
  2.9316E+00  9.8214E+00 -1.0177E-02  4.7112E-01  3.6917E-02  9.1380E-01 -1.7129E-02
  2.9347E+00  9.8319E+00 -1.0165E-02  4.7104E-01  5.2166E-02  9.1444E-01 -4.0652E-02
  2.9380E+00  9.8428E+00 -1.0150E-02  4.7087E-01  7.4140E-02  9.1462E-01 -6.6561E-02
  2.9411E+00  9.8533E+00 -1.0134E-02  4.7063E-01  9.1626E-02  9.1485E-01 -8.5624E-02
  2.9444E+00  9.8642E+00 -1.0117E-02  4.7034E-01  9.8774E-02  9.1677E-01 -9.3227E-02
  2.9476E+00  9.8747E+00 -1.0100E-02  4.7006E-01  9.2531E-02  9.1919E-01 -8.6571E-02
  2.9508E+00  9.8857E+00 -1.0084E-02  4.6981E-01  7.5414E-02  9.2254E-01 -6.7935E-02
  2.9540E+00  9.8962E+00 -1.0071E-02  4.6964E-01  5.3624E-02  9.2412E-01 -4.2454E-02
  2.9573E+00  9.9071E+00 -1.0058E-02  4.6955E-01  3.6784E-02  9.2091E-01 -1.7023E-02
  2.9604E+00  9.9176E+00 -1.0048E-02  4.6953E-01  3.2688E-02  9.1549E-01 -4.4369E-03
  2.9637E+00  9.9285E+00 -1.0037E-02  4.6952E-01  3.3739E-02  9.1294E-01 -9.8626E-03
  2.9668E+00  9.9390E+00 -1.0026E-02  4.6946E-01  4.3703E-02  9.1340E-01 -2.9495E-02
  2.9701E+00  9.9499E+00 -1.0012E-02  4.6933E-01  6.3856E-02  9.1384E-01 -5.5127E-02
  2.9733E+00  9.9604E+00 -9.9979E-03  4.6913E-01  8.2732E-02  9.1398E-01 -7.6213E-02
  2.9765E+00  9.9714E+00 -9.9820E-03  4.6886E-01  9.4333E-02  9.1497E-01 -8.8676E-02
  2.9797E+00  9.9819E+00 -9.9665E-03  4.6859E-01  9.3966E-02  9.1691E-01 -8.8277E-02
  2.9829E+00  9.9928E+00 -9.9510E-03  4.6832E-01  8.1688E-02  9.2012E-01 -7.5047E-02
  2.9861E+00  1.0003E+01 -9.9376E-03  4.6813E-01  6.1678E-02  9.2287E-01 -5.2533E-02
  2.9894E+00  1.0014E+01 -9.9256E-03  4.6800E-01  4.1345E-02  9.2181E-01 -2.5881E-02
  2.9925E+00  1.0025E+01 -9.9157E-03  4.6796E-01  3.2968E-02  9.1665E-01 -7.8004E-03
  2.9958E+00  1.0036E+01 -9.9061E-03  4.6795E-01  3.2422E-02  9.1252E-01 -6.0192E-03
  2.9989E+00  1.0046E+01 -9.8965E-03  4.6791E-01  3.8112E-02  9.1228E-01 -2.0976E-02
  3.0022E+00  1.0057E+01 -9.8851E-03  4.6781E-01  5.5617E-02  9.1292E-01 -4.5624E-02
  3.0054E+00  1.0068E+01 -9.8727E-03  4.6764E-01  7.5786E-02  9.1302E-01 -6.8805E-02
  3.0086E+00  1.0078E+01 -9.8586E-03  4.6739E-01  9.1480E-02  9.1345E-01 -8.5797E-02
  3.0118E+00  1.0089E+01 -9.8446E-03  4.6711E-01  9.5382E-02  9.1540E-01 -8.9938E-02
  3.0151E+00  1.0100E+01 -9.8306E-03  4.6683E-01  8.6717E-02  9.1820E-01 -8.0671E-02
  3.0182E+00  1.0110E+01 -9.8184E-03  4.6661E-01  6.8914E-02  9.2129E-01 -6.1097E-02
  3.0215E+00  1.0121E+01 -9.8077E-03  4.6646E-01  4.7128E-02  9.2182E-01 -3.4729E-02
  3.0246E+00  1.0132E+01 -9.7993E-03  4.6639E-01  3.4262E-02  9.1761E-01 -1.3047E-02
  3.0279E+00  1.0143E+01 -9.7918E-03  4.6637E-01  3.1861E-02  9.1253E-01 -4.9352E-03
  3.0310E+00  1.0153E+01 -9.7846E-03  4.6635E-01  3.4560E-02  9.1128E-01 -1.4425E-02
  3.0343E+00  1.0164E+01 -9.7763E-03  4.6627E-01  4.8150E-02  9.1193E-01 -3.6506E-02
  3.0375E+00  1.0175E+01 -9.7670E-03  4.6613E-01  6.7965E-02  9.1216E-01 -6.0294E-02
  3.0407E+00  1.0186E+01 -9.7562E-03  4.6590E-01  8.5977E-02  9.1229E-01 -8.0066E-02
  3.0439E+00  1.0196E+01 -9.7452E-03  4.6563E-01  9.4286E-02  9.1392E-01 -8.8925E-02
  3.0472E+00  1.0207E+01 -9.7343E-03  4.6535E-01  8.9666E-02  9.1616E-01 -8.3999E-02
  3.0503E+00  1.0218E+01 -9.7249E-03  4.6511E-01  7.5284E-02  9.1923E-01 -6.8407E-02
  3.0536E+00  1.0228E+01 -9.7170E-03  4.6493E-01  5.4105E-02  9.2124E-01 -4.4015E-02
  3.0567E+00  1.0239E+01 -9.7115E-03  4.6483E-01  3.7241E-02  9.1891E-01 -2.0098E-02
  3.0600E+00  1.0250E+01 -9.7075E-03  4.6480E-01  3.1626E-02  9.1345E-01 -5.5394E-03
  3.0632E+00  1.0260E+01 -9.7043E-03  4.6479E-01  3.2043E-02  9.1057E-01 -8.0612E-03
  3.0664E+00  1.0271E+01 -9.7007E-03  4.6474E-01  4.0313E-02  9.1084E-01 -2.5781E-02
  3.0696E+00  1.0282E+01 -9.6961E-03  4.6462E-01  5.7895E-02  9.1133E-01 -4.8912E-02
  3.0729E+00  1.0293E+01 -9.6902E-03  4.6443E-01  7.6928E-02  9.1143E-01 -7.0432E-02
  3.0760E+00  1.0303E+01 -9.6839E-03  4.6419E-01  8.8708E-02  9.1216E-01 -8.3143E-02
  3.0793E+00  1.0314E+01 -9.6774E-03  4.6391E-01  8.9955E-02  9.1393E-01 -8.4467E-02
  3.0824E+00  1.0325E+01 -9.6719E-03  4.6366E-01  8.0169E-02  9.1674E-01 -7.3936E-02
  3.0857E+00  1.0336E+01 -9.6678E-03  4.6345E-01  6.1295E-02  9.1968E-01 -5.2848E-02
  3.0888E+00  1.0346E+01 -9.6658E-03  4.6333E-01  4.2063E-02  9.1936E-01 -2.8423E-02
  3.0921E+00  1.0357E+01 -9.6656E-03  4.6327E-01  3.2083E-02  9.1450E-01 -8.9379E-03
  3.0953E+00  1.0367E+01 -9.6664E-03  4.6325E-01  3.1026E-02  9.1020E-01 -4.8625E-03
  3.0985E+00  1.0378E+01 -9.6671E-03  4.6322E-01  3.5260E-02  9.0956E-01 -1.7531E-02
  3.1017E+00  1.0389E+01 -9.6668E-03  4.6313E-01  4.9805E-02  9.1019E-01 -3.9308E-02
  3.1050E+00  1.0400E+01 -9.6652E-03  4.6297E-01  6.9612E-02  9.1032E-01 -6.2550E-02
  3.1081E+00  1.0410E+01 -9.6625E-03  4.6274E-01  8.4788E-02  9.1057E-01 -7.9104E-02
  3.1114E+00  1.0421E+01 -9.6593E-03  4.6247E-01  9.0409E-02  9.1229E-01 -8.5096E-02
  3.1145E+00  1.0432E+01 -9.6565E-03  4.6221E-01  8.3958E-02  9.1470E-01 -7.8193E-02
  3.1178E+00  1.0443E+01 -9.6547E-03  4.6198E-01  6.7544E-02  9.1783E-01 -6.0195E-02
  3.1210E+00  1.0453E+01 -9.6547E-03  4.6183E-01  4.7642E-02  9.1886E-01 -3.6483E-02
  3.1242E+00  1.0464E+01 -9.6564E-03  4.6175E-01  3.3537E-02  9.1519E-01 -1.3976E-02
  3.1274E+00  1.0475E+01 -9.6593E-03  4.6173E-01  3.0598E-02  9.1017E-01 -4.3126E-03
  3.1307E+00  1.0486E+01 -9.6623E-03  4.6171E-01  3.2274E-02  9.0839E-01 -1.1363E-02
  3.1338E+00  1.0496E+01 -9.6643E-03  4.6165E-01  4.2844E-02  9.0896E-01 -3.0392E-02
  3.1371E+00  1.0507E+01 -9.6649E-03  4.6151E-01  6.1768E-02  9.0924E-01 -5.3896E-02
  3.1402E+00  1.0517E+01 -9.6642E-03  4.6131E-01  7.8779E-02  9.0928E-01 -7.2787E-02
  3.1435E+00  1.0528E+01 -9.6625E-03  4.6105E-01  8.8591E-02  9.1170E-01 -8.3293E-02
  3.1466E+00  1.0539E+01 -9.6609E-03  4.6079E-01  8.5821E-02  9.1254E-01 -8.0346E-02
  3.1499E+00  1.0550E+01 -9.6599E-03  4.6055E-01  7.2939E-02  9.1553E-01 -6.6383E-02
  3.1531E+00  1.0560E+01 -9.6603E-03  4.6037E-01  5.4135E-02  9.1772E-01 -4.4889E-02
  3.1563E+00  1.0571E+01 -9.6624E-03  4.6026E-01  3.6662E-02  9.1604E-01 -2.0827E-02
  3.1595E+00  1.0582E+01 -9.6658E-03  4.6022E-01  3.0517E-02  9.1102E-01 -5.6990E-03
  3.1628E+00  1.0593E+01 -9.6697E-03  4.6021E-01  3.0398E-02  9.0759E-01 -5.7893E-03
  3.1659E+00  1.0603E+01 -9.6729E-03  4.6017E-01  3.6130E-02  9.0763E-01 -2.0404E-02
  3.1692E+00  1.0614E+01 -9.6748E-03  4.6007E-01  5.2208E-02  9.0819E-01 -4.2864E-02
  3.1723E+00  1.0625E+01 -9.6753E-03  4.5990E-01  6.9821E-02  9.0827E-01 -6.3155E-02
  3.1756E+00  1.0635E+01 -9.6746E-03  4.5967E-01  8.2552E-02  9.0884E-01 -7.7004E-02
  3.1788E+00  1.0646E+01 -9.6735E-03  4.5942E-01  8.5186E-02  9.1033E-01 -7.9818E-02
  3.1820E+00  1.0657E+01 -9.6727E-03  4.5917E-01  7.7006E-02  9.1298E-01 -7.1003E-02
  3.1852E+00  1.0667E+01 -9.6729E-03  4.5897E-01  6.0726E-02  9.1586E-01 -5.2873E-02
  3.1884E+00  1.0678E+01 -9.6747E-03  4.5884E-01  4.1549E-02  9.1616E-01 -2.8909E-02
  3.1916E+00  1.0689E+01 -9.6779E-03  4.5878E-01  3.1252E-02  9.1203E-01 -9.7807E-03
  3.1949E+00  1.0700E+01 -9.6820E-03  4.5876E-01  2.9704E-02  9.0734E-01 -3.4379E-03
  3.1980E+00  1.0710E+01 -9.6858E-03  4.5874E-01  3.2221E-02  9.0636E-01 -1.3077E-02
  3.2013E+00  1.0721E+01 -9.6885E-03  4.5867E-01  4.4782E-02  9.0703E-01 -3.3744E-02
  3.2044E+00  1.0732E+01 -9.6897E-03  4.5853E-01  6.2630E-02  9.0720E-01 -5.5293E-02
  3.2077E+00  1.0743E+01 -9.6895E-03  4.5831E-01  7.8384E-02  9.0736E-01 -7.2668E-02
  3.2109E+00  1.0753E+01 -9.6886E-03  4.5807E-01  8.5138E-02  9.0879E-01 -7.9904E-02
  3.2141E+00  1.0764E+01 -9.6877E-03  4.5782E-01  8.0266E-02  9.1103E-01 -7.4679E-02
  3.2173E+00  1.0775E+01 -9.6876E-03  4.5760E-01  6.6423E-02  9.1395E-01 -5.9522E-02
  3.2206E+00  1.0785E+01 -9.6889E-03  4.5744E-01  4.7054E-02  9.1546E-01 -3.6661E-02
  3.2237E+00  1.0796E+01 -9.6917E-03  4.5736E-01  3.3102E-02  9.1263E-01 -1.5256E-02
  3.2270E+00  1.0807E+01 -9.6958E-03  4.5734E-01  2.9411E-02  9.0745E-01 -3.6317E-03
  3.2301E+00  1.0817E+01 -9.6997E-03  4.5732E-01  3.0161E-02  9.0533E-01 -7.9520E-03
  3.2334E+00  1.0828E+01 -9.7030E-03  4.5727E-01  3.8672E-02  9.0581E-01 -2.5490E-02
  3.2365E+00  1.0839E+01 -9.7047E-03  4.5716E-01  5.5214E-02  9.0617E-01 -4.6944E-02
  3.2398E+00  1.0850E+01 -9.7051E-03  4.5697E-01  7.2471E-02  9.0616E-01 -6.6402E-02
  3.2430E+00  1.0860E+01 -9.7044E-03  4.5674E-01  8.3007E-02  9.0607E-01 -7.7780E-02
  3.2462E+00  1.0871E+01 -9.7033E-03  4.5648E-01  8.4489E-02  9.0776E-01 -7.9354E-02
  3.2494E+00  1.0882E+01 -9.7026E-03  4.5624E-01  7.5260E-02  9.1000E-01 -6.9432E-02
  3.2527E+00  1.0893E+01 -9.7030E-03  4.5605E-01  5.6467E-02  9.1269E-01 -4.8397E-02
  3.2558E+00  1.0903E+01 -9.7051E-03  4.5594E-01  3.6086E-02  9.1352E-01 -2.1358E-02
  3.2591E+00  1.0914E+01 -9.7093E-03  4.5591E-01  2.9902E-02  9.1118E-01  7.3362E-03
  3.2622E+00  1.0924E+01 -9.7150E-03  4.5597E-01  4.1209E-02  9.0783E-01  2.9412E-02
  3.2655E+00  1.0935E+01 -9.7222E-03  4.5610E-01  5.2624E-02  9.0568E-01  4.4056E-02
  3.2687E+00  1.0946E+01 -9.7297E-03  4.5625E-01  5.8887E-02  9.0491E-01  5.1396E-02
  3.2719E+00  1.0957E+01 -9.7379E-03  4.5642E-01  6.1772E-02  9.0464E-01  5.4687E-02
  3.2751E+00  1.0967E+01 -9.7459E-03  4.5660E-01  6.2678E-02  9.0452E-01  5.5716E-02
  3.2784E+00  1.0978E+01 -9.7542E-03  4.5678E-01  6.2779E-02  9.0442E-01  5.5837E-02
  3.2815E+00  1.0989E+01 -9.7622E-03  4.5696E-01  6.2596E-02  9.0433E-01  5.5638E-02
  3.2848E+00  1.1000E+01 -9.7705E-03  4.5714E-01  6.2350E-02  9.0423E-01  5.5369E-02
  3.2879E+00  1.1010E+01 -9.7785E-03  4.5731E-01  6.2135E-02  9.0413E-01  5.5133E-02
  3.2912E+00  1.1021E+01 -9.7867E-03  4.5749E-01  6.1934E-02  9.0403E-01  5.4915E-02
  3.2943E+00  1.1032E+01 -9.7947E-03  4.5766E-01  6.1865E-02  9.0397E-01  5.4843E-02
  3.2976E+00  1.1043E+01 -9.8029E-03  4.5784E-01  6.1886E-02  9.0387E-01  5.4875E-02
  3.3008E+00  1.1053E+01 -9.8109E-03  4.5802E-01  6.1907E-02  9.0377E-01  5.4906E-02
  3.3040E+00  1.1064E+01 -9.8191E-03  4.5820E-01  6.1928E-02  9.0367E-01  5.4937E-02
  3.3072E+00  1.1074E+01 -9.8271E-03  4.5837E-01  6.1949E-02  9.0358E-01  5.4968E-02
  3.3105E+00  1.1085E+01 -9.8353E-03  4.5855E-01  6.1971E-02  9.0348E-01  5.5000E-02
  3.3136E+00  1.1096E+01 -9.8433E-03  4.5872E-01  6.1991E-02  9.0338E-01  5.5030E-02
  3.3169E+00  1.1107E+01 -9.8515E-03  4.5890E-01  6.2013E-02  9.0328E-01  5.5062E-02
  3.3200E+00  1.1117E+01 -9.8595E-03  4.5908E-01  6.2034E-02  9.0319E-01  5.5092E-02
  3.3233E+00  1.1128E+01 -9.8677E-03  4.5926E-01  6.2055E-02  9.0309E-01  5.5124E-02
  3.3265E+00  1.1139E+01 -9.8757E-03  4.5943E-01  6.2076E-02  9.0299E-01  5.5154E-02
  3.3297E+00  1.1150E+01 -9.8840E-03  4.5961E-01  6.2097E-02  9.0289E-01  5.5186E-02
  3.3329E+00  1.1160E+01 -9.8919E-03  4.5979E-01  6.2118E-02  9.0280E-01  5.5216E-02
  3.3361E+00  1.1171E+01 -9.9002E-03  4.5997E-01  6.2139E-02  9.0269E-01  5.5248E-02
  3.3393E+00  1.1182E+01 -9.9081E-03  4.6014E-01  6.2160E-02  9.0260E-01  5.5278E-02
  3.3426E+00  1.1192E+01 -9.9164E-03  4.6032E-01  6.2182E-02  9.0250E-01  5.5310E-02
  3.3457E+00  1.1203E+01 -9.9243E-03  4.6050E-01  6.2202E-02  9.0240E-01  5.5340E-02
  3.3490E+00  1.1214E+01 -9.9326E-03  4.6068E-01  6.2224E-02  9.0230E-01  5.5371E-02
  3.3521E+00  1.1224E+01 -9.9405E-03  4.6085E-01  6.2244E-02  9.0220E-01  5.5402E-02
  3.3554E+00  1.1235E+01 -9.9488E-03  4.6103E-01  6.2266E-02  9.0210E-01  5.5433E-02
  3.3586E+00  1.1246E+01 -9.9567E-03  4.6121E-01  6.2286E-02  9.0200E-01  5.5463E-02
  3.3618E+00  1.1257E+01 -9.9650E-03  4.6139E-01  6.2308E-02  9.0190E-01  5.5495E-02
  3.3650E+00  1.1267E+01 -9.9729E-03  4.6157E-01  6.2328E-02  9.0180E-01  5.5525E-02
  3.3715E+00  1.1289E+01 -9.9893E-03  4.6193E-01  6.2371E-02  9.0160E-01  5.5587E-02
