  3.1727E-03  2.2713E-02 -7.8804E-05  3.2175E-01  2.0235E+01  1.0342E+00  2.0083E+01
  6.4092E-03  3.5313E-02 -1.3918E-04  3.7691E-01  1.4867E+01  1.0269E+00  1.4811E+01
  9.6328E-03  4.6934E-02 -2.2409E-04  4.2087E-01  1.2975E+01  9.9307E-01  1.2948E+01
  1.2829E-02  5.8134E-02 -3.2823E-04  4.6176E-01  1.3001E+01  9.6183E-01  1.2987E+01
  1.6055E-02  6.9286E-02 -4.5725E-04  5.0526E-01  1.4296E+01  9.5071E-01  1.4287E+01
  1.9266E-02  8.0317E-02 -6.1761E-04  5.5412E-01  1.6406E+01  9.5294E-01  1.6401E+01
  2.2476E-02  9.1315E-02 -8.2045E-04  6.1041E-01  1.8858E+01  9.4733E-01  1.8854E+01
  2.5687E-02  1.0230E-01 -1.0769E-03  6.7414E-01  2.0941E+01  9.4216E-01  2.0939E+01
  2.8898E-02  1.1329E-01 -1.3950E-03  7.4266E-01  2.1746E+01  1.0118E+00  2.1744E+01
  3.2109E-02  1.2429E-01 -1.7749E-03  8.1051E-01  2.0502E+01  1.1803E+00  2.0499E+01
  3.5320E-02  1.3528E-01 -2.2042E-03  8.7069E-01  1.7068E+01  1.3490E+00  1.7064E+01
  3.8531E-02  1.4625E-01 -2.6579E-03  9.1711E-01  1.2157E+01  1.4333E+00  1.2152E+01
  4.1742E-02  1.5720E-01 -3.1059E-03  9.4696E-01  6.9804E+00  1.4204E+00  6.9737E+00
  4.4953E-02  1.6812E-01 -3.5236E-03  9.6126E-01  2.6111E+00  1.3362E+00  2.5983E+00
  4.8164E-02  1.7899E-01 -3.8987E-03  9.6365E-01  4.7735E-01  1.2128E+00 -4.2775E-01
  5.1375E-02  1.8984E-01 -4.2321E-03  9.5867E-01  2.0501E+00  1.0849E+00 -2.0429E+00
  5.4490E-02  2.0034E-01 -4.5252E-03  9.5081E-01  2.4579E+00  9.8717E-01 -2.4538E+00
  5.7797E-02  2.1147E-01 -4.8185E-03  9.4275E-01  1.9487E+00  9.6076E-01 -1.9446E+00
  6.0922E-02  2.2197E-01 -5.0941E-03  9.3777E-01  8.4749E-01  1.0025E+00 -8.3830E-01
  6.4218E-02  2.3304E-01 -5.3987E-03  9.3707E-01  7.6700E-01  1.0782E+00  7.5661E-01
  6.7348E-02  2.4354E-01 -5.7131E-03  9.4161E-01  2.4363E+00  1.0955E+00  2.4333E+00
  7.0640E-02  2.5458E-01 -6.0784E-03  9.5199E-01  4.0965E+00  1.0082E+00  4.0951E+00
  7.3772E-02  2.6508E-01 -6.4607E-03  9.6649E-01  5.3449E+00  9.1763E-01  5.3441E+00
  7.7062E-02  2.7611E-01 -6.8948E-03  9.8517E-01  6.1659E+00  9.6602E-01  6.1652E+00
  8.0194E-02  2.8661E-01 -7.3315E-03  1.0048E+00  6.4992E+00  1.0925E+00  6.4983E+00
  8.3484E-02  2.9763E-01 -7.8064E-03  1.0259E+00  6.5018E+00  1.1895E+00  6.5008E+00
  8.6616E-02  3.0813E-01 -8.2672E-03  1.0457E+00  6.2852E+00  1.2354E+00  6.2841E+00
  8.9906E-02  3.1916E-01 -8.7533E-03  1.0655E+00  5.9153E+00  1.2292E+00  5.9142E+00
  9.3038E-02  3.2966E-01 -9.2133E-03  1.0832E+00  5.5157E+00  1.1807E+00  5.5146E+00
  9.6328E-02  3.4069E-01 -9.6900E-03  1.1005E+00  5.1051E+00  1.1309E+00  5.1041E+00
  9.9460E-02  3.5119E-01 -1.0135E-02  1.1158E+00  4.7311E+00  1.1005E+00  4.7301E+00
  1.0275E-01  3.6222E-01 -1.0590E-02  1.1307E+00  4.3484E+00  1.0814E+00  4.3474E+00
  1.0588E-01  3.7272E-01 -1.1010E-02  1.1438E+00  3.9884E+00  1.0707E+00  3.9873E+00
  1.0917E-01  3.8375E-01 -1.1433E-02  1.1564E+00  3.6135E+00  1.0629E+00  3.6124E+00
  1.1230E-01  3.9425E-01 -1.1818E-02  1.1673E+00  3.2605E+00  1.0580E+00  3.2593E+00
  1.1559E-01  4.0528E-01 -1.2200E-02  1.1777E+00  2.8956E+00  1.0552E+00  2.8942E+00
  1.1873E-01  4.1578E-01 -1.2542E-02  1.1865E+00  2.5559E+00  1.0543E+00  2.5544E+00
  1.2202E-01  4.2681E-01 -1.2876E-02  1.1947E+00  2.2096E+00  1.0551E+00  2.2079E+00
  1.2515E-01  4.3731E-01 -1.3170E-02  1.2015E+00  1.8921E+00  1.0575E+00  1.8901E+00
  1.2844E-01  4.4834E-01 -1.3454E-02  1.2076E+00  1.5736E+00  1.0613E+00  1.5711E+00
  1.3157E-01  4.5884E-01 -1.3699E-02  1.2125E+00  1.2861E+00  1.0655E+00  1.2832E+00
  1.3486E-01  4.6986E-01 -1.3931E-02  1.2168E+00  1.0024E+00  1.0699E+00  9.9863E-01
  1.3799E-01  4.8036E-01 -1.4127E-02  1.2200E+00  7.5087E-01  1.0738E+00  7.4578E-01
  1.4128E-01  4.9139E-01 -1.4310E-02  1.2226E+00  5.0748E-01  1.0768E+00  4.9992E-01
  1.4441E-01  5.0189E-01 -1.4461E-02  1.2243E+00  2.9796E-01  1.0781E+00  2.8489E-01
  1.4770E-01  5.1292E-01 -1.4599E-02  1.2254E+00  1.1766E-01  1.0774E+00  7.9063E-02
  1.5083E-01  5.2342E-01 -1.4710E-02  1.2259E+00  1.3107E-01  1.0744E+00 -9.8161E-02
  1.5412E-01  5.3445E-01 -1.4808E-02  1.2259E+00  2.7893E-01  1.0688E+00 -2.6521E-01
  1.5726E-01  5.4495E-01 -1.4885E-02  1.2253E+00  4.1585E-01  1.0610E+00 -4.0690E-01
  1.6055E-01  5.5597E-01 -1.4949E-02  1.2242E+00  5.4518E-01  1.0505E+00 -5.3851E-01
  1.6368E-01  5.6647E-01 -1.4997E-02  1.2228E+00  6.5399E-01  1.0384E+00 -6.4855E-01
  1.6697E-01  5.7750E-01 -1.5035E-02  1.2210E+00  7.5395E-01  1.0240E+00 -7.4936E-01
  1.7010E-01  5.8800E-01 -1.5060E-02  1.2189E+00  8.3658E-01  1.0090E+00 -8.3254E-01
  1.7339E-01  5.9903E-01 -1.5077E-02  1.2165E+00  9.1138E-01  9.9248E-01 -9.0778E-01
  1.7652E-01  6.0953E-01 -1.5084E-02  1.2139E+00  9.7237E-01  9.7634E-01 -9.6910E-01
  1.7981E-01  6.2055E-01 -1.5084E-02  1.2110E+00  1.0269E+00  9.5946E-01 -1.0239E+00
  1.8294E-01  6.3105E-01 -1.5077E-02  1.2080E+00  1.0709E+00  9.4384E-01 -1.0681E+00
  1.8623E-01  6.4208E-01 -1.5065E-02  1.2048E+00  1.1097E+00  9.2819E-01 -1.1071E+00
  1.8937E-01  6.5258E-01 -1.5048E-02  1.2015E+00  1.1407E+00  9.1425E-01 -1.1382E+00
  1.9266E-01  6.6361E-01 -1.5026E-02  1.1980E+00  1.1677E+00  9.0077E-01 -1.1653E+00
  1.9579E-01  6.7411E-01 -1.5002E-02  1.1946E+00  1.1890E+00  8.8911E-01 -1.1867E+00
  1.9908E-01  6.8513E-01 -1.4973E-02  1.1909E+00  1.2074E+00  8.7812E-01 -1.2052E+00
  2.0221E-01  6.9563E-01 -1.4943E-02  1.1873E+00  1.2216E+00  8.6883E-01 -1.2195E+00
  2.0550E-01  7.0666E-01 -1.4909E-02  1.1834E+00  1.2337E+00  8.6023E-01 -1.2316E+00
  2.0863E-01  7.1716E-01 -1.4874E-02  1.1797E+00  1.2429E+00  8.5308E-01 -1.2408E+00
  2.1192E-01  7.2818E-01 -1.4836E-02  1.1758E+00  1.2504E+00  8.4656E-01 -1.2484E+00
  2.1505E-01  7.3868E-01 -1.4799E-02  1.1720E+00  1.2560E+00  8.4117E-01 -1.2540E+00
  2.1834E-01  7.4971E-01 -1.4758E-02  1.1680E+00  1.2603E+00  8.3614E-01 -1.2583E+00
  2.2148E-01  7.6021E-01 -1.4718E-02  1.1642E+00  1.2633E+00  8.3196E-01 -1.2613E+00
  2.2476E-01  7.7124E-01 -1.4675E-02  1.1602E+00  1.2654E+00  8.2814E-01 -1.2634E+00
  2.2790E-01  7.8174E-01 -1.4634E-02  1.1563E+00  1.2665E+00  8.2496E-01 -1.2646E+00
  2.3119E-01  7.9276E-01 -1.4589E-02  1.1523E+00  1.2670E+00  8.2201E-01 -1.2650E+00
  2.3432E-01  8.0326E-01 -1.4546E-02  1.1484E+00  1.2669E+00  8.1953E-01 -1.2649E+00
  2.3761E-01  8.1429E-01 -1.4500E-02  1.1443E+00  1.2662E+00  8.1720E-01 -1.2642E+00
  2.4074E-01  8.2479E-01 -1.4456E-02  1.1404E+00  1.2651E+00  8.1519E-01 -1.2631E+00
  2.4403E-01  8.3581E-01 -1.4409E-02  1.1364E+00  1.2636E+00  8.1328E-01 -1.2616E+00
  2.4716E-01  8.4631E-01 -1.4364E-02  1.1325E+00  1.2619E+00  8.1162E-01 -1.2599E+00
  2.5045E-01  8.5734E-01 -1.4316E-02  1.1284E+00  1.2598E+00  8.1001E-01 -1.2578E+00
  2.5358E-01  8.6784E-01 -1.4270E-02  1.1245E+00  1.2575E+00  8.0860E-01 -1.2555E+00
  2.5687E-01  8.7887E-01 -1.4221E-02  1.1204E+00  1.2550E+00  8.0722E-01 -1.2530E+00
  2.6001E-01  8.8937E-01 -1.4174E-02  1.1166E+00  1.2524E+00  8.0580E-01 -1.2504E+00
  2.6330E-01  9.0039E-01 -1.4125E-02  1.1125E+00  1.2495E+00  8.0436E-01 -1.2475E+00
  2.6643E-01  9.1089E-01 -1.4078E-02  1.1086E+00  1.2466E+00  8.0305E-01 -1.2446E+00
  2.6972E-01  9.2192E-01 -1.4028E-02  1.1046E+00  1.2435E+00  8.0174E-01 -1.2414E+00
  2.7285E-01  9.3242E-01 -1.3980E-02  1.1007E+00  1.2404E+00  8.0054E-01 -1.2383E+00
  2.7614E-01  9.4344E-01 -1.3929E-02  1.0967E+00  1.2371E+00  7.9932E-01 -1.2350E+00
  2.7927E-01  9.5394E-01 -1.3881E-02  1.0929E+00  1.2339E+00  7.9817E-01 -1.2318E+00
  2.8256E-01  9.6497E-01 -1.3829E-02  1.0889E+00  1.2304E+00  7.9690E-01 -1.2283E+00
  2.8569E-01  9.7547E-01 -1.3781E-02  1.0850E+00  1.2271E+00  7.9574E-01 -1.2249E+00
  2.8898E-01  9.8650E-01 -1.3729E-02  1.0810E+00  1.2235E+00  7.9456E-01 -1.2213E+00
  2.9212E-01  9.9700E-01 -1.3679E-02  1.0773E+00  1.2200E+00  7.9347E-01 -1.2178E+00
  2.9540E-01  1.0080E+00 -1.3627E-02  1.0733E+00  1.2163E+00  7.9237E-01 -1.2141E+00
  2.9854E-01  1.0185E+00 -1.3577E-02  1.0695E+00  1.2128E+00  7.9135E-01 -1.2106E+00
  3.0183E-01  1.0295E+00 -1.3525E-02  1.0655E+00  1.2090E+00  7.9012E-01 -1.2068E+00
  3.0496E-01  1.0400E+00 -1.3474E-02  1.0618E+00  1.2054E+00  7.8893E-01 -1.2032E+00
  3.0825E-01  1.0511E+00 -1.3421E-02  1.0579E+00  1.2016E+00  7.8772E-01 -1.1993E+00
  3.1138E-01  1.0616E+00 -1.3370E-02  1.0541E+00  1.1979E+00  7.8660E-01 -1.1956E+00
  3.1467E-01  1.0726E+00 -1.3317E-02  1.0502E+00  1.1940E+00  7.8547E-01 -1.1917E+00
  3.1780E-01  1.0831E+00 -1.3265E-02  1.0465E+00  1.1902E+00  7.8442E-01 -1.1879E+00
  3.2109E-01  1.0941E+00 -1.3211E-02  1.0426E+00  1.1863E+00  7.8334E-01 -1.1839E+00
  3.2422E-01  1.1046E+00 -1.3159E-02  1.0389E+00  1.1825E+00  7.8227E-01 -1.1801E+00
  3.2751E-01  1.1157E+00 -1.3105E-02  1.0351E+00  1.1785E+00  7.8119E-01 -1.1761E+00
  3.3065E-01  1.1262E+00 -1.3052E-02  1.0314E+00  1.1746E+00  7.8021E-01 -1.1722E+00
  3.3394E-01  1.1372E+00 -1.2997E-02  1.0276E+00  1.1706E+00  7.7921E-01 -1.1682E+00
  3.3707E-01  1.1477E+00 -1.2944E-02  1.0239E+00  1.1667E+00  7.7830E-01 -1.1643E+00
  3.4036E-01  1.1587E+00 -1.2889E-02  1.0201E+00  1.1626E+00  7.7738E-01 -1.1601E+00
  3.4349E-01  1.1692E+00 -1.2836E-02  1.0165E+00  1.1587E+00  7.7645E-01 -1.1562E+00
  3.4678E-01  1.1802E+00 -1.2779E-02  1.0127E+00  1.1545E+00  7.7548E-01 -1.1520E+00
  3.4991E-01  1.1907E+00 -1.2726E-02  1.0091E+00  1.1506E+00  7.7460E-01 -1.1481E+00
  3.5320E-01  1.2018E+00 -1.2669E-02  1.0053E+00  1.1464E+00  7.7372E-01 -1.1439E+00
  3.5633E-01  1.2123E+00 -1.2615E-02  1.0018E+00  1.1424E+00  7.7292E-01 -1.1399E+00
  3.5962E-01  1.2233E+00 -1.2558E-02  9.9804E-01  1.1382E+00  7.7213E-01 -1.1356E+00
  3.6276E-01  1.2338E+00 -1.2503E-02  9.9450E-01  1.1342E+00  7.7139E-01 -1.1316E+00
  3.6605E-01  1.2448E+00 -1.2445E-02  9.9079E-01  1.1300E+00  7.7059E-01 -1.1273E+00
  3.6918E-01  1.2553E+00 -1.2390E-02  9.8727E-01  1.1259E+00  7.6987E-01 -1.1232E+00
  3.7247E-01  1.2663E+00 -1.2332E-02  9.8359E-01  1.1216E+00  7.6916E-01 -1.1189E+00
  3.7560E-01  1.2768E+00 -1.2276E-02  9.8010E-01  1.1175E+00  7.6853E-01 -1.1148E+00
  3.7889E-01  1.2879E+00 -1.2217E-02  9.7644E-01  1.1132E+00  7.6790E-01 -1.1105E+00
  3.8202E-01  1.2984E+00 -1.2161E-02  9.7298E-01  1.1091E+00  7.6735E-01 -1.1063E+00
  3.8531E-01  1.3094E+00 -1.2102E-02  9.6935E-01  1.1047E+00  7.6673E-01 -1.1020E+00
  3.8844E-01  1.3199E+00 -1.2045E-02  9.6591E-01  1.1006E+00  7.6616E-01 -1.0978E+00
  3.9173E-01  1.3309E+00 -1.1985E-02  9.6231E-01  1.0962E+00  7.6561E-01 -1.0934E+00
  3.9487E-01  1.3414E+00 -1.1928E-02  9.5890E-01  1.0920E+00  7.6513E-01 -1.0891E+00
  3.9815E-01  1.3524E+00 -1.1868E-02  9.5533E-01  1.0876E+00  7.6466E-01 -1.0847E+00
  4.0129E-01  1.3629E+00 -1.1810E-02  9.5194E-01  1.0834E+00  7.6427E-01 -1.0805E+00
  4.0458E-01  1.3740E+00 -1.1749E-02  9.4840E-01  1.0789E+00  7.6387E-01 -1.0760E+00
  4.0771E-01  1.3845E+00 -1.1690E-02  9.4504E-01  1.0747E+00  7.6347E-01 -1.0717E+00
  4.1100E-01  1.3955E+00 -1.1629E-02  9.4152E-01  1.0702E+00  7.6309E-01 -1.0672E+00
  4.1413E-01  1.4060E+00 -1.1570E-02  9.3819E-01  1.0659E+00  7.6278E-01 -1.0629E+00
  4.1742E-01  1.4170E+00 -1.1508E-02  9.3471E-01  1.0614E+00  7.6249E-01 -1.0583E+00
  4.2055E-01  1.4275E+00 -1.1448E-02  9.3140E-01  1.0571E+00  7.6226E-01 -1.0540E+00
  4.2384E-01  1.4385E+00 -1.1386E-02  9.2795E-01  1.0525E+00  7.6207E-01 -1.0494E+00
  4.2697E-01  1.4490E+00 -1.1326E-02  9.2467E-01  1.0482E+00  7.6192E-01 -1.0450E+00
  4.3026E-01  1.4601E+00 -1.1262E-02  9.2124E-01  1.0436E+00  7.6181E-01 -1.0404E+00
  4.3340E-01  1.4706E+00 -1.1202E-02  9.1799E-01  1.0392E+00  7.6175E-01 -1.0359E+00
  4.3669E-01  1.4816E+00 -1.1138E-02  9.1460E-01  1.0346E+00  7.6173E-01 -1.0313E+00
  4.3982E-01  1.4921E+00 -1.1077E-02  9.1138E-01  1.0302E+00  7.6176E-01 -1.0268E+00
  4.4311E-01  1.5031E+00 -1.1012E-02  9.0801E-01  1.0255E+00  7.6180E-01 -1.0222E+00
  4.4624E-01  1.5136E+00 -1.0950E-02  9.0482E-01  1.0211E+00  7.6165E-01 -1.0177E+00
  4.4953E-01  1.5246E+00 -1.0885E-02  9.0148E-01  1.0164E+00  7.6145E-01 -1.0130E+00
  4.5266E-01  1.5351E+00 -1.0823E-02  8.9831E-01  1.0119E+00  7.6216E-01 -1.0084E+00
  4.5595E-01  1.5462E+00 -1.0757E-02  8.9500E-01  1.0072E+00  7.6231E-01 -1.0036E+00
  4.5908E-01  1.5567E+00 -1.0694E-02  8.9187E-01  1.0026E+00  7.6249E-01 -9.9905E-01
  4.6237E-01  1.5677E+00 -1.0628E-02  8.8859E-01  9.9788E-01  7.6273E-01 -9.9425E-01
  4.6551E-01  1.5782E+00 -1.0564E-02  8.8548E-01  9.9333E-01  7.6300E-01 -9.8966E-01
  4.6879E-01  1.5892E+00 -1.0497E-02  8.8224E-01  9.8854E-01  7.6330E-01 -9.8482E-01
  4.7193E-01  1.5997E+00 -1.0433E-02  8.7916E-01  9.8396E-01  7.6362E-01 -9.8019E-01
  4.7522E-01  1.6107E+00 -1.0365E-02  8.7594E-01  9.7914E-01  7.6400E-01 -9.7531E-01
  4.7835E-01  1.6212E+00 -1.0301E-02  8.7289E-01  9.7453E-01  7.6440E-01 -9.7065E-01
  4.8164E-01  1.6323E+00 -1.0232E-02  8.6971E-01  9.6967E-01  7.6487E-01 -9.6574E-01
  4.8477E-01  1.6428E+00 -1.0167E-02  8.6669E-01  9.6503E-01  7.6536E-01 -9.6105E-01
  4.8806E-01  1.6538E+00 -1.0098E-02  8.6354E-01  9.6014E-01  7.6590E-01 -9.5611E-01
  4.9119E-01  1.6643E+00 -1.0032E-02  8.6055E-01  9.5548E-01  7.6635E-01 -9.5139E-01
  4.9448E-01  1.6753E+00 -9.9619E-03  8.5743E-01  9.5056E-01  7.6687E-01 -9.4642E-01
  4.9761E-01  1.6858E+00 -9.8952E-03  8.5447E-01  9.4587E-01  7.6740E-01 -9.4167E-01
  5.0090E-01  1.6969E+00 -9.8247E-03  8.5139E-01  9.4092E-01  7.6801E-01 -9.3666E-01
  5.0404E-01  1.7074E+00 -9.7573E-03  8.4846E-01  9.3620E-01  7.6864E-01 -9.3188E-01
  5.0733E-01  1.7184E+00 -9.6862E-03  8.4540E-01  9.3122E-01  7.6934E-01 -9.2684E-01
  5.1046E-01  1.7289E+00 -9.6181E-03  8.4251E-01  9.2646E-01  7.6998E-01 -9.2202E-01
  5.1375E-01  1.7399E+00 -9.5462E-03  8.3948E-01  9.2144E-01  7.7066E-01 -9.1694E-01
  5.1688E-01  1.7504E+00 -9.4775E-03  8.3662E-01  9.1665E-01  7.7136E-01 -9.1208E-01
  5.2017E-01  1.7614E+00 -9.4049E-03  8.3363E-01  9.1160E-01  7.7213E-01 -9.0697E-01
  5.2330E-01  1.7719E+00 -9.3355E-03  8.3079E-01  9.0678E-01  7.7291E-01 -9.0208E-01
  5.2659E-01  1.7830E+00 -9.2622E-03  8.2783E-01  9.0170E-01  7.7378E-01 -8.9693E-01
  5.2972E-01  1.7935E+00 -9.1920E-03  8.2503E-01  8.9685E-01  7.7466E-01 -8.9201E-01
  5.3301E-01  1.8045E+00 -9.1180E-03  8.2211E-01  8.9172E-01  7.7569E-01 -8.8681E-01
  5.3615E-01  1.8150E+00 -9.0472E-03  8.1934E-01  8.8683E-01  7.7672E-01 -8.8184E-01
  5.3944E-01  1.8260E+00 -8.9725E-03  8.1645E-01  8.8168E-01  7.7785E-01 -8.7660E-01
  5.4257E-01  1.8365E+00 -8.9010E-03  8.1371E-01  8.7675E-01  7.7896E-01 -8.7160E-01
  5.4586E-01  1.8475E+00 -8.8256E-03  8.1085E-01  8.7157E-01  7.8016E-01 -8.6634E-01
  5.4899E-01  1.8580E+00 -8.7534E-03  8.0814E-01  8.6662E-01  7.8135E-01 -8.6130E-01
  5.5228E-01  1.8691E+00 -8.6773E-03  8.0532E-01  8.6140E-01  7.8262E-01 -8.5599E-01
  5.5541E-01  1.8796E+00 -8.6044E-03  8.0265E-01  8.5641E-01  7.8385E-01 -8.5092E-01
  5.5870E-01  1.8906E+00 -8.5276E-03  7.9986E-01  8.5115E-01  7.8519E-01 -8.4557E-01
  5.6183E-01  1.9011E+00 -8.4540E-03  7.9721E-01  8.4613E-01  7.8650E-01 -8.4046E-01
  5.6512E-01  1.9121E+00 -8.3764E-03  7.9446E-01  8.4085E-01  7.8792E-01 -8.3508E-01
  5.6826E-01  1.9226E+00 -8.3022E-03  7.9185E-01  8.3580E-01  7.8931E-01 -8.2994E-01
  5.7154E-01  1.9336E+00 -8.2239E-03  7.8913E-01  8.3049E-01  7.9077E-01 -8.2453E-01
  5.7468E-01  1.9441E+00 -8.1489E-03  7.8656E-01  8.2539E-01  7.9184E-01 -8.1934E-01
  5.7797E-01  1.9552E+00 -8.0699E-03  7.8387E-01  8.2002E-01  7.9302E-01 -8.1387E-01
  5.8110E-01  1.9657E+00 -7.9942E-03  7.8133E-01  8.1490E-01  7.9417E-01 -8.0865E-01
  5.8439E-01  1.9767E+00 -7.9143E-03  7.7868E-01  8.0950E-01  7.9542E-01 -8.0315E-01
  5.8752E-01  1.9872E+00 -7.8379E-03  7.7617E-01  8.0435E-01  7.9665E-01 -7.9789E-01
  5.9081E-01  1.9982E+00 -7.7572E-03  7.7355E-01  7.9893E-01  7.9797E-01 -7.9236E-01
  5.9394E-01  2.0087E+00 -7.6800E-03  7.7108E-01  7.9374E-01  7.9918E-01 -7.8706E-01
  5.9723E-01  2.0197E+00 -7.5985E-03  7.6850E-01  7.8827E-01  8.0042E-01 -7.8148E-01
  6.0036E-01  2.0302E+00 -7.5206E-03  7.6606E-01  7.8305E-01  8.0163E-01 -7.7615E-01
  6.0365E-01  2.0413E+00 -7.4383E-03  7.6352E-01  7.7755E-01  8.0295E-01 -7.7053E-01
  6.0679E-01  2.0518E+00 -7.3596E-03  7.6111E-01  7.7230E-01  8.0424E-01 -7.6516E-01
  6.1008E-01  2.0628E+00 -7.2765E-03  7.5861E-01  7.6677E-01  8.0563E-01 -7.5951E-01
  6.1321E-01  2.0733E+00 -7.1970E-03  7.5623E-01  7.6150E-01  8.0698E-01 -7.5412E-01
  6.1650E-01  2.0843E+00 -7.1131E-03  7.5376E-01  7.5594E-01  8.0832E-01 -7.4843E-01
  6.1963E-01  2.0948E+00 -7.0328E-03  7.5143E-01  7.5063E-01  8.0962E-01 -7.4299E-01
  6.2292E-01  2.1058E+00 -6.9481E-03  7.4899E-01  7.4504E-01  8.1103E-01 -7.3727E-01
  6.2605E-01  2.1163E+00 -6.8670E-03  7.4669E-01  7.3971E-01  8.1241E-01 -7.3180E-01
  6.2934E-01  2.1274E+00 -6.7814E-03  7.4429E-01  7.3409E-01  8.1389E-01 -7.2604E-01
  6.3247E-01  2.1379E+00 -6.6996E-03  7.4203E-01  7.2873E-01  8.1534E-01 -7.2055E-01
  6.3576E-01  2.1489E+00 -6.6132E-03  7.3967E-01  7.2309E-01  8.1678E-01 -7.1476E-01
  6.3890E-01  2.1594E+00 -6.5305E-03  7.3744E-01  7.1771E-01  8.1810E-01 -7.0923E-01
  6.4218E-01  2.1704E+00 -6.4433E-03  7.3511E-01  7.1204E-01  8.1953E-01 -7.0342E-01
  6.4532E-01  2.1809E+00 -6.3599E-03  7.3292E-01  7.0663E-01  8.2092E-01 -6.9786E-01
  6.4861E-01  2.1920E+00 -6.2718E-03  7.3063E-01  7.0094E-01  8.2241E-01 -6.9201E-01
  6.5174E-01  2.2025E+00 -6.1875E-03  7.2847E-01  6.9551E-01  8.2387E-01 -6.8642E-01
  6.5503E-01  2.2135E+00 -6.0986E-03  7.2623E-01  6.8979E-01  8.2543E-01 -6.8053E-01
  6.5816E-01  2.2240E+00 -6.0135E-03  7.2410E-01  6.8433E-01  8.2684E-01 -6.7490E-01
  6.6145E-01  2.2350E+00 -5.9238E-03  7.2189E-01  6.7858E-01  8.2835E-01 -6.6898E-01
  6.6458E-01  2.2455E+00 -5.8379E-03  7.1981E-01  6.7309E-01  8.2983E-01 -6.6332E-01
  6.6787E-01  2.2565E+00 -5.7472E-03  7.1763E-01  6.6732E-01  8.3141E-01 -6.5736E-01
  6.7100E-01  2.2670E+00 -5.6605E-03  7.1558E-01  6.6180E-01  8.3295E-01 -6.5167E-01
  6.7429E-01  2.2781E+00 -5.5690E-03  7.1345E-01  6.5601E-01  8.3460E-01 -6.4568E-01
  6.7743E-01  2.2886E+00 -5.4815E-03  7.1144E-01  6.5048E-01  8.3606E-01 -6.3997E-01
  6.8072E-01  2.2996E+00 -5.3891E-03  7.0934E-01  6.4467E-01  8.3750E-01 -6.3396E-01
  6.8385E-01  2.3101E+00 -5.3007E-03  7.0736E-01  6.3912E-01  8.3890E-01 -6.2822E-01
  6.8714E-01  2.3211E+00 -5.2075E-03  7.0531E-01  6.3329E-01  8.4041E-01 -6.2218E-01
  6.9027E-01  2.3316E+00 -5.1183E-03  7.0337E-01  6.2772E-01  8.4187E-01 -6.1641E-01
  6.9356E-01  2.3426E+00 -5.0241E-03  7.0135E-01  6.2187E-01  8.4344E-01 -6.1034E-01
  6.9669E-01  2.3531E+00 -4.9341E-03  6.9945E-01  6.1629E-01  8.4497E-01 -6.0454E-01
  6.9998E-01  2.3642E+00 -4.8390E-03  6.9747E-01  6.1041E-01  8.4642E-01 -5.9844E-01
  7.0311E-01  2.3747E+00 -4.7481E-03  6.9560E-01  6.0480E-01  8.4784E-01 -5.9261E-01
  7.0640E-01  2.3857E+00 -4.6522E-03  6.9366E-01  5.9890E-01  8.4936E-01 -5.8647E-01
  7.0954E-01  2.3962E+00 -4.5604E-03  6.9183E-01  5.9328E-01  8.5084E-01 -5.8062E-01
  7.1283E-01  2.4072E+00 -4.4636E-03  6.8993E-01  5.8736E-01  8.5242E-01 -5.7445E-01
  7.1596E-01  2.4177E+00 -4.3710E-03  6.8814E-01  5.8172E-01  8.5396E-01 -5.6857E-01
  7.1925E-01  2.4287E+00 -4.2733E-03  6.8628E-01  5.7578E-01  8.5555E-01 -5.6236E-01
  7.2238E-01  2.4392E+00 -4.1798E-03  6.8453E-01  5.7011E-01  8.5704E-01 -5.5644E-01
  7.2567E-01  2.4503E+00 -4.0811E-03  6.8271E-01  5.6414E-01  8.5863E-01 -5.5020E-01
  7.2880E-01  2.4608E+00 -3.9868E-03  6.8100E-01  5.5846E-01  8.6018E-01 -5.4424E-01
  7.3209E-01  2.4718E+00 -3.8873E-03  6.7922E-01  5.5248E-01  8.6184E-01 -5.3797E-01
  7.3522E-01  2.4823E+00 -3.7920E-03  6.7754E-01  5.4678E-01  8.6345E-01 -5.3199E-01
  7.3851E-01  2.4933E+00 -3.6916E-03  6.7580E-01  5.4079E-01  8.6516E-01 -5.2569E-01
  7.4164E-01  2.5038E+00 -3.5955E-03  6.7416E-01  5.3509E-01  8.6666E-01 -5.1969E-01
  7.4493E-01  2.5148E+00 -3.4942E-03  6.7246E-01  5.2909E-01  8.6825E-01 -5.1338E-01
  7.4807E-01  2.5253E+00 -3.3973E-03  6.7086E-01  5.2338E-01  8.6980E-01 -5.0736E-01
  7.5136E-01  2.5364E+00 -3.2951E-03  6.6921E-01  5.1738E-01  8.7145E-01 -5.0101E-01
  7.5449E-01  2.5469E+00 -3.1974E-03  6.6765E-01  5.1165E-01  8.7305E-01 -4.9496E-01
  7.5778E-01  2.5579E+00 -3.0943E-03  6.6603E-01  5.0564E-01  8.7476E-01 -4.8859E-01
  7.6091E-01  2.5684E+00 -2.9957E-03  6.6451E-01  4.9991E-01  8.7636E-01 -4.8252E-01
  7.6420E-01  2.5794E+00 -2.8917E-03  6.6293E-01  4.9389E-01  8.7801E-01 -4.7612E-01
  7.6733E-01  2.5899E+00 -2.7923E-03  6.6145E-01  4.8815E-01  8.7961E-01 -4.7001E-01
  7.7062E-01  2.6009E+00 -2.6874E-03  6.5991E-01  4.8212E-01  8.8132E-01 -4.6359E-01
  7.7375E-01  2.6114E+00 -2.5872E-03  6.5847E-01  4.7638E-01  8.8297E-01 -4.5746E-01
  7.7704E-01  2.6225E+00 -2.4814E-03  6.5697E-01  4.7035E-01  8.8473E-01 -4.5101E-01
  7.8018E-01  2.6330E+00 -2.3803E-03  6.5557E-01  4.6461E-01  8.8643E-01 -4.4485E-01
  7.8347E-01  2.6440E+00 -2.2736E-03  6.5412E-01  4.5856E-01  8.8797E-01 -4.3837E-01
  7.8660E-01  2.6545E+00 -2.1716E-03  6.5275E-01  4.5280E-01  8.8945E-01 -4.3218E-01
  7.8989E-01  2.6655E+00 -2.0640E-03  6.5134E-01  4.4675E-01  8.9103E-01 -4.2567E-01
  7.9302E-01  2.6760E+00 -1.9611E-03  6.5002E-01  4.4099E-01  8.9255E-01 -4.1946E-01
  7.9631E-01  2.6870E+00 -1.8525E-03  6.4865E-01  4.3495E-01  8.9419E-01 -4.1293E-01
  7.9944E-01  2.6975E+00 -1.7488E-03  6.4737E-01  4.2920E-01  8.9577E-01 -4.0669E-01
  8.0273E-01  2.7086E+00 -1.6393E-03  6.4604E-01  4.2317E-01  8.9733E-01 -4.0015E-01
  8.0586E-01  2.7191E+00 -1.5346E-03  6.4479E-01  4.1744E-01  8.9869E-01 -3.9391E-01
  8.0915E-01  2.7301E+00 -1.4243E-03  6.4351E-01  4.1143E-01  9.0014E-01 -3.8736E-01
  8.1229E-01  2.7406E+00 -1.3187E-03  6.4230E-01  4.0571E-01  9.0155E-01 -3.8110E-01
  8.1557E-01  2.7516E+00 -1.2074E-03  6.4106E-01  3.9971E-01  9.0306E-01 -3.7453E-01
  8.1871E-01  2.7621E+00 -1.1010E-03  6.3990E-01  3.9401E-01  9.0453E-01 -3.6825E-01
  8.2200E-01  2.7732E+00 -9.8874E-04  6.3870E-01  3.8803E-01  9.0609E-01 -3.6165E-01
  8.2513E-01  2.7837E+00 -8.8142E-04  6.3757E-01  3.8234E-01  9.0744E-01 -3.5536E-01
  8.2842E-01  2.7947E+00 -7.6823E-04  6.3642E-01  3.7638E-01  9.0887E-01 -3.4875E-01
  8.2967E-01  2.7989E+00 -7.2498E-04  6.3598E-01  3.7412E-01  9.0942E-01 -3.4623E-01
  8.3155E-01  2.8052E+00 -6.5998E-04  6.3533E-01  3.7072E-01  9.1025E-01 -3.4244E-01
  8.3484E-01  2.8162E+00 -5.4582E-04  6.3422E-01  3.6479E-01  9.1174E-01 -3.3580E-01
  8.3797E-01  2.8267E+00 -4.3664E-04  6.3317E-01  3.5916E-01  9.1318E-01 -3.2948E-01
  8.4126E-01  2.8377E+00 -3.2151E-04  6.3210E-01  3.5326E-01  9.1473E-01 -3.2282E-01
  8.4439E-01  2.8482E+00 -2.1141E-04  6.3110E-01  3.4766E-01  9.1617E-01 -3.1648E-01
  8.4768E-01  2.8593E+00 -9.5335E-05  6.3007E-01  3.4179E-01  9.1764E-01 -3.0980E-01
  8.5082E-01  2.8698E+00  1.5622E-05  6.2911E-01  3.3622E-01  9.1907E-01 -3.0343E-01
  8.5411E-01  2.8808E+00  1.3258E-04  6.2812E-01  3.3039E-01  9.2059E-01 -2.9674E-01
  8.5724E-01  2.8913E+00  2.4439E-04  6.2720E-01  3.2487E-01  9.2206E-01 -2.9036E-01
  8.6053E-01  2.9023E+00  3.6224E-04  6.2626E-01  3.1910E-01  9.2363E-01 -2.8365E-01
  8.6366E-01  2.9128E+00  4.7489E-04  6.2538E-01  3.1364E-01  9.2515E-01 -2.7725E-01
  8.6695E-01  2.9238E+00  5.9362E-04  6.2448E-01  3.0793E-01  9.2637E-01 -2.7055E-01
  8.7008E-01  2.9343E+00  7.0711E-04  6.2364E-01  3.0252E-01  9.2751E-01 -2.6417E-01
  8.7337E-01  2.9454E+00  8.2673E-04  6.2278E-01  2.9688E-01  9.2873E-01 -2.5746E-01
  8.7650E-01  2.9559E+00  9.4106E-04  6.2198E-01  2.9154E-01  9.2991E-01 -2.5106E-01
  8.7979E-01  2.9669E+00  1.0616E-03  6.2117E-01  2.8598E-01  9.3118E-01 -2.4434E-01
  8.8293E-01  2.9774E+00  1.1767E-03  6.2041E-01  2.8073E-01  9.3242E-01 -2.3794E-01
  8.8621E-01  2.9884E+00  1.2981E-03  6.1964E-01  2.7525E-01  9.3360E-01 -2.3121E-01
  8.8935E-01  2.9989E+00  1.4141E-03  6.1893E-01  2.7008E-01  9.3454E-01 -2.2481E-01
  8.9264E-01  3.0099E+00  1.5363E-03  6.1820E-01  2.6470E-01  9.3554E-01 -2.1809E-01
  8.9577E-01  3.0204E+00  1.6530E-03  6.1752E-01  2.5963E-01  9.3651E-01 -2.1168E-01
  8.9906E-01  3.0315E+00  1.7760E-03  6.1684E-01  2.5436E-01  9.3756E-01 -2.0494E-01
  9.0219E-01  3.0420E+00  1.8936E-03  6.1620E-01  2.4941E-01  9.3858E-01 -1.9852E-01
  9.0548E-01  3.0530E+00  2.0174E-03  6.1556E-01  2.4429E-01  9.3967E-01 -1.9178E-01
  9.0861E-01  3.0635E+00  2.1357E-03  6.1497E-01  2.3946E-01  9.4051E-01 -1.8536E-01
  9.1190E-01  3.0745E+00  2.2603E-03  6.1437E-01  2.3446E-01  9.4137E-01 -1.7862E-01
  9.1503E-01  3.0850E+00  2.3793E-03  6.1382E-01  2.2979E-01  9.4221E-01 -1.7219E-01
  9.1832E-01  3.0960E+00  2.5047E-03  6.1327E-01  2.2496E-01  9.4312E-01 -1.6544E-01
  9.2146E-01  3.1065E+00  2.6244E-03  6.1276E-01  2.2046E-01  9.4400E-01 -1.5901E-01
  9.2475E-01  3.1176E+00  2.7506E-03  6.1225E-01  2.1584E-01  9.4494E-01 -1.5225E-01
  9.2788E-01  3.1281E+00  2.8711E-03  6.1178E-01  2.1153E-01  9.4576E-01 -1.4582E-01
  9.3117E-01  3.1391E+00  2.9980E-03  6.1131E-01  2.0711E-01  9.4642E-01 -1.3907E-01
  9.3430E-01  3.1496E+00  3.1191E-03  6.1088E-01  2.0301E-01  9.4706E-01 -1.3264E-01
  9.3759E-01  3.1606E+00  3.2467E-03  6.1046E-01  1.9883E-01  9.4776E-01 -1.2589E-01
  9.4072E-01  3.1711E+00  3.3686E-03  6.1007E-01  1.9499E-01  9.4845E-01 -1.1946E-01
  9.4401E-01  3.1821E+00  3.4969E-03  6.0969E-01  1.9110E-01  9.4919E-01 -1.1271E-01
  9.4714E-01  3.1926E+00  3.6194E-03  6.0935E-01  1.8754E-01  9.4991E-01 -1.0627E-01
  9.5043E-01  3.2037E+00  3.7483E-03  6.0901E-01  1.8395E-01  9.5050E-01 -9.9513E-02
  9.5357E-01  3.2142E+00  3.8715E-03  6.0871E-01  1.8069E-01  9.5104E-01 -9.3076E-02
  9.5686E-01  3.2252E+00  4.0011E-03  6.0841E-01  1.7745E-01  9.5163E-01 -8.6316E-02
  9.5999E-01  3.2357E+00  4.1249E-03  6.0815E-01  1.7456E-01  9.5221E-01 -7.9878E-02
  9.6328E-01  3.2467E+00  4.2553E-03  6.0790E-01  1.7172E-01  9.5284E-01 -7.3117E-02
  9.6641E-01  3.2572E+00  4.3797E-03  6.0768E-01  1.6922E-01  9.5345E-01 -6.6680E-02
  9.6970E-01  3.2682E+00  4.5107E-03  6.0747E-01  1.6682E-01  9.5409E-01 -5.9906E-02
  9.7283E-01  3.2787E+00  4.6357E-03  6.0729E-01  1.6473E-01  9.5465E-01 -5.3428E-02
  9.7612E-01  3.2898E+00  4.7674E-03  6.0713E-01  1.6279E-01  9.5527E-01 -4.6626E-02
  9.7925E-01  3.3003E+00  4.8931E-03  6.0699E-01  1.6118E-01  9.5587E-01 -4.0149E-02
  9.8103E-01  3.3062E+00  4.9646E-03  6.0692E-01  1.6038E-01  9.5622E-01 -3.6470E-02
  9.8249E-01  3.3111E+00  5.0235E-03  6.0687E-01  1.5978E-01  9.5651E-01 -3.3449E-02
  9.8575E-01  3.3221E+00  5.1549E-03  6.0677E-01  1.5864E-01  9.5718E-01 -2.6714E-02
  9.8889E-01  3.3326E+00  5.2815E-03  6.0670E-01  1.5780E-01  9.5784E-01 -2.0243E-02
  9.9218E-01  3.3436E+00  5.4148E-03  6.0664E-01  1.5718E-01  9.5843E-01 -1.3435E-02
  9.9531E-01  3.3541E+00  5.5420E-03  6.0661E-01  1.5686E-01  9.5897E-01 -6.9518E-03
  9.9860E-01  3.3651E+00  5.6759E-03  6.0660E-01  1.5681E-01  9.5956E-01 -1.4643E-04
  1.0017E+00  3.3756E+00  5.8037E-03  6.0661E-01  1.5703E-01  9.6014E-01  6.3314E-03
  1.0050E+00  3.3866E+00  5.9382E-03  6.0664E-01  1.5754E-01  9.6077E-01  1.3130E-02
  1.0082E+00  3.3971E+00  6.0666E-03  6.0669E-01  1.5830E-01  9.6138E-01  1.9602E-02
  1.0114E+00  3.4082E+00  6.2017E-03  6.0676E-01  1.5936E-01  9.6198E-01  2.6395E-02
  1.0146E+00  3.4187E+00  6.3306E-03  6.0686E-01  1.6060E-01  9.6241E-01  3.2863E-02
  1.0179E+00  3.4297E+00  6.4662E-03  6.0698E-01  1.6217E-01  9.6289E-01  3.9651E-02
  1.0210E+00  3.4402E+00  6.5956E-03  6.0711E-01  1.6391E-01  9.6335E-01  4.6110E-02
  1.0243E+00  3.4512E+00  6.7318E-03  6.0727E-01  1.6599E-01  9.6386E-01  5.2889E-02
  1.0274E+00  3.4617E+00  6.8617E-03  6.0745E-01  1.6819E-01  9.6436E-01  5.9339E-02
  1.0307E+00  3.4727E+00  6.9984E-03  6.0765E-01  1.7072E-01  9.6490E-01  6.6107E-02
  1.0338E+00  3.4832E+00  7.1288E-03  6.0787E-01  1.7334E-01  9.6530E-01  7.2579E-02
  1.0371E+00  3.4943E+00  7.2659E-03  6.0812E-01  1.7630E-01  9.6571E-01  7.9377E-02
  1.0403E+00  3.5048E+00  7.3967E-03  6.0838E-01  1.7930E-01  9.6610E-01  8.5846E-02
  1.0436E+00  3.5158E+00  7.5343E-03  6.0867E-01  1.8264E-01  9.6654E-01  9.2632E-02
  1.0467E+00  3.5263E+00  7.6655E-03  6.0897E-01  1.8599E-01  9.6697E-01  9.9087E-02
  1.0500E+00  3.5373E+00  7.8035E-03  6.0931E-01  1.8968E-01  9.6743E-01  1.0586E-01
  1.0531E+00  3.5478E+00  7.9351E-03  6.0965E-01  1.9332E-01  9.6779E-01  1.1230E-01
  1.0564E+00  3.5588E+00  8.0735E-03  6.1003E-01  1.9727E-01  9.6790E-01  1.1907E-01
  1.0595E+00  3.5693E+00  8.2055E-03  6.1041E-01  2.0116E-01  9.6802E-01  1.2550E-01
  1.0628E+00  3.5804E+00  8.3443E-03  6.1084E-01  2.0537E-01  9.6817E-01  1.3225E-01
  1.0659E+00  3.5909E+00  8.4766E-03  6.1126E-01  2.0950E-01  9.6832E-01  1.3867E-01
  1.0692E+00  3.6019E+00  8.6157E-03  6.1173E-01  2.1395E-01  9.6850E-01  1.4541E-01
  1.0724E+00  3.6124E+00  8.7483E-03  6.1219E-01  2.1829E-01  9.6869E-01  1.5181E-01
  1.0757E+00  3.6234E+00  8.8877E-03  6.1270E-01  2.2294E-01  9.6874E-01  1.5855E-01
  1.0788E+00  3.6339E+00  9.0207E-03  6.1321E-01  2.2747E-01  9.6876E-01  1.6497E-01
  1.0821E+00  3.6450E+00  9.1604E-03  6.1376E-01  2.3230E-01  9.6879E-01  1.7171E-01
  1.0852E+00  3.6555E+00  9.2937E-03  6.1431E-01  2.3699E-01  9.6884E-01  1.7811E-01
  1.0885E+00  3.6665E+00  9.4338E-03  6.1491E-01  2.4198E-01  9.6891E-01  1.8482E-01
  1.0916E+00  3.6770E+00  9.5674E-03  6.1549E-01  2.4681E-01  9.6900E-01  1.9121E-01
  1.0949E+00  3.6880E+00  9.7078E-03  6.1613E-01  2.5193E-01  9.6907E-01  1.9790E-01
  1.0981E+00  3.6985E+00  9.8417E-03  6.1676E-01  2.5686E-01  9.6902E-01  2.0426E-01
  1.1013E+00  3.7095E+00  9.9824E-03  6.1745E-01  2.6208E-01  9.6899E-01  2.1092E-01
  1.1045E+00  3.7200E+00  1.0117E-02  6.1812E-01  2.6711E-01  9.6898E-01  2.1726E-01
  1.1078E+00  3.7311E+00  1.0258E-02  6.1884E-01  2.7244E-01  9.6899E-01  2.2390E-01
  1.1109E+00  3.7416E+00  1.0392E-02  6.1955E-01  2.7756E-01  9.6901E-01  2.3022E-01
  1.1142E+00  3.7526E+00  1.0534E-02  6.2032E-01  2.8297E-01  9.6906E-01  2.3684E-01
  1.1173E+00  3.7631E+00  1.0668E-02  6.2107E-01  2.8814E-01  9.6897E-01  2.4312E-01
  1.1206E+00  3.7741E+00  1.0810E-02  6.2188E-01  2.9360E-01  9.6885E-01  2.4970E-01
  1.1237E+00  3.7846E+00  1.0945E-02  6.2267E-01  2.9883E-01  9.6874E-01  2.5596E-01
  1.1270E+00  3.7956E+00  1.1087E-02  6.2353E-01  3.0435E-01  9.6866E-01  2.6252E-01
  1.1302E+00  3.8061E+00  1.1222E-02  6.2436E-01  3.0964E-01  9.6860E-01  2.6875E-01
  1.1335E+00  3.8172E+00  1.1365E-02  6.2525E-01  3.1521E-01  9.6855E-01  2.7528E-01
  1.1366E+00  3.8277E+00  1.1500E-02  6.2613E-01  3.2053E-01  9.6843E-01  2.8148E-01
  1.1399E+00  3.8387E+00  1.1643E-02  6.2706E-01  3.2608E-01  9.6789E-01  2.8796E-01
  1.1430E+00  3.8492E+00  1.1779E-02  6.2797E-01  3.3139E-01  9.6740E-01  2.9411E-01
  1.1463E+00  3.8602E+00  1.1921E-02  6.2895E-01  3.3698E-01  9.6691E-01  3.0056E-01
  1.1494E+00  3.8707E+00  1.2057E-02  6.2990E-01  3.4232E-01  9.6646E-01  3.0668E-01
  1.1527E+00  3.8817E+00  1.2200E-02  6.3092E-01  3.4795E-01  9.6600E-01  3.1310E-01
  1.1559E+00  3.8922E+00  1.2336E-02  6.3191E-01  3.5332E-01  9.6559E-01  3.1920E-01
  1.1591E+00  3.9033E+00  1.2479E-02  6.3297E-01  3.5894E-01  9.6492E-01  3.2558E-01
  1.1623E+00  3.9138E+00  1.2616E-02  6.3400E-01  3.6429E-01  9.6420E-01  3.3163E-01
  1.1656E+00  3.9248E+00  1.2759E-02  6.3510E-01  3.6992E-01  9.6347E-01  3.3797E-01
  1.1687E+00  3.9353E+00  1.2895E-02  6.3617E-01  3.7528E-01  9.6279E-01  3.4399E-01
  1.1720E+00  3.9463E+00  1.3039E-02  6.3731E-01  3.8093E-01  9.6210E-01  3.5030E-01
  1.1751E+00  3.9568E+00  1.3175E-02  6.3842E-01  3.8631E-01  9.6146E-01  3.5630E-01
  1.1784E+00  3.9678E+00  1.3318E-02  6.3960E-01  3.9196E-01  9.6078E-01  3.6258E-01
  1.1815E+00  3.9783E+00  1.3455E-02  6.4075E-01  3.9734E-01  9.6001E-01  3.6854E-01
  1.1848E+00  3.9894E+00  1.3598E-02  6.4197E-01  4.0299E-01  9.5922E-01  3.7478E-01
  1.1880E+00  3.9999E+00  1.3735E-02  6.4316E-01  4.0837E-01  9.5850E-01  3.8071E-01
  1.1913E+00  4.0109E+00  1.3879E-02  6.4442E-01  4.1402E-01  9.5776E-01  3.8692E-01
  1.1944E+00  4.0214E+00  1.4015E-02  6.4564E-01  4.2000E-01  9.5748E-01  3.9343E-01
  1.1977E+00  4.0324E+00  1.4159E-02  6.4695E-01  4.2838E-01  9.5695E-01  4.0251E-01
  1.2008E+00  4.0429E+00  1.4296E-02  6.4823E-01  4.3745E-01  9.5658E-01  4.1227E-01
  1.2041E+00  4.0539E+00  1.4441E-02  6.4960E-01  4.4896E-01  9.5645E-01  4.2456E-01
  1.2072E+00  4.0644E+00  1.4579E-02  6.5096E-01  4.6264E-01  9.5668E-01  4.3908E-01
  1.2105E+00  4.0755E+00  1.4725E-02  6.5243E-01  4.8040E-01  9.5735E-01  4.5783E-01
  1.2137E+00  4.0860E+00  1.4865E-02  6.5390E-01  4.9965E-01  9.5823E-01  4.7802E-01
  1.2169E+00  4.0970E+00  1.5013E-02  6.5550E-01  5.1729E-01  9.5870E-01  4.9650E-01
  1.2201E+00  4.1075E+00  1.5155E-02  6.5707E-01  5.1915E-01  9.5713E-01  4.9858E-01
  1.2234E+00  4.1185E+00  1.5302E-02  6.5866E-01  4.8008E-01  9.5143E-01  4.5812E-01
  1.2265E+00  4.1290E+00  1.5437E-02  6.5995E-01  3.7579E-01  9.4382E-01  3.4790E-01
  1.2298E+00  4.1401E+00  1.5565E-02  6.6078E-01  1.9983E-01  9.3824E-01  1.4184E-01
  1.2329E+00  4.1506E+00  1.5669E-02  6.6083E-01  1.8105E-01  9.3677E-01 -1.1489E-01
  1.2362E+00  4.1616E+00  1.5756E-02  6.6000E-01  4.1354E-01  9.3786E-01 -3.8939E-01
  1.2393E+00  4.1721E+00  1.5819E-02  6.5843E-01  6.1888E-01  9.4103E-01 -6.0312E-01
  1.2426E+00  4.1831E+00  1.5870E-02  6.5620E-01  7.5280E-01  9.4971E-01 -7.3987E-01
  1.2458E+00  4.1936E+00  1.5912E-02  6.5383E-01  7.6636E-01  9.6215E-01 -7.5353E-01
  1.2490E+00  4.2046E+00  1.5957E-02  6.5148E-01  6.7921E-01  9.7720E-01 -6.6450E-01
  1.2522E+00  4.2151E+00  1.6009E-02  6.4965E-01  5.1540E-01  9.9231E-01 -4.9553E-01
  1.2555E+00  4.2261E+00  1.6078E-02  6.4839E-01  3.0761E-01  9.9628E-01 -2.7320E-01
  1.2586E+00  4.2366E+00  1.6159E-02  6.4783E-01  1.6751E-01  9.7942E-01 -9.4576E-02
  1.2619E+00  4.2476E+00  1.6253E-02  6.4768E-01  1.3605E-01  9.5299E-01 -2.4333E-02
  1.2650E+00  4.2581E+00  1.6341E-02  6.4754E-01  1.6037E-01  9.3762E-01 -9.2400E-02
  1.2683E+00  4.2691E+00  1.6423E-02  6.4698E-01  2.8842E-01  9.3326E-01 -2.5759E-01
  1.2715E+00  4.2796E+00  1.6486E-02  6.4590E-01  4.5130E-01  9.3423E-01 -4.3246E-01
  1.2747E+00  4.2907E+00  1.6538E-02  6.4424E-01  5.8780E-01  9.3891E-01 -5.7352E-01
  1.2779E+00  4.3012E+00  1.6578E-02  6.4234E-01  6.4462E-01  9.4838E-01 -6.3156E-01
  1.2812E+00  4.3122E+00  1.6617E-02  6.4030E-01  6.0925E-01  9.6183E-01 -5.9524E-01
  1.2843E+00  4.3227E+00  1.6660E-02  6.3862E-01  4.9224E-01  9.7730E-01 -4.7448E-01
  1.2876E+00  4.3337E+00  1.6718E-02  6.3737E-01  3.1406E-01  9.8758E-01 -2.8519E-01
  1.2907E+00  4.3442E+00  1.6787E-02  6.3678E-01  1.6601E-01  9.7919E-01 -1.0361E-01
  1.2940E+00  4.3552E+00  1.6872E-02  6.3666E-01  1.2597E-01  9.5483E-01  5.3222E-03
  1.2971E+00  4.3657E+00  1.6956E-02  6.3669E-01  1.2355E-01  9.3561E-01 -1.3863E-02
  1.3004E+00  4.3766E+00  1.7036E-02  6.3647E-01  1.8688E-01  9.2836E-01 -1.4225E-01
  1.3036E+00  4.3871E+00  1.7099E-02  6.3579E-01  3.2827E-01  9.2791E-01 -3.0537E-01
  1.3068E+00  4.3981E+00  1.7149E-02  6.3454E-01  4.7200E-01  9.3056E-01 -4.5649E-01
  1.3100E+00  4.4086E+00  1.7186E-02  6.3297E-01  5.5683E-01  9.4068E-01 -5.4364E-01
  1.3133E+00  4.4196E+00  1.7220E-02  6.3119E-01  5.5214E-01  9.5101E-01 -5.3875E-01
  1.3164E+00  4.4301E+00  1.7255E-02  6.2963E-01  4.6873E-01  9.6489E-01 -4.5264E-01
  1.3197E+00  4.4411E+00  1.7303E-02  6.2842E-01  3.1907E-01  9.7744E-01 -2.9462E-01
  1.3228E+00  4.4516E+00  1.7361E-02  6.2779E-01  1.7202E-01  9.7551E-01 -1.2168E-01
  1.3261E+00  4.4626E+00  1.7436E-02  6.2765E-01  1.1880E-01  9.5506E-01  9.0090E-03
  1.3292E+00  4.4731E+00  1.7513E-02  6.2777E-01  1.1905E-01  9.3396E-01  2.9493E-02
  1.3325E+00  4.4841E+00  1.7590E-02  6.2778E-01  1.2858E-01  9.2369E-01 -6.0346E-02
  1.3357E+00  4.4946E+00  1.7651E-02  6.2740E-01  2.3342E-01  9.2182E-01 -2.0440E-01
  1.3390E+00  4.5056E+00  1.7701E-02  6.2650E-01  3.7246E-01  9.2314E-01 -3.5516E-01
  1.3421E+00  4.5161E+00  1.7735E-02  6.2525E-01  4.7242E-01  9.2726E-01 -4.5896E-01
  1.3454E+00  4.5271E+00  1.7765E-02  6.2371E-01  4.9748E-01  9.3990E-01 -4.8455E-01
  1.3485E+00  4.5376E+00  1.7793E-02  6.2229E-01  4.4599E-01  9.5150E-01 -4.3136E-01
  1.3518E+00  4.5485E+00  1.7830E-02  6.2109E-01  3.2833E-01  9.6492E-01 -3.0786E-01
  1.3549E+00  4.5590E+00  1.7877E-02  6.2041E-01  1.8988E-01  9.6949E-01 -1.5184E-01
  1.3582E+00  4.5700E+00  1.7940E-02  6.2020E-01  1.1212E-01  9.5596E-01 -7.4934E-03
  1.3614E+00  4.5805E+00  1.8009E-02  6.2034E-01  1.2053E-01  9.3423E-01  5.1717E-02
  1.3646E+00  4.5915E+00  1.8081E-02  6.2050E-01  1.0683E-01  9.1955E-01  5.5865E-03
  1.3678E+00  4.6020E+00  1.8141E-02  6.2039E-01  1.5470E-01  9.1559E-01 -1.1293E-01
  1.3711E+00  4.6130E+00  1.8190E-02  6.1982E-01  2.7735E-01  9.1601E-01 -2.5662E-01
  1.3742E+00  4.6235E+00  1.8224E-02  6.1888E-01  3.8232E-01  9.1906E-01 -3.6765E-01
  1.3775E+00  4.6344E+00  1.8250E-02  6.1760E-01  4.3794E-01  9.2662E-01 -4.2515E-01
  1.3806E+00  4.6449E+00  1.8272E-02  6.1632E-01  4.2267E-01  9.3704E-01 -4.0928E-01
  1.3839E+00  4.6559E+00  1.8299E-02  6.1515E-01  3.3933E-01  9.5056E-01 -3.2221E-01
  1.3870E+00  4.6664E+00  1.8335E-02  6.1438E-01  2.1689E-01  9.5993E-01 -1.8874E-01
  1.3903E+00  4.6774E+00  1.8386E-02  6.1406E-01  1.1364E-01  9.5406E-01 -4.1810E-02
  1.3935E+00  4.6879E+00  1.8445E-02  6.1413E-01  1.1277E-01  9.3417E-01  4.5840E-02
  1.3968E+00  4.6989E+00  1.8509E-02  6.1435E-01  1.0794E-01  9.1576E-01  3.9158E-02
  1.3999E+00  4.7094E+00  1.8566E-02  6.1439E-01  1.1237E-01  9.0914E-01 -5.2321E-02
  1.4032E+00  4.7203E+00  1.8612E-02  6.1405E-01  2.1151E-01  9.0840E-01 -1.8698E-01
  1.4063E+00  4.7308E+00  1.8643E-02  6.1332E-01  3.2142E-01  9.1005E-01 -3.0595E-01
  1.4096E+00  4.7418E+00  1.8665E-02  6.1222E-01  3.9929E-01  9.1718E-01 -3.8691E-01
  1.4127E+00  4.7523E+00  1.8681E-02  6.1102E-01  4.0620E-01  9.2623E-01 -3.9394E-01
  1.4160E+00  4.7633E+00  1.8699E-02  6.0986E-01  3.4753E-01  9.3848E-01 -3.3293E-01
  1.4192E+00  4.7738E+00  1.8724E-02  6.0902E-01  2.4253E-01  9.4964E-01 -2.2081E-01
  1.4224E+00  4.7847E+00  1.8763E-02  6.0858E-01  1.2803E-01  9.4970E-01 -8.0141E-02
  1.4256E+00  4.7952E+00  1.8811E-02  6.0855E-01  1.0063E-01  9.3338E-01  2.4037E-02
  1.4289E+00  4.8062E+00  1.8868E-02  6.0875E-01  1.0756E-01  9.1317E-01  5.0008E-02
  1.4320E+00  4.8167E+00  1.8920E-02  6.0888E-01  9.4635E-02  9.0364E-01 -1.1998E-02
  1.4353E+00  4.8277E+00  1.8963E-02  6.0870E-01  1.6041E-01  9.0159E-01 -1.3054E-01
  1.4384E+00  4.8382E+00  1.8992E-02  6.0815E-01  2.6597E-01  9.0242E-01 -2.4924E-01
  1.4417E+00  4.8491E+00  1.9011E-02  6.0721E-01  3.5494E-01  9.0574E-01 -3.4263E-01
  1.4448E+00  4.8596E+00  1.9022E-02  6.0611E-01  3.8413E-01  9.1616E-01 -3.7265E-01
  1.4481E+00  4.8706E+00  1.9033E-02  6.0498E-01  3.4964E-01  9.2667E-01 -3.3685E-01
  1.4513E+00  4.8811E+00  1.9049E-02  6.0409E-01  2.6646E-01  9.3848E-01 -2.4919E-01
  1.4545E+00  4.8920E+00  1.9076E-02  6.0353E-01  1.5432E-01  9.4434E-01 -1.2201E-01
  1.4577E+00  4.9025E+00  1.9114E-02  6.0338E-01  9.3435E-02  9.3441E-01 -7.7611E-03
  1.4610E+00  4.9135E+00  1.9162E-02  6.0352E-01  1.0379E-01  9.1406E-01  5.0392E-02
  1.4641E+00  4.9240E+00  1.9209E-02  6.0370E-01  9.1984E-02  9.0049E-01  2.2959E-02
  1.4674E+00  4.9350E+00  1.9251E-02  6.0367E-01  1.1449E-01  8.9636E-01 -7.2865E-02
  1.4705E+00  4.9455E+00  1.9280E-02  6.0331E-01  2.0539E-01  8.9666E-01 -1.8561E-01
  1.4738E+00  4.9564E+00  1.9298E-02  6.0258E-01  2.9774E-01  8.9931E-01 -2.8451E-01
  1.4770E+00  4.9669E+00  1.9306E-02  6.0163E-01  3.4780E-01  9.0551E-01 -3.3652E-01
  1.4802E+00  4.9779E+00  1.9312E-02  6.0057E-01  3.4292E-01  9.1522E-01 -3.3136E-01
  1.4834E+00  4.9884E+00  1.9321E-02  5.9965E-01  2.8499E-01  9.2710E-01 -2.7074E-01
  1.4867E+00  4.9993E+00  1.9338E-02  5.9897E-01  1.8533E-01  9.3720E-01 -1.6227E-01
  1.4898E+00  5.0098E+00  1.9366E-02  5.9869E-01  1.0036E-01  9.3421E-01 -4.6634E-02
  1.4931E+00  5.0208E+00  1.9406E-02  5.9873E-01  9.3616E-02  9.1627E-01  3.4990E-02
  1.4962E+00  5.0313E+00  1.9447E-02  5.9891E-01  9.3409E-02  8.9934E-01  3.8858E-02
  1.4995E+00  5.0422E+00  1.9486E-02  5.9898E-01  9.0111E-02  8.9226E-01 -3.2709E-02
  1.5026E+00  5.0527E+00  1.9513E-02  5.9876E-01  1.6093E-01  8.9154E-01 -1.3753E-01
  1.5059E+00  5.0637E+00  1.9530E-02  5.9817E-01  2.5632E-01  8.9307E-01 -2.4240E-01
  1.5091E+00  5.0742E+00  1.9536E-02  5.9733E-01  3.2281E-01  8.9731E-01 -3.1188E-01
  1.5123E+00  5.0852E+00  1.9537E-02  5.9631E-01  3.3706E-01  9.0748E-01 -3.2648E-01
  1.5155E+00  5.0957E+00  1.9540E-02  5.9538E-01  2.9733E-01  9.1810E-01 -2.8512E-01
  1.5188E+00  5.1066E+00  1.9549E-02  5.9462E-01  2.1200E-01  9.2942E-01 -1.9424E-01
  1.5219E+00  5.1171E+00  1.9567E-02  5.9422E-01  1.1926E-01  9.3141E-01 -8.3884E-02
  1.5252E+00  5.1281E+00  1.9598E-02  5.9416E-01  8.3919E-02  9.1743E-01  1.0995E-02
  1.5283E+00  5.1386E+00  1.9633E-02  5.9429E-01  9.0766E-02  8.9920E-01  4.0396E-02
  1.5316E+00  5.1495E+00  1.9669E-02  5.9441E-01  8.0268E-02  8.8914E-01 -5.1857E-03
  1.5348E+00  5.1600E+00  1.9695E-02  5.9430E-01  1.2509E-01  8.8713E-01 -9.6476E-02
  1.5380E+00  5.1710E+00  1.9710E-02  5.9385E-01  2.1564E-01  8.8787E-01 -2.0051E-01
  1.5412E+00  5.1815E+00  1.9715E-02  5.9312E-01  2.9006E-01  8.9054E-01 -2.7903E-01
  1.5445E+00  5.1924E+00  1.9714E-02  5.9217E-01  3.2319E-01  8.9990E-01 -3.1322E-01
  1.5476E+00  5.2029E+00  1.9711E-02  5.9125E-01  3.0173E-01  9.0894E-01 -2.9092E-01
  1.5509E+00  5.2139E+00  1.9713E-02  5.9044E-01  2.3488E-01  9.2045E-01 -2.2059E-01
  1.5540E+00  5.2244E+00  1.9724E-02  5.8993E-01  1.4603E-01  9.2705E-01 -1.2156E-01
  1.5573E+00  5.2353E+00  1.9745E-02  5.8974E-01  8.2323E-02  9.1957E-01 -1.9542E-02
  1.5604E+00  5.2458E+00  1.9774E-02  5.8982E-01  8.5501E-02  9.0189E-01  3.4600E-02
  1.5637E+00  5.2568E+00  1.9806E-02  5.8996E-01  7.9161E-02  8.8786E-01  1.9470E-02
  1.5669E+00  5.2673E+00  1.9832E-02  5.8996E-01  9.2557E-02  8.8372E-01 -5.2649E-02
  1.5701E+00  5.2782E+00  1.9848E-02  5.8966E-01  1.6879E-01  8.8389E-01 -1.5079E-01
  1.5733E+00  5.2887E+00  1.9853E-02  5.8909E-01  2.4543E-01  8.8599E-01 -2.3346E-01
  1.5766E+00  5.2997E+00  1.9851E-02  5.8826E-01  2.9451E-01  8.9148E-01 -2.8458E-01
  1.5797E+00  5.3102E+00  1.9846E-02  5.8738E-01  2.9673E-01  8.9981E-01 -2.8679E-01
  1.5830E+00  5.3211E+00  1.9842E-02  5.8654E-01  2.5185E-01  9.1107E-01 -2.3987E-01
  1.5861E+00  5.3316E+00  1.9846E-02  5.8595E-01  1.7444E-01  9.2086E-01 -1.5640E-01
  1.5894E+00  5.3426E+00  1.9859E-02  5.8563E-01  9.4375E-02  9.2007E-01 -5.4697E-02
  1.5926E+00  5.3531E+00  1.9881E-02  5.8562E-01  7.7356E-02  9.0528E-01  1.7123E-02
  1.5958E+00  5.3640E+00  1.9909E-02  5.8575E-01  7.9413E-02  8.8830E-01  2.9322E-02
  1.5990E+00  5.3745E+00  1.9933E-02  5.8581E-01  7.6317E-02  8.8121E-01 -2.2272E-02
  1.6023E+00  5.3854E+00  1.9949E-02  5.8563E-01  1.3389E-01  8.8028E-01 -1.1245E-01
  1.6054E+00  5.3959E+00  1.9954E-02  5.8516E-01  2.1208E-01  8.8150E-01 -1.9931E-01
  1.6087E+00  5.4069E+00  1.9951E-02  5.8443E-01  2.7461E-01  8.8500E-01 -2.6488E-01
  1.6118E+00  5.4174E+00  1.9943E-02  5.8358E-01  2.9278E-01  8.9398E-01 -2.8357E-01
  1.6151E+00  5.4283E+00  1.9934E-02  5.8272E-01  2.6347E-01  9.0393E-01 -2.5306E-01
  1.6182E+00  5.4388E+00  1.9932E-02  5.8206E-01  1.9805E-01  9.1437E-01 -1.8375E-01
  1.6215E+00  5.4498E+00  1.9938E-02  5.8164E-01  1.1461E-01  9.1799E-01 -8.7602E-02
  1.6247E+00  5.4603E+00  1.9954E-02  5.8153E-01  7.3066E-02  9.0719E-01 -6.2492E-03
  1.6279E+00  5.4712E+00  1.9976E-02  5.8162E-01  7.6416E-02  8.8941E-01  2.7835E-02
  1.6311E+00  5.4817E+00  1.9998E-02  5.8170E-01  7.0213E-02  8.7951E-01 -2.1637E-03
  1.6344E+00  5.4927E+00  2.0013E-02  5.8161E-01  1.0574E-01  8.7718E-01 -7.9456E-02
  1.6375E+00  5.5032E+00  2.0019E-02  5.8125E-01  1.7911E-01  8.7773E-01 -1.6504E-01
  1.6408E+00  5.5141E+00  2.0015E-02  5.8061E-01  2.4799E-01  8.8001E-01 -2.3806E-01
  1.6439E+00  5.5246E+00  2.0006E-02  5.7983E-01  2.8141E-01  8.8788E-01 -2.7262E-01
  1.6472E+00  5.5356E+00  1.9994E-02  5.7897E-01  2.6772E-01  8.9630E-01 -2.5837E-01
  1.6503E+00  5.5461E+00  1.9986E-02  5.7826E-01  2.1743E-01  9.0653E-01 -2.0563E-01
  1.6536E+00  5.5570E+00  1.9986E-02  5.7775E-01  1.3970E-01  9.1404E-01 -1.2033E-01
  1.6568E+00  5.5675E+00  1.9995E-02  5.7754E-01  7.8500E-02  9.0926E-01 -3.4762E-02
  1.6600E+00  5.5784E+00  2.0012E-02  5.7756E-01  7.1763E-02  8.9280E-01  2.0027E-02
  1.6632E+00  5.5889E+00  2.0031E-02  5.7766E-01  6.9393E-02  8.7938E-01  1.5232E-02
  1.6665E+00  5.5999E+00  2.0047E-02  5.7765E-01  8.0209E-02  8.7465E-01 -4.3879E-02
  1.6696E+00  5.6104E+00  2.0054E-02  5.7742E-01  1.4079E-01  8.7463E-01 -1.2387E-01
  1.6729E+00  5.6213E+00  2.0052E-02  5.7691E-01  2.1101E-01  8.7645E-01 -2.0015E-01
  1.6760E+00  5.6318E+00  2.0042E-02  5.7622E-01  2.5564E-01  8.8086E-01 -2.4673E-01
  1.6793E+00  5.6428E+00  2.0029E-02  5.7542E-01  2.6317E-01  8.8863E-01 -2.5444E-01
  1.6825E+00  5.6533E+00  2.0018E-02  5.7468E-01  2.3107E-01  8.9840E-01 -2.2094E-01
  1.6857E+00  5.6642E+00  2.0012E-02  5.7409E-01  1.6493E-01  9.0842E-01 -1.5019E-01
  1.6889E+00  5.6747E+00  2.0014E-02  5.7378E-01  9.5034E-02  9.0953E-01 -6.6351E-02
  1.6922E+00  5.6856E+00  2.0026E-02  5.7371E-01  6.6937E-02  8.9663E-01  2.7817E-03
  1.6953E+00  5.6961E+00  2.0042E-02  5.7379E-01  6.8633E-02  8.8100E-01  2.0338E-02
  1.6986E+00  5.7071E+00  2.0056E-02  5.7383E-01  6.7657E-02  8.7317E-01 -1.9464E-02
  1.7017E+00  5.7176E+00  2.0064E-02  5.7368E-01  1.1229E-01  8.7210E-01 -9.1889E-02
  1.7050E+00  5.7285E+00  2.0062E-02  5.7328E-01  1.8286E-01  8.7316E-01 -1.7115E-01
  1.7081E+00  5.7390E+00  2.0053E-02  5.7266E-01  2.3775E-01  8.7594E-01 -2.2887E-01
  1.7114E+00  5.7500E+00  2.0038E-02  5.7189E-01  2.6002E-01  8.8409E-01 -2.5184E-01
  1.7146E+00  5.7605E+00  2.0023E-02  5.7114E-01  2.4055E-01  8.9269E-01 -2.3158E-01
  1.7178E+00  5.7714E+00  2.0013E-02  5.7049E-01  1.8558E-01  9.0300E-01 -1.7360E-01
  1.7210E+00  5.7819E+00  2.0010E-02  5.7009E-01  1.1571E-01  9.0769E-01 -9.5239E-02
  1.7243E+00  5.7928E+00  2.0016E-02  5.6993E-01  6.7594E-02  8.9905E-01 -1.8897E-02
  1.7274E+00  5.8033E+00  2.0028E-02  5.6997E-01  6.5616E-02  8.8314E-01  1.6158E-02
  1.7307E+00  5.8143E+00  2.0040E-02  5.7003E-01  6.2793E-02  8.7253E-01 -3.8412E-03
  1.7338E+00  5.8248E+00  2.0048E-02  5.6995E-01  8.9828E-02  8.7004E-01 -6.4680E-02
  1.7371E+00  5.8357E+00  2.0047E-02  5.6963E-01  1.5502E-01  8.7047E-01 -1.4201E-01
  1.7403E+00  5.8462E+00  2.0038E-02  5.6910E-01  2.1460E-01  8.7227E-01 -2.0542E-01
  1.7435E+00  5.8572E+00  2.0023E-02  5.6838E-01  2.5014E-01  8.8082E-01 -2.4222E-01
  1.7467E+00  5.8677E+00  2.0006E-02  5.6764E-01  2.4333E-01  8.8671E-01 -2.3513E-01
  1.7500E+00  5.8786E+00  1.9992E-02  5.6696E-01  2.0205E-01  8.9650E-01 -1.9195E-01
  1.7531E+00  5.8891E+00  1.9984E-02  5.6648E-01  1.3871E-01  9.0413E-01 -1.2336E-01
  1.7564E+00  5.9000E+00  1.9985E-02  5.6623E-01  7.7361E-02  9.0140E-01 -4.4820E-02
  1.7595E+00  5.9105E+00  1.9992E-02  5.6620E-01  6.2244E-02  8.8741E-01  6.2880E-03
  1.7628E+00  5.9215E+00  2.0003E-02  5.6626E-01  6.1497E-02  8.7355E-01  9.1307E-03
  1.7659E+00  5.9320E+00  2.0011E-02  5.6625E-01  7.0003E-02  8.6856E-01 -3.5516E-02
  1.7692E+00  5.9429E+00  2.0012E-02  5.6604E-01  1.2259E-01  8.6831E-01 -1.0683E-01
  1.7724E+00  5.9534E+00  2.0005E-02  5.6562E-01  1.8267E-01  8.6976E-01 -1.7252E-01
  1.7756E+00  5.9644E+00  1.9990E-02  5.6499E-01  2.2679E-01  8.7360E-01 -2.1868E-01
  1.7788E+00  5.9749E+00  1.9973E-02  5.6429E-01  2.3775E-01  8.8027E-01 -2.2996E-01
  1.7821E+00  5.9858E+00  1.9956E-02  5.6359E-01  2.1317E-01  8.8945E-01 -2.0433E-01
  1.7852E+00  5.9963E+00  1.9944E-02  5.6305E-01  1.6063E-01  8.9882E-01 -1.4851E-01
  1.7885E+00  6.0072E+00  1.9939E-02  5.6271E-01  9.5229E-02  9.0151E-01 -7.2960E-02
  1.7916E+00  6.0177E+00  1.9942E-02  5.6260E-01  6.1387E-02  8.9131E-01 -1.1185E-02
  1.7949E+00  6.0287E+00  1.9950E-02  5.6263E-01  6.0297E-02  8.7579E-01  1.1585E-02
  1.7981E+00  6.0392E+00  1.9958E-02  5.6266E-01  6.0666E-02  8.6776E-01 -1.6061E-02
  1.8013E+00  6.0501E+00  1.9959E-02  5.6253E-01  9.8482E-02  8.6630E-01 -7.9405E-02
  1.8045E+00  6.0606E+00  1.9954E-02  5.6219E-01  1.5794E-01  8.6711E-01 -1.4685E-01
  1.8078E+00  6.0715E+00  1.9940E-02  5.6163E-01  2.1059E-01  8.6951E-01 -2.0241E-01
  1.8109E+00  6.0820E+00  1.9922E-02  5.6096E-01  2.3427E-01  8.7645E-01 -2.2688E-01
  1.8142E+00  6.0930E+00  1.9903E-02  5.6025E-01  2.2102E-01  8.8452E-01 -2.1308E-01
  1.8173E+00  6.1035E+00  1.9887E-02  5.5966E-01  1.7819E-01  8.9385E-01 -1.6809E-01
  1.8206E+00  6.1144E+00  1.9878E-02  5.5924E-01  1.1485E-01  8.9961E-01 -9.8340E-02
  1.8237E+00  6.1249E+00  1.9876E-02  5.5906E-01  6.6807E-02  8.9355E-01 -3.1729E-02
  1.8270E+00  6.1358E+00  1.9881E-02  5.5904E-01  5.7995E-02  8.7831E-01  6.2366E-03
  1.8302E+00  6.1463E+00  1.9887E-02  5.5908E-01  5.7021E-02  8.6776E-01 -4.4432E-03
  1.8334E+00  6.1573E+00  1.9889E-02  5.5900E-01  7.9762E-02  8.6471E-01 -5.6285E-02
  1.8366E+00  6.1678E+00  1.9885E-02  5.5874E-01  1.3381E-01  8.6496E-01 -1.2135E-01
  1.8399E+00  6.1787E+00  1.9872E-02  5.5826E-01  1.9009E-01  8.6653E-01 -1.8156E-01
  1.8430E+00  6.1892E+00  1.9854E-02  5.5764E-01  2.2442E-01  8.7367E-01 -2.1716E-01
  1.8463E+00  6.2001E+00  1.9834E-02  5.5694E-01  2.2281E-01  8.7966E-01 -2.1545E-01
  1.8494E+00  6.2106E+00  1.9816E-02  5.5632E-01  1.9157E-01  8.8827E-01 -1.8284E-01
  1.8527E+00  6.2216E+00  1.9802E-02  5.5583E-01  1.3549E-01  8.9635E-01 -1.2268E-01
  1.8558E+00  6.2321E+00  1.9797E-02  5.5557E-01  7.9863E-02  8.9558E-01 -5.5618E-02
  1.8591E+00  6.2430E+00  1.9798E-02  5.5550E-01  5.6537E-02  8.8297E-01 -4.2547E-03
  1.8623E+00  6.2535E+00  1.9802E-02  5.5552E-01  5.5595E-02  8.6981E-01  4.3355E-03
  1.8655E+00  6.2645E+00  1.9805E-02  5.5551E-01  6.3425E-02  8.6403E-01 -3.1693E-02
  1.8687E+00  6.2750E+00  1.9802E-02  5.5533E-01  1.0601E-01  8.6356E-01 -9.0764E-02
  1.8720E+00  6.2859E+00  1.9791E-02  5.5495E-01  1.6203E-01  8.6483E-01 -1.5252E-01
  1.8751E+00  6.2964E+00  1.9775E-02  5.5441E-01  2.0238E-01  8.6790E-01 -1.9484E-01
  1.8784E+00  6.3073E+00  1.9755E-02  5.5375E-01  2.1672E-01  8.7411E-01 -2.0964E-01
  1.8815E+00  6.3178E+00  1.9735E-02  5.5313E-01  1.9982E-01  8.8211E-01 -1.9202E-01
  1.8848E+00  6.3288E+00  1.9719E-02  5.5259E-01  1.5451E-01  8.9148E-01 -1.4412E-01
  1.8880E+00  6.3393E+00  1.9709E-02  5.5224E-01  9.8204E-02  8.9531E-01 -8.0815E-02
  1.8912E+00  6.3502E+00  1.9707E-02  5.5210E-01  5.9024E-02  8.8697E-01 -2.1041E-02
  1.8944E+00  6.3607E+00  1.9709E-02  5.5210E-01  5.4314E-02  8.7287E-01  4.0527E-03
  1.8977E+00  6.3716E+00  1.9711E-02  5.5210E-01  5.5744E-02  8.6397E-01 -1.5644E-02
  1.9008E+00  6.3821E+00  1.9709E-02  5.5199E-01  8.5561E-02  8.6226E-01 -6.6944E-02
  1.9041E+00  6.3931E+00  1.9700E-02  5.5169E-01  1.4000E-01  8.6294E-01 -1.2950E-01
  1.9072E+00  6.4036E+00  1.9685E-02  5.5121E-01  1.8687E-01  8.6488E-01 -1.7915E-01
  1.9105E+00  6.4145E+00  1.9665E-02  5.5058E-01  2.1305E-01  8.7154E-01 -2.0625E-01
  1.9136E+00  6.4250E+00  1.9644E-02  5.4995E-01  2.0567E-01  8.7822E-01 -1.9855E-01
  1.9169E+00  6.4359E+00  1.9625E-02  5.4937E-01  1.6953E-01  8.8728E-01 -1.6069E-01
  1.9201E+00  6.4464E+00  1.9612E-02  5.4896E-01  1.1644E-01  8.9347E-01 -1.0301E-01
  1.9233E+00  6.4574E+00  1.9606E-02  5.4875E-01  6.7098E-02  8.8933E-01 -3.9973E-02
  1.9265E+00  6.4679E+00  1.9606E-02  5.4870E-01  5.3048E-02  8.7601E-01 -2.6595E-03
  1.9298E+00  6.4788E+00  1.9608E-02  5.4871E-01  5.2610E-02  8.6477E-01 -6.5402E-03
  1.9329E+00  6.4893E+00  1.9607E-02  5.4865E-01  7.0158E-02  8.6143E-01 -4.7211E-02
  1.9362E+00  6.5002E+00  1.9599E-02  5.4841E-01  1.1864E-01  8.6152E-01 -1.0674E-01
  1.9393E+00  6.5107E+00  1.9586E-02  5.4800E-01  1.6800E-01  8.6281E-01 -1.5984E-01
  1.9426E+00  6.5217E+00  1.9566E-02  5.4742E-01  2.0308E-01  8.6760E-01 -1.9635E-01
  1.9458E+00  6.5322E+00  1.9545E-02  5.4680E-01  2.0590E-01  8.7421E-01 -1.9920E-01
  1.9490E+00  6.5431E+00  1.9525E-02  5.4620E-01  1.8044E-01  8.8238E-01 -1.7266E-01
  1.9522E+00  6.5536E+00  1.9509E-02  5.4574E-01  1.3446E-01  8.9015E-01 -1.2369E-01
  1.9555E+00  6.5645E+00  1.9500E-02  5.4545E-01  8.0974E-02  8.9096E-01 -6.1504E-02
  1.9586E+00  6.5750E+00  1.9497E-02  5.4535E-01  5.3792E-02  8.8068E-01 -1.3921E-02
  1.9619E+00  6.5859E+00  1.9498E-02  5.4535E-01  5.1079E-02  8.6738E-01 -1.8401E-04
  1.9650E+00  6.5964E+00  1.9498E-02  5.4533E-01  5.7138E-02  8.6130E-01 -2.6486E-02
  1.9683E+00  6.6074E+00  1.9493E-02  5.4517E-01  9.4142E-02  8.6054E-01 -7.9467E-02
  1.9714E+00  6.6179E+00  1.9482E-02  5.4484E-01  1.4257E-01  8.6154E-01 -1.3335E-01
  1.9747E+00  6.6288E+00  1.9465E-02  5.4434E-01  1.8246E-01  8.6421E-01 -1.7535E-01
  1.9779E+00  6.6393E+00  1.9446E-02  5.4377E-01  1.9834E-01  8.6949E-01 -1.9177E-01
  1.9811E+00  6.6502E+00  1.9425E-02  5.4316E-01  1.8636E-01  8.7701E-01 -1.7927E-01
  1.9843E+00  6.6607E+00  1.9408E-02  5.4266E-01  1.5025E-01  8.8555E-01 -1.4124E-01
  1.9876E+00  6.6717E+00  1.9396E-02  5.4230E-01  9.8151E-02  8.9044E-01 -8.3616E-02
  1.9907E+00  6.6822E+00  1.9391E-02  5.4214E-01  5.9154E-02  8.8443E-01 -3.0054E-02
  1.9940E+00  6.6931E+00  1.9391E-02  5.4210E-01  5.0096E-02  8.7080E-01 -1.5329E-03
  1.9971E+00  6.7036E+00  1.9392E-02  5.4210E-01  5.1213E-02  8.6181E-01 -1.3246E-02
  2.0004E+00  6.7145E+00  1.9390E-02  5.4200E-01  7.6066E-02  8.5957E-01 -5.7973E-02
  2.0036E+00  6.7250E+00  1.9382E-02  5.4174E-01  1.2210E-01  8.6004E-01 -1.1176E-01
  2.0068E+00  6.7360E+00  1.9367E-02  5.4130E-01  1.6731E-01  8.6171E-01 -1.5993E-01
  2.0100E+00  6.7465E+00  1.9350E-02  5.4076E-01  1.9334E-01  8.6795E-01 -1.8693E-01
  2.0132E+00  6.7574E+00  1.9330E-02  5.4015E-01  1.9022E-01  8.7357E-01 -1.8366E-01
  2.0164E+00  6.7679E+00  1.9312E-02  5.3962E-01  1.6212E-01  8.8158E-01 -1.5426E-01
  2.0197E+00  6.7788E+00  1.9300E-02  5.3921E-01  1.1404E-01  8.8832E-01 -1.0244E-01
  2.0228E+00  6.7893E+00  1.9294E-02  5.3898E-01  6.8589E-02  8.8612E-01 -4.7076E-02
  2.0261E+00  6.8003E+00  1.9293E-02  5.3891E-01  4.9735E-02  8.7378E-01 -7.9437E-03
  2.0292E+00  6.8108E+00  1.9296E-02  5.3890E-01  4.8761E-02  8.6280E-01 -5.9305E-03
  2.0325E+00  6.8217E+00  1.9297E-02  5.3884E-01  6.2505E-02  8.5873E-01 -3.9935E-02
  2.0357E+00  6.8322E+00  1.9293E-02  5.3865E-01  1.0227E-01  8.5860E-01 -9.0312E-02
  2.0389E+00  6.8431E+00  1.9283E-02  5.3827E-01  1.4902E-01  8.5965E-01 -1.4110E-01
  2.0421E+00  6.8536E+00  1.9269E-02  5.3778E-01  1.8169E-01  8.6222E-01 -1.7525E-01
  2.0454E+00  6.8646E+00  1.9252E-02  5.3719E-01  1.8848E-01  8.6970E-01 -1.8220E-01
  2.0485E+00  6.8751E+00  1.9237E-02  5.3664E-01  1.6948E-01  8.7674E-01 -1.6239E-01
  2.0518E+00  6.8860E+00  1.9225E-02  5.3618E-01  1.2865E-01  8.8455E-01 -1.1904E-01
  2.0549E+00  6.8965E+00  1.9220E-02  5.3590E-01  8.1648E-02  8.8655E-01 -6.5458E-02
  2.0582E+00  6.9074E+00  1.9221E-02  5.3577E-01  5.1438E-02  8.7772E-01 -1.7899E-02
  2.0613E+00  6.9179E+00  1.9226E-02  5.3576E-01  4.7474E-02  8.6534E-01 -9.2594E-04
  2.0646E+00  6.9288E+00  1.9232E-02  5.3574E-01  5.1376E-02  8.5841E-01 -2.0736E-02
  2.0678E+00  6.9393E+00  1.9234E-02  5.3561E-01  7.9742E-02  8.5734E-01 -6.4520E-02
  2.0710E+00  6.9503E+00  1.9231E-02  5.3532E-01  1.2453E-01  8.5813E-01 -1.1541E-01
  2.0742E+00  6.9608E+00  1.9223E-02  5.3489E-01  1.6078E-01  8.6017E-01 -1.5381E-01
  2.0775E+00  6.9717E+00  1.9212E-02  5.3436E-01  1.7873E-01  8.6489E-01 -1.7246E-01
  2.0806E+00  6.9822E+00  1.9201E-02  5.3382E-01  1.7151E-01  8.7133E-01 -1.6490E-01
  2.0839E+00  6.9931E+00  1.9193E-02  5.3333E-01  1.4040E-01  8.7955E-01 -1.3213E-01
  2.0870E+00  7.0036E+00  1.9189E-02  5.3299E-01  9.6055E-02  8.8484E-01 -8.3395E-02
  2.0903E+00  7.0146E+00  1.9192E-02  5.3281E-01  5.6838E-02  8.8048E-01 -3.1463E-02
  2.0935E+00  7.0251E+00  1.9200E-02  5.3277E-01  4.6665E-02  8.6841E-01 -2.2678E-03
  2.0967E+00  7.0360E+00  1.9210E-02  5.3276E-01  4.6706E-02  8.5868E-01 -8.0168E-03
  2.0999E+00  7.0465E+00  1.9218E-02  5.3269E-01  6.3355E-02  8.5608E-01 -4.3779E-02
  2.1032E+00  7.0574E+00  1.9221E-02  5.3247E-01  1.0435E-01  8.5634E-01 -9.3805E-02
  2.1063E+00  7.0679E+00  1.9218E-02  5.3210E-01  1.4445E-01  8.5760E-01 -1.3704E-01
  2.1096E+00  7.0789E+00  1.9211E-02  5.3160E-01  1.7161E-01  8.6235E-01 -1.6538E-01
  2.1127E+00  7.0894E+00  1.9203E-02  5.3107E-01  1.7228E-01  8.6783E-01 -1.6603E-01
  2.1160E+00  7.1003E+00  1.9196E-02  5.3057E-01  1.4880E-01  8.7540E-01 -1.4143E-01
  2.1191E+00  7.1108E+00  1.9194E-02  5.3019E-01  1.0871E-01  8.8199E-01 -9.8254E-02
  2.1224E+00  7.1217E+00  1.9197E-02  5.2995E-01  6.5092E-02  8.8127E-01 -4.5666E-02
  2.1256E+00  7.1322E+00  1.9206E-02  5.2987E-01  4.6468E-02  8.7084E-01 -8.0864E-03
  2.1288E+00  7.1431E+00  1.9218E-02  5.2987E-01  4.5099E-02  8.5940E-01 -1.0722E-03
  2.1320E+00  7.1536E+00  1.9228E-02  5.2983E-01  5.2267E-02  8.5498E-01 -2.6950E-02
  2.1353E+00  7.1646E+00  1.9235E-02  5.2967E-01  8.5652E-02  8.5458E-01 -7.3077E-02
  2.1384E+00  7.1751E+00  1.9235E-02  5.2937E-01  1.2632E-01  8.5535E-01 -1.1818E-01
  2.1417E+00  7.1860E+00  1.9231E-02  5.2892E-01  1.5903E-01  8.5750E-01 -1.5264E-01
  2.1448E+00  7.1965E+00  1.9225E-02  5.2842E-01  1.6857E-01  8.6394E-01 -1.6249E-01
  2.1481E+00  7.2074E+00  1.9219E-02  5.2791E-01  1.5363E-01  8.7048E-01 -1.4687E-01
  2.1513E+00  7.2179E+00  1.9216E-02  5.2750E-01  1.2034E-01  8.7766E-01 -1.1147E-01
  2.1545E+00  7.2289E+00  1.9218E-02  5.2721E-01  7.6530E-02  8.8071E-01 -6.1605E-02
  2.1577E+00  7.2394E+00  1.9225E-02  5.2709E-01  4.8403E-02  8.7391E-01 -1.7888E-02
  2.1610E+00  7.2503E+00  1.9237E-02  5.2708E-01  4.4355E-02  8.6165E-01  2.6648E-03
  2.1641E+00  7.2608E+00  1.9249E-02  5.2707E-01  4.5052E-02  8.5448E-01 -1.0381E-02
  2.1674E+00  7.2717E+00  1.9258E-02  5.2698E-01  6.6016E-02  8.5296E-01 -4.9494E-02
  2.1705E+00  7.2822E+00  1.9262E-02  5.2675E-01  1.0382E-01  8.5349E-01 -9.4213E-02
  2.1738E+00  7.2931E+00  1.9261E-02  5.2638E-01  1.3945E-01  8.5519E-01 -1.3245E-01
  2.1769E+00  7.3036E+00  1.9256E-02  5.2593E-01  1.5786E-01  8.5904E-01 -1.5169E-01
  2.1802E+00  7.3146E+00  1.9251E-02  5.2543E-01  1.5427E-01  8.6503E-01 -1.4789E-01
  2.1834E+00  7.3251E+00  1.9247E-02  5.2500E-01  1.2983E-01  8.7232E-01 -1.2208E-01
  2.1866E+00  7.3360E+00  1.9247E-02  5.2467E-01  8.9445E-02  8.7818E-01 -7.7663E-02
  2.1898E+00  7.3465E+00  1.9253E-02  5.2450E-01  5.4125E-02  8.7561E-01 -3.1292E-02
  2.1931E+00  7.3574E+00  1.9263E-02  5.2446E-01  4.3520E-02  8.6427E-01  5.0098E-05
  2.1962E+00  7.3679E+00  1.9276E-02  5.2446E-01  4.2975E-02  8.5465E-01 -5.0137E-04
  2.1995E+00  7.3789E+00  1.9286E-02  5.2442E-01  5.2942E-02  8.5143E-01 -3.1242E-02
  2.2026E+00  7.3894E+00  1.9292E-02  5.2425E-01  8.5884E-02  8.5148E-01 -7.4536E-02
  2.2059E+00  7.4003E+00  1.9293E-02  5.2394E-01  1.2437E-01  8.5251E-01 -1.1684E-01
  2.2091E+00  7.4108E+00  1.9290E-02  5.2352E-01  1.5039E-01  8.5517E-01 -1.4421E-01
  2.2123E+00  7.4217E+00  1.9284E-02  5.2303E-01  1.5462E-01  8.6145E-01 -1.4856E-01
  2.2155E+00  7.4322E+00  1.9279E-02  5.2259E-01  1.3688E-01  8.6805E-01 -1.2992E-01
  2.2187E+00  7.4431E+00  1.9278E-02  5.2222E-01  1.0094E-01  8.7486E-01 -9.1166E-02
  2.2219E+00  7.4536E+00  1.9282E-02  5.2201E-01  6.2497E-02  8.7547E-01 -4.5075E-02
  2.2252E+00  7.4646E+00  1.9291E-02  5.2193E-01  4.3271E-02  8.6621E-01 -6.6232E-03
  2.2283E+00  7.4751E+00  1.9303E-02  5.2193E-01  4.2338E-02  8.5530E-01  3.8622E-03
  2.2316E+00  7.4860E+00  1.9315E-02  5.2192E-01  4.5152E-02  8.5015E-01 -1.6967E-02
  2.2347E+00  7.4965E+00  1.9323E-02  5.2181E-01  6.9971E-02  8.4955E-01 -5.6155E-02
  2.2380E+00  7.5074E+00  1.9326E-02  5.2155E-01  1.0808E-01  8.5017E-01 -9.9712E-02
  2.2412E+00  7.5179E+00  1.9324E-02  5.2118E-01  1.3840E-01  8.5180E-01 -1.3198E-01
  2.2444E+00  7.5289E+00  1.9319E-02  5.2072E-01  1.5096E-01  8.5754E-01 -1.4504E-01
  2.2476E+00  7.5394E+00  1.9314E-02  5.2028E-01  1.4058E-01  8.6317E-01 -1.3414E-01
  2.2509E+00  7.5503E+00  1.9312E-02  5.1988E-01  1.1133E-01  8.7023E-01 -1.0298E-01
  2.2540E+00  7.5608E+00  1.9314E-02  5.1962E-01  7.3531E-02  8.7393E-01 -6.0086E-02
  2.2573E+00  7.5717E+00  1.9322E-02  5.1950E-01  4.5322E-02  8.6856E-01 -1.6908E-02
  2.2604E+00  7.5822E+00  1.9334E-02  5.1949E-01  4.1748E-02  8.5745E-01  4.9663E-03
  2.2637E+00  7.5931E+00  1.9346E-02  5.1950E-01  4.1139E-02  8.4956E-01 -3.2566E-03
  2.2668E+00  7.6036E+00  1.9356E-02  5.1944E-01  5.4120E-02  8.4777E-01 -3.5489E-02
  2.2701E+00  7.6146E+00  1.9362E-02  5.1926E-01  8.8089E-02  8.4814E-01 -7.8069E-02
  2.2733E+00  7.6251E+00  1.9363E-02  5.1895E-01  1.2045E-01  8.4942E-01 -1.1333E-01
  2.2765E+00  7.6360E+00  1.9361E-02  5.1854E-01  1.4046E-01  8.5278E-01 -1.3438E-01
  2.2797E+00  7.6465E+00  1.9357E-02  5.1811E-01  1.4016E-01  8.5791E-01 -1.3403E-01
  2.2830E+00  7.6574E+00  1.9355E-02  5.1770E-01  1.1958E-01  8.6487E-01 -1.1224E-01
  2.2861E+00  7.6679E+00  1.9356E-02  5.1740E-01  8.5517E-02  8.7072E-01 -7.4807E-02
  2.2894E+00  7.6788E+00  1.9363E-02  5.1723E-01  5.1148E-02  8.6955E-01 -3.0162E-02
  2.2925E+00  7.6893E+00  1.9374E-02  5.1719E-01  4.0788E-02  8.5982E-01  5.1446E-04
  2.2958E+00  7.7003E+00  1.9389E-02  5.1720E-01  4.0476E-02  8.4970E-01  4.2977E-03
  2.2990E+00  7.7108E+00  1.9401E-02  5.1719E-01  4.4668E-02  8.4613E-01 -1.9839E-02
  2.3022E+00  7.7217E+00  1.9410E-02  5.1705E-01  7.2350E-02  8.4598E-01 -6.0324E-02
  2.3054E+00  7.7322E+00  1.9415E-02  5.1680E-01  1.0644E-01  8.4675E-01 -9.8677E-02
  2.3087E+00  7.7431E+00  1.9415E-02  5.1643E-01  1.3313E-01  8.4882E-01 -1.2701E-01
  2.3118E+00  7.7536E+00  1.9414E-02  5.1601E-01  1.4002E-01  8.5435E-01 -1.3416E-01
  2.3151E+00  7.7646E+00  1.9413E-02  5.1558E-01  1.2583E-01  8.6054E-01 -1.1921E-01
  2.3182E+00  7.7751E+00  1.9416E-02  5.1525E-01  9.6051E-02  8.6694E-01 -8.7094E-02
  2.3215E+00  7.7860E+00  1.9423E-02  5.1504E-01  5.9438E-02  8.6868E-01 -4.3497E-02
  2.3246E+00  7.7965E+00  1.9436E-02  5.1496E-01  4.0765E-02  8.6124E-01 -7.3352E-03
  2.3279E+00  7.8074E+00  1.9453E-02  5.1496E-01  4.0094E-02  8.5018E-01  6.7167E-03
  2.3311E+00  7.8179E+00  1.9469E-02  5.1496E-01  4.0079E-02  8.4475E-01 -8.2454E-03
  2.3343E+00  7.8288E+00  1.9483E-02  5.1488E-01  5.8973E-02  8.4387E-01 -4.4132E-02
  2.3375E+00  7.8393E+00  1.9492E-02  5.1467E-01  9.1851E-02  8.4430E-01 -8.3128E-02
  2.3408E+00  7.8503E+00  1.9498E-02  5.1434E-01  1.2220E-01  8.4562E-01 -1.1580E-01
  2.3439E+00  7.8608E+00  1.9500E-02  5.1394E-01  1.3640E-01  8.5038E-01 -1.3065E-01
  2.3472E+00  7.8717E+00  1.9503E-02  5.1352E-01  1.2913E-01  8.5561E-01 -1.2300E-01
  2.3503E+00  7.8822E+00  1.9507E-02  5.1316E-01  1.0548E-01  8.6197E-01 -9.7788E-02
  2.3536E+00  7.8931E+00  1.9517E-02  5.1290E-01  7.0253E-02  8.6636E-01 -5.7979E-02
  2.3568E+00  7.9036E+00  1.9531E-02  5.1278E-01  4.3641E-02  8.6270E-01 -1.8678E-02
  2.3600E+00  7.9145E+00  1.9550E-02  5.1276E-01  3.9299E-02  8.5203E-01  5.6043E-03
  2.3632E+00  7.9250E+00  1.9570E-02  5.1278E-01  3.8539E-02  8.4411E-01  2.0450E-03
  2.3665E+00  7.9360E+00  1.9589E-02  5.1274E-01  4.6565E-02  8.4186E-01 -2.6448E-02
  2.3696E+00  7.9465E+00  1.9603E-02  5.1259E-01  7.4605E-02  8.4205E-01 -6.4040E-02
  2.3729E+00  7.9574E+00  1.9613E-02  5.1231E-01  1.0640E-01  8.4309E-01 -9.9288E-02
  2.3760E+00  7.9679E+00  1.9620E-02  5.1196E-01  1.2630E-01  8.4571E-01 -1.2035E-01
  2.3793E+00  7.9788E+00  1.9626E-02  5.1155E-01  1.2885E-01  8.5047E-01 -1.2299E-01
  2.3824E+00  7.9893E+00  1.9632E-02  5.1118E-01  1.1312E-01  8.5656E-01 -1.0632E-01
  2.3857E+00  8.0003E+00  1.9642E-02  5.1088E-01  8.2120E-02  8.6268E-01 -7.2369E-02
  2.3889E+00  8.0108E+00  1.9656E-02  5.1071E-01  5.0739E-02  8.6281E-01 -3.2749E-02
  2.3921E+00  8.0217E+00  1.9676E-02  5.1065E-01  3.8313E-02  8.5404E-01 -8.4608E-04
  2.3953E+00  8.0322E+00  1.9697E-02  5.1066E-01  3.8328E-02  8.4431E-01  6.2251E-03
  2.3986E+00  8.0431E+00  1.9718E-02  5.1065E-01  4.0055E-02  8.4010E-01 -1.3866E-02
  2.4017E+00  8.0536E+00  1.9736E-02  5.1055E-01  6.1655E-02  8.3979E-01 -4.8933E-02
  2.4050E+00  8.0645E+00  1.9749E-02  5.1032E-01  9.4399E-02  8.4039E-01 -8.6645E-02
  2.4081E+00  8.0750E+00  1.9758E-02  5.0999E-01  1.1975E-01  8.4195E-01 -1.1374E-01
  2.4114E+00  8.0860E+00  1.9765E-02  5.0959E-01  1.2947E-01  8.4691E-01 -1.2389E-01
  2.4146E+00  8.0965E+00  1.9771E-02  5.0921E-01  1.1940E-01  8.5225E-01 -1.1327E-01
  2.4178E+00  8.1074E+00  1.9780E-02  5.0887E-01  9.2803E-02  8.5864E-01 -8.4679E-02
  2.4210E+00  8.1179E+00  1.9794E-02  5.0866E-01  6.0185E-02  8.6119E-01 -4.6656E-02
  2.4242E+00  8.1288E+00  1.9812E-02  5.0856E-01  3.9067E-02  8.5499E-01 -1.0287E-02
  2.4274E+00  8.1393E+00  1.9833E-02  5.0855E-01  3.7610E-02  8.4472E-01  5.6230E-03
  2.4307E+00  8.1502E+00  1.9856E-02  5.0856E-01  3.7246E-02  8.3859E-01 -5.2890E-03
  2.4338E+00  8.1607E+00  1.9875E-02  5.0849E-01  5.1194E-02  8.3751E-01 -3.5620E-02
  2.4371E+00  8.1717E+00  1.9890E-02  5.0830E-01  8.2069E-02  8.3781E-01 -7.3395E-02
  2.4402E+00  8.1822E+00  1.9900E-02  5.0802E-01  1.1027E-01  8.3875E-01 -1.0398E-01
  2.4435E+00  8.1931E+00  1.9908E-02  5.0763E-01  1.2674E-01  8.4409E-01 -1.2127E-01
  2.4467E+00  8.2036E+00  1.9914E-02  5.0725E-01  1.2272E-01  8.4746E-01 -1.1703E-01
  2.4499E+00  8.2145E+00  1.9923E-02  5.0689E-01  1.0213E-01  8.5357E-01 -9.5147E-02
  2.4531E+00  8.2250E+00  1.9934E-02  5.0663E-01  7.1512E-02  8.5815E-01 -6.1044E-02
  2.4564E+00  8.2359E+00  1.9951E-02  5.0649E-01  4.3424E-02  8.5577E-01 -2.2585E-02
  2.4595E+00  8.2464E+00  1.9971E-02  5.0646E-01  3.6680E-02  8.4638E-01  1.8347E-03
  2.4628E+00  8.2574E+00  1.9993E-02  5.0647E-01  3.6280E-02  8.3789E-01  2.0869E-03
  2.4659E+00  8.2679E+00  2.0014E-02  5.0643E-01  4.1697E-02  8.3534E-01 -2.0930E-02
  2.4692E+00  8.2788E+00  2.0031E-02  5.0630E-01  6.7145E-02  8.3539E-01 -5.6672E-02
  2.4723E+00  8.2893E+00  2.0043E-02  5.0606E-01  9.6165E-02  8.3614E-01 -8.9180E-02
  2.4756E+00  8.3002E+00  2.0051E-02  5.0572E-01  1.1729E-01  8.3834E-01 -1.1162E-01
  2.4788E+00  8.3107E+00  2.0058E-02  5.0535E-01  1.2203E-01  8.4237E-01 -1.1657E-01
  2.4820E+00  8.3216E+00  2.0065E-02  5.0498E-01  1.0925E-01  8.4810E-01 -1.0305E-01
  2.4852E+00  8.3321E+00  2.0075E-02  5.0469E-01  8.3036E-02  8.5392E-01 -7.4601E-02
  2.4885E+00  8.3431E+00  2.0090E-02  5.0450E-01  5.1719E-02  8.5515E-01 -3.6683E-02
  2.4916E+00  8.3536E+00  2.0108E-02  5.0443E-01  3.6630E-02  8.4799E-01 -6.1881E-03
  2.4949E+00  8.3645E+00  2.0130E-02  5.0443E-01  3.5886E-02  8.3805E-01  4.2282E-03
  2.4980E+00  8.3750E+00  2.0150E-02  5.0442E-01  3.6982E-02  8.3353E-01 -1.0699E-02
  2.5013E+00  8.3859E+00  2.0169E-02  5.0433E-01  5.5851E-02  8.3301E-01 -4.3258E-02
  2.5045E+00  8.3964E+00  2.0182E-02  5.0413E-01  8.5100E-02  8.3345E-01 -7.7437E-02
  2.5077E+00  8.4074E+00  2.0191E-02  5.0382E-01  1.1098E-01  8.3471E-01 -1.0522E-01
  2.5109E+00  8.4179E+00  2.0198E-02  5.0346E-01  1.2230E-01  8.3889E-01 -1.1707E-01
  2.5142E+00  8.4288E+00  2.0204E-02  5.0307E-01  1.1496E-01  8.4388E-01 -1.0933E-01
  2.5173E+00  8.4393E+00  2.0212E-02  5.0276E-01  9.2965E-02  8.4973E-01 -8.5833E-02
  2.5206E+00  8.4502E+00  2.0224E-02  5.0253E-01  6.1504E-02  8.5306E-01 -5.0018E-02
  2.5237E+00  8.4607E+00  2.0241E-02  5.0242E-01  3.9090E-02  8.4850E-01 -1.6258E-02
  2.5270E+00  8.4716E+00  2.0261E-02  5.0239E-01  3.5159E-02  8.3841E-01  2.3294E-03
  2.5301E+00  8.4821E+00  2.0282E-02  5.0239E-01  3.5021E-02  8.3211E-01 -4.1202E-03
  2.5334E+00  8.4931E+00  2.0301E-02  5.0233E-01  4.6820E-02  8.3072E-01 -3.1463E-02
  2.5366E+00  8.5036E+00  2.0315E-02  5.0217E-01  7.3803E-02  8.3092E-01 -6.5174E-02
  2.5398E+00  8.5145E+00  2.0325E-02  5.0190E-01  1.0202E-01  8.3167E-01 -9.5972E-02
  2.5430E+00  8.5250E+00  2.0332E-02  5.0156E-01  1.1905E-01  8.3608E-01 -1.1387E-01
  2.5463E+00  8.5359E+00  2.0337E-02  5.0117E-01  1.1763E-01  8.3946E-01 -1.1237E-01
  2.5494E+00  8.5464E+00  2.0344E-02  5.0084E-01  1.0114E-01  8.4488E-01 -9.4909E-02
  2.5527E+00  8.5573E+00  2.0354E-02  5.0057E-01  7.2428E-02  8.4985E-01 -6.3355E-02
  2.5558E+00  8.5678E+00  2.0368E-02  5.0042E-01  4.5191E-02  8.4880E-01 -2.8579E-02
  2.5591E+00  8.5788E+00  2.0387E-02  5.0036E-01  3.4692E-02  8.4013E-01 -2.4688E-03
  2.5623E+00  8.5893E+00  2.0407E-02  5.0036E-01  3.4241E-02  8.3183E-01  1.1246E-03
  2.5655E+00  8.6002E+00  2.0427E-02  5.0033E-01  3.8751E-02  8.2875E-01 -1.8492E-02
  2.5687E+00  8.6107E+00  2.0442E-02  5.0022E-01  6.0286E-02  8.2870E-01 -4.9779E-02
  2.5719E+00  8.6216E+00  2.0454E-02  4.9999E-01  8.8818E-02  8.2932E-01 -8.2063E-02
  2.5751E+00  8.6321E+00  2.0462E-02  4.9969E-01  1.0933E-01  8.3098E-01 -1.0391E-01
  2.5784E+00  8.6430E+00  2.0467E-02  4.9933E-01  1.1624E-01  8.3468E-01 -1.1113E-01
  2.5815E+00  8.6535E+00  2.0473E-02  4.9898E-01  1.0692E-01  8.3965E-01 -1.0130E-01
  2.5848E+00  8.6645E+00  2.0481E-02  4.9868E-01  8.3079E-02  8.4552E-01 -7.5625E-02
  2.5879E+00  8.6750E+00  2.0493E-02  4.9849E-01  5.4387E-02  8.4760E-01 -4.2105E-02
  2.5912E+00  8.6859E+00  2.0510E-02  4.9840E-01  3.5838E-02  8.4155E-01 -1.0915E-02
  2.5944E+00  8.6964E+00  2.0529E-02  4.9838E-01  3.3759E-02  8.3229E-01  1.5971E-03
  2.5976E+00  8.7073E+00  2.0549E-02  4.9837E-01  3.4852E-02  8.2713E-01 -9.7071E-03
  2.6008E+00  8.7178E+00  2.0565E-02  4.9829E-01  5.0216E-02  8.2647E-01 -3.7493E-02
  2.6041E+00  8.7287E+00  2.0578E-02  4.9810E-01  7.8333E-02  8.2684E-01 -7.0870E-02
  2.6072E+00  8.7392E+00  2.0586E-02  4.9783E-01  1.0267E-01  8.2777E-01 -9.7104E-02
  2.6105E+00  8.7502E+00  2.0591E-02  4.9748E-01  1.1603E-01  8.3177E-01 -1.1111E-01
  2.6136E+00  8.7607E+00  2.0596E-02  4.9712E-01  1.1160E-01  8.3578E-01 -1.0644E-01
  2.6169E+00  8.7716E+00  2.0603E-02  4.9680E-01  9.2088E-02  8.4150E-01 -8.5691E-02
  2.6201E+00  8.7821E+00  2.0612E-02  4.9657E-01  6.4184E-02  8.4522E-01 -5.4551E-02
  2.6233E+00  8.7930E+00  2.0627E-02  4.9644E-01  3.9620E-02  8.4190E-01 -2.0930E-02
  2.6265E+00  8.8035E+00  2.0644E-02  4.9640E-01  3.3275E-02  8.3286E-01 -1.4902E-03
  2.6297E+00  8.8144E+00  2.0664E-02  4.9639E-01  3.3225E-02  8.2598E-01 -4.4131E-03
  2.6329E+00  8.8249E+00  2.0681E-02  4.9634E-01  4.2488E-02  8.2439E-01 -2.6972E-02
  2.6362E+00  8.8359E+00  2.0694E-02  4.9619E-01  6.7813E-02  8.2455E-01 -5.9359E-02
  2.6393E+00  8.8464E+00  2.0703E-02  4.9595E-01  9.3867E-02  8.2509E-01 -8.7965E-02
  2.6426E+00  8.8573E+00  2.0709E-02  4.9562E-01  1.1226E-01  8.2787E-01 -1.0736E-01
  2.6457E+00  8.8678E+00  2.0713E-02  4.9527E-01  1.1333E-01  8.3170E-01 -1.0845E-01
  2.6490E+00  8.8787E+00  2.0719E-02  4.9493E-01  9.9238E-02  8.3683E-01 -9.3573E-02
  2.6522E+00  8.8892E+00  2.0726E-02  4.9467E-01  7.4456E-02  8.4169E-01 -6.6649E-02
  2.6554E+00  8.9001E+00  2.0739E-02  4.9450E-01  4.6662E-02  8.4174E-01 -3.2844E-02
  2.6586E+00  8.9106E+00  2.0754E-02  4.9443E-01  3.3632E-02  8.3448E-01 -7.3427E-03
  2.6619E+00  8.9216E+00  2.0773E-02  4.9442E-01  3.2452E-02  8.2590E-01 -6.0021E-04
  2.6650E+00  8.9321E+00  2.0790E-02  4.9439E-01  3.5886E-02  8.2257E-01 -1.5676E-02
  2.6683E+00  8.9430E+00  2.0805E-02  4.9428E-01  5.5421E-02  8.2241E-01 -4.5083E-02
  2.6714E+00  8.9535E+00  2.0816E-02  4.9409E-01  8.1319E-02  8.2288E-01 -7.4670E-02
  2.6747E+00  8.9644E+00  2.0822E-02  4.9379E-01  1.0265E-01  8.2424E-01 -9.7472E-02
  2.6778E+00  8.9749E+00  2.0827E-02  4.9346E-01  1.1091E-01  8.2732E-01 -1.0611E-01
  2.6811E+00  8.9858E+00  2.0831E-02  4.9312E-01  1.0396E-01  8.3197E-01 -9.8783E-02
  2.6843E+00  8.9963E+00  2.0837E-02  4.9283E-01  8.4037E-02  8.3738E-01 -7.7476E-02
  2.6875E+00  9.0073E+00  2.0847E-02  4.9262E-01  5.6061E-02  8.4024E-01 -4.5596E-02
  2.6907E+00  9.0178E+00  2.0861E-02  4.9252E-01  3.6265E-02  8.3573E-01 -1.6285E-02
  2.6940E+00  9.0287E+00  2.0879E-02  4.9249E-01  3.2035E-02  8.2661E-01 -1.1742E-03
  2.6971E+00  9.0392E+00  2.0896E-02  4.9247E-01  3.2866E-02  8.2128E-01 -8.4005E-03
  2.7004E+00  9.0501E+00  2.0912E-02  4.9240E-01  4.6310E-02  8.2039E-01 -3.3758E-02
  2.7035E+00  9.0606E+00  2.0923E-02  4.9224E-01  7.1264E-02  8.2069E-01 -6.3840E-02
  2.7068E+00  9.0715E+00  2.0930E-02  4.9198E-01  9.5896E-02  8.2144E-01 -9.0523E-02
  2.7100E+00  9.0820E+00  2.0935E-02  4.9166E-01  1.0997E-01  8.2530E-01 -1.0528E-01
  2.7132E+00  9.0930E+00  2.0938E-02  4.9130E-01  1.0785E-01  8.2848E-01 -1.0305E-01
  2.7164E+00  9.1035E+00  2.0943E-02  4.9100E-01  9.2001E-02  8.3359E-01 -8.6271E-02
  2.7197E+00  9.1144E+00  2.0951E-02  4.9075E-01  6.5518E-02  8.3779E-01 -5.7131E-02
  2.7228E+00  9.1249E+00  2.0963E-02  4.9061E-01  4.1385E-02  8.3585E-01 -2.6296E-02
  2.7261E+00  9.1358E+00  2.0979E-02  4.9056E-01  3.1976E-02  8.2734E-01 -4.9183E-03
  2.7292E+00  9.1463E+00  2.0995E-02  4.9054E-01  3.1626E-02  8.2049E-01 -4.5137E-03
  2.7325E+00  9.1572E+00  2.1012E-02  4.9050E-01  3.9525E-02  8.1854E-01 -2.4274E-02
  2.7356E+00  9.1677E+00  2.1024E-02  4.9037E-01  6.1454E-02  8.1865E-01 -5.2969E-02
  2.7389E+00  9.1787E+00  2.1032E-02  4.9014E-01  8.7349E-02  8.1910E-01 -8.1614E-02
  2.7421E+00  9.1892E+00  2.1037E-02  4.8984E-01  1.0540E-01  8.2043E-01 -1.0069E-01
  2.7453E+00  9.2001E+00  2.1040E-02  4.8949E-01  1.0891E-01  8.2480E-01 -1.0434E-01
  2.7485E+00  9.2106E+00  2.1043E-02  4.8917E-01  9.7985E-02  8.2927E-01 -9.2831E-02
  2.7518E+00  9.2215E+00  2.1049E-02  4.8890E-01  7.5041E-02  8.3427E-01 -6.8109E-02
  2.7549E+00  9.2320E+00  2.1059E-02  4.8873E-01  4.9210E-02  8.3524E-01 -3.7809E-02
  2.7582E+00  9.2429E+00  2.1073E-02  4.8864E-01  3.3192E-02  8.2891E-01 -1.1264E-02
  2.7613E+00  9.2534E+00  2.1089E-02  4.8862E-01  3.0971E-02  8.2078E-01 -2.3009E-03
  2.7646E+00  9.2644E+00  2.1106E-02  4.8859E-01  3.3874E-02  8.1691E-01 -1.4299E-02
  2.7678E+00  9.2749E+00  2.1119E-02  4.8850E-01  5.0188E-02  8.1665E-01 -3.9731E-02
  2.7710E+00  9.2858E+00  2.1129E-02  4.8832E-01  7.5442E-02  8.1706E-01 -6.8941E-02
  2.7742E+00  9.2963E+00  2.1134E-02  4.8805E-01  9.5846E-02  8.1805E-01 -9.0821E-02
  2.7774E+00  9.3072E+00  2.1138E-02  4.8773E-01  1.0581E-01  8.2078E-01 -1.0127E-01
  2.7806E+00  9.3177E+00  2.1141E-02  4.8741E-01  1.0147E-01  8.2476E-01 -9.6693E-02
  2.7839E+00  9.3286E+00  2.1145E-02  4.8711E-01  8.3653E-02  8.3005E-01 -7.7725E-02
  2.7870E+00  9.3391E+00  2.1153E-02  4.8690E-01  5.8640E-02  8.3332E-01 -4.9771E-02
  2.7903E+00  9.3501E+00  2.1165E-02  4.8678E-01  3.6915E-02  8.2994E-01 -2.0280E-02
  2.7934E+00  9.3606E+00  2.1180E-02  4.8674E-01  3.0784E-02  8.2171E-01 -4.1051E-03
  2.7967E+00  9.3715E+00  2.1196E-02  4.8672E-01  3.1344E-02  8.1583E-01 -8.1711E-03
  2.7999E+00  9.3820E+00  2.1210E-02  4.8666E-01  4.2121E-02  8.1477E-01 -2.9374E-02
  2.8031E+00  9.3929E+00  2.1221E-02  4.8651E-01  6.5866E-02  8.1504E-01 -5.8554E-02
  2.8063E+00  9.4034E+00  2.1227E-02  4.8628E-01  8.8849E-02  8.1558E-01 -8.3581E-02
  2.8096E+00  9.4143E+00  2.1231E-02  4.8596E-01  1.0431E-01  8.1843E-01 -9.9841E-02
  2.8127E+00  9.4248E+00  2.1233E-02  4.8564E-01  1.0446E-01  8.2159E-01 -9.9984E-02
  2.8160E+00  9.4358E+00  2.1236E-02  4.8532E-01  9.0744E-02  8.2646E-01 -8.5502E-02
  2.8191E+00  9.4463E+00  2.1242E-02  4.8509E-01  6.7644E-02  8.3068E-01 -6.0373E-02
  2.8224E+00  9.4572E+00  2.1252E-02  4.8493E-01  4.2757E-02  8.2981E-01 -3.0029E-02
  2.8255E+00  9.4677E+00  2.1265E-02  4.8487E-01  3.1360E-02  8.2251E-01 -8.6641E-03
  2.8288E+00  9.4786E+00  2.1281E-02  4.8484E-01  3.0309E-02  8.1527E-01 -5.2876E-03
  2.8320E+00  9.4891E+00  2.1295E-02  4.8480E-01  3.6403E-02  8.1309E-01 -2.1000E-02
  2.8352E+00  9.5000E+00  2.1307E-02  4.8468E-01  5.6715E-02  8.1317E-01 -4.8315E-02
  2.8384E+00  9.5105E+00  2.1314E-02  4.8448E-01  8.0458E-02  8.1351E-01 -7.4785E-02
  2.8417E+00  9.5215E+00  2.1318E-02  4.8419E-01  9.9378E-02  8.1457E-01 -9.4845E-02
  2.8448E+00  9.5320E+00  2.1320E-02  4.8387E-01  1.0475E-01  8.1845E-01 -1.0043E-01
  2.8481E+00  9.5429E+00  2.1322E-02  4.8355E-01  9.5835E-02  8.2262E-01 -9.1061E-02
  2.8512E+00  9.5534E+00  2.1326E-02  4.8329E-01  7.6312E-02  8.2730E-01 -7.0169E-02
  2.8545E+00  9.5643E+00  2.1335E-02  4.8310E-01  5.0801E-02  8.2907E-01 -4.0981E-02
  2.8577E+00  9.5748E+00  2.1346E-02  4.8300E-01  3.3665E-02  8.2413E-01 -1.5641E-02
  2.8609E+00  9.5857E+00  2.1361E-02  4.8297E-01  2.9780E-02  8.1600E-01 -4.1647E-03
  2.8641E+00  9.5962E+00  2.1375E-02  4.8294E-01  3.1860E-02  8.1194E-01 -1.2480E-02
  2.8674E+00  9.6071E+00  2.1388E-02  4.8286E-01  4.6410E-02  8.1155E-01 -3.6018E-02
  2.8705E+00  9.6176E+00  2.1396E-02  4.8270E-01  6.9115E-02  8.1189E-01 -6.2623E-02
  2.8738E+00  9.6286E+00  2.1401E-02  4.8245E-01  9.0067E-02  8.1267E-01 -8.5192E-02
  2.8769E+00  9.6391E+00  2.1404E-02  4.8215E-01  1.0076E-01  8.1487E-01 -9.6418E-02
  2.8802E+00  9.6500E+00  2.1406E-02  4.8183E-01  9.8429E-02  8.1855E-01 -9.3950E-02
  2.8833E+00  9.6605E+00  2.1408E-02  4.8155E-01  8.3840E-02  8.2329E-01 -7.8486E-02
  2.8866E+00  9.6714E+00  2.1414E-02  4.8132E-01  5.9935E-02  8.2703E-01 -5.2130E-02
  2.8898E+00  9.6819E+00  2.1424E-02  4.8120E-01  3.8534E-02  8.2495E-01 -2.4830E-02
  2.8930E+00  9.6928E+00  2.1438E-02  4.8114E-01  2.9924E-02  8.1715E-01 -6.7233E-03
  2.8962E+00  9.7033E+00  2.1452E-02  4.8112E-01  2.9922E-02  8.1126E-01 -7.6669E-03
  2.8995E+00  9.7143E+00  2.1465E-02  4.8106E-01  3.9176E-02  8.0990E-01 -2.6508E-02
  2.9026E+00  9.7248E+00  2.1474E-02  4.8093E-01  5.9984E-02  8.1015E-01 -5.2606E-02
  2.9059E+00  9.7357E+00  2.1480E-02  4.8071E-01  8.3048E-02  8.1058E-01 -7.7895E-02
  2.9090E+00  9.7462E+00  2.1482E-02  4.8043E-01  9.8448E-02  8.1200E-01 -9.4138E-02
  2.9123E+00  9.7571E+00  2.1483E-02  4.8011E-01  1.0076E-01  8.1577E-01 -9.6528E-02
  2.9155E+00  9.7676E+00  2.1485E-02  4.7981E-01  8.9967E-02  8.2003E-01 -8.5163E-02
  2.9187E+00  9.7785E+00  2.1489E-02  4.7956E-01  6.8373E-02  8.2446E-01 -6.1861E-02
  2.9219E+00  9.7890E+00  2.1497E-02  4.7940E-01  4.5013E-02  8.2459E-01 -3.4348E-02
  2.9252E+00  9.8000E+00  2.1509E-02  4.7932E-01  3.1106E-02  8.1805E-01 -1.1676E-02
  2.9283E+00  9.8105E+00  2.1522E-02  4.7929E-01  2.9170E-02  8.1104E-01 -5.9350E-03
  2.9316E+00  9.8214E+00  2.1535E-02  4.7925E-01  3.4211E-02  8.0844E-01 -1.9014E-02
  2.9347E+00  9.8319E+00  2.1545E-02  4.7915E-01  5.1496E-02  8.0848E-01 -4.2949E-02
  2.9380E+00  9.8428E+00  2.1552E-02  4.7896E-01  7.4885E-02  8.0878E-01 -6.9296E-02
  2.9411E+00  9.8533E+00  2.1555E-02  4.7870E-01  9.3101E-02  8.0954E-01 -8.8672E-02
  2.9444E+00  9.8642E+00  2.1556E-02  4.7839E-01  1.0049E-01  8.1300E-01 -9.6380E-02
  2.9476E+00  9.8747E+00  2.1556E-02  4.7809E-01  9.4028E-02  8.1658E-01 -8.9592E-02
  2.9508E+00  9.8857E+00  2.1559E-02  4.7781E-01  7.6214E-02  8.2121E-01 -7.0621E-02
  2.9540E+00  9.8962E+00  2.1565E-02  4.7763E-01  5.3118E-02  8.2351E-01 -4.4694E-02
  2.9573E+00  9.9071E+00  2.1574E-02  4.7752E-01  3.4188E-02  8.1955E-01 -1.8830E-02
  2.9604E+00  9.9176E+00  2.1587E-02  4.7748E-01  2.8889E-02  8.1210E-01 -6.0432E-03
  2.9637E+00  9.9285E+00  2.1600E-02  4.7745E-01  3.0360E-02  8.0753E-01 -1.1578E-02
  2.9668E+00  9.9390E+00  2.1611E-02  4.7738E-01  4.2198E-02  8.0701E-01 -3.1552E-02
  2.9701E+00  9.9499E+00  2.1618E-02  4.7722E-01  6.4056E-02  8.0735E-01 -5.7612E-02
  2.9733E+00  9.9604E+00  2.1622E-02  4.7700E-01  8.3848E-02  8.0792E-01 -7.9040E-02
  2.9765E+00  9.9714E+00  2.1623E-02  4.7671E-01  9.5878E-02  8.0979E-01 -9.1696E-02
  2.9797E+00  9.9819E+00  2.1623E-02  4.7641E-01  9.5494E-02  8.1294E-01 -9.1272E-02
  2.9829E+00  9.9928E+00  2.1624E-02  4.7613E-01  8.2755E-02  8.1748E-01 -7.7805E-02
  2.9861E+00  1.0003E+01  2.1628E-02  4.7591E-01  6.1762E-02  8.2130E-01 -5.4902E-02
  2.9894E+00  1.0014E+01  2.1635E-02  4.7577E-01  3.9614E-02  8.2023E-01 -2.7799E-02
  2.9925E+00  1.0025E+01  2.1646E-02  4.7571E-01  2.9509E-02  8.1349E-01 -9.4239E-03
  2.9958E+00  1.0036E+01  2.1658E-02  4.7568E-01  2.8753E-02  8.0720E-01 -7.6268E-03
  2.9989E+00  1.0046E+01  2.1669E-02  4.7563E-01  3.5860E-02  8.0563E-01 -2.2841E-02
  3.0022E+00  1.0057E+01  2.1677E-02  4.7551E-01  5.5291E-02  8.0589E-01 -4.7896E-02
  3.0054E+00  1.0068E+01  2.1681E-02  4.7532E-01  7.6596E-02  8.0624E-01 -7.1450E-02
  3.0086E+00  1.0078E+01  2.1682E-02  4.7505E-01  9.2902E-02  8.0731E-01 -8.8708E-02
  3.0118E+00  1.0089E+01  2.1681E-02  4.7475E-01  9.6933E-02  8.1065E-01 -9.2898E-02
  3.0151E+00  1.0100E+01  2.1680E-02  4.7446E-01  8.7963E-02  8.1469E-01 -8.3464E-02
  3.0182E+00  1.0110E+01  2.1682E-02  4.7422E-01  6.9404E-02  8.1895E-01 -6.3557E-02
  3.0215E+00  1.0121E+01  2.1687E-02  4.7405E-01  4.6130E-02  8.1994E-01 -3.6749E-02
  3.0246E+00  1.0132E+01  2.1695E-02  4.7396E-01  3.1345E-02  8.1466E-01 -1.4714E-02
  3.0279E+00  1.0143E+01  2.1706E-02  4.7393E-01  2.8164E-02  8.0747E-01 -6.4794E-03
  3.0310E+00  1.0153E+01  2.1716E-02  4.7389E-01  3.1702E-02  8.0464E-01 -1.6133E-02
  3.0343E+00  1.0164E+01  2.1724E-02  4.7380E-01  4.7235E-02  8.0464E-01 -3.8574E-02
  3.0375E+00  1.0175E+01  2.1727E-02  4.7364E-01  6.8399E-02  8.0494E-01 -6.2740E-02
  3.0407E+00  1.0186E+01  2.1728E-02  4.7339E-01  8.7180E-02  8.0557E-01 -8.2820E-02
  3.0439E+00  1.0196E+01  2.1726E-02  4.7311E-01  9.5777E-02  8.0845E-01 -9.1808E-02
  3.0472E+00  1.0207E+01  2.1723E-02  4.7281E-01  9.1000E-02  8.1182E-01 -8.6789E-02
  3.0503E+00  1.0218E+01  2.1722E-02  4.7256E-01  7.6068E-02  8.1608E-01 -7.0936E-02
  3.0536E+00  1.0228E+01  2.1724E-02  4.7236E-01  5.3733E-02  8.1896E-01 -4.6144E-02
  3.0567E+00  1.0239E+01  2.1729E-02  4.7225E-01  3.5049E-02  8.1623E-01 -2.1841E-02
  3.0600E+00  1.0250E+01  2.1737E-02  4.7220E-01  2.8046E-02  8.0899E-01 -7.0555E-03
  3.0632E+00  1.0260E+01  2.1746E-02  4.7218E-01  2.8630E-02  8.0426E-01 -9.6281E-03
  3.0664E+00  1.0271E+01  2.1753E-02  4.7212E-01  3.8576E-02  8.0350E-01 -2.7638E-02
  3.0696E+00  1.0282E+01  2.1757E-02  4.7199E-01  5.7778E-02  8.0383E-01 -5.1137E-02
  3.0729E+00  1.0293E+01  2.1756E-02  4.7178E-01  7.7785E-02  8.0431E-01 -7.2994E-02
  3.0760E+00  1.0303E+01  2.1754E-02  4.7153E-01  9.0011E-02  8.0577E-01 -8.5900E-02
  3.0793E+00  1.0314E+01  2.1749E-02  4.7124E-01  9.1304E-02  8.0870E-01 -8.7236E-02
  3.0824E+00  1.0325E+01  2.1746E-02  4.7098E-01  8.1171E-02  8.1270E-01 -7.6532E-02
  3.0857E+00  1.0336E+01  2.1744E-02  4.7076E-01  6.1429E-02  8.1677E-01 -5.5105E-02
  3.0888E+00  1.0346E+01  2.1746E-02  4.7062E-01  4.0655E-02  8.1664E-01 -3.0292E-02
  3.0921E+00  1.0357E+01  2.1751E-02  4.7056E-01  2.8864E-02  8.1047E-01 -1.0505E-02
  3.0953E+00  1.0367E+01  2.1758E-02  4.7053E-01  2.7408E-02  8.0423E-01 -6.3772E-03
  3.0985E+00  1.0378E+01  2.1764E-02  4.7049E-01  3.2811E-02  8.0219E-01 -1.9258E-02
  3.1017E+00  1.0389E+01  2.1767E-02  4.7040E-01  4.9165E-02  8.0238E-01 -4.1383E-02
  3.1050E+00  1.0400E+01  2.1766E-02  4.7022E-01  7.0194E-02  8.0269E-01 -6.4990E-02
  3.1081E+00  1.0410E+01  2.1762E-02  4.6999E-01  8.5991E-02  8.0346E-01 -8.1801E-02
  3.1114E+00  1.0421E+01  2.1757E-02  4.6971E-01  9.1809E-02  8.0646E-01 -8.7878E-02
  3.1145E+00  1.0432E+01  2.1751E-02  4.6944E-01  8.5142E-02  8.0996E-01 -8.0861E-02
  3.1178E+00  1.0443E+01  2.1747E-02  4.6920E-01  6.8061E-02  8.1427E-01 -6.2578E-02
  3.1210E+00  1.0453E+01  2.1747E-02  4.6904E-01  4.6895E-02  8.1588E-01 -3.8491E-02
  3.1242E+00  1.0464E+01  2.1749E-02  4.6895E-01  3.0866E-02  8.1140E-01 -1.5635E-02
  3.1274E+00  1.0475E+01  2.1755E-02  4.6892E-01  2.7004E-02  8.0456E-01 -5.8303E-03
  3.1307E+00  1.0486E+01  2.1760E-02  4.6889E-01  2.9279E-02  8.0116E-01 -1.3003E-02
  3.1338E+00  1.0496E+01  2.1763E-02  4.6882E-01  4.1622E-02  8.0104E-01 -3.2336E-02
  3.1371E+00  1.0507E+01  2.1763E-02  4.6868E-01  6.2008E-02  8.0133E-01 -5.6207E-02
  3.1402E+00  1.0517E+01  2.1760E-02  4.6847E-01  7.9801E-02  8.0177E-01 -7.5388E-02
  3.1435E+00  1.0528E+01  2.1754E-02  4.6820E-01  8.9967E-02  8.0530E-01 -8.6053E-02
  3.1466E+00  1.0539E+01  2.1747E-02  4.6793E-01  8.7106E-02  8.0725E-01 -8.3049E-02
  3.1499E+00  1.0550E+01  2.1742E-02  4.6768E-01  7.3742E-02  8.1139E-01 -6.8863E-02
  3.1531E+00  1.0560E+01  2.1740E-02  4.6750E-01  5.3956E-02  8.1448E-01 -4.7031E-02
  3.1563E+00  1.0571E+01  2.1741E-02  4.6738E-01  3.4718E-02  8.1265E-01 -2.2595E-02
  3.1595E+00  1.0582E+01  2.1745E-02  4.6734E-01  2.7110E-02  8.0617E-01 -7.2381E-03
  3.1628E+00  1.0593E+01  2.1750E-02  4.6732E-01  2.6953E-02  8.0094E-01 -7.3405E-03
  3.1659E+00  1.0603E+01  2.1754E-02  4.6728E-01  3.4092E-02  7.9995E-01 -2.2191E-02
  3.1692E+00  1.0614E+01  2.1755E-02  4.6717E-01  5.1905E-02  8.0029E-01 -4.5001E-02
  3.1723E+00  1.0625E+01  2.1753E-02  4.6699E-01  7.0511E-02  8.0068E-01 -6.5602E-02
  3.1756E+00  1.0635E+01  2.1748E-02  4.6675E-01  8.3750E-02  8.0193E-01 -7.9659E-02
  3.1788E+00  1.0646E+01  2.1742E-02  4.6649E-01  8.6480E-02  8.0446E-01 -8.2510E-02
  3.1820E+00  1.0657E+01  2.1736E-02  4.6623E-01  7.8009E-02  8.0829E-01 -7.3552E-02
  3.1852E+00  1.0667E+01  2.1732E-02  4.6603E-01  6.0997E-02  8.1227E-01 -5.5137E-02
  3.1884E+00  1.0678E+01  2.1731E-02  4.6589E-01  4.0360E-02  8.1299E-01 -3.0800E-02
  3.1916E+00  1.0689E+01  2.1734E-02  4.6582E-01  2.8286E-02  8.0790E-01 -1.1380E-02
  3.1949E+00  1.0700E+01  2.1739E-02  4.6580E-01  2.6138E-02  8.0139E-01 -4.9482E-03
  3.1980E+00  1.0710E+01  2.1744E-02  4.6577E-01  2.9517E-02  7.9907E-01 -1.4746E-02
  3.2013E+00  1.0721E+01  2.1746E-02  4.6569E-01  4.3930E-02  7.9923E-01 -3.5735E-02
  3.2044E+00  1.0732E+01  2.1745E-02  4.6554E-01  6.3018E-02  7.9954E-01 -5.7613E-02
  3.2077E+00  1.0743E+01  2.1740E-02  4.6532E-01  7.9461E-02  8.0019E-01 -7.5250E-02
  3.2109E+00  1.0753E+01  2.1734E-02  4.6507E-01  8.6457E-02  8.0276E-01 -8.2589E-02
  3.2141E+00  1.0764E+01  2.1728E-02  4.6481E-01  8.1420E-02  8.0610E-01 -7.7277E-02
  3.2173E+00  1.0775E+01  2.1723E-02  4.6459E-01  6.7021E-02  8.1013E-01 -6.1882E-02
  3.2206E+00  1.0785E+01  2.1721E-02  4.6442E-01  4.6473E-02  8.1236E-01 -3.8666E-02
  3.2237E+00  1.0796E+01  2.1722E-02  4.6433E-01  3.0737E-02  8.0903E-01 -1.6934E-02
  3.2270E+00  1.0807E+01  2.1727E-02  4.6430E-01  2.5927E-02  8.0217E-01 -5.1397E-03
  3.2301E+00  1.0817E+01  2.1731E-02  4.6428E-01  2.7015E-02  7.9850E-01 -9.5363E-03
  3.2334E+00  1.0828E+01  2.1734E-02  4.6423E-01  3.7219E-02  7.9820E-01 -2.7349E-02
  3.2365E+00  1.0839E+01  2.1734E-02  4.6411E-01  5.5230E-02  7.9851E-01 -4.9131E-02
  3.2398E+00  1.0850E+01  2.1731E-02  4.6391E-01  7.3349E-02  7.9887E-01 -6.8881E-02
  3.2430E+00  1.0860E+01  2.1725E-02  4.6367E-01  8.4279E-02  7.9942E-01 -8.0425E-02
  3.2462E+00  1.0871E+01  2.1718E-02  4.6340E-01  8.5815E-02  8.0198E-01 -8.2019E-02
  3.2494E+00  1.0882E+01  2.1712E-02  4.6316E-01  7.6263E-02  8.0526E-01 -7.1939E-02
  3.2527E+00  1.0893E+01  2.1708E-02  4.6295E-01  5.6599E-02  8.0903E-01 -5.0579E-02
  3.2558E+00  1.0903E+01  2.1708E-02  4.6284E-01  3.4365E-02  8.1042E-01 -2.3126E-02
  3.2591E+00  1.0914E+01  2.1713E-02  4.6281E-01  2.6014E-02  8.0766E-01  6.0031E-03
  3.2622E+00  1.0924E+01  2.1721E-02  4.6287E-01  3.7948E-02  8.0328E-01  2.8408E-02
  3.2655E+00  1.0935E+01  2.1732E-02  4.6299E-01  4.9994E-02  8.0014E-01  4.3266E-02
  3.2687E+00  1.0946E+01  2.1744E-02  4.6314E-01  5.6537E-02  7.9879E-01  5.0711E-02
  3.2719E+00  1.0957E+01  2.1758E-02  4.6331E-01  5.9538E-02  7.9827E-01  5.4049E-02
  3.2751E+00  1.0967E+01  2.1771E-02  4.6348E-01  6.0480E-02  7.9806E-01  5.5092E-02
  3.2784E+00  1.0978E+01  2.1785E-02  4.6366E-01  6.0585E-02  7.9796E-01  5.5213E-02
  3.2815E+00  1.0989E+01  2.1799E-02  4.6384E-01  6.0395E-02  7.9790E-01  5.5010E-02
  3.2848E+00  1.1000E+01  2.1813E-02  4.6402E-01  6.0141E-02  7.9784E-01  5.4736E-02
  3.2879E+00  1.1010E+01  2.1826E-02  4.6419E-01  5.9918E-02  7.9777E-01  5.4495E-02
  3.2912E+00  1.1021E+01  2.1840E-02  4.6437E-01  5.9710E-02  7.9768E-01  5.4272E-02
  3.2943E+00  1.1032E+01  2.1854E-02  4.6454E-01  5.9639E-02  7.9767E-01  5.4199E-02
  3.2976E+00  1.1043E+01  2.1867E-02  4.6471E-01  5.9662E-02  7.9758E-01  5.4230E-02
  3.3008E+00  1.1053E+01  2.1881E-02  4.6488E-01  5.9684E-02  7.9749E-01  5.4259E-02
  3.3040E+00  1.1064E+01  2.1895E-02  4.6506E-01  5.9707E-02  7.9740E-01  5.4290E-02
  3.3072E+00  1.1074E+01  2.1908E-02  4.6523E-01  5.9730E-02  7.9732E-01  5.4320E-02
  3.3105E+00  1.1085E+01  2.1922E-02  4.6541E-01  5.9753E-02  7.9723E-01  5.4351E-02
  3.3136E+00  1.1096E+01  2.1935E-02  4.6558E-01  5.9775E-02  7.9715E-01  5.4381E-02
  3.3169E+00  1.1107E+01  2.1949E-02  4.6576E-01  5.9798E-02  7.9706E-01  5.4412E-02
  3.3200E+00  1.1117E+01  2.1962E-02  4.6593E-01  5.9820E-02  7.9697E-01  5.4441E-02
  3.3233E+00  1.1128E+01  2.1976E-02  4.6611E-01  5.9843E-02  7.9688E-01  5.4472E-02
  3.3265E+00  1.1139E+01  2.1989E-02  4.6628E-01  5.9865E-02  7.9680E-01  5.4502E-02
  3.3297E+00  1.1150E+01  2.2003E-02  4.6646E-01  5.9888E-02  7.9671E-01  5.4533E-02
  3.3329E+00  1.1160E+01  2.2016E-02  4.6663E-01  5.9910E-02  7.9662E-01  5.4562E-02
  3.3361E+00  1.1171E+01  2.2030E-02  4.6681E-01  5.9933E-02  7.9653E-01  5.4593E-02
  3.3393E+00  1.1182E+01  2.2043E-02  4.6698E-01  5.9955E-02  7.9645E-01  5.4622E-02
  3.3426E+00  1.1192E+01  2.2057E-02  4.6716E-01  5.9978E-02  7.9636E-01  5.4653E-02
  3.3457E+00  1.1203E+01  2.2071E-02  4.6733E-01  6.0000E-02  7.9627E-01  5.4683E-02
  3.3490E+00  1.1214E+01  2.2084E-02  4.6751E-01  6.0023E-02  7.9618E-01  5.4713E-02
  3.3521E+00  1.1224E+01  2.2098E-02  4.6769E-01  6.0045E-02  7.9610E-01  5.4743E-02
  3.3554E+00  1.1235E+01  2.2111E-02  4.6787E-01  6.0068E-02  7.9601E-01  5.4774E-02
  3.3586E+00  1.1246E+01  2.2125E-02  4.6804E-01  6.0090E-02  7.9592E-01  5.4803E-02
  3.3618E+00  1.1257E+01  2.2139E-02  4.6822E-01  6.0113E-02  7.9583E-01  5.4834E-02
  3.3650E+00  1.1267E+01  2.2152E-02  4.6839E-01  6.0135E-02  7.9575E-01  5.4863E-02
  3.3715E+00  1.1289E+01  2.2179E-02  4.6875E-01  6.0180E-02  7.9557E-01  5.4924E-02
