 -5.740449579200E-07  2.166050723856E-05  9.810333091463E-01 -1.045896201586E+01  2.265167676058E+02  5.155067425441E+06  3.306239775467E+00 -4.882812500000E-04   1   5
  5.938495452795E-06  2.516801001510E-04  2.156421002188E-04 -8.218668649401E+00  2.278281161097E+02  7.834370636477E+03  4.353842847045E-04 -4.882812500000E-04   1   3
 -2.873041428256E-04  3.592440288809E-05 -2.498397395645E-04 -1.674118667321E+03  3.758525637362E+02 -9.999547655617E+03 -4.353842847045E-04 -4.882812500000E-04   1   3
  1.624479671796E-05  6.139827227436E-04  4.258890807268E-04  5.152956382151E+00  6.879144594081E+02  2.253638871944E+04  8.707685694085E-04 -4.882812500000E-04   1   3
 -4.449064343860E-04  2.722208719208E-05 -4.963973983428E-04  3.009179835258E+02  1.564194314878E+02 -4.673169158655E+04 -8.707685694089E-04 -4.882812500000E-04   1   3
  2.360115666498E-05  7.694688961483E-04  7.301971692840E-04  7.357250386932E+00  8.081455505166E+02  8.107051627036E+04  1.306152854113E-03 -4.882812500000E-04   1   3
 -8.156760654168E-04  3.424024697295E-05 -6.742122791582E-04 -1.287706217725E+02  1.569246843172E+02 -7.556873575099E+04 -1.306152854113E-03 -4.882812500000E-04   1   3
  7.393737173820E-05  8.184271677319E-04 -4.089381715559E-04 -1.023021623852E+02  5.501686120839E+02 -2.944910479384E+04 -7.554601507849E-04 -4.882812500000E-04   1   5
 -4.723660135352E-04  1.738000437304E-05 -7.731252940464E-04 -2.968625032019E+03  3.170971858859E+02 -1.029205770554E+05 -1.297457633753E-03 -4.882812500000E-04   1   5
  7.300868284233E-04  5.645916584022E-04  6.504417809264E-04  5.897650700470E+02  1.000086674484E+03  6.358860814791E+04  1.196574933424E-03 -4.882812500000E-04   1   5
 -3.880502056577E-04 -4.351150362388E-05 -5.572183253599E-05 -8.096266765392E+02  2.189342839581E+02  1.045773443162E+03 -9.913751803170E-05 -4.882812500000E-04   1   5
 -4.756846789989E-04 -7.997253907675E-04  4.176909345385E-04  3.357771050839E+02  4.115377026377E+02  2.408245993243E+04  8.983522729675E-04 -4.882812500000E-04   1   5
 -5.717848425939E-04  1.031803279079E-03 -1.936947918599E-04  7.416909438692E+02 -1.477920676349E+03 -1.806009030864E+02 -4.309666059776E-04 -4.882812500000E-04   1   5
  4.952554177983E-04 -7.301010371900E-04  3.161029867348E-04  1.400244335097E+02 -5.636740560064E+02  1.829131345865E+04  6.484029101612E-04 -4.882812500000E-04   1   5
 -1.090208763203E-05 -4.799305349753E-04  3.749178723621E-04 -2.426967394275E+01 -1.837128217783E+03  1.846356561723E+04  7.302494634338E-04 -4.882812500000E-04   1   5
 -5.588494561357E-04 -2.683261644025E-04  4.112094477224E-04 -9.453639494967E+02 -5.737961773082E+02  2.150030239140E+04  8.687864231502E-04 -4.882812500000E-04   1   5
  4.395765031255E-04 -5.984335274334E-04 -2.057002270974E-04 -2.051720673213E+01 -1.877593044854E+02 -3.202449398860E+03 -4.128726178689E-04 -4.882812500000E-04   1   5
  6.441135851885E-05  1.074543357861E-03  1.195562616739E-04 -4.887936606146E+01  3.848475662875E+02  6.236522259252E+03  2.384757000811E-04 -4.882812500000E-04   1   5
 -3.520818065710E-04  8.139461908798E-04  2.109853729796E-04 -2.738889807866E+02  4.445503979453E+02  1.059413296095E+04  3.943685791508E-04 -4.882812500000E-04   1   5
 -3.462749803093E-04  3.236276697644E-05  6.585106904259E-04 -1.357000417031E+03  1.408212253391E+02  7.388391011513E+04  1.181997898693E-03 -4.882812500000E-04   1   5
 -2.059273471211E-04 -2.541483002604E-04  6.599538452420E-04 -1.103817339440E+03 -8.047548575441E+02  7.459306011504E+04  1.183031296536E-03 -4.882812500000E-04   1   5
  9.186536334944E-04  6.495423252532E-05  5.090292930188E-05 -3.281054557702E+02  3.126497789241E+02  3.466050128917E+03  8.821314344054E-05 -4.882812500000E-04   1   5
  6.198299842093E-04  5.854457048454E-04  3.054535921642E-04  2.082956455648E+02  6.688348176729E+02  1.749251717314E+04  6.048677566715E-04 -4.882812500000E-04   1   5
  1.233540654248E-03  4.763169659378E-04 -2.320692788593E-04 -1.822242880885E+03 -4.522273959166E+02 -1.999411628989E+03 -6.221401977546E-04 -4.882812500000E-04   1   5
  9.326128578752E-04 -6.915348408515E-05  5.861153483326E-04 -1.700894874509E+03  5.129633720232E+02  4.515345460735E+04  1.236383484528E-03 -4.882812500000E-04   1   5
 -4.045325362677E-04 -3.788512673603E-04  7.800826196788E-04 -8.266923572770E+02 -8.871789813281E+01  9.275586967798E+04  1.373203325963E-03 -4.882812500000E-04   1   5
  3.512798231641E-04  7.411964836278E-04 -6.926397557603E-04 -6.796898414434E+02 -6.402536904279E+02 -7.432340012597E+04 -1.455887075137E-03 -4.882812500000E-04   1   5
 -2.310128770910E-04  9.146703233221E-04  6.732307927622E-04 -1.376797738838E+02  1.182773450051E+03  6.780245185637E+04  1.239670644378E-03 -4.882812500000E-04   1   5
 -8.084786116820E-04  3.249049508373E-04  4.689364039616E-04  1.319218609483E+02 -1.515862722785E+02  2.822841715868E+04  9.559431016148E-04 -4.882812500000E-04   1   5
 -2.562202684207E-04  1.089876090125E-03  2.064583239548E-04  3.654721442890E+01 -3.590157278195E+02  1.172475023021E+04  4.529052629447E-04 -4.882812500000E-04   1   5
 -3.600274891636E-05  1.220279798777E-05 -4.741287750476E-04  1.507387100592E+03  1.066537481447E+02 -4.191109570059E+04 -8.140594668307E-04 -4.882812500000E-04   1   5
  3.005060830140E-05 -9.886955410338E-04 -3.353402047576E-04  6.650887213114E+01  4.234676995877E+02 -1.577615489165E+04 -6.585789116915E-04 -4.882812500000E-04   1   5
 -1.403968232180E-04 -1.047006668184E-03 -1.981845177118E-04  1.995130354871E+02  1.354569066724E+03 -1.149633759595E+03 -3.865126602545E-04 -4.882812500000E-04   1   5
  4.302572885216E-04  8.409406435229E-04  3.825219242716E-04  4.674391027558E+01  2.487053176911E+02  2.201882959658E+04  7.843105830951E-04 -4.882812500000E-04   1   5
  8.863253889834E-04 -6.819813467061E-04  2.152255334302E-04 -2.947919588038E+02  1.315921883985E+02  1.230334331565E+04  4.697483832339E-04 -4.882812500000E-04   1   5
 -6.915074119123E-04 -8.808541876077E-04  4.295404481997E-04  5.363246839985E+02  1.198233530914E+03  2.550460109118E+04  9.198239426560E-04 -4.882812500000E-04   1   5
  9.307266188632E-04 -1.632766996020E-05  6.722020373366E-04 -1.595922605548E+02 -1.563376385138E+02  6.426104003297E+04  1.336105343597E-03 -4.882812500000E-04   1   5
  2.790306259781E-04  1.222509683685E-03 -3.239637577012E-04 -2.517181260273E+02 -1.231200803048E+03 -1.189251826378E+04 -7.938859806580E-04 -4.882812500000E-04   1   5
  4.437672925992E-04  3.657121146542E-04  3.648757314392E-04  1.533900784680E+03  1.418292474644E+03  1.867261157524E+04  7.041620387893E-04 -4.882812500000E-04   1   5
 -6.733885507192E-04 -4.375514187076E-04  5.143089504449E-04 -4.370850199816E+02  2.783226798327E+02  3.411091751288E+04  1.040270569682E-03 -4.882812500000E-04   1   5
  4.356566373320E-04 -5.679982906771E-04  2.113483440500E-04  6.714889540602E+02 -4.037557231760E+02  9.497353946910E+03  4.750793762685E-04 -4.882812500000E-04   1   5
  1.117189072909E-03 -2.274762567292E-04  2.982549659636E-04 -1.608658845457E+03  3.348464708333E+02  1.756273403767E+04  6.651803376281E-04 -4.882812500000E-04   1   5
  3.645459271030E-04  9.933873631108E-04  4.258593383257E-04 -5.980751157547E+00 -3.467753731014E+02  2.516850427161E+04  9.201934770409E-04 -4.882812500000E-04   1   5
  7.164867077909E-04  2.902269396145E-04 -1.951176520576E-04  2.144789005829E+02 -9.567502758480E+01 -2.387001312005E+03 -3.829871214429E-04 -4.882812500000E-04   1   5
 -1.186722727410E-03  4.264011097471E-04 -1.328072320725E-04  2.211914919300E+03 -7.939567159986E+02  4.097782071378E+03 -4.036652744457E-04 -4.882812500000E-04   1   5
 -2.052761919625E-05 -1.214520207970E-03  4.951906288797E-05 -1.462930302911E+01  1.106364135418E+03  6.224880732649E+03  1.149530753946E-04 -4.882812500000E-04   1   5
 -4.103369768165E-04 -4.826457349811E-04  4.354664969221E-04 -4.086102871004E+02 -2.352456308741E+02  2.339647820434E+04  9.031863849085E-04 -4.882812500000E-04   1   5
  7.889707885293E-04 -1.884694831597E-04 -5.408631138878E-04  1.323378942675E+02  4.165357744888E+02 -5.312015349283E+04 -9.589477676366E-04 -4.882812500000E-04   1   5
  3.261999053779E-04  6.164349831385E-04 -1.568912136194E-04  4.642064351340E+02  4.424683367308E+02 -1.050406776929E+03 -2.362072051754E-04 -4.882812500000E-04   1   5
 -7.255701271510E-04 -5.635492839206E-04 -7.541929029808E-05  1.095754788081E+03  1.411433454906E+03  4.262730066791E+03 -1.545625246409E-04 -4.882812500000E-04   1   5
  3.867529734565E-04 -5.538399662026E-04  3.231628712203E-04  5.215058301095E+02 -7.336406459015E+02  1.759892766492E+04  6.816216786252E-04 -4.882812500000E-04   1   5
  9.452587530669E-04  6.231061620928E-04  5.221974157787E-05 -4.994823881966E+02 -1.865735160380E+02  5.369756915035E+03  1.182533759190E-04 -4.882812500000E-04   1   5
  2.175767193029E-04  5.078106466723E-04  2.778995318581E-04  7.702178695991E+02  1.377083254612E+03  1.384358162434E+04  5.522605180435E-04 -4.882812500000E-04   1   5
 -1.040506830430E-03 -4.550388113002E-04  4.488164153190E-04  4.983002263157E+02  2.004779310262E+02  2.721390707283E+04  9.614988048332E-04 -4.882812500000E-04   1   5
 -7.739914865173E-04  2.336594050810E-04 -5.160244119000E-04  2.563238861029E+01  4.840853747733E+02 -4.896559247161E+04 -8.970283030765E-04 -4.882812500000E-04   1   5
 -5.158885010277E-04 -8.953186455056E-04 -1.185037492167E-04  9.358184412321E+02  1.679588137747E+03  3.425848945099E+03 -2.196218823540E-04 -4.882812500000E-04   1   5
 -9.261733638748E-04 -4.928407909044E-04 -7.344378846463E-05  1.506671832507E+03  6.338829461504E+02  4.981084258520E+03 -1.299702119093E-04 -4.882812500000E-04   1   5
 -4.196139037080E-04  6.622428443384E-05 -7.848614908835E-04  8.053489473655E+02 -3.400836882479E+01 -9.731141936801E+04 -1.420040502470E-03 -4.882812500000E-04   1   5
  2.335604323288E-04  4.352338313594E-04  5.711262668999E-04  1.069058669390E+03  2.151095827199E+03  4.766799786143E+04  1.056422131746E-03 -4.882812500000E-04   1   5
  8.143360925749E-04 -3.332722242304E-04  6.753093833033E-04  8.030454607119E+02 -3.424524931732E+02  6.919029552218E+04  1.227942704787E-03 -4.882812500000E-04   1   5
  3.775136080371E-04  1.122625623895E-03 -1.400652857445E-04 -8.176812339990E+02 -1.558866812049E+03  3.094475735324E+03 -3.091381671121E-04 -4.882812500000E-04   1   5
 -1.127668773793E-03  9.701186857069E-06  1.725308985782E-04  2.422924057945E+02 -1.499533047720E+02  9.692137497916E+03  3.939988007797E-04 -4.882812500000E-04   1   5
 -2.177821480936E-05 -4.571116523931E-04 -4.409890666014E-04  3.349548211042E+02  6.420608475731E+02 -3.614570185631E+04 -7.309322675479E-04 -4.882812500000E-04   1   5
  2.340584359745E-04  8.124962771681E-04  6.271863550871E-04  3.878656103199E+02  1.584959177876E+03  6.045675985858E+04  1.153891704334E-03 -4.882812500000E-04   1   5
  5.504932620633E-04  1.136459362311E-04  4.163053249765E-04  1.688050357271E+03  7.154653928344E+02  2.142406766002E+04  8.451823561133E-04 -4.882812500000E-04   1   5
 -3.295164763355E-04  1.103383431923E-05 -8.084906344223E-04  1.805412989025E+03  7.529547493060E+02 -9.847023328733E+04 -1.477658603354E-03 -4.882812500000E-04   1   5
  8.668870763060E-04  4.202960091607E-04  6.580521938702E-04  5.775044433584E+02  2.050546791691E+02  6.324280121883E+04  1.227416627563E-03 -4.882812500000E-04   1   5
  3.952062471791E-04 -1.185589455371E-03 -3.355193196295E-04 -8.177641485964E+02  1.839306745753E+03 -1.244292989316E+04 -9.755074628210E-04 -4.882812500000E-04   1   5
 -4.270747144569E-04 -1.044837307951E-03  2.114055829684E-04  2.419063312957E+02  3.809127709845E+02  1.210196904918E+04  4.646044833501E-04 -4.882812500000E-04   1   5
  4.731460700212E-04 -9.118766404402E-04  1.831262861975E-04  2.174756711827E+02 -3.026818017683E+02  9.505778591426E+03  3.825397174473E-04 -4.882812500000E-04   1   5
 -8.982163691318E-04 -5.453307509521E-04 -2.997930529024E-04  8.690143174550E+02  4.785595498475E+02 -1.056816335453E+04 -5.779911165775E-04 -4.882812500000E-04   1   5
 -2.645068934558E-04  5.807925450982E-05  7.445874302947E-04 -5.914667007533E+02  6.021025071090E+02  9.455997528069E+04  1.280879811061E-03 -4.882812500000E-04   1   5
 -3.221030725186E-04 -9.913502087922E-04  6.470308438389E-05  2.495514237190E+02  3.726736284242E+02  4.677204106221E+03  1.586595426626E-04 -4.882812500000E-04   1   5
 -8.343491422763E-04  3.408553988690E-04 -6.475010817220E-04  3.399266001442E+02 -3.582809290429E+02 -6.819972856895E+04 -1.263035575416E-03 -4.882812500000E-04   1   5
  4.351751962799E-04 -5.167401614473E-04  3.039742731497E-04  9.368590126838E+02 -5.701972074406E+02  1.640852213580E+04  6.692713244290E-04 -4.882812500000E-04   1   5
 -9.060715668065E-04  7.164856063522E-05  3.358677557518E-04 -2.145865359408E+02  2.792910333850E+02  1.943256444621E+04  6.829965435111E-04 -4.882812500000E-04   1   5
 -8.701397131075E-04 -2.465417112363E-04  4.696688984683E-04  3.851985767293E+02  2.701180215159E+02  2.843353856657E+04  9.680219243506E-04 -4.882812500000E-04   1   5
 -2.996076587187E-04  3.836372800233E-04 -5.494037319281E-04  2.680204425912E+02 -9.293894407202E+01 -5.696966417933E+04 -8.996235081007E-04 -4.882812500000E-04   1   5
  7.520173195347E-05 -4.444976363944E-05 -3.744366649486E-04  6.081680497138E+01 -7.066375763728E+02 -2.504994134718E+04 -6.474203847291E-04 -4.882812500000E-04   1   5
  6.751145554051E-04 -7.962270691701E-04 -3.788908750563E-04 -6.866807088606E+01  1.117106868242E+02 -2.264264339352E+04 -7.446948982568E-04 -4.882812500000E-04   1   5
 -3.704343812483E-04 -7.907788160196E-04 -5.861770170962E-04 -2.205564215241E+02  4.932651931600E+02 -5.974274458303E+04 -1.083416895101E-03 -4.882812500000E-04   1   5
  4.437716120871E-05  8.165844198843E-04 -4.832367802707E-04 -3.613518477171E+01  3.571952518892E+02 -4.323927756968E+04 -8.665337590092E-04 -4.882812500000E-04   1   5
  1.046378156991E-03  4.700411781673E-04  2.485784263035E-04 -2.097618171253E+03 -5.697652927498E+02  1.446185645618E+04  5.320922656797E-04 -4.882812500000E-04   1   5
 -7.999429033447E-04 -4.072567440898E-04  1.392140216666E-04 -8.449207809395E+02 -8.008445633078E+01  5.549847602631E+03  2.714998235080E-04 -4.882812500000E-04   1   5
 -8.460688663976E-04 -3.439652805389E-04  6.230452251083E-04 -1.029480169588E+03 -5.135797956318E+02  5.804900455946E+04  1.145052306680E-03 -4.882812500000E-04   1   5
 -2.774737866713E-04 -5.673938928075E-04  4.747807092065E-05 -4.613329095229E+02 -1.367253154074E+02  1.180555976699E+03  1.828034524163E-04 -4.882812500000E-04   1   5
 -9.195915668333E-04  4.522702293107E-04 -3.255725660942E-04  4.644216876923E+02  1.862646312477E+02 -1.429087465928E+04 -6.489983837454E-04 -4.882812500000E-04   1   5
  2.707061996725E-04 -6.651030916715E-04 -7.125541741506E-04  5.646848002696E+01 -6.170838734588E+02 -8.475939466838E+04 -1.320256224013E-03 -4.882812500000E-04   1   5
 -1.150615470263E-04  1.838780168622E-04  6.047069057491E-06  5.396184398882E+02  7.430577706499E+01  3.596090272982E+02  6.310635390205E-05 -4.882812500000E-04   1   5
 -3.523540522811E-04  8.106204876191E-04 -6.030233412131E-04  2.295774735225E+02 -9.886701942738E+01 -6.247552644884E+04 -1.147248466915E-03 -4.882812500000E-04   1   5
 -7.857675472282E-04  1.853593945994E-04  7.184626413286E-04 -1.624615785145E+02  4.175110207169E+02  7.651245522016E+04  1.316918796076E-03 -4.882812500000E-04   1   5
 -3.726842552186E-04  1.648532307625E-04 -7.995021743447E-04  1.344144142700E+03 -6.574778534515E+02 -9.657545192580E+04 -1.465100675901E-03 -4.882812500000E-04   1   5
 -1.008861847705E-03 -7.970289931883E-04 -2.466273557815E-04  1.004503407019E+03  1.156242074765E+03 -3.551304279173E+03 -6.574425010522E-04 -4.882812500000E-04   1   5
  3.932655082247E-04  2.198982934623E-04 -3.274841387408E-04  7.317567075685E+02  9.056659344476E+02 -1.760060885515E+04 -6.553359796415E-04 -4.882812500000E-04   1   5
  1.121957611313E-03 -7.058596287452E-05  4.197179778553E-05 -9.925848707533E+02  1.257726490075E+02  5.476973991252E+03  1.268866188275E-04 -4.882812500000E-04   1   5
  1.025860362171E-03 -4.614473126049E-04 -4.288078954028E-04 -1.331794585360E+03  6.175869461950E+02 -2.891229758737E+04 -9.562070938718E-04 -4.882812500000E-04   1   5
 -4.309390447716E-05  9.689310573400E-06  8.135219041308E-04  1.181095792862E+03 -1.714997402061E+03  1.027583473549E+05  1.397357065696E-03 -4.882812500000E-04   1   5
  4.912762237120E-04 -8.832784752273E-04  8.335851820607E-05  1.314017764373E+02 -2.771773590256E+01  4.413359885591E+03  1.708999058079E-04 -4.882812500000E-04   1   5
  4.640012685571E-04  4.438001722618E-04 -4.001625275522E-04 -1.002344149525E+02  4.841413545756E+02 -2.837850553356E+04 -7.052022519969E-04 -4.882812500000E-04   1   5
  6.845042711757E-05  2.741905514347E-04  7.907330366900E-04 -4.518940294672E+02 -1.136318126813E+02  9.836772718837E+04  1.381837977797E-03 -4.882812500000E-04   1   5
  1.098909534172E-03  1.077035842755E-04  2.650772682655E-04 -4.527966918278E+02 -9.658313631859E+01  1.546198065618E+04  6.121375505774E-04 -4.882812500000E-04   1   5
 -1.034191145580E-03 -5.714200855671E-04  6.144612332282E-06  2.214334499755E+03  1.607642997674E+03  6.675528967171E+03 -1.354257926272E-04 -4.882812500000E-04   1   5
  8.112465890286E-05  9.683133350786E-04  4.957614042066E-04 -4.125525806258E+02 -3.916838430394E+02  3.165507846309E+04  1.055682422611E-03 -4.882812500000E-04   1   5
  7.568682916607E-04 -6.477173707319E-04  2.360516504648E-04  3.786279788474E+02  1.168254996833E+01  1.309003242054E+04  4.976737345888E-04 -4.882812500000E-04   1   5
  1.636387357292E-04  6.943556360553E-04  2.819950548587E-04  3.498512980526E+02  6.212198765875E+02  1.504690594598E+04  6.231881788636E-04 -4.882812500000E-04   1   5
  3.390101483659E-04  2.785544959170E-04 -3.163032492324E-04  1.092004326323E+03  6.297024362063E+02 -1.621650452076E+04 -6.342686306140E-04 -4.882812500000E-04   1   5
 -9.214426122738E-04  4.290230530585E-04 -1.993866469893E-04  1.023714124338E+03 -5.302194628161E+02 -1.469933440709E+03 -4.170260027565E-04 -4.882812500000E-04   1   5
  2.950351216113E-04  3.196463604674E-04 -5.489831073339E-04 -1.431643049874E+02 -2.394744213266E+02 -5.704591655522E+04 -9.098030980867E-04 -4.882812500000E-04   1   5
 -7.096263882817E-04 -4.509218938823E-04  2.883935293149E-04 -6.475794087779E+02  4.771412572182E+01  1.625215708507E+04  5.675507535043E-04 -4.882812500000E-04   1   5
 -3.762550397470E-04 -9.970802711499E-04 -2.976927248156E-04  4.517306508595E+02  7.133760677397E+02 -1.032352897931E+04 -6.040824134304E-04 -4.882812500000E-04   1   5
  5.963895440337E-04  5.649347896750E-04  6.017212469960E-04  1.058233840002E+03  1.069101392367E+03  5.420886114899E+04  1.126768171171E-03 -4.882812500000E-04   1   5
  4.959206682910E-04  1.997697806958E-04  1.868351527305E-04  4.331057841695E+02  2.984398231096E+02  7.178668206448E+03  3.720787145096E-04 -4.882812500000E-04   1   5
  7.258879046046E-04  3.720487198056E-04 -1.163834794536E-04 -6.542849402107E+01  1.746780351700E+02  1.633308846004E+03 -2.371817702627E-04 -4.882812500000E-04   1   5
  1.070815294871E-03 -3.924841967305E-04  4.369889780240E-04 -4.969385821370E+02  4.435780087990E+02  2.631535321502E+04  9.477972558627E-04 -4.882812500000E-04   1   5
 -7.139355387197E-04 -3.778752034072E-05 -7.093164917220E-04 -8.496152184226E+02 -1.114778354167E+02 -8.503274060696E+04 -1.275275320578E-03 -4.882812500000E-04   1   5
  4.007494067834E-04 -1.059973201940E-04  7.073199913994E-04  1.679579795571E+03 -4.552899541829E+02  8.637468748391E+04  1.250508160000E-03 -4.882812500000E-04   1   5
 -1.589685817514E-05  5.307624445994E-04 -7.589555994468E-04  2.487085473009E+02  5.277327099724E+02 -9.548707154850E+04 -1.328867919224E-03 -4.882812500000E-04   1   5
 -5.849339898484E-04  4.713033161006E-04  6.281954499343E-04 -2.049130563559E+03  1.428704748333E+03  6.242052292731E+04  1.184438086612E-03 -4.882812500000E-04   1   5
 -4.122778898950E-04 -1.567359906518E-04 -3.675641573490E-04  1.340824993130E+02  4.790598017818E+01 -2.324273193872E+04 -6.626690677356E-04 -4.882812500000E-04   1   5
  2.718285413577E-05 -1.182658551038E-03 -7.759827207865E-05  1.057067107923E+02  1.754265733536E+03  5.669683024629E+03 -1.351343057778E-04 -4.882812500000E-04   1   5
  8.094470661015E-05  2.898804864620E-04 -4.493777342558E-04 -2.038121592096E+02 -2.787107776643E+02 -3.762783063543E+04 -8.892743447668E-04 -4.882812500000E-04   1   5
 -2.309129317654E-04  1.707794083143E-04 -2.734248532466E-04 -1.340159548174E+03  9.939378276734E+02 -1.213115463321E+04 -4.840127158747E-04 -4.882812500000E-04   1   5
  7.006466917393E-04  8.928924304905E-04  1.122544317800E-04 -9.232567249978E+01 -2.370026453228E+02  6.737578229723E+03  2.528510183666E-04 -4.882812500000E-04   1   5
 -6.514677285823E-04 -7.057701051304E-04  2.847991260596E-04 -1.511338958712E+02 -3.474251458689E+02  1.643874636666E+04  6.047473939610E-04 -4.882812500000E-04   1   5
 -4.403186382172E-04  7.432711387750E-05  6.141836371776E-04 -1.962825180405E+03  4.473520073912E+02  6.036203442871E+04  1.120241370500E-03 -4.882812500000E-04   1   5
  1.192249192588E-03 -2.089114404061E-04 -1.231013617827E-04 -2.605535440852E+03  6.013523124128E+02  4.608647833287E+03 -4.264620941528E-04 -4.882812500000E-04   1   5
 -5.562185702736E-04 -3.495099234503E-04  1.544852616531E-05 -5.710780437056E+02  6.217087804217E+00  1.456181133148E+03  1.209368494979E-04 -4.882812500000E-04   1   5
  1.143720949498E-04  5.429105713162E-05  1.650931006814E-04 -8.866285083112E+02 -3.641272242115E+02  4.296847800558E+03  3.402609469521E-04 -4.882812500000E-04   1   5
  6.205345145953E-04  1.639602793759E-04  3.998107761631E-04  3.694733797969E+02 -7.076569226400E+00  2.120545927080E+04  8.501097327334E-04 -4.882812500000E-04   1   5
  6.019626265920E-04 -9.452823904563E-04 -3.811221525777E-04 -8.722782649998E+02  1.406509620842E+03 -2.120932254848E+04 -8.266675256112E-04 -4.882812500000E-04   1   5
 -1.214473399285E-04 -1.220354374051E-03  8.077995178701E-05  2.609833059685E+02  1.034853790130E+03  6.758771774887E+03  1.734477152180E-04 -4.882812500000E-04   1   5
  1.295918437916E-04  6.835878244623E-04  7.643449874489E-04 -1.900934982039E+02  4.276252781847E+02  8.641243283127E+04  1.402968405139E-03 -4.882812500000E-04   1   5
  6.941979370878E-06  7.689778300618E-05  7.859197564334E-04 -5.962089154928E+02  2.076571989587E+03  1.025478492690E+05  1.297840821300E-03 -4.882812500000E-04   1   5
 -7.024821515085E-04  9.455932983447E-05  3.383889940064E-04 -9.445909189546E+02  4.919207899875E+02  1.848976440206E+04  7.257717275420E-04 -4.882812500000E-04   1   5
 -3.022588096658E-04 -1.036368837046E-03  5.234427122401E-04  3.192309906156E+02  4.986028048378E+02  3.553473190667E+04  1.077705181715E-03 -4.882812500000E-04   1   5
  3.234126966899E-04 -1.147084246233E-03 -5.649152138276E-05 -7.923913828910E+02  3.105324403518E+03  6.748957068816E+03 -2.968802609975E-04 -4.882812500000E-04   1   5
  2.500324864113E-04  4.197506064365E-04 -2.624448453701E-04  1.466415113174E+02  6.588768373106E+02 -9.699950479381E+03 -5.206057216087E-04 -4.882812500000E-04   1   5
 -8.045553180443E-04 -5.177759416531E-04  4.285878054288E-04  4.249293837101E+02  8.688457167568E+01  2.497614582595E+04  9.174678709170E-04 -4.882812500000E-04   1   5
  4.937741542638E-05 -8.172459598317E-04 -7.006316934599E-05 -2.244635805784E+02 -1.519519441351E+02  2.973611318463E+03 -1.465048156066E-04 -4.882812500000E-04   1   5
 -5.333583227984E-04 -1.420201620889E-04 -7.562287404437E-04 -7.207649886277E+02 -3.144499258994E+02 -9.550195209390E+04 -1.334658366066E-03 -4.882812500000E-04   1   5
  2.875600162552E-04 -3.006564504962E-04 -5.450629527705E-04  1.644385352401E+02  3.228052865989E+02 -5.619329578626E+04 -1.033513807545E-03 -4.882812500000E-04   1   5
  3.390243749688E-04  3.268727093742E-04 -3.621211915156E-04 -1.763949953785E+02  2.003542897265E+02 -2.230182061582E+04 -6.508337692854E-04 -4.882812500000E-04   1   5
  9.069424866539E-04 -8.243836956559E-04 -2.501670488060E-04 -1.048984895465E+03  1.154439273555E+03 -4.225953293438E+03 -6.032592603611E-04 -4.882812500000E-04   1   5
  4.737111870761E-04 -2.972753144174E-04 -7.147695195917E-04  2.758828821203E+03 -1.470707669053E+03 -9.438771383882E+04 -1.291650424776E-03 -4.882812500000E-04   1   5
 -3.562492644637E-04 -7.355509332665E-04  4.842333830081E-04 -9.123798572496E+01  2.759135114565E+02  2.976413383958E+04  9.812949285726E-04 -4.882812500000E-04   1   5
  1.075308875835E-03 -5.053578055248E-04 -4.548190903119E-04 -1.556454946728E+03  8.554209994088E+02 -3.150929477220E+04 -1.126779987393E-03 -4.882812500000E-04   1   5
 -2.698716584918E-04 -7.752996230580E-04  4.920255143908E-04  1.212763747890E+02 -3.954722060093E+02  3.074317300185E+04  1.008317879859E-03 -4.882812500000E-04   1   5
 -3.968023374930E-05 -1.279947834170E-03 -2.697082190002E-04  2.296485652441E+02  1.548515462606E+03 -5.527938358400E+03 -7.286226046150E-04 -4.882812500000E-04   1   5
 -7.966601459971E-04  5.325201455843E-04  5.906614938522E-04 -6.856343579268E+01  4.685347026597E+02  4.916303110215E+04  1.138115037013E-03 -4.882812500000E-04   1   5
  7.885894416297E-04  2.788608269480E-04  5.206610134116E-04 -2.581093641737E+02  6.323443900684E+01  3.528261193028E+04  1.035564792461E-03 -4.882812500000E-04   1   5
 -8.605682163364E-04  8.537003047236E-04  7.205802790833E-05  5.617795932602E+02 -5.759238094671E+02  6.363394549279E+03  1.730212344664E-04 -4.882812500000E-04   1   5
  4.590483423509E-04 -4.332321959513E-04  4.551947429026E-04  1.183395333747E+02  1.409507649049E+02  2.527811255341E+04  9.275668888242E-04 -4.882812500000E-04   1   5
  1.757093194949E-04  1.216102016397E-04 -5.583326198342E-04 -7.681990717504E+02  1.782829719019E+02 -5.926563938354E+04 -9.526203590204E-04 -4.882812500000E-04   1   5
  4.401573039029E-04  7.505347952346E-04 -2.618857682504E-04  1.530440713824E+01 -5.135014401684E+01 -7.264581510300E+03 -5.331064895406E-04 -4.882812500000E-04   1   5
 -9.948076672916E-04  2.320361192201E-04 -4.173424846354E-04  9.329635829097E+00  2.057886605184E+02 -2.961949002053E+04 -8.119316117234E-04 -4.882812500000E-04   1   5
  2.519589521953E-04  5.201561343682E-04  7.585939767276E-04  8.630681228577E+02  1.714678853574E+03  9.212802730621E+04  1.308426595763E-03 -4.882812500000E-04   1   5
 -4.153767400281E-04  2.944402252355E-04 -4.955685545879E-04  1.534536563019E+02  2.475181435403E+02 -4.656146409614E+04 -8.386677868160E-04 -4.882812500000E-04   1   5
 -8.825756628715E-04  9.389592595548E-04 -3.409729254944E-04  7.276024722720E+02 -8.693215518585E+02 -1.397934651880E+04 -7.845874243704E-04 -4.882812500000E-04   1   5
  3.696986410895E-04 -8.108865761331E-04  4.122185137793E-04 -1.187186761041E+02  7.573960381157E+01  2.357141301306E+04  8.567039995908E-04 -4.882812500000E-04   1   5
  9.470019017489E-04  7.175046595854E-04 -4.398960425973E-04 -1.417290934619E+03 -1.033495935070E+03 -2.911122551214E+04 -1.143369929411E-03 -4.882812500000E-04   1   5
  5.501176391742E-04 -1.159513829107E-04  5.140050992686E-04  8.456493678916E+02 -4.968062786225E+01  3.301782864247E+04  1.060097230608E-03 -4.882812500000E-04   1   5
  7.858869545117E-04  7.952289714224E-04 -3.696581310423E-04 -6.692382190656E+02 -5.045744713196E+02 -2.022101420169E+04 -7.086364586644E-04 -4.882812500000E-04   1   5
 -3.703437744846E-04  1.208383383617E-03 -1.040358584042E-04  7.439875907457E+02 -1.954906079611E+03  5.296614848934E+03 -2.739849120856E-04 -4.882812500000E-04   1   5
 -1.159646356461E-03 -1.917564873239E-04  1.759243026133E-04  2.130757889439E+03  7.857640091859E+02  1.049320928629E+04  3.399229004546E-04 -4.882812500000E-04   1   5
 -2.117626479116E-04 -7.977637149698E-04 -5.755906448811E-04  2.605834387877E+02  1.567200305853E+02 -5.886272197955E+04 -1.041957117272E-03 -4.882812500000E-04   1   5
  2.182674286450E-04  5.568968763258E-05  7.405525169250E-04  2.535775834581E+02 -8.432731627189E+01  9.407410737354E+04  1.257680909837E-03 -4.882812500000E-04   1   5
  4.521342012707E-04 -1.279226836177E-04 -2.300850927679E-04  7.029696656926E+02 -4.095356104630E+02 -7.058009831483E+03 -4.528528348966E-04 -4.882812500000E-04   1   5
  8.990051839565E-04  5.955022698025E-04 -2.865222272740E-04 -6.291182518962E+02 -3.044386972179E+02 -9.064114305305E+03 -5.745535082808E-04 -4.882812500000E-04   1   5
 -1.002199105976E-04 -1.581499271929E-04  5.563143469843E-04 -7.436817811910E+02 -1.004261186190E+03  4.375437356459E+04  9.985258814043E-04 -4.882812500000E-04   1   5
 -4.620451677014E-04  6.726864449624E-04 -1.975896833396E-04 -2.285598035103E+02  3.620824149150E+02 -2.531391821192E+03 -3.670769974704E-04 -4.882812500000E-04   1   5
 -4.020868407737E-05  2.102889506790E-04  2.426013298075E-04 -3.482385521026E+02  4.364167002460E+02  9.377768938199E+03  5.108069258744E-04 -4.882812500000E-04   1   5
 -4.426723240012E-04 -3.404760190423E-04  3.825059465721E-04 -1.317753045526E+03 -6.394314385932E+02  1.962990591052E+04  7.623686066132E-04 -4.882812500000E-04   1   5
 -7.190840367422E-05  1.764725235909E-04  8.030516843993E-04  1.028533472415E+02 -1.363235409035E+03  9.952225760238E+04  1.395681233000E-03 -4.882812500000E-04   1   5
 -8.380937283611E-04  3.711514418181E-04  6.701356829414E-04  9.414383477720E+02 -2.322130403270E+02  6.160687417290E+04  1.388262286239E-03 -4.882812500000E-04   1   5
 -1.161387296862E-03 -7.858889168258E-05  2.828004868524E-04  1.989965141497E+03  3.806189042291E+02  1.662789727029E+04  6.315287112169E-04 -4.882812500000E-04   1   5
  9.576725388185E-04 -6.609885690573E-04  4.170726225226E-04 -5.368143878747E+02  1.194062579207E+02  2.497152588359E+04  9.165160800628E-04 -4.882812500000E-04   1   5
 -3.044160032895E-05 -2.928571062635E-04  2.142538484180E-04  3.332922150176E+02 -6.390548557206E+01  8.084903798270E+03  4.451722209908E-04 -4.882812500000E-04   1   5
 -9.010779112890E-04 -7.344900501940E-04  3.869065994554E-04  1.175417531475E+03  9.457807401513E+02  2.289849170813E+04  8.304061191917E-04 -4.882812500000E-04   1   5
  2.222113262131E-04  9.353423680311E-05 -1.112424669343E-04  9.239945474975E+02  6.826137129287E+02 -1.107040953767E+03 -1.850597780075E-04 -4.882812500000E-04   1   5
 -9.364075171796E-04 -8.369911347728E-05  2.382766191538E-04 -2.659909354467E+02 -1.518411418416E+02  1.296329780060E+04  4.909891808840E-04 -4.882812500000E-04   1   5
 -8.467692212460E-04 -2.402179548732E-05 -2.696509626446E-04 -4.814776075872E+02  3.535741099084E+02 -8.350996702056E+03 -5.164510439610E-04 -4.882812500000E-04   1   5
 -6.072573906984E-04  6.554295463039E-04 -2.223760713067E-04  5.190897816111E+02 -3.753271174201E+02 -3.622010832336E+03 -4.576225894213E-04 -4.882812500000E-04   1   5
 -8.778730793236E-04  6.975469690381E-04 -4.201264001529E-04  3.669630294690E+02 -4.896972369637E+02 -2.871324871340E+04 -7.955957553154E-04 -4.882812500000E-04   1   5
 -7.898357711398E-04 -6.429178036016E-04 -4.480169532489E-04 -5.144973075712E+01  3.260834972058E+01 -3.511809013067E+04 -8.567695831738E-04 -4.882812500000E-04   1   5
  4.473999433285E-04  4.950897547845E-04 -9.745192919497E-05  7.408315881845E+02  1.044087870167E+03  7.087360337861E+02 -1.969190392330E-04 -4.882812500000E-04   1   5
  6.515888996463E-05  1.126414439119E-03  5.603052403480E-05  2.272455492915E+02 -4.913325278242E+02  5.341139257763E+03  1.551904932757E-04 -4.882812500000E-04   1   5
  1.010760697728E-03  2.352802014664E-04  2.937024169544E-04 -7.295743974214E+01  9.022087465467E-01  1.720431688238E+04  6.365455053050E-04 -4.882812500000E-04   1   5
 -6.809754886820E-04  8.403235661027E-04 -5.258806107187E-04  1.303537605898E+03 -1.437131422716E+03 -4.294159179521E+04 -1.277412483127E-03 -4.882812500000E-04   1   5
 -3.186198476590E-04 -1.521481478072E-04  1.191043135974E-04  2.540383786624E+02  5.390038922226E+02  2.234629862414E+03  2.338065947756E-04 -4.882812500000E-04   1   5
  5.138410225317E-04  4.579843600751E-04  5.875694595052E-04  9.378185913843E+02  1.186974412058E+03  5.104859756564E+04  1.128886973950E-03 -4.882812500000E-04   1   5
 -8.641043272325E-04  6.693309786220E-04  5.297224084689E-04  8.147012652358E+02 -3.669821466913E+02  3.604279021781E+04  1.098481821041E-03 -4.882812500000E-04   1   5
  7.118675280836E-04 -2.025192470944E-04 -2.869455315991E-04  3.392809892239E+02 -1.573917326621E+02 -1.056524396391E+04 -5.555445964709E-04 -4.882812500000E-04   1   5
  1.634312185620E-04  8.197217125535E-04 -6.164286837336E-04  2.363555690564E+02  3.553902102804E+02 -6.669043514411E+04 -1.118634509924E-03 -4.882812500000E-04   1   5
 -8.940214599025E-04 -7.145314716555E-04 -4.727102878510E-04  7.843003991994E+02  1.069859690691E+03 -3.594441756679E+04 -1.005024073326E-03 -4.882812500000E-04   1   5
  1.215439436163E-04  1.401133156605E-04  7.860764261786E-04 -1.215509644852E+03  7.802555609034E+01  9.897028696923E+04  1.361447937072E-03 -4.882812500000E-04   1   5
 -7.234273499025E-04  7.965048279454E-05 -6.178277917597E-04 -7.836566028324E+02  4.697579765772E+02 -6.956982256408E+04 -1.054638121714E-03 -4.882812500000E-04   1   5
  7.120606858819E-04 -4.951552403805E-04  5.205940646087E-04  3.191779243568E+02  1.647956466571E+02  3.543151287499E+04  1.064130965242E-03 -4.882812500000E-04   1   5
 -9.843038249270E-04 -6.946795892780E-05  5.941791778185E-04  1.223652374317E+03 -5.231063130892E+01  4.703278465638E+04  1.231029254633E-03 -4.882812500000E-04   1   5
 -8.555417514195E-04 -1.847321849864E-04  2.289706266578E-05  5.209409269513E+02  3.252639139431E+02  3.294470669141E+03  2.928597681429E-05 -4.882812500000E-04   1   5
  5.928026559619E-04  5.838699229987E-04  3.071598949800E-05  3.070580596602E+02  2.785519377923E+02  2.474323560169E+03  6.034797426224E-05 -4.882812500000E-04   1   5
  8.119237938222E-04  8.619548561937E-05 -6.501494292732E-05 -1.177389086027E+03 -1.909635742569E+01  3.611608327610E+03 -1.781118436495E-04 -4.882812500000E-04   1   5
 -4.013657900605E-04  8.273781957865E-04 -6.437734207643E-05  8.529520051969E+02 -1.116685989964E+03  4.305414253126E+03 -1.338713580910E-04 -4.882812500000E-04   1   5
 -8.084501235717E-04  1.948851054230E-04  5.925521116860E-04 -9.948130428314E+02  2.219892796228E+02  5.148310519557E+04  1.123329601476E-03 -4.882812500000E-04   1   5
  3.063411980893E-05  8.702116998577E-04 -6.287977391740E-04 -9.425406667761E+01 -2.160222534867E+03 -6.110744694948E+04 -1.518123045477E-03 -4.882812500000E-04   1   5
 -2.013607096806E-04 -5.665699962929E-04  5.080808947622E-05 -3.413784715391E+02 -3.363250403489E+02  9.929335330892E+02  1.449306577279E-04 -4.882812500000E-04   1   5
  5.424347596930E-04  4.258948259726E-04 -3.358620494966E-04  4.162872777943E+02  2.846383786135E+02 -1.744547386810E+04 -6.073946531941E-04 -4.882812500000E-04   1   5
  4.898742801201E-04 -1.003044556312E-03  4.895672711692E-04 -4.440843215726E+01  4.934247286604E+02  3.120480592277E+04  1.028251346051E-03 -4.882812500000E-04   1   5
  5.901149516614E-04  1.585398753868E-04 -2.449601596635E-04  3.526772000793E+01 -1.252855414767E+02 -6.803951169672E+03 -4.401087642560E-04 -4.882812500000E-04   1   5
 -8.853844467008E-04 -6.919967845762E-04 -3.681189355844E-04  1.109538365273E+03  9.937954681783E+02 -1.941433167207E+04 -7.606463221235E-04 -4.882812500000E-04   1   5
  2.980756591983E-04  7.665035794927E-04 -1.247857625966E-04 -2.520061362669E+02 -8.403913160077E+02  1.680771394840E+03 -2.675759800175E-04 -4.882812500000E-04   1   5
 -8.710192585776E-05 -5.117166188747E-04 -7.889052812236E-04 -1.209416602526E+02 -1.723019449970E+03 -1.009410153816E+05 -1.535165865569E-03 -4.882812500000E-04   1   5
  1.541359775140E-04  4.762516067074E-04 -2.861609858481E-04  6.081887166821E+01  1.141991400938E+02 -1.172832058969E+04 -5.059344402758E-04 -4.882812500000E-04   1   5
  1.049823779298E-03  6.233383124974E-04 -8.826235089920E-05 -2.315543562674E+03 -1.133882902829E+03  5.983261522210E+03 -3.205463019746E-04 -4.882812500000E-04   1   5
 -1.098927571245E-03 -4.444225357781E-05 -4.991397856200E-04  1.082773105612E+03  1.527676017547E+02 -4.088671249798E+04 -1.057637724299E-03 -4.882812500000E-04   1   5
  9.081444650176E-04 -5.405223758794E-05 -2.007564554176E-04 -8.773812243111E+02  1.430381701287E+01 -1.936505233797E+03 -4.373731859708E-04 -4.882812500000E-04   1   5
  1.035300999829E-03 -1.858134022800E-04  1.008317062523E-05 -9.824057812261E+02 -7.709664393396E+00  4.998411777133E+03  5.050444806631E-05 -4.882812500000E-04   1   5
 -9.861752455362E-04  4.710259929439E-04  4.122080925244E-04  5.054645382575E+02  1.353252462776E+02  2.431224834511E+04  8.992561682932E-04 -4.882812500000E-04   1   5
 -4.004512303713E-04  2.901365162441E-04  5.078411400135E-04 -1.593230129958E+03  1.373689480479E+03  3.214248834880E+04  1.001887838762E-03 -4.882812500000E-04   1   5
  4.647097003367E-04 -6.228566635788E-04  2.050295046830E-04  2.240860789436E+02 -3.007151936038E+02  9.570389284681E+03  4.047204405544E-04 -4.882812500000E-04   1   5
  5.510364728817E-05  4.014331515294E-04  1.930453990787E-04  2.553589244951E+02  1.507103563131E+02  7.198140350931E+03  3.809999769042E-04 -4.882812500000E-04   1   5
  8.909509874922E-04  1.930612389471E-04  2.666297274038E-04  2.243639019573E+02  1.623027249678E+02  1.498664543319E+04  5.361186535082E-04 -4.882812500000E-04   1   5
  5.920480828289E-04 -9.717049487468E-04  3.306365526107E-04 -1.134437306965E+03  1.353204695770E+03  1.952835054366E+04  7.130231590833E-04 -4.882812500000E-04   1   5
  3.083423313825E-04 -5.004660543759E-04  7.803795719590E-04 -4.704081862428E+02  5.852380191686E+02  8.813206561115E+04  1.432391445131E-03 -4.882812500000E-04   1   5
 -4.173553148245E-04  7.437542954151E-04 -6.396325232975E-04  7.030174497409E+02 -1.905988335106E+03 -6.335168399359E+04 -1.490946359386E-03 -4.882812500000E-04   1   5
 -5.768743146066E-05  1.599330910075E-04 -1.040203438696E-05  5.517509050566E+01  4.156635751707E+02  3.565417253412E+02  4.501031337423E-06 -4.882812500000E-04   1   5
 -3.285027073890E-04 -5.701862682616E-04  7.668159377343E-04 -6.140852012154E+02 -1.195420317748E+03  9.045188269408E+04  1.356200765952E-03 -4.882812500000E-04   1   5
  2.087847677294E-04  3.707315629917E-04 -7.961031288349E-04  5.219990240415E+01 -4.506769174523E+02 -9.890450361490E+04 -1.447070191123E-03 -4.882812500000E-04   1   5
  2.322257053348E-04  1.009929834443E-03  4.024980394978E-04  2.117315641858E+02 -3.197429883435E+02  2.347437286130E+04  9.006617174983E-04 -4.882812500000E-04   1   5
  2.016428208694E-04 -4.965260015648E-04  3.652359275766E-04  5.298805357974E+02 -1.758785495543E+03  1.851043282318E+04  7.250222213830E-04 -4.882812500000E-04   1   5
  3.701926564483E-04 -9.264749362263E-04 -1.225010639878E-04 -4.339501860569E+02  1.803972808799E+03  3.027643927269E+03 -2.405553632934E-04 -4.882812500000E-04   1   5
  4.463606659175E-04  2.244882786568E-04 -5.291445931108E-04  7.950601765897E+01  5.262359609624E+02 -5.291213305372E+04 -9.412771081272E-04 -4.882812500000E-04   1   5
  7.298574812087E-04  5.807435779399E-04  6.257742479868E-04  9.861310362940E+02  1.173109726209E+03  5.884827598497E+04  1.163567909574E-03 -4.882812500000E-04   1   5
  5.702096050192E-04  5.003572595038E-04 -7.160693133396E-04  2.138718765655E+02  4.672520179195E+02 -8.333700162254E+04 -1.319577885893E-03 -4.882812500000E-04   1   5
 -1.019819685654E-04  9.730046225044E-04  6.559065481567E-04  1.121827745921E+02 -1.827939644386E+02  6.025956203131E+04  1.287925415056E-03 -4.882812500000E-04   1   5
  7.922779924822E-05 -1.291237482965E-04 -2.811336785321E-04  3.756352596289E+02 -9.543324409514E+02 -1.366151052495E+04 -4.952777412917E-04 -4.882812500000E-04   1   5
 -1.237641646835E-03 -3.023595057287E-04 -3.245269348832E-04  1.065133236216E+03  5.515001205713E+02 -1.196106573263E+04 -7.505412986126E-04 -4.882812500000E-04   1   5
  4.911705749752E-04  5.178099992976E-04  5.360012457971E-04  2.663458263874E+02  4.820623269221E+02  3.804339720669E+04  1.065870943029E-03 -4.882812500000E-04   1   5
 -7.325496249613E-04  3.713085508342E-04  3.136959419644E-04 -5.383466400634E+02  4.985583925982E+01  1.787665776962E+04  6.380035403661E-04 -4.882812500000E-04   1   5
  4.159819479359E-04 -7.995308908318E-04 -6.452801955092E-04 -6.051351662185E+01  6.321912903334E+02 -6.771787887630E+04 -1.288412866590E-03 -4.882812500000E-04   1   5
  3.561261023057E-05 -1.215414731261E-03  2.048209030103E-04 -3.454190836234E+02  1.320738958197E+03  1.218393688466E+04  4.689259550390E-04 -4.882812500000E-04   1   5
  8.880316218452E-04 -6.582330226066E-04  3.616387875232E-04 -4.079126115627E+02  7.403027863373E+02  2.129146079271E+04  7.958494643350E-04 -4.882812500000E-04   1   5
 -7.315620700155E-04 -3.787020716423E-04  6.603929049203E-04 -2.126137859963E+03 -1.225591222511E+03  7.006669773859E+04  1.205931540362E-03 -4.882812500000E-04   1   5
 -4.456325959821E-04 -4.418573000951E-04 -7.552937031096E-04  1.383310269282E+02 -9.801739487204E+01 -9.034221912025E+04 -1.384460350786E-03 -4.882812500000E-04   1   5
  5.731070812499E-04 -1.098569204073E-03  1.510757573482E-04 -6.375665906923E+02  1.823854667977E+03  9.654170695862E+03  3.200309744131E-04 -4.882812500000E-04   1   5
  5.560243300873E-04  7.509267476654E-04  2.648880845444E-04  3.261772362909E+02  1.724459107612E+02  1.492499647315E+04  5.381485324247E-04 -4.882812500000E-04   1   5
 -1.167849939132E-03 -1.640617322491E-05 -4.232674610142E-04  2.209354124356E+03 -1.420537648949E+02 -2.593160760725E+04 -1.207028832560E-03 -4.882812500000E-04   1   5
  6.394500634024E-04 -2.307630669185E-04 -3.202211761610E-05  8.412459187061E+02 -2.918416576236E+01  1.922725149783E+03 -5.158207002420E-06 -4.882812500000E-04   1   5
  9.429390061582E-04 -3.328320248770E-04 -2.920796382880E-04 -8.548893651350E+01  1.012926203748E+02 -1.010128866226E+04 -5.947121623628E-04 -4.882812500000E-04   1   5
 -3.147380171898E-04 -8.235972649550E-04  2.038076396664E-04  5.216989843830E+01 -2.987342557022E+02  1.009648444145E+04  4.118681649126E-04 -4.882812500000E-04   1   5
 -6.930095176097E-04  5.197376118709E-04  6.743671657131E-04 -1.933897348411E+03  1.197015674620E+03  7.215319615874E+04  1.220815201564E-03 -4.882812500000E-04   1   5
 -6.289830101966E-04  5.329478171228E-04 -5.659216858622E-05  3.172418775509E+02  4.914021199566E+01  3.280455484016E+03 -1.467395413752E-04 -4.882812500000E-04   1   5
  2.891920943326E-04  1.048011156148E-03  2.391339532644E-04  1.233651290867E+01 -3.238036540582E+02  1.367552465476E+04  5.372156303380E-04 -4.882812500000E-04   1   5
  4.686996960098E-04 -1.191109533138E-04 -4.954624402006E-04 -3.183570675667E+01  4.610491783568E+02 -4.651135500982E+04 -8.393991577504E-04 -4.882812500000E-04   1   5
 -7.249499087080E-04 -6.484978882001E-04  5.949758712736E-04 -5.382792759376E+02 -2.458612559026E+02  5.041558754017E+04  1.132570829480E-03 -4.882812500000E-04   1   5
 -8.028876601442E-04 -7.337546828418E-04 -5.008540238046E-04  1.614400952177E+03  1.634837363001E+03 -3.853018138405E+04 -1.354758175277E-03 -4.882812500000E-04   1   5
 -3.747211827907E-04  2.595006263686E-04  7.629052435220E-04 -1.149244931407E+03  4.861967000078E+02  9.398158482194E+04  1.318180716406E-03 -4.882812500000E-04   1   5
  5.440292671674E-04  9.611878520448E-05  4.613556528517E-04  2.795285343031E+02 -7.846006112637E+01  2.538277939456E+04  9.634942794015E-04 -4.882812500000E-04   1   5
  2.615845401008E-04  6.966990494573E-04 -6.060048110175E-04  2.586183932968E+02  9.097282680965E+02 -6.714231442967E+04 -1.054629277833E-03 -4.882812500000E-04   1   5
 -8.389707771189E-04  4.236072271126E-04  3.746466030955E-04 -2.265099291175E+02 -7.716122591067E+01  2.154585569351E+04  7.835947734143E-04 -4.882812500000E-04   1   5
  4.825077870444E-04  8.755967130775E-04  6.259544768769E-04 -3.050806952204E+02  2.070144504615E+02  5.513165528892E+04  1.229940046452E-03 -4.882812500000E-04   1   5
 -7.451509986741E-04  3.588118475494E-04  1.112310398231E-04 -1.091827405542E+03  5.808815219196E+02  3.339701688530E+03  3.003870989349E-04 -4.882812500000E-04   1   5
 -4.472213778074E-04 -5.670575000220E-04  5.381501859736E-04 -2.756995281050E+02 -5.775755700198E+02  3.855094259035E+04  1.061085125213E-03 -4.882812500000E-04   1   5
  2.256023744379E-04  7.218637446983E-04  5.588486646939E-04  2.434674726265E+02  1.208776696050E+03  4.342684589727E+04  1.097440288785E-03 -4.882812500000E-04   1   5
  6.215450579306E-04  4.764990709078E-04 -1.551667226980E-04 -5.036811674185E+02 -1.318496461181E+02  7.495670634136E+01 -3.483555810107E-04 -4.882812500000E-04   1   5
  2.244743150939E-04 -9.108719236397E-04  6.753508804302E-04  2.602646229992E+02 -5.221627307392E+02  6.708929336571E+04  1.254241818424E-03 -4.882812500000E-04   1   5
 -1.226112600965E-03  1.526923660093E-05 -3.523671700372E-04  1.858663272365E+03 -4.646760801494E+00 -1.514264563719E+04 -1.012011598503E-03 -4.882812500000E-04   1   5
 -3.267041339260E-05 -9.134189720961E-04 -3.458878360536E-04 -3.212401966710E+02 -1.531658932008E+02 -1.795436784284E+04 -6.563043813008E-04 -4.882812500000E-04   1   5
 -6.634675157458E-04 -9.036425354503E-04  3.668188348716E-05  1.710701080118E+02  8.488995564325E+02  5.302806287459E+03  1.150304045168E-04 -4.882812500000E-04   1   5
 -8.538659042216E-04  2.748222465387E-04  6.592677683640E-04  1.024617572360E+03 -5.140286478199E+02  5.970435392310E+04  1.375183782021E-03 -4.882812500000E-04   1   5
 -1.122610964787E-03  2.051276367251E-04  1.799845325071E-04  2.338440272940E+02 -2.378156813736E+02  1.021857304610E+04  4.219424225922E-04 -4.882812500000E-04   1   5
  7.010633441609E-05 -6.066891657359E-04 -6.896925115051E-04  2.110305165718E+01 -1.706819215092E+03 -8.709845373524E+04 -1.170540841049E-03 -4.882812500000E-04   1   5
  1.183327386088E-03 -1.250912333611E-04  3.545642429981E-05 -2.631896951851E+03  2.967586208591E+02  6.670387280862E+03 -6.257366825491E-05 -4.882812500000E-04   1   5
  4.234313439523E-04  4.294947085752E-04  1.114236742483E-05  5.221607574349E+02  3.619268729024E+02  1.164714250279E+03  6.795034012264E-05 -4.882812500000E-04   1   5
 -7.981610133426E-05  5.636659838992E-05  2.450125894227E-04 -4.048799800074E+02 -4.762083950342E+01  8.848872541249E+03  5.653572393807E-04 -4.882812500000E-04   1   5
  6.209702627860E-04 -5.683589223356E-04  4.797701601419E-04  1.234445191460E+02  1.795189611326E+02  2.934163316372E+04  9.733153866205E-04 -4.882812500000E-04   1   5
  2.431098311360E-04 -1.553741999313E-04  7.243634534901E-04  7.946905185521E+02 -2.379915527881E+02  9.088001583953E+04  1.240321007043E-03 -4.882812500000E-04   1   5
  2.910864671712E-04  2.510224283567E-04 -7.174193114342E-04  1.877263671355E+03  1.862302066630E+03 -9.683758262903E+04 -1.169369979225E-03 -4.882812500000E-04   1   5
 -9.189348690937E-05  7.177930285206E-04 -7.269436290002E-04 -5.215869482569E+02  3.082787697155E+03 -9.249781861030E+04 -1.340740372863E-03 -4.882812500000E-04   1   5
 -2.044799762747E-05 -9.041082832186E-04 -5.780982517056E-04  4.122124229176E+01  7.028258161946E+02 -5.716377343046E+04 -1.119374565631E-03 -4.882812500000E-04   1   5
  6.437203488494E-04 -5.697260322234E-04 -3.263596970459E-04  1.662494186693E+02 -4.135437632143E+02 -1.527451304873E+04 -6.150854383655E-04 -4.882812500000E-04   1   5
  8.858958137505E-04  5.491924884480E-04 -5.463353452831E-04 -9.114240906469E+02 -6.958708647076E+02 -4.850539993222E+04 -1.111944598030E-03 -4.882812500000E-04   1   5
  1.088429301080E-04 -5.566037023046E-04  6.104763606657E-04  1.955415283650E+02 -1.786078371716E+03  5.826764579023E+04  1.160842197591E-03 -4.882812500000E-04   1   5
 -6.250198328740E-05  1.269558891164E-04  2.230765159837E-04 -1.607632927311E+02 -9.685531330963E-01  7.857169168477E+03  4.659401816007E-04 -4.882812500000E-04   1   5
  6.442129821059E-04 -9.821669906668E-04 -1.634728866613E-04 -8.487949893946E+02  1.744627771357E+03  1.886316143577E+03 -3.602822224718E-04 -4.882812500000E-04   1   5
 -6.242529719789E-04 -1.083096525085E-03 -2.533053066037E-04  1.016902200959E+03  1.703265630144E+03 -3.851365953662E+03 -7.973082288117E-04 -4.882812500000E-04   1   5
  9.351900157856E-04  5.436625228660E-04 -2.999985820589E-04 -1.227468377116E+03 -2.363351156700E+02 -1.039061503753E+04 -5.944480759061E-04 -4.882812500000E-04   1   5
  2.525877788584E-04 -1.227547078172E-03 -6.799613275521E-05 -6.131381692194E+02  1.919205537910E+03  6.379181276250E+03 -1.649942638093E-04 -4.882812500000E-04   1   5
  6.506690197643E-04  5.157197465242E-05  2.368357769479E-04  7.649766802571E+02  4.234490482595E+02  1.125169773532E+04  5.662834060485E-04 -4.882812500000E-04   1   5
  9.905666941261E-04  3.475228762431E-04 -5.348823934351E-04 -4.838909587800E+02 -1.306360754703E+02 -4.801580852211E+04 -1.012948665285E-03 -4.882812500000E-04   1   5
  3.938499872066E-04 -5.547800795103E-04 -1.296286889858E-04  3.476061311683E+02 -6.934714370688E+02 -1.532365062861E+02 -2.035436006111E-04 -4.882812500000E-04   1   5
 -6.134855231953E-04 -6.162030947899E-04 -4.186130939987E-05  1.115606913340E+03  9.563039986835E+02  4.186129285508E+03 -1.105210700767E-04 -4.882812500000E-04   1   5
 -2.809984922995E-04 -5.034625785941E-04  7.724386948528E-04  9.436954677910E+02  1.093272824960E+03  8.522736098078E+04  1.465478401175E-03 -4.882812500000E-04   1   5
 -2.704553950843E-04  5.737343248433E-04 -4.457960502597E-04  1.211254961897E+02  2.135203387310E+02 -3.690057414343E+04 -7.851648723123E-04 -4.882812500000E-04   1   5
  6.682940189440E-04 -2.686462253438E-04  2.744643626535E-04  1.491066946568E+03 -5.359834309882E+02  1.441387689758E+04  6.174820503362E-04 -4.882812500000E-04   1   5
  1.031491855970E-03 -9.880982931642E-05  5.160132648689E-04 -1.467127150021E+03  6.515955925652E+02  3.359165468705E+04  1.108672815856E-03 -4.882812500000E-04   1   5
 -6.451923330191E-04 -7.015767532945E-04 -3.487059827877E-04 -2.199174223986E+02  1.827057313734E+01 -1.823997595336E+04 -6.880849644380E-04 -4.882812500000E-04   1   5
  6.878724883386E-06 -2.651433488218E-04  4.312665739656E-04  2.807249762248E+01 -1.610523200595E+03  2.094118281117E+04  9.102764708055E-04 -4.882812500000E-04   1   5
 -3.228265221384E-04 -1.365400985841E-04  5.356521844981E-04 -1.948495274804E+03 -6.271875709704E+02  3.825517798572E+04  9.968846866619E-04 -4.882812500000E-04   1   5
 -2.007511634409E-04  2.301848150064E-05  8.392583391902E-04  2.873320246390E+03 -8.927234639443E+02  9.772377105286E+04  1.511943818583E-03 -4.882812500000E-04   1   5
  7.842036321045E-04  2.841972487631E-04 -5.871510645443E-04  1.826880743563E+02  4.465068829614E+02 -6.149957050202E+04 -1.024288812148E-03 -4.882812500000E-04   1   5
  7.339349969911E-04 -7.089890526288E-04 -5.582050511321E-04 -7.087571024173E+02  1.191237623560E+03 -5.035486618576E+04 -1.152271869540E-03 -4.882812500000E-04   1   5
 -5.908770484908E-04  6.510617214178E-04  1.153662681846E-04 -1.268668685527E+02  4.698707716037E+02  4.362996270111E+03  2.224332004790E-04 -4.882812500000E-04   1   5
 -6.914558310299E-04  1.678276095202E-04  7.451160392915E-04 -1.606668134985E+03  5.697241520371E+02  8.695400866287E+04  1.316389848597E-03 -4.882812500000E-04   1   5
 -1.234544984727E-04  3.338539734746E-04 -8.540966476589E-05 -4.798820717544E+02  1.296105072917E+03  2.956752588181E+02 -1.124828261108E-04 -4.882812500000E-04   1   5
  8.540409330317E-04  1.616109423448E-04  6.232418866743E-04  1.978390275470E+03  8.420105972301E+02  5.981164607201E+04  1.161280320247E-03 -4.882812500000E-04   1   5
 -3.078472610854E-04  3.982331885933E-04  9.260318672266E-05  2.156562463624E+02  2.126457904672E+02  1.475324127574E+03  2.188820877844E-04 -4.882812500000E-04   1   5
  4.930813648733E-04  8.404929077042E-04  6.555191641633E-04  4.359979203321E+02  4.015363409291E+02  6.234735444339E+04  1.234049501462E-03 -4.882812500000E-04   1   5
 -5.395571648645E-04  6.980724813219E-04 -1.885781313349E-05  4.774647091919E+02 -4.929543673493E+02  3.767037345327E+03 -4.474635893947E-05 -4.882812500000E-04   1   5
 -6.324165638164E-04 -1.799687950124E-04  2.897833864914E-04 -1.268628480019E+03 -1.127405895327E+02  1.533053952615E+04  6.272675412844E-04 -4.882812500000E-04   1   5
 -3.856531389939E-04  3.663268239422E-04  7.374830047677E-04 -1.517993743718E+03  1.243321859484E+03  9.014005981752E+04  1.290390575771E-03 -4.882812500000E-04   1   5
  4.415252773117E-04 -7.621499192102E-04  1.455414474002E-04  3.602337029060E+02 -2.333241065166E+02  6.035259301392E+03  2.704898434929E-04 -4.882812500000E-04   1   5
  9.500982331698E-04 -7.083962208456E-04  2.339761196575E-04 -1.379245275940E+03  1.042006734710E+03  1.374714844898E+04  5.022688771534E-04 -4.882812500000E-04   1   5
 -3.761766302866E-04  7.968399936243E-04 -6.315398147830E-04 -1.807316161679E+02  6.182966222537E+01 -6.777523161144E+04 -1.160061307355E-03 -4.882812500000E-04   1   5
  2.656510638352E-04  9.571082096154E-04  4.903024310476E-04 -9.412644718884E+01 -5.410425508482E+02  3.097356028206E+04  1.046432120346E-03 -4.882812500000E-04   1   5
 -5.568594993858E-04 -4.264424889274E-04  7.578976655287E-04 -8.172452831248E+02  1.509490272010E+01  8.641655242750E+04  1.377422539771E-03 -4.882812500000E-04   1   5
  1.118690580303E-03  6.555092526032E-04 -2.436245302847E-04 -1.083323667344E+03 -7.497250152259E+02 -3.379019452976E+03 -6.131805430454E-04 -4.882812500000E-04   1   5
 -7.564757705257E-04 -2.806011506798E-04 -3.549409037762E-04 -5.725042597909E+02  5.437309237038E+01 -1.999544740025E+04 -6.770115802586E-04 -4.882812500000E-04   1   5
  2.330669152103E-04 -1.186263730630E-03  5.150322219249E-05 -6.822020331310E+02  2.524986548165E+03  6.815455660046E+03  7.508119519439E-06 -4.882812500000E-04   1   5
 -1.658170681876E-05  9.222493944305E-04  6.433791886353E-04 -1.996480130829E+01  1.331193407565E+03  6.254243071174E+04  1.164359353686E-03 -4.882812500000E-04   1   5
 -7.545048053353E-04  8.280860181415E-04  2.078538564603E-04  3.092546093885E+02 -5.514100310888E+02  1.182777209941E+04  4.653182163965E-04 -4.882812500000E-04   1   5
  3.138988500296E-04  4.496609598632E-04  2.021805974939E-05  2.195880402894E+02  2.852582459680E+02  9.359989916207E+02  9.170227216204E-05 -4.882812500000E-04   1   5
  6.310870242100E-04 -1.036685840697E-03 -3.628665790841E-04 -9.867289906127E+02  1.738201017874E+03 -1.659228896501E+04 -1.056506564337E-03 -4.882812500000E-04   1   5
  4.944031662159E-05 -4.804428246999E-04 -4.797802237045E-04  3.696604830537E+02  4.075540005664E+02 -4.351523329345E+04 -7.805727670527E-04 -4.882812500000E-04   1   5
  2.733348337211E-05  3.761796757967E-04 -1.702215464170E-04  2.931767642807E+02  1.572681416003E+03 -3.643317321674E+03 -2.865174077749E-04 -4.882812500000E-04   1   5
 -4.334061800707E-05 -1.054837936297E-03  1.034364308428E-05 -3.007716510270E+01  1.214104177616E+03  5.105458739265E+03  6.272121400075E-05 -4.882812500000E-04   1   5
 -1.168165896131E-03 -7.707328523738E-05 -6.870199191189E-05  1.687653438582E+03  5.363543444365E+02  5.793242190782E+03 -1.213145962895E-04 -4.882812500000E-04   1   5
  6.806075346132E-04  4.178086627722E-04 -5.988716735013E-04  2.406928434748E+02  1.911524801874E+02 -6.406629674584E+04 -1.083329145417E-03 -4.882812500000E-04   1   5
  6.844659491864E-05 -3.168853381620E-04 -8.063534328547E-04  2.975173401003E+02 -1.311807721591E+03 -1.054460353432E+05 -1.405510821253E-03 -4.882812500000E-04   1   5
 -6.650154092429E-04 -9.137282853491E-04  1.763701243233E-04  9.543981561782E+01 -7.456579981792E+01  9.877648977240E+03  3.859239815087E-04 -4.882812500000E-04   1   5
 -2.387873874837E-04 -1.003693697937E-03 -1.992212184200E-04  4.939021327425E+02  1.421440793036E+03 -1.256195220755E+03 -4.020084624692E-04 -4.882812500000E-04   1   5
  1.218428845891E-03  7.655732305766E-05  2.236675179723E-05 -2.507328287663E+03  1.226984536885E+02  6.784994160690E+03 -5.845607643007E-05 -4.882812500000E-04   1   5
 -2.772869015598E-04 -9.627947533187E-04  3.888327207086E-04 -9.016334321135E+01  1.761659292784E+02  2.256661231370E+04  8.279667952955E-04 -4.882812500000E-04   1   5
 -5.482450372077E-04  1.089404968889E-03 -4.171987090957E-04  4.603903036968E+02 -1.549803609433E+03 -2.543514618950E+04 -1.028054322530E-03 -4.882812500000E-04   1   5
 -7.681378504960E-04 -2.162863071767E-04 -1.296963939127E-04  1.043972765151E+03  2.679422771943E+02  1.436725100638E+03 -3.066853608438E-04 -4.882812500000E-04   1   5
 -1.229785528139E-03 -3.861096594561E-05 -3.108258283011E-04  1.429704885974E+03  1.382335134812E+02 -1.040838028992E+04 -7.555610471042E-04 -4.882812500000E-04   1   5
 -7.647006780592E-04 -2.859519418481E-04  7.173217876113E-04 -2.296372439251E+03 -8.677471356880E+02  8.226230605748E+04  1.261929937496E-03 -4.882812500000E-04   1   5
  3.658662514679E-04  5.567870677430E-04  7.551729554660E-04  8.715913201997E+02  1.705835124626E+03  8.969470465567E+04  1.307891523006E-03 -4.882812500000E-04   1   5
  5.906912606696E-04  7.483146760698E-04  6.437502341474E-04  8.014299694479E+02  1.112458335673E+03  6.221896702632E+04  1.186200381860E-03 -4.882812500000E-04   1   5
  1.796297812513E-04  9.314715809124E-04 -4.895497999549E-04 -1.032666395006E+02 -6.907034988922E+01 -4.295869411774E+04 -9.284507696674E-04 -4.882812500000E-04   1   5
 -3.431890000754E-04  1.050810681158E-03 -4.348740551511E-04  4.018933992981E+02 -3.868887546365E+02 -3.142110802688E+04 -8.345896808848E-04 -4.882812500000E-04   1   5
  3.244899928490E-04 -7.336228968133E-04 -3.897146288666E-04  2.374264294911E+01 -2.462561911766E+02 -2.585776960461E+04 -7.128559982261E-04 -4.882812500000E-04   1   5
  9.655415297993E-04  3.176166849560E-05 -4.544536325507E-04  4.850966258657E+01  4.309338816577E+02 -3.673658684861E+04 -8.244740890624E-04 -4.882812500000E-04   1   5
  7.647004756734E-05  6.341281760171E-04  7.695010291756E-04  3.396901170726E+01  1.406993348448E+03  9.100088746748E+04  1.341404795826E-03 -4.882812500000E-04   1   5
 -2.975882315709E-04  3.654129010354E-05 -1.082555583021E-04 -1.111193865381E+03 -9.183603622792E+00 -5.811417044913E+02 -1.566503085653E-04 -4.882812500000E-04   1   5
  4.938334237315E-04  1.162799452014E-03 -3.503911862808E-04 -6.901928332860E+02 -1.171511028998E+03 -1.517036428995E+04 -8.875284890109E-04 -4.882812500000E-04   1   5
  1.114909819919E-03  6.262155240838E-05  4.302309954207E-05 -6.688438661518E+02  2.712933645279E+02  5.262304890291E+03  1.032874898548E-04 -4.882812500000E-04   1   5
 -2.187365598064E-04  6.280826996303E-04 -7.552813061409E-04 -9.364089263102E+02  2.588183129593E+03 -9.639360687784E+04 -1.457042654276E-03 -4.882812500000E-04   1   5
  5.958655215976E-04  4.763935216307E-04 -3.530521582590E-04  5.762103160653E+02  2.596215637562E+02 -1.987505219924E+04 -6.509807965944E-04 -4.882812500000E-04   1   5
 -8.160192688271E-04 -5.262640045358E-04 -5.778734577441E-04  1.447113156448E+03  7.218104016272E+02 -5.357636317663E+04 -1.239375540254E-03 -4.882812500000E-04   1   5
  5.545692903565E-05 -8.976591323989E-04 -4.181344640585E-04 -2.676753996715E+02 -1.174658073003E+02 -3.059391750071E+04 -7.700933036880E-04 -4.882812500000E-04   1   5
  9.750761455485E-04 -1.729039216078E-05 -5.916167013258E-04 -1.257969973997E+03 -1.592767259159E+02 -5.639416180054E+04 -1.203526556732E-03 -4.882812500000E-04   1   5
  9.520972690749E-05  7.926989014842E-04 -1.735065754846E-04 -2.612939000749E+02 -3.051757891841E+02 -8.520320318863E+02 -3.808964817180E-04 -4.882812500000E-04   1   5
 -2.485529129280E-04  1.053782081486E-03  2.640689531251E-04  3.758989561537E+02 -6.997066355025E+02  1.524178885455E+04  6.017169008716E-04 -4.882812500000E-04   1   5
  6.020090610404E-04 -3.572239066933E-04  7.466248886808E-04  1.969640092663E+03 -9.813846795131E+02  8.870852926223E+04  1.297451091209E-03 -4.882812500000E-04   1   5
 -1.049509484270E-03 -5.269363797948E-04  8.110586283372E-05  2.978043918129E+02  3.186994996771E+02  6.049850299913E+03  2.089186520995E-04 -4.882812500000E-04   1   5
  7.765448059226E-04  1.334974781083E-04 -6.929186673306E-04  4.169075921695E+02  4.417089806612E+02 -7.976259723510E+04 -1.300911446231E-03 -4.882812500000E-04   1   5
  2.378257552066E-04 -1.026010755882E-03 -2.167648648971E-04 -2.640489540444E+02  1.277542191723E+03 -2.507893398927E+03 -4.452302832210E-04 -4.882812500000E-04   1   5
 -3.932384603744E-04  5.591434541851E-04 -1.101980301671E-04 -3.522622671098E+02  8.868500863645E+02  5.780329080122E+02 -1.728197725197E-04 -4.882812500000E-04   1   5
  2.101065578564E-04 -6.771067344977E-04  2.204113612847E-06  1.125961184796E+02 -7.053597160607E+02  1.779198730198E+03  6.512200429487E-05 -4.882812500000E-04   1   5
  4.520107092358E-04  5.469470654572E-04  6.022408856352E-04  9.707936210338E+02  1.743307257369E+03  5.519975629902E+04  1.155010987455E-03 -4.882812500000E-04   1   5
  4.834205606366E-04  2.998258794543E-04 -5.782731307437E-04  4.146768439844E+02  2.066159717179E+02 -6.297235990801E+04 -9.670933176178E-04 -4.882812500000E-04   1   5
 -5.958189640370E-05  1.382692788415E-04 -6.446751020028E-04  1.144646213066E+02  7.090208834800E+02 -8.120655794777E+04 -1.034022819859E-03 -4.882812500000E-04   1   5
 -2.250239462614E-04  3.131179996346E-04 -3.803312861155E-04  4.980888002548E+01  5.726198373103E+02 -2.560309186970E+04 -7.511928525799E-04 -4.882812500000E-04   1   5
  3.973220125527E-04  4.556830102556E-04 -7.542156401038E-04 -7.939160867851E+02 -2.376392454025E+02 -8.838775439013E+04 -1.455295338046E-03 -4.882812500000E-04   1   5
  1.080231691527E-03 -5.223191591248E-04  3.849841074010E-04 -7.788467790087E+02  4.880640344506E+02  2.304084876380E+04  8.557136614518E-04 -4.882812500000E-04   1   5
  9.120937628127E-05  1.765825153597E-05 -8.548494014654E-04 -3.849051062573E+02 -4.854813942448E+02 -1.060289214650E+05 -1.585599583347E-03 -4.882812500000E-04   1   5
  7.260845002218E-04  5.958205700275E-04  4.663417972401E-04 -9.853865884572E+01  8.066130041696E+01  2.828310655360E+04  9.830861934996E-04 -4.882812500000E-04   1   5
  6.586682836691E-04  6.203396491896E-04  8.864812829745E-05  5.412429897726E+02  3.275436245177E+02  3.395139836248E+03  1.646061080898E-04 -4.882812500000E-04   1   5
  6.451621749747E-04 -6.721465301187E-04  1.119279887771E-04  1.713968846291E+01 -1.009194124702E+02  4.783118757645E+03  2.128256695997E-04 -4.882812500000E-04   1   5
 -1.990508110588E-04 -8.199005102504E-04 -8.420345838400E-05  4.316124714686E+02  1.624483313559E+03  3.597229879921E+03 -2.116558237626E-04 -4.882812500000E-04   1   5
 -1.257698279687E-03  2.977301719963E-04 -2.645382046449E-04  1.358064030736E+03 -1.825746563745E+02 -5.181719279624E+03 -7.066153982218E-04 -4.882812500000E-04   1   5
 -4.175956578970E-04  9.175734255884E-04 -2.186673208832E-04  5.085021568014E+02 -5.929706836158E+02 -3.004098735295E+03 -4.398975442363E-04 -4.882812500000E-04   1   5
  5.679255663347E-04 -1.000171477844E-04  1.617972652757E-04  6.779812465954E+02 -4.690357046657E+01  5.505403924873E+03  3.435987114284E-04 -4.882812500000E-04   1   5
 -3.844908567131E-04  3.062537847139E-04  7.531791409974E-04 -1.020826177614E+03  1.146721866592E+03  9.243912039507E+04  1.298898698453E-03 -4.882812500000E-04   1   5
 -7.481145853924E-06 -4.335647440155E-04 -4.626743137811E-04  3.701600488423E+02  6.661511360190E+02 -4.027485345824E+04 -7.697929599626E-04 -4.882812500000E-04   1   5
  5.639831617892E-04 -8.838085595344E-04 -4.575812104646E-05 -1.028005424050E+03  1.339860506494E+03  5.410418588367E+03 -6.218419277904E-05 -4.882812500000E-04   1   5
  1.166727480105E-03  3.566881711565E-04  1.940337291604E-04 -1.399420680953E+03 -2.827329388001E+02  1.161160378146E+04  4.203050783809E-04 -4.882812500000E-04   1   5
 -6.922321785632E-04 -5.053512834443E-04  1.600326050003E-04 -7.696845161530E+02 -4.172484415565E+02  6.532558814457E+03  3.122725988520E-04 -4.882812500000E-04   1   5
  4.931696418931E-04  1.204489304240E-03 -2.587133319377E-04 -6.508913893605E+02 -8.504519607446E+02 -4.891131814566E+03 -5.757368607759E-04 -4.882812500000E-04   1   5
  4.621997742863E-04 -2.152394816019E-04 -7.351870622900E-04  3.110521171447E+03 -1.133728857675E+03 -9.866403651678E+04 -1.232383822289E-03 -4.882812500000E-04   1   5
 -1.485949707729E-04  7.042501344240E-04 -7.324401234549E-04 -1.597103408209E+02 -5.160345952808E+02 -8.308505139272E+04 -1.429891391824E-03 -4.882812500000E-04   1   5
 -6.130704890829E-04  1.114237649681E-03  1.165809364628E-04  3.949349469829E+02 -8.714159052453E+02  8.188024157174E+03  2.885445274861E-04 -4.882812500000E-04   1   5
  1.163452405996E-04  7.640670565396E-06  3.344461380717E-05 -7.543295671101E+01  7.404515450157E+02 -1.385158173284E+02  1.037941336874E-04 -4.882812500000E-04   1   5
 -1.100654289204E-04 -2.759049600270E-04 -8.132786950404E-04 -7.482117080165E+02 -8.933496538747E+02 -1.057521880808E+05 -1.394945827280E-03 -4.882812500000E-04   1   5
  9.937990450250E-04 -1.697907124628E-04 -3.366149095843E-04 -2.748614181340E+02  1.819333869717E+02 -1.593373432374E+04 -6.886071145260E-04 -4.882812500000E-04   1   5
 -9.527476793359E-04 -7.534121570485E-04  1.625879753204E-04  5.686122780998E+02  7.332695303361E+02  9.859951000931E+03  3.776421576642E-04 -4.882812500000E-04   1   5
 -5.312494056678E-04  6.540144071876E-04 -5.155897472152E-04  5.312016261264E+01  1.734407057564E+02 -4.862375073309E+04 -9.294081854883E-04 -4.882812500000E-04   1   5
  1.144208363601E-03  5.943007098213E-04 -3.508223109143E-04 -1.099514690626E+03 -5.934860442674E+02 -1.516863317114E+04 -8.037519166564E-04 -4.882812500000E-04   1   5
  3.312190114224E-04 -2.326662168940E-04 -6.328302261572E-04  9.957367465383E+02 -6.908463055488E+02 -7.730196120368E+04 -1.126311771377E-03 -4.882812500000E-04   1   5
 -5.824819666754E-04  4.688377321691E-04 -7.210921273103E-04 -4.897642518509E+02  5.973275826365E+02 -8.510791737358E+04 -1.298505132334E-03 -4.882812500000E-04   1   5
  7.112869168834E-05 -7.484263655814E-06 -4.121941837828E-04  1.710226780672E+03  1.427760885975E+02 -3.087849475201E+04 -7.279104058759E-04 -4.882812500000E-04   1   5
 -3.566061040153E-04  2.118030826960E-05 -7.285318296685E-04 -2.598801635234E+03  4.562031951674E+02 -9.895741584489E+04 -1.206218830205E-03 -4.882812500000E-04   1   5
 -4.398851672436E-04  7.688560603073E-04 -5.808893148230E-04  4.106879582325E+02  1.802220945716E+00 -5.876087984318E+04 -1.069721817923E-03 -4.882812500000E-04   1   5
 -7.431952251812E-04 -3.190203808296E-04 -6.647733705575E-04 -1.665589041928E+02 -2.632724211193E+02 -7.479573777225E+04 -1.241984768654E-03 -4.882812500000E-04   1   5
 -6.603564107813E-04 -7.095433741440E-04  6.580158521059E-04 -7.690701083717E+02 -1.927512379676E+02  6.342129207572E+04  1.248556157903E-03 -4.882812500000E-04   1   5
  9.047984134176E-04 -1.535857991881E-05  6.825365357929E-04 -5.941109496809E+02  4.760019876586E+02  6.504218068663E+04  1.376855671341E-03 -4.882812500000E-04   1   5
 -1.791156353477E-04 -3.939155986321E-04 -2.012291686726E-05 -2.719160549112E+02 -8.605288368396E+01  9.992188303806E+02 -2.735957457922E-05 -4.882812500000E-04   1   5
 -1.050143200869E-03 -2.410581558981E-04 -3.754203764738E-04  9.056985795555E+02  4.922342721439E+02 -2.128531389913E+04 -7.130372460069E-04 -4.882812500000E-04   1   5
 -6.144739100717E-04 -7.400040184075E-04 -1.735197034827E-04  6.749742326161E+02  1.148346144708E+03  2.595712901279E+01 -3.780484801821E-04 -4.882812500000E-04   1   5
  1.106455925815E-03  4.586605955448E-04  2.586145175366E-04 -1.265063171553E+03 -1.553126061437E+02  1.530694509128E+04  6.024152137249E-04 -4.882812500000E-04   1   5
  3.321233475769E-04 -2.397665105330E-04 -8.127061364056E-04  4.658179706428E+02 -5.084143692717E+02 -1.026540000658E+05 -1.580678096394E-03 -4.882812500000E-04   1   5
 -8.278907952027E-04 -8.273440756653E-05 -3.400278848299E-04 -3.106214513113E+02  8.559707046365E+01 -1.740044819748E+04 -6.450506696472E-04 -4.882812500000E-04   1   5
 -6.064319729367E-04  1.922918269874E-04 -9.217998120281E-05 -1.309945398301E+03  4.731525324249E+02  6.653114816369E+02 -2.046946997565E-04 -4.882812500000E-04   1   5
  2.652713398543E-04  4.950797221356E-04 -7.434157079995E-04  5.254058411872E+02  7.569842441876E+02 -9.416814163967E+04 -1.282293696171E-03 -4.882812500000E-04   1   5
  1.064378991082E-03 -7.129528665017E-04 -2.441468179419E-04 -1.809934206255E+03  1.049843485022E+03 -2.885137515573E+03 -7.444700353418E-04 -4.882812500000E-04   1   5
 -4.742207636962E-04  9.891783994934E-04  3.163649036463E-04  5.841240475434E+02 -6.106685055945E+02  1.858577145404E+04  7.037454835288E-04 -4.882812500000E-04   1   5
 -6.492265181800E-05 -2.595766734803E-06  7.998338912947E-04 -2.034751023905E+03 -1.167064616800E+03  1.031422762034E+05  1.347985351631E-03 -4.882812500000E-04   1   5
  7.201357767175E-04  7.210192546259E-04 -6.192907716795E-05 -1.309961685607E+03 -7.984458014257E+02  5.001866664198E+03 -1.212751242683E-04 -4.882812500000E-04   1   5
 -9.815239435492E-04 -6.265344943463E-04 -1.060973219946E-06  2.607125198210E+03  1.441849774673E+03  6.694672375149E+03 -1.902928997932E-04 -4.882812500000E-04   1   5
 -3.330475046903E-04 -1.193260642684E-03  1.940004484891E-05  2.966760278357E+02  2.340073796634E+03  6.814306969251E+03 -2.855124056023E-05 -4.882812500000E-04   1   5
 -4.688652843383E-04 -7.581825326617E-04  5.084740652981E-04  3.889244924748E+02  3.223110736788E+02  3.334890045408E+04  1.033110562586E-03 -4.882812500000E-04   1   5
 -3.424074878410E-04 -7.833638132920E-04  6.519540298519E-04 -4.981318561598E+02 -1.540506817621E+03  6.641587307780E+04  1.179801723087E-03 -4.882812500000E-04   1   5
 -6.894544647382E-06 -7.089782938023E-04 -7.156320830617E-04 -1.429206766885E+02 -3.169878390783E+02 -8.460335340187E+04 -1.346839065228E-03 -4.882812500000E-04   1   5
  1.278975744434E-04  7.619892116072E-04 -2.530499088674E-04  3.170169483697E+02  4.406886121121E+02 -6.979666843817E+03 -4.874047678620E-04 -4.882812500000E-04   1   5
  8.444904789307E-04  9.432028842500E-05  1.747453086975E-05  6.145450941574E+02 -6.904880549966E+01  2.584679240883E+03  3.833007411336E-05 -4.882812500000E-04   1   5
  1.949887717256E-04 -7.603989275863E-04  1.871978281076E-05  4.036363251012E+02 -8.164842532306E+02  1.967207262285E+03  8.789246654395E-05 -4.882812500000E-04   1   5
 -4.160812523031E-04  4.196216954039E-04 -6.010694679757E-04 -1.977184720564E+02  5.174493974085E+02 -6.772346323043E+04 -9.895168368081E-04 -4.882812500000E-04   1   5
 -2.205215921393E-04  4.285109547134E-04 -2.328853759589E-04 -1.076378272589E+02  7.572505180449E+02 -7.179009941806E+03 -4.693638031674E-04 -4.882812500000E-04   1   5
  1.105872271321E-03  4.288802339196E-04  4.197420177138E-04 -6.101031564066E+02 -6.770529789082E+00  2.522894447842E+04  9.097668352833E-04 -4.882812500000E-04   1   5
 -4.720224053013E-04  3.035925787116E-04  5.679251853454E-04 -1.666253012443E+03  1.065215569063E+03  4.623922115272E+04  1.109455375031E-03 -4.882812500000E-04   1   5
 -8.188687572974E-04 -8.177986240767E-04 -4.397524343202E-04  7.748612949418E+02  9.157182451140E+02 -3.080676460530E+04 -9.103209571051E-04 -4.882812500000E-04   1   5
  2.421113566192E-04  8.420701507410E-04  1.466835280484E-05  6.585985962901E+01  6.866102486965E+02  2.725113066304E+03  3.302356972501E-05 -4.882812500000E-04   1   5
 -8.630447987671E-04 -8.828563200966E-04 -7.781888997249E-05  1.541904349559E+03  1.420635851086E+03  6.115267012118E+03 -2.284598978899E-04 -4.882812500000E-04   1   5
  2.419608755730E-05  6.437605183471E-04 -2.650201104151E-04 -3.624257113831E+02  3.143067572900E+02 -8.689949671801E+03 -4.603136065735E-04 -4.882812500000E-04   1   5
 -4.436272862770E-04 -3.391992922127E-04 -1.468019603468E-05 -4.417369332493E+02 -2.374605163685E+02  1.278165724867E+03  2.275209938452E-05 -4.882812500000E-04   1   5
 -2.322944821521E-05  1.047477394935E-03  2.268928005893E-04 -2.719079676697E+02  4.692108179383E+02  1.262866779792E+04  4.764990885637E-04 -4.882812500000E-04   1   5
 -1.093154142079E-04 -2.613856641127E-04  8.058755134461E-04  2.931975352058E+02  1.278009613006E+03  9.779593069942E+04  1.420959035709E-03 -4.882812500000E-04   1   5
 -3.242258663351E-04 -7.767732113181E-04 -6.691152295142E-04  5.047749779442E+02  1.017537513758E+03 -7.049286466486E+04 -1.425869601218E-03 -4.882812500000E-04   1   5
  6.758105559746E-04  2.359505527694E-04  3.358432416515E-04  8.217626794547E+02  1.114815423678E+02  1.846629694984E+04  7.333893761667E-04 -4.882812500000E-04   1   5
  3.051933086418E-05 -6.158710164803E-04  4.034276137999E-04  7.564008523742E+01 -1.982406700848E+02  2.127707516576E+04  8.331620192403E-04 -4.882812500000E-04   1   5
  3.897569313188E-05  8.689911327112E-04  5.652060536843E-05  1.087251865322E+02  1.285207744119E+03  2.202238535858E+03  1.797489090767E-04 -4.882812500000E-04   1   5
  2.490101606783E-04  6.714119719303E-04  5.163707696164E-04  1.368238367247E+01  4.960667059854E+02  3.408227614141E+04  1.041371704073E-03 -4.882812500000E-04   1   5
 -2.277776552679E-05  5.714426777887E-05 -4.788407096580E-04 -8.366908633859E+02 -1.094875031151E+03 -4.279231918722E+04 -8.239750635153E-04 -4.882812500000E-04   1   5
  1.188593461059E-04 -6.617477287860E-04 -1.201383746201E-04  2.171086426895E+02 -8.909551799488E+02  4.864366744459E+01 -2.079681254523E-04 -4.882812500000E-04   1   5
 -8.196052054959E-05 -9.882101503483E-04 -1.080863698131E-04  1.253264467704E+02  1.789365963214E+03  3.596637548941E+03 -2.298038823252E-04 -4.882812500000E-04   1   5
 -7.201413246012E-05  8.837296299466E-04 -3.551328469703E-04  1.919362911863E+02  2.699263408797E+02 -1.959656493386E+04 -6.645466678066E-04 -4.882812500000E-04   1   5
 -2.610435128022E-04 -7.751792500790E-04  5.746670059738E-04 -6.287332871157E+02 -7.525292028534E+02  4.719392966671E+04  1.111305536984E-03 -4.882812500000E-04   1   5
  2.804002142062E-04  9.799716715797E-04  1.171362663098E-04  2.917316034435E+01  1.575359399642E+02  5.764683138492E+03  2.261252589357E-04 -4.882812500000E-04   1   5
 -9.751328270978E-04  4.893136810822E-04 -2.563982090013E-04  1.358452494587E+03 -2.948901881256E+02 -5.768762505783E+03 -5.036895395492E-04 -4.882812500000E-04   1   5
 -2.618801316773E-04 -3.075537331248E-04  1.851652666518E-05 -1.089502784580E+02  1.379639866296E+01  4.618192693489E+02  6.073101053650E-05 -4.882812500000E-04   1   5
 -2.362339354464E-05  1.116934933911E-03 -4.558224636585E-04  2.898705441866E+02 -9.062449596461E+02 -3.415687019644E+04 -9.092536026420E-04 -4.882812500000E-04   1   5
 -4.619865470202E-04  8.786384909258E-05 -2.886101072062E-04 -3.573043395670E+02  5.505378999356E+02 -1.238664603419E+04 -5.395642760120E-04 -4.882812500000E-04   1   5
  9.605533212920E-04 -8.184933494320E-04 -2.343842320054E-04 -1.428738612705E+03  1.735583835793E+03 -2.090090148251E+03 -7.376603947957E-04 -4.882812500000E-04   1   5
  6.467975747894E-06  2.893594662075E-04 -6.411094704057E-04  2.969006549443E+02  1.202049541363E+03 -7.998988502263E+04 -1.038106603982E-03 -4.882812500000E-04   1   5
  6.651545923989E-04  6.263995016785E-04  6.688566762949E-04  1.038128126159E+03  6.651254587015E+02  6.776762399236E+04  1.227106456492E-03 -4.882812500000E-04   1   5
 -2.390938278218E-04  7.122196302279E-04  6.400289088443E-04 -1.017086986678E+03  2.461335820309E+03  6.575000032931E+04  1.184271691387E-03 -4.882812500000E-04   1   5
  3.092097972693E-04 -9.080870405360E-04  1.419827018790E-04  2.709530731627E+02 -1.740354615947E+02  6.451294200040E+03  2.800405696091E-04 -4.882812500000E-04   1   5
  1.801695845642E-04 -7.869370937231E-04 -6.949520552507E-04 -2.533720304126E+02  1.128488074471E+03 -7.435490669942E+04 -1.495784748888E-03 -4.882812500000E-04   1   5
 -1.059550380520E-04 -1.528952472772E-04 -3.763578867679E-04 -7.345760182795E+01 -4.921382364997E+02 -2.508185013160E+04 -6.702972779933E-04 -4.882812500000E-04   1   5
  4.846065990624E-04 -6.574461475049E-04  7.127529420786E-04 -4.248238880451E+02  6.904080202517E+02  7.162476587364E+04  1.396563142816E-03 -4.882812500000E-04   1   5
 -4.265980957524E-04  1.055670245308E-03 -3.509720110972E-05  7.183998754264E+02 -1.183625897255E+03  5.829399501691E+03 -3.754261476097E-05 -4.882812500000E-04   1   5
 -1.190727853018E-03 -4.964232359495E-05  3.432607364545E-04  1.035012281519E+03  3.681429281765E+01  2.047916197619E+04  7.661222535784E-04 -4.882812500000E-04   1   5
  1.083654798818E-03  2.918592936882E-04  4.678410291690E-04 -1.387956703959E+03 -1.863667913784E+02  2.849859479630E+04  1.016738783720E-03 -4.882812500000E-04   1   5
  1.823180355080E-04 -1.852905934093E-04 -1.584258417797E-05 -1.663932553427E+02  2.614382729014E+02  7.581309347870E+02  3.661701776014E-06 -4.882812500000E-04   1   5
 -8.777129646337E-04 -1.734524880704E-04 -6.259410586155E-04  6.302791858941E+02  8.435867166226E+01 -6.482695671958E+04 -1.244005439332E-03 -4.882812500000E-04   1   5
  2.351342169974E-04  1.121222526189E-03 -3.730136206117E-04 -9.789357574663E+01 -1.457449348755E+03 -1.993478509770E+04 -7.772944314821E-04 -4.882812500000E-04   1   5
  1.490120957804E-04 -8.612208834891E-04  5.970802634303E-05 -3.921905742535E+01 -9.293097634057E+01  2.882702021549E+03  9.021100514595E-05 -4.882812500000E-04   1   5
 -1.394776403604E-05 -4.658825336613E-04 -2.216671383884E-04 -9.232142569018E+01  2.548491177957E+02 -5.635684775209E+03 -3.562955442491E-04 -4.882812500000E-04   1   5
 -8.228704179320E-04  1.275703436542E-04  4.273404862962E-04 -5.692657759081E+02  1.613965521827E+02  2.410726857792E+04  8.679190524488E-04 -4.882812500000E-04   1   5
  5.992835060604E-04 -1.071260423439E-03 -3.216634957899E-04 -8.699256917951E+02  1.958641655710E+03 -1.070503868673E+04 -1.010469244809E-03 -4.882812500000E-04   1   5
  3.573800959442E-04 -7.553839718607E-04 -6.559347148899E-04 -5.292982067027E+02  2.153650079075E+03 -6.557684185961E+04 -1.545547545246E-03 -4.882812500000E-04   1   5
  2.907469774597E-04 -4.719579773317E-04  1.591139827327E-04  3.848071787420E+01 -2.355519726718E+02  5.217590352600E+03  3.646771788488E-04 -4.882812500000E-04   1   5
  4.366050511222E-04  4.372770372698E-04 -7.587778853801E-04 -2.541152123232E+02  1.432441581166E+02 -9.053798521092E+04 -1.410969675980E-03 -4.882812500000E-04   1   5
 -5.409209202907E-05  7.166177126946E-04 -7.253848759938E-04  2.275613233139E+02 -7.645774758445E+02 -8.123979159177E+04 -1.497562063512E-03 -4.882812500000E-04   1   5
  9.412398882725E-04  3.374669560099E-04  5.406494384848E-04 -5.567814195767E+02  1.635434791786E+02  3.845310229230E+04  1.108780062041E-03 -4.882812500000E-04   1   5
  9.489085510891E-04 -6.220656183861E-04  2.882720841247E-04 -1.469449562082E+03  1.226086767044E+03  1.690726728117E+04  6.090146015985E-04 -4.882812500000E-04   1   5
 -1.199179832130E-03 -1.048354070672E-04 -3.946252588283E-05  1.574752974488E+03  1.982851293902E+02  6.272575415986E+03 -8.221945897313E-05 -4.882812500000E-04   1   5
 -8.523798958093E-04  7.262012714948E-04  4.907764521009E-04  1.686987586456E+02 -4.709480174299E+02  3.123496742483E+04  1.054606570943E-03 -4.882812500000E-04   1   5
  3.505688950183E-04  3.426143007067E-04  5.276074183233E-04  9.577541507639E+02  7.869946484918E+02  3.585651363542E+04  1.055156571167E-03 -4.882812500000E-04   1   5
 -4.458731303996E-04  1.335842860036E-04  7.261587068418E-04 -1.558087655841E+03  6.211231081785E+02  8.908100679280E+04  1.270288273058E-03 -4.882812500000E-04   1   5
  6.743035591713E-04 -6.949678751730E-04 -5.897894164566E-04 -1.438568457709E+03  1.194573462303E+03 -5.480118589384E+04 -1.294368956217E-03 -4.882812500000E-04   1   5
 -5.439998615497E-04 -1.116614994874E-03  8.170672393715E-05  9.827543144400E+02  1.986187555649E+03  7.305970193375E+03  1.121733496028E-04 -4.882812500000E-04   1   5
  4.449947936046E-05 -6.944661001965E-04  1.322937026194E-05  1.041715582766E+02 -7.563176817543E+02  1.522771090415E+03  8.676095939064E-05 -4.882812500000E-04   1   5
  5.662793953628E-04 -2.230614989544E-04 -5.562579907173E-04  3.523604695050E+02  3.648103899306E+02 -5.789033619614E+04 -9.221429933288E-04 -4.882812500000E-04   1   5
 -3.322433730942E-04 -5.453366801881E-04 -1.037190949077E-04 -5.236915177020E+02 -4.016788282969E+02  7.994829374366E+02 -1.326055709852E-04 -4.882812500000E-04   1   5
 -2.446171635628E-04  6.025148727313E-04  2.332971401423E-04 -6.359962596085E+02  1.056287906929E+03  1.100084296782E+04  5.021144400543E-04 -4.882812500000E-04   1   5
  8.853781315852E-05 -2.474664849593E-04  1.348592600046E-04 -3.251452896973E+02  1.021158445288E+03  2.992881912817E+03  2.543193693594E-04 -4.882812500000E-04   1   5
 -9.671387365283E-04  4.607168271355E-04 -5.153000030916E-04  1.060800762722E+03 -5.794735143397E+01 -4.383961371904E+04 -1.043844537147E-03 -4.882812500000E-04   1   5
 -3.431723017213E-04  7.879333369876E-05 -2.129139589233E-04 -1.736503650964E+03  7.994004163733E+02 -6.747472966992E+03 -3.364135015738E-04 -4.882812500000E-04   1   5
 -5.077875795733E-05  9.476218992603E-06  6.223284915201E-04 -1.812746329587E+02  2.891452856312E+01  6.430821308099E+04  1.072088268080E-03 -4.882812500000E-04   1   5
  9.960750710067E-05  1.011420304392E-03 -2.772495577696E-04  8.592933229870E+01 -1.831603678298E+02 -8.423845359646E+03 -5.602859117690E-04 -4.882812500000E-04   1   5
  6.221611797405E-05  1.716279601019E-04 -5.730450711090E-04  3.725598652567E+02 -5.754625084881E+02 -6.282747197249E+04 -9.659748211344E-04 -4.882812500000E-04   1   5
  7.251047920964E-04  4.500054153273E-04  2.042333412292E-04  4.757382503471E+02  5.012026563818E+02  9.846286596450E+03  3.827715246212E-04 -4.882812500000E-04   1   5
  3.151757794552E-04 -4.804535452945E-04 -1.428325180326E-04  7.182282846130E+02 -9.940498451283E+02 -1.591576875357E+03 -2.873498585703E-04 -4.882812500000E-04   1   5
 -2.147943457597E-04  6.372380784643E-04 -7.247746725367E-04 -6.521889300749E+02  2.641949131712E+03 -9.273778622086E+04 -1.312640562636E-03 -4.882812500000E-04   1   5
 -3.758613280255E-04  5.592018636771E-04 -2.218368821418E-04 -6.787929414623E+01  4.963861775554E+02 -4.947518023556E+03 -3.696875744241E-04 -4.882812500000E-04   1   5
 -2.598511414395E-04  1.010700688468E-03  5.985559064628E-04 -2.658735622334E+02 -3.104007216460E+02  4.903554112171E+04  1.200111273863E-03 -4.882812500000E-04   1   5
  2.741020673538E-04 -5.615742842780E-04  2.703181613710E-04  8.885962586413E+02 -1.367564428407E+03  1.373729149436E+04  5.363907190077E-04 -4.882812500000E-04   1   5
 -1.583201995273E-04 -2.371949381118E-04 -4.086938473726E-04 -7.583497379167E+01 -3.203733631522E+01 -3.029756431074E+04 -7.866484993326E-04 -4.882812500000E-04   1   5
  6.005410668198E-04  7.009106349382E-05 -7.190238374792E-04  1.797844196246E+03  4.920188032863E+02 -9.212227240330E+04 -1.236304948292E-03 -4.882812500000E-04   1   5
 -9.167781397666E-04  2.758360559549E-04  3.131640533752E-04 -5.833390552424E+02  1.310779245802E+02  1.831074374967E+04  6.452349370401E-04 -4.882812500000E-04   1   5
  8.073051164433E-05  9.948544563312E-04  5.173272264761E-04  2.617532447844E+02 -3.435493531718E+02  3.470616213842E+04  1.076108200747E-03 -4.882812500000E-04   1   5
  6.938828058319E-04 -1.282210419527E-05 -2.279205510948E-04  3.277084600875E+02  2.596132993313E+02 -5.168037059626E+03 -4.235893159543E-04 -4.882812500000E-04   1   5
 -6.912973164588E-04  4.652266276821E-04  6.204349646141E-04 -2.040576083245E+03  1.179656399666E+03  5.957812471489E+04  1.163740784805E-03 -4.882812500000E-04   1   5
 -4.032031957213E-04  5.437640133089E-04 -6.332086181524E-04 -1.526700529667E+03  2.195267880114E+03 -7.559804322237E+04 -1.178272913545E-03 -4.882812500000E-04   1   5
  8.525064462792E-04 -4.023956514184E-04 -6.168281714030E-04 -1.538312272307E+03  8.278574787362E+02 -5.955041350252E+04 -1.323409995948E-03 -4.882812500000E-04   1   5
 -1.225463906133E-03  1.521209495559E-04  1.341440270815E-04  1.294004990548E+03 -7.554922200424E+01  8.704510226971E+03  2.893144550917E-04 -4.882812500000E-04   1   5
 -6.194709688439E-04 -4.163274303347E-04 -7.151440435527E-04  1.495372165157E+02  7.348188367873E+02 -8.047229647388E+04 -1.436184320645E-03 -4.882812500000E-04   1   5
  7.777202631753E-04 -7.404068676068E-05  1.429177530721E-04  9.418704995837E+02 -3.543291047649E+01  4.919134973921E+03  3.323929274939E-04 -4.882812500000E-04   1   5
  5.189928122931E-04 -6.322237508475E-04 -5.843799595066E-04 -3.995876127205E+01 -2.318898373476E+02 -6.105937648597E+04 -1.042241754396E-03 -4.882812500000E-04   1   5
  2.562801471187E-04 -3.026170871945E-04  2.575713423099E-04  6.177145119566E+02 -7.667659869351E+02  1.130944898358E+04  5.217643085191E-04 -4.882812500000E-04   1   5
  1.011453185549E-03 -3.599728043594E-04 -1.467367175385E-04 -1.594448931174E+03  5.641478610759E+02  2.155984157419E+03 -2.953891359523E-04 -4.882812500000E-04   1   5
  6.496377549050E-04  1.917102990287E-04 -7.148490132646E-04  2.496804274118E+03  9.409702330759E+02 -9.119932794353E+04 -1.295954968240E-03 -4.882812500000E-04   1   5
 -3.020105284966E-04  5.586629738785E-04 -5.817160993445E-04 -2.946026156197E+01  4.484806286920E+02 -6.304510768447E+04 -9.931530447256E-04 -4.882812500000E-04   1   5
 -7.874165121019E-05 -4.996895158715E-04  1.018278858838E-04 -4.755285596984E+01  2.290969854968E+02  1.872837449380E+03  2.605528389776E-04 -4.882812500000E-04   1   5
 -3.345175428316E-04 -4.315130377806E-04  6.167726416562E-05 -3.171416715591E+02 -1.638799162308E+01  9.028191793012E+02  1.479064863630E-04 -4.882812500000E-04   1   5
 -1.593055186600E-04  1.276941808434E-03 -1.580159522204E-04  2.330388092602E+02 -2.074309660159E+03  2.757731048721E+03 -4.215970047672E-04 -4.882812500000E-04   1   5
 -3.110531090545E-04  4.258046083450E-04  7.824504068957E-04 -7.725311877201E+02  4.808117084863E+02  9.388825838312E+04  1.381513893158E-03 -4.882812500000E-04   1   5
 -4.579650263420E-04  7.662833737169E-04  2.207386284526E-04 -2.590911145732E+02  4.226198031897E+02  1.137121719344E+04  4.130029428602E-04 -4.882812500000E-04   1   5
 -9.742917770139E-05  8.199292569246E-05 -7.679192726341E-04 -8.679660633491E+02  3.948890972110E+02 -1.043602823358E+05 -1.426508667860E-03 -4.882812500000E-04   1   5
 -4.960744370218E-04  9.086850872529E-04  1.846206202099E-04 -2.177269847094E+02  2.848631571700E+02  9.669140707506E+03  3.681266580871E-04 -4.882812500000E-04   1   5
 -6.216338633776E-04 -8.527158335993E-04 -2.388200395220E-06  8.439523882139E+02  8.945941193256E+02  5.164564717394E+03  2.671437771395E-05 -4.882812500000E-04   1   5
