 -1.601677806104E-05  4.728494175048E-05  3.371471647502E+00 -1.391782326781E+02  4.091762150844E+02  3.527209028154E+07  1.128889921009E+01 -4.882812500000E-04   1   5
 -7.481773548501E-05  2.833539274192E-04  2.194893724758E-04 -5.297732920381E+02  2.008784201682E+03 -9.659611834717E+04  4.353842847049E-04 -4.882812500000E-04   1   3
 -4.523112227004E-04 -5.600088801566E-05 -2.546405773880E-04 -3.323428178233E+03 -4.137205281137E+02  1.076731133253E+05 -4.353842847049E-04 -4.882812500000E-04   1   3
 -8.625393564964E-05  3.328617099651E-04  4.383476641796E-04  1.541957915458E+02 -6.455162800699E+02 -1.940152423181E+05  8.707685694080E-04 -4.882812500000E-04   1   3
 -3.140652951369E-04 -5.542916995863E-05 -5.305108486828E-04 -9.733544475377E+02 -1.220396712138E+02  1.816825761950E+05 -8.707685694098E-04 -4.882812500000E-04   1   3
 -1.759634707003E-04  7.011442471103E-04  7.869710162032E-04 -8.533576362326E+02  3.384382885820E+03 -3.147956786474E+05  1.306152854113E-03 -4.882812500000E-04   1   3
 -7.662922355017E-04 -1.757273740510E-04 -7.330039210580E-04 -4.321377776339E+03 -1.005514678146E+03  2.264032837144E+05 -1.306152854113E-03 -4.882812500000E-04   1   3
 -1.373662444998E-04  6.094913181053E-04 -4.288371296362E-04 -6.266625885040E+02  1.987890351882E+03  1.601534233361E+05 -7.554601507849E-04 -4.882812500000E-04   1   5
 -7.715029795490E-04 -1.713586532054E-04 -8.548525419343E-04 -5.792787113444E+03 -1.265171285170E+03  2.437224967889E+05 -1.297457633754E-03 -4.882812500000E-04   1   5
  5.125039717715E-04  7.864447325211E-04  6.935731279456E-04  2.586899749954E+03  4.506442256826E+03 -2.846347281045E+05  1.196574933424E-03 -4.882812500000E-04   1   5
 -3.212526300404E-04 -9.361683970109E-05 -5.409025561587E-05 -1.163467279889E+03 -1.050856018723E+02  2.701882335179E+04 -9.913751803126E-05 -4.882812500000E-04   1   5
 -1.405907889428E-04 -5.999981524178E-04  4.313349912448E-04 -9.801761128588E+01 -1.370299126254E+03 -1.892238976396E+05  8.983522729675E-04 -4.882812500000E-04   1   5
 -5.224528669503E-04  4.995852999468E-04 -1.916532326960E-04 -1.569809485565E+03  1.198131168513E+03  8.843339144116E+04 -4.309666059772E-04 -4.882812500000E-04   1   5
  5.454839919385E-04 -5.099077308833E-04  3.268676690147E-04  2.334100654621E+03 -2.636716182914E+03 -1.394705837020E+05  6.484029101603E-04 -4.882812500000E-04   1   5
  1.179861847588E-04 -4.453601825446E-04  3.851676270079E-04  4.840829280687E+02 -1.740794500807E+03 -1.690672298486E+05  7.302494634338E-04 -4.882812500000E-04   1   5
 -3.305835292313E-04 -3.238978404917E-04  4.231231580007E-04 -4.742545702064E+02 -8.390174849473E+02 -1.867665857169E+05  8.687864231494E-04 -4.882812500000E-04   1   5
  4.297670341529E-04 -3.703454985916E-04 -2.056755066819E-04  1.549981628764E+03 -1.698547864083E+03  9.240231032836E+04 -4.128726178685E-04 -4.882812500000E-04   1   5
 -2.120430737169E-04  9.170271899088E-04  1.225471430120E-04 -1.177197794967E+03  4.835884943117E+03 -5.343970743329E+04  2.384757000815E-04 -4.882812500000E-04   1   5
 -4.381105200437E-04  5.113397568677E-04  2.166961094416E-04 -1.546175553612E+03  1.558776646262E+03 -9.344799623547E+04  3.943685791512E-04 -4.882812500000E-04   1   5
 -5.671542932185E-04 -1.174032371439E-04  7.106862338491E-04 -4.488914783849E+03 -1.044782417405E+03 -2.800277634951E+05  1.181997898692E-03 -4.882812500000E-04   1   5
 -2.710607734948E-04 -5.101445027033E-04  7.127044129343E-04 -2.355784164107E+03 -4.184698340365E+03 -2.802622171180E+05  1.183031296536E-03 -4.882812500000E-04   1   5
  5.598450496796E-04  2.436107689378E-04  5.263775196607E-05  1.200478554550E+03  8.494756295105E+02 -2.260552751444E+04  8.821314344054E-05 -4.882812500000E-04   1   5
  3.193977991460E-04  6.203629335680E-04  3.157318664830E-04  1.033411313682E+03  2.632641057476E+03 -1.345431192946E+05  6.048677566710E-04 -4.882812500000E-04   1   5
  5.929066545306E-04  4.749618409314E-04 -2.311677651523E-04  1.064841571376E+03  1.060342727461E+03  1.039538877154E+05 -6.221401977555E-04 -4.882812500000E-04   1   5
  3.958149142163E-04  1.279821905104E-04  6.146364079025E-04 -1.477172448902E+03  1.772872432904E+02 -2.645465379492E+05  1.236383484528E-03 -4.882812500000E-04   1   5
 -3.375826646617E-04 -4.268052312330E-04  8.453701507647E-04 -1.940515827827E+03 -1.803625944392E+03 -3.353272532857E+05  1.373203325963E-03 -4.882812500000E-04   1   5
  5.107332967406E-05  6.032125200473E-04 -7.506155039549E-04 -1.903557733383E+02  2.128859370745E+03  2.333076209192E+05 -1.455887075137E-03 -4.882812500000E-04   1   5
 -4.599599965109E-04  8.436757032271E-04  7.196188201415E-04 -2.405690320332E+03  4.679462315548E+03 -2.936335869018E+05  1.239670644377E-03 -4.882812500000E-04   1   5
 -5.583369032751E-04  3.458929972291E-05  4.850280859059E-04 -7.275665403473E+02 -2.639223413692E+02 -2.141138745154E+05  9.559431016140E-04 -4.882812500000E-04   1   5
 -4.307371486849E-04  7.535693489436E-04  2.129119062726E-04 -1.975654966772E+03  3.266519770778E+03 -9.103892678040E+04  4.529052629447E-04 -4.882812500000E-04   1   5
  2.161128921937E-04  7.873781947273E-05 -5.041812512649E-04  2.886523303150E+03  8.785443051477E+02  1.767529077521E+05 -8.140594668316E-04 -4.882812500000E-04   1   5
  2.023352272224E-04 -5.989597426239E-04 -3.444123296776E-04  6.019689810229E+02 -1.408638367945E+03  1.395332113351E+05 -6.585789116915E-04 -4.882812500000E-04   1   5
  1.048231731816E-04 -6.937065552303E-04 -1.967766943198E-04  4.476360955016E+02 -2.550656425711E+03  9.000935391345E+04 -3.865126602545E-04 -4.882812500000E-04   1   5
  1.387384594381E-04  7.187496789018E-04  3.951589244804E-04  5.146367568474E+02  2.654040307402E+03 -1.716559312292E+05  7.843105830947E-04 -4.882812500000E-04   1   5
  8.456048359413E-04 -3.648653862064E-04  2.220644097126E-04  4.178759699236E+03 -2.075825657093E+03 -9.477659569941E+04  4.697483832334E-04 -4.882812500000E-04   1   5
 -3.248120898542E-04 -6.791842416852E-04  4.439431869412E-04 -1.266527633216E+03 -1.865059121308E+03 -1.951604282291E+05  9.198239426560E-04 -4.882812500000E-04   1   5
  7.389673448481E-04  1.528441958143E-04  7.159813352757E-04  3.082873907772E+03  2.488579916326E+02 -2.952668322577E+05  1.336105343597E-03 -4.882812500000E-04   1   5
 -3.349853094918E-05  8.157047257808E-04 -3.301023757398E-04  7.551705011278E+00  2.563291381816E+03  1.371582365700E+05 -7.938859806575E-04 -4.882812500000E-04   1   5
  3.280024455555E-04  4.903986341917E-04  3.754177908277E-04  1.542517617977E+03  2.331827438539E+03 -1.636945884627E+05  7.041620387884E-04 -4.882812500000E-04   1   5
 -4.010385970694E-04 -3.650316251786E-04  5.344874128781E-04 -1.035134551543E+03 -1.919814368549E+02 -2.346394465889E+05  1.040270569682E-03 -4.882812500000E-04   1   5
  4.845802436180E-04 -3.157989876315E-04  2.163010028697E-04  1.927478261173E+03 -9.531320673770E+02 -9.404990536326E+04  4.750793762689E-04 -4.882812500000E-04   1   5
  6.855299358858E-04  3.743432796579E-05  3.083663784480E-04  1.396058090530E+03 -1.461877991078E+02 -1.318226371242E+05  6.651803376272E-04 -4.882812500000E-04   1   5
  8.559182476183E-05  8.091241518660E-04  4.401378351107E-04  5.642064571726E+02  3.150059001620E+03 -1.931152811139E+05  9.201934770413E-04 -4.882812500000E-04   1   5
  4.902197804327E-04  3.301939205413E-04 -1.945705385240E-04  2.168611347324E+03  9.671800478869E+02  8.821962457053E+04 -3.829871214425E-04 -4.882812500000E-04   1   5
 -6.894754930099E-04  3.269240516391E-05 -1.281724167681E-04 -1.139263007561E+03 -1.899940515450E+02  6.355263940418E+04 -4.036652744457E-04 -4.882812500000E-04   1   5
  2.253861326168E-04 -8.710390544357E-04  5.329108317520E-05  9.404467442798E+02 -3.790732112702E+03 -2.051872373039E+04  1.149530753946E-04 -4.882812500000E-04   1   5
 -1.627297104664E-04 -3.150622676037E-04  4.484270738723E-04  7.647149522690E+01  5.447538412406E+02 -1.987137428503E+05  9.031863849085E-04 -4.882812500000E-04   1   5
  6.386758940483E-04  8.272592214233E-05 -5.803535208408E-04  2.581989139586E+03  7.006145347825E+02  1.941430016880E+05 -9.589477676375E-04 -4.882812500000E-04   1   5
  1.524986449442E-04  5.306968195279E-04 -1.556938520579E-04  9.249980915640E+02  1.935136887316E+03  7.203500841223E+04 -2.362072051749E-04 -4.882812500000E-04   1   5
 -3.335415137177E-04 -3.524175550332E-04 -7.117080732355E-05 -6.442213734786E+02  2.412650665626E+02  3.778688669147E+04 -1.545625246404E-04 -4.882812500000E-04   1   5
  4.308361668138E-04 -3.593398780215E-04  3.334524163483E-04  1.560445250516E+03 -1.403043159391E+03 -1.430430034136E+05  6.816216786252E-04 -4.882812500000E-04   1   5
  5.645474956438E-04  6.633538627881E-04  5.533818743642E-05  2.546616406042E+03  2.945499405045E+03 -2.219627166367E+04  1.182533759181E-04 -4.882812500000E-04   1   5
  9.345742519964E-05  4.994950151276E-04  2.858188807284E-04  6.068364210870E+02  1.922220002723E+03 -1.227585459539E+05  5.522605180435E-04 -4.882812500000E-04   1   5
 -6.587386001294E-04 -5.621324671146E-04  4.642318449757E-04 -2.430861414151E+03 -2.330967470622E+03 -2.043901533573E+05  9.614988048323E-04 -4.882812500000E-04   1   5
 -6.241532054019E-04  7.073736470340E-05 -5.520370435552E-04 -2.303683726234E+03  7.014349713020E+02  1.876673153805E+05 -8.970283030774E-04 -4.882812500000E-04   1   5
 -1.544637301758E-04 -6.286912480780E-04 -1.144076208606E-04 -4.164404132448E+02 -2.044669798841E+03  5.704297654589E+04 -2.196218823549E-04 -4.882812500000E-04   1   5
 -4.698166621455E-04 -5.056856839791E-04 -6.871608802506E-05 -1.342240288436E+03 -2.082060940440E+03  3.723821677411E+04 -1.299702119102E-04 -4.882812500000E-04   1   5
 -1.885654582676E-04 -2.219670817095E-05 -8.621146577750E-04  4.961541237445E+02  6.755991337823E+00  2.506432449054E+05 -1.420040502470E-03 -4.882812500000E-04   1   5
  1.186004736138E-04  5.657037410879E-04  6.018824829033E-04  6.045062485548E+02  2.921386270515E+03 -2.547342809185E+05  1.056422131747E-03 -4.882812500000E-04   1   5
  8.677518387858E-04 -1.150534820104E-04  7.229372199413E-04  4.698200128944E+03 -7.855943383569E+02 -2.935706027406E+05  1.227942704787E-03 -4.882812500000E-04   1   5
 -4.398702752314E-06  7.503055408471E-04 -1.360571039131E-04 -3.630244306116E+02  2.363484474838E+03  6.646225789017E+04 -3.091381671130E-04 -4.882812500000E-04   1   5
 -8.853529780383E-04 -2.843280143155E-04  1.776736191585E-04 -4.348331010866E+03 -1.789587162438E+03 -7.628902026650E+04  3.939988007797E-04 -4.882812500000E-04   1   5
  1.140505163179E-04 -2.718368323377E-04 -4.662922734289E-04  7.213515279772E+02 -4.944673842932E+02  1.679880878272E+05 -7.309322675475E-04 -4.882812500000E-04   1   5
 -7.593249611128E-07  9.253279678934E-04  6.679418029139E-04 -1.381191942021E+01  5.446958609807E+03 -2.747061097733E+05  1.153891704334E-03 -4.882812500000E-04   1   5
  4.226325080634E-04  2.676285336595E-04  4.280736280968E-04  1.249962185702E+03  1.127007938588E+03 -1.894795566302E+05  8.451823561124E-04 -4.882812500000E-04   1   5
  5.830320573074E-06  1.189490660458E-04 -8.864524123213E-04  2.132820278833E+03  1.875743198466E+03  2.591563841168E+05 -1.477658603354E-03 -4.882812500000E-04   1   5
  6.876104054024E-04  5.782783290251E-04  7.008780034532E-04  3.568249581168E+03  2.701867207577E+03 -2.889208218558E+05  1.227416627563E-03 -4.882812500000E-04   1   5
  3.708573477205E-04 -6.100337768646E-04 -3.420746905713E-04  4.004654388010E+02 -1.454139662145E+03  1.414357547510E+05 -9.755074628206E-04 -4.882812500000E-04   1   5
 -8.353892343025E-05 -9.146575767624E-04  2.180986774665E-04 -2.443989163089E+02 -4.592297238594E+03 -9.311816217656E+04  4.646044833496E-04 -4.882812500000E-04   1   5
  6.260444622630E-04 -6.633417540026E-04  1.881141776980E-04  3.436339726851E+03 -3.677885650356E+03 -8.117228638392E+04  3.825397174477E-04 -4.882812500000E-04   1   5
 -3.962554697372E-04 -4.532601932154E-04 -3.049566556950E-04 -3.169704689177E+02 -7.727484386055E+02  1.279710615375E+05 -5.779911165771E-04 -4.882812500000E-04   1   5
 -5.378798336076E-04  3.019538199254E-05  8.124595813284E-04 -4.864222300575E+03  3.773198618788E+02 -3.125232514153E+05  1.280879811061E-03 -4.882812500000E-04   1   5
 -5.515498983495E-06 -7.889826744024E-04  6.714520309048E-05  2.006799985838E+02 -3.380869829235E+03 -2.851807765961E+04  1.586595426630E-04 -4.882812500000E-04   1   5
 -7.458453243836E-04  3.384959262905E-05 -6.999604220685E-04 -3.499181576407E+03 -2.611687316316E+02  2.222103637922E+05 -1.263035575416E-03 -4.882812500000E-04   1   5
  5.138199710234E-04 -2.930089519064E-04  3.135486113273E-04  2.332312798263E+03 -9.879979424137E+02 -1.341678520681E+05  6.692713244281E-04 -4.882812500000E-04   1   5
 -6.890669572253E-04 -1.090249322147E-04  3.472496038492E-04 -2.534340107745E+03 -2.353196605816E+02 -1.488424163977E+05  6.829965435102E-04 -4.882812500000E-04   1   5
 -5.014453981608E-04 -2.947792514227E-04  4.858972099133E-04 -8.086402914152E+02 -4.063059961716E+02 -2.144638390294E+05  9.680219243506E-04 -4.882812500000E-04   1   5
 -2.664144823888E-04  2.137312557635E-04 -5.921465797827E-04 -6.606982443677E+02  6.666914885562E+02  1.942714101456E+05 -8.996235081007E-04 -4.882812500000E-04   1   5
  1.496216958248E-04 -1.507627457697E-04 -3.905964185518E-04  1.176100194096E+03 -1.611683749383E+03  1.496486199358E+05 -6.474203847286E-04 -4.882812500000E-04   1   5
  6.350803226655E-04 -4.336381334405E-04 -3.933489834718E-04  2.524574260196E+03 -1.850875972985E+03  1.527439213833E+05 -7.446948982572E-04 -4.882812500000E-04   1   5
 -1.728500538667E-04 -6.943925804103E-04 -6.312441243592E-04 -1.216339079683E+03 -3.188299065596E+03  2.063137839075E+05 -1.083416895101E-03 -4.882812500000E-04   1   5
 -1.494846948708E-04  6.246120355716E-04 -5.144936726222E-04 -6.080373943478E+02  2.323158656145E+03  1.792715996780E+05 -8.665337590088E-04 -4.882812500000E-04   1   5
  3.990202887844E-04  3.880725787352E-04  2.567069308728E-04 -7.326324124940E+02 -7.068498853734E+01 -1.095518767919E+05  5.320922656793E-04 -4.882812500000E-04   1   5
 -5.814232310814E-04 -4.878393341393E-04  1.415772870423E-04 -2.779354756736E+03 -2.052872413069E+03 -6.299204626779E+04  2.714998235085E-04 -4.882812500000E-04   1   5
 -7.328935999673E-04 -6.040296133964E-04  6.617723492259E-04 -4.030482846867E+03 -3.610211527821E+03 -2.744920165917E+05  1.145052306679E-03 -4.882812500000E-04   1   5
 -1.317736448035E-04 -4.539458400564E-04  4.760995045627E-05 -8.122560388511E+02 -1.408352415200E+03 -2.209171729865E+04  1.828034524163E-04 -4.882812500000E-04   1   5
 -6.379400099128E-04  1.640569668237E-04 -3.335022624329E-04 -1.392311335598E+03  7.704520146181E+02  1.364480305181E+05 -6.489983837454E-04 -4.882812500000E-04   1   5
  4.530813581297E-04 -6.345266660607E-04 -7.791987322450E-04  2.669415125305E+03 -4.123346688892E+03  2.335830943782E+05 -1.320256224014E-03 -4.882812500000E-04   1   5
 -7.696254044080E-05  1.716219676474E-04  6.229610544306E-06  2.138041166972E+01  1.183752743058E+03 -2.662209710278E+03  6.310635390250E-05 -4.882812500000E-04   1   5
 -4.470224960855E-04  5.782369322140E-04 -6.504674518832E-04 -1.923770670012E+03  2.722683029038E+03  2.104264658922E+05 -1.147248466914E-03 -4.882812500000E-04   1   5
 -6.844643356631E-04  1.599922331419E-05  7.718226374975E-04 -2.899806009153E+03  3.443888273215E+02 -3.112926192603E+05  1.316918796077E-03 -4.882812500000E-04   1   5
 -6.315539368982E-05 -1.292604939109E-05 -8.759592072440E-04  1.836369823416E+03 -5.815922015482E+02  2.569319891165E+05 -1.465100675901E-03 -4.882812500000E-04   1   5
 -5.024759973655E-04 -6.357229540522E-04 -2.467387865228E-04 -1.670959578842E+03 -1.687980567307E+03  1.095143790603E+05 -6.574425010530E-04 -4.882812500000E-04   1   5
  3.349779193751E-04  4.148384859988E-04 -3.378426370086E-04  2.036878972309E+03  2.894391390835E+03  1.356134344004E+05 -6.553359796424E-04 -4.882812500000E-04   1   5
  7.666790522254E-04  1.603185155936E-04  4.531321255863E-05  2.826606877528E+03  4.539166498567E+02 -1.734085475675E+04  1.268866188280E-04 -4.882812500000E-04   1   5
  6.400330887703E-04 -1.051315690920E-04 -4.484209541324E-04  9.984763877219E+02 -3.579872176666E+02  1.679068654682E+05 -9.562070938713E-04 -4.882812500000E-04   1   5
  2.244889916915E-04 -2.742910062388E-04  8.862585240736E-04  2.888558026883E+03 -3.268209196881E+03 -3.476761826329E+05  1.397357065695E-03 -4.882812500000E-04   1   5
  5.954158465611E-04 -5.845419015267E-04  8.537324917057E-05  2.945317867907E+03 -2.850435984025E+03 -3.746085380677E+04  1.708999058074E-04 -4.882812500000E-04   1   5
  2.109996723586E-04  4.692276844207E-04 -4.191453068327E-04  4.797505358428E+02  2.016936576446E+03  1.574675732593E+05 -7.052022519964E-04 -4.882812500000E-04   1   5
 -7.598329846207E-05  3.238317307624E-04  8.606155472797E-04 -8.212457714858E+02  2.114493065010E+03 -3.370256499621E+05  1.381837977798E-03 -4.882812500000E-04   1   5
  8.086693719695E-04  2.906688035983E-04  2.739587188114E-04  3.773524284501E+03  1.060402116313E+03 -1.166366452195E+05  6.121375505774E-04 -4.882812500000E-04   1   5
 -4.206836235503E-04 -3.583795927612E-04  1.085226677633E-05  4.477391450106E+01  6.591720712163E+02  2.200012580827E+02 -1.354257926280E-04 -4.882812500000E-04   1   5
 -1.851730123584E-04  6.493984031123E-04  5.140995908319E-04 -9.602403945019E+02  1.458486377656E+03 -2.265418805307E+05  1.055682422610E-03 -4.882812500000E-04   1   5
  7.718993371297E-04 -3.227933950604E-04  2.434215183751E-04  3.920562964877E+03 -1.469499645836E+03 -1.039202749252E+05  4.976737345892E-04 -4.882812500000E-04   1   5
  8.871937815063E-06  5.380888450218E-04  2.907276287516E-04  3.364156204117E+02  1.440786300523E+03 -1.242563633836E+05  6.231881788636E-04 -4.882812500000E-04   1   5
  3.448355085712E-04  4.198074784775E-04 -3.255932644257E-04  2.577760802990E+03  2.682769862100E+03  1.319017769356E+05 -6.342686306144E-04 -4.882812500000E-04   1   5
 -6.680786636853E-04  8.505761431038E-05 -1.981994999030E-04 -2.276019538458E+03  9.697185668762E+00  9.040965448929E+04 -4.170260027561E-04 -4.882812500000E-04   1   5
  1.548836509935E-04  2.638654137126E-04 -5.917898207723E-04  6.384131770311E+02  6.376466055830E+02  1.940411355433E+05 -9.098030980876E-04 -4.882812500000E-04   1   5
 -4.953525531042E-04 -4.805203451112E-04  2.979092478079E-04 -2.311061146785E+03 -1.791219360458E+03 -1.268944619387E+05  5.675507535035E-04 -4.882812500000E-04   1   5
 -2.386606392816E-05 -6.647146332772E-04 -3.026731990667E-04  2.924115996483E+02 -1.698959751654E+03  1.272557214261E+05 -6.040824134299E-04 -4.882812500000E-04   1   5
  4.380068035899E-04  7.297875885746E-04  6.375127977098E-04  2.463031352692E+03  3.967094507143E+03 -2.661390454238E+05  1.126768171170E-03 -4.882812500000E-04   1   5
  3.150498590149E-04  2.521154025513E-04  1.902570214698E-04  9.220023303416E+02  7.280368950293E+02 -8.382609897587E+04  3.720787145092E-04 -4.882812500000E-04   1   5
  4.666752414310E-04  4.566162565826E-04 -1.135870682862E-04  2.144753084254E+03  2.162546605592E+03  5.533110893196E+04 -2.371817702631E-04 -4.882812500000E-04   1   5
  8.597645483194E-04 -3.961063806634E-05  4.518796733022E-04  3.318133076854E+03 -1.746181661054E+01 -1.986259568859E+05  9.477972558631E-04 -4.882812500000E-04   1   5
 -7.520684001776E-04 -2.871310433793E-04 -7.762142856680E-04 -4.747913904246E+03 -2.039715768035E+03  2.322252112278E+05 -1.275275320578E-03 -4.882812500000E-04   1   5
  7.326961772196E-04 -6.914598497325E-06  7.690991284521E-04  6.143868943627E+03 -1.887316687130E+02 -2.973438056170E+05  1.250508160000E-03 -4.882812500000E-04   1   5
 -1.032313937680E-04  4.557286383607E-04 -8.347678880227E-04 -1.220863627254E+02  1.936084043290E+03  2.423208839129E+05 -1.328867919224E-03 -4.882812500000E-04   1   5
 -8.997100593801E-04  3.436815372012E-04  6.705904066724E-04 -6.104530688295E+03  2.083683021231E+03 -2.735802677247E+05  1.184438086613E-03 -4.882812500000E-04   1   5
 -2.750282691341E-04 -2.223848233583E-04 -3.823407845176E-04 -1.016260088212E+03 -1.046365791064E+03  1.480344237255E+05 -6.626690677365E-04 -4.882812500000E-04   1   5
  2.500622963123E-04 -7.302696232166E-04 -7.234363404374E-05  1.083178883649E+03 -2.488466191078E+03  3.941349716079E+04 -1.351343057774E-04 -4.882812500000E-04   1   5
 -1.625629779128E-05  2.117746917099E-04 -4.758608720525E-04 -1.574848012430E+02  5.148811645719E+02  1.702423991130E+05 -8.892743447664E-04 -4.882812500000E-04   1   5
 -4.375140749139E-04  1.544109648835E-04 -2.797160265771E-04 -3.322940540960E+03  1.080634303122E+03  1.164643723658E+05 -4.840127158747E-04 -4.882812500000E-04   1   5
  3.684510218885E-04  8.389069116424E-04  1.156800109956E-04  1.981466768336E+03  3.937163884289E+03 -4.987640409702E+04  2.528510183666E-04 -4.882812500000E-04   1   5
 -3.358523064522E-04 -7.276486236294E-04  2.943746627850E-04 -1.378078800448E+03 -3.641343422537E+03 -1.252635733053E+05  6.047473939610E-04 -4.882812500000E-04   1   5
 -5.978598336010E-04 -5.845760279347E-05  6.552841981424E-04 -3.847510355929E+03 -4.001599888274E+02 -2.674209657846E+05  1.120241370501E-03 -4.882812500000E-04   1   5
  6.303105863089E-04  7.193011898866E-05 -1.181710326881E-04  7.917360442690E+02  8.200430841100E+01  5.949308416335E+04 -4.264620941523E-04 -4.882812500000E-04   1   5
 -3.622757024892E-04 -3.464941489386E-04  1.626024807688E-05 -1.418102724237E+03 -1.003367304119E+03 -6.640117183574E+03  1.209368494983E-04 -4.882812500000E-04   1   5
  6.023985946427E-05  2.110144503611E-05  1.665239442175E-04  4.955090744024E+02 -1.811979730750E+02 -7.528224456478E+04  3.402609469525E-04 -4.882812500000E-04   1   5
  3.121182932297E-04  1.577206139167E-04  4.116950191553E-04 -4.053648196043E+02 -5.942510712125E+02 -1.808546883428E+05  8.501097327329E-04 -4.882812500000E-04   1   5
  4.148124209942E-04 -3.750519946405E-04 -3.945398921457E-04 -2.200422471605E+02  7.201854170662E+01  1.542624962672E+05 -8.266675256117E-04 -4.882812500000E-04   1   5
  1.884334291340E-04 -8.973870146700E-04  8.451728764003E-05  1.050031912719E+03 -3.879076275556E+03 -3.513331698232E+04  1.734477152180E-04 -4.882812500000E-04   1   5
 -8.741608889768E-05  5.647787141446E-04  8.248338936525E-04 -5.919168895758E+02  1.929711987273E+03 -3.305285165967E+05  1.402968405140E-03 -4.882812500000E-04   1   5
 -2.319289863142E-04  4.616190646260E-04  8.591299815173E-04 -2.651523807418E+03  5.003156287353E+03 -3.313257288526E+05  1.297840821300E-03 -4.882812500000E-04   1   5
 -5.997048588851E-04 -4.198800650017E-05  3.491561766005E-04 -2.333485976798E+03  1.157049052439E+02 -1.502764027502E+05  7.257717275415E-04 -4.882812500000E-04   1   5
  2.378447439693E-05 -8.161052165044E-04  5.444189791164E-04  3.566647602999E+02 -2.941557147003E+03 -2.390307471639E+05  1.077705181714E-03 -4.882812500000E-04   1   5
  2.847252182701E-04 -4.469036985515E-04 -5.080867345120E-05 -2.173082195068E+02  5.257475211930E+02  2.993956349429E+04 -2.968802609971E-04 -4.882812500000E-04   1   5
  8.695609355653E-05  4.251624595060E-04 -2.669385668299E-04  2.240037389330E+02  1.855984073768E+03  1.131842211946E+05 -5.206057216096E-04 -4.882812500000E-04   1   5
 -4.194824815510E-04 -5.297599776608E-04  4.427294237619E-04 -9.394818071633E+02 -1.800738596673E+03 -1.945474063997E+05  9.174678709165E-04 -4.882812500000E-04   1   5
  1.961655748826E-04 -6.796027307190E-04 -6.680369462986E-05  8.197975009111E+02 -3.825442825324E+03  3.482720257568E+04 -1.465048156071E-04 -4.882812500000E-04   1   5
 -4.519353190860E-04 -3.066650042306E-04 -8.319729856843E-04 -2.143565830341E+03 -1.769919011839E+03  2.415949695698E+05 -1.334658366067E-03 -4.882812500000E-04   1   5
  3.100618239944E-04 -1.301614886641E-04 -5.871456486131E-04  1.468317124152E+03 -3.016578122598E+02  1.932331147554E+05 -1.033513807545E-03 -4.882812500000E-04   1   5
  1.653396747355E-04  3.472288082704E-04 -3.761595076353E-04  5.027289297275E+02  1.503860983254E+03  1.464779080782E+05 -6.508337692850E-04 -4.882812500000E-04   1   5
  7.034942513451E-04 -3.359820970251E-04 -2.507694311040E-04  2.250442913355E+03 -1.013940243055E+03  1.106624535879E+05 -6.032592603606E-04 -4.882812500000E-04   1   5
  9.803193474476E-04 -2.597948914605E-04 -7.896982209004E-04  8.169501666531E+03 -2.148053142098E+03  2.279740028526E+05 -1.291650424777E-03 -4.882812500000E-04   1   5
 -1.108900485649E-04 -4.797706284721E-04  5.013403084666E-04 -2.961889816183E+02 -1.562236176743E+02 -2.213508548454E+05  9.812949285717E-04 -4.882812500000E-04   1   5
  6.712116201713E-04 -1.057396554793E-04 -4.765913508131E-04  1.133737880454E+03 -2.091346018223E+02  1.761680011142E+05 -1.126779987393E-03 -4.882812500000E-04   1   5
  5.063360664866E-06 -6.082844529332E-04  5.097927589564E-04  3.969141114354E+02 -1.728158131724E+03 -2.248926135371E+05  1.008317879858E-03 -4.882812500000E-04   1   5
  2.256364878884E-04 -7.777006821629E-04 -2.711994681190E-04  9.583576485800E+02 -2.248354670749E+03  1.182541991082E+05 -7.286226046155E-04 -4.882812500000E-04   1   5
 -7.753426786835E-04  2.984719086814E-04  6.223123970575E-04 -3.326164588926E+03  1.574243938046E+03 -2.643173806197E+05  1.138115037014E-03 -4.882812500000E-04   1   5
  3.905339448084E-04  2.896270375071E-04  5.416573464210E-04 -1.240952975455E+02 -2.802769722371E+00 -2.372941283917E+05  1.035564792462E-03 -4.882812500000E-04   1   5
 -8.160499127366E-04  4.361967397128E-04  7.562625458446E-05 -3.712068816152E+03  1.805679836362E+03 -3.114505436938E+04  1.730212344668E-04 -4.882812500000E-04   1   5
  2.412648144519E-04 -1.035358389555E-04  4.692737314818E-04 -1.389808758984E+03  9.339297103833E+02 -2.082126510642E+05  9.275668888247E-04 -4.882812500000E-04   1   5
  4.273124479592E-05  1.908871174484E-04 -6.030570841049E-04 -1.878207764001E+02  1.365055969384E+03  1.958231419321E+05 -9.526203590209E-04 -4.882812500000E-04   1   5
  1.644049668303E-04  5.791412342646E-04 -2.645927772371E-04  6.374263026160E+02  1.619086972316E+03  1.142453949019E+05 -5.331064895415E-04 -4.882812500000E-04   1   5
 -7.971179393356E-04 -1.953607155891E-05 -4.374103590465E-04 -3.531875049272E+03 -1.479613401234E+01  1.633242391882E+05 -8.119316117234E-04 -4.882812500000E-04   1   5
  1.452658102745E-04  7.483200104872E-04  8.237140449636E-04  1.049746416969E+03  4.950233435528E+03 -3.233266571340E+05  1.308426595763E-03 -4.882812500000E-04   1   5
 -3.668588817241E-04  1.661212181385E-04 -5.295427025165E-04 -1.337074896846E+03  8.531468230052E+02  1.815177480894E+05 -8.386677868160E-04 -4.882812500000E-04   1   5
 -7.412911281304E-04  4.200821828973E-04 -3.486973794731E-04 -2.491480360367E+03  1.131120129892E+03  1.428918949431E+05 -7.845874243699E-04 -4.882812500000E-04   1   5
  4.012530252529E-04 -4.999538847903E-04  4.255981682242E-04  1.058996753919E+03 -1.608326175147E+03 -1.865104536563E+05  8.567039995899E-04 -4.882812500000E-04   1   5
  3.969477431563E-04  5.150124947225E-04 -4.597192334526E-04  4.969824324824E+02  3.948620496068E+02  1.720188622891E+05 -1.143369929411E-03 -4.882812500000E-04   1   5
  3.247232476754E-04  3.216116072031E-05  5.333904407521E-04 -5.572082038257E+02  3.134182007320E+01 -2.348881292636E+05  1.060097230608E-03 -4.882812500000E-04   1   5
  3.173741927500E-04  5.953942884508E-04 -3.822526825279E-04  5.577801784662E+02  1.108991248377E+03  1.504307184038E+05 -7.086364586648E-04 -4.882812500000E-04   1   5
 -3.783333623265E-04  6.208628434858E-04 -9.878514164896E-05 -6.241639795916E+02  1.375068985990E+03  5.119054673288E+04 -2.739849120861E-04 -4.882812500000E-04   1   5
 -5.519304935318E-04 -1.996316431969E-04  1.815659875568E-04  2.114242311162E+01  6.538183580243E+02 -7.781755061631E+04  3.399229004550E-04 -4.882812500000E-04   1   5
  4.980504939341E-05 -6.578315495891E-04 -6.199246801564E-04  5.268776219095E+02 -2.837114082911E+03  2.029926883749E+05 -1.041957117272E-03 -4.882812500000E-04   1   5
  4.064355501595E-04  1.740976022685E-04  8.081910968500E-04  3.906159627706E+03  1.429618518400E+03 -3.104337084662E+05  1.257680909838E-03 -4.882812500000E-04   1   5
  4.309188878599E-04 -4.223800695954E-05 -2.327724810991E-04  1.958611134534E+03 -5.567643936590E+02  1.008298812982E+05 -4.528528348970E-04 -4.882812500000E-04   1   5
  4.425774399730E-04  5.192321149681E-04 -2.905776067710E-04  1.150979074732E+03  1.272157400356E+03  1.233393903582E+05 -5.745535082813E-04 -4.882812500000E-04   1   5
 -8.181497091451E-05 -2.449392014465E-04  5.840107592636E-04 -4.783235809565E+02 -1.360971707397E+03 -2.497889547383E+05  9.985258814034E-04 -4.882812500000E-04   1   5
 -5.369613087012E-04  4.388511747179E-04 -1.971409191506E-04 -2.751071498290E+03  2.147303334467E+03  8.929407148820E+04 -3.670769974704E-04 -4.882812500000E-04   1   5
 -1.718212585574E-04  2.368418421030E-04  2.474754944881E-04 -1.503138232473E+03  1.688880792675E+03 -1.082798512005E+05  5.108069258739E-04 -4.882812500000E-04   1   5
 -3.056291643809E-04 -3.518386900412E-04  3.935093680965E-04 -1.090729882077E+03 -8.701532795196E+02 -1.724798764974E+05  7.623686066136E-04 -4.882812500000E-04   1   5
 -1.017874639294E-04 -1.139820973464E-05  8.736208370315E-04 -5.513797736378E+02 -1.012311549156E+03 -3.434479466670E+05  1.395681232999E-03 -4.882812500000E-04   1   5
 -5.846514725386E-04  9.809781747822E-05  7.119611127759E-04 -1.110919302102E+03  2.693993927207E+02 -2.956709753149E+05  1.388262286239E-03 -4.882812500000E-04   1   5
 -6.091189731042E-04 -1.913029626660E-04  2.923105428132E-04 -5.861104159481E+02  3.266778043746E+01 -1.248510351443E+05  6.315287112173E-04 -4.882812500000E-04   1   5
  8.262774128271E-04 -3.298750007854E-04  4.312341440036E-04  3.126341068851E+03 -1.712230742085E+03 -1.888271605774E+05  9.165160800624E-04 -4.882812500000E-04   1   5
  1.064487318676E-04 -2.759022162461E-04  2.182869693943E-04  1.003603591046E+03 -1.644977016464E+03 -9.583301446977E+04  4.451722209904E-04 -4.882812500000E-04   1   5
 -4.194672097130E-04 -6.219960454910E-04  3.999136709076E-04 -9.932378467061E+02 -1.807352965890E+03 -1.741167959166E+05  8.304061191922E-04 -4.882812500000E-04   1   5
  1.609539690863E-04  1.671303572895E-04 -1.105484828403E-04  2.955612325364E+02  6.028720697050E+02  5.142147796445E+04 -1.850597780084E-04 -4.882812500000E-04   1   5
 -6.606608458165E-04 -2.881452651330E-04  2.455756953519E-04 -2.352662387112E+03 -1.404991625448E+03 -1.049925316786E+05  4.909891808840E-04 -4.882812500000E-04   1   5
 -6.630567841626E-04 -1.617980342766E-04 -2.731241963874E-04 -3.031089261276E+03 -4.598020535452E+02  1.169928791320E+05 -5.164510439606E-04 -4.882812500000E-04   1   5
 -4.794995669840E-04  3.048355493914E-04 -2.225871972210E-04 -1.033739463441E+03  7.289052464418E+02  9.932184574550E+04 -4.576225894208E-04 -4.882812500000E-04   1   5
 -7.305431664063E-04  2.646643069761E-04 -4.395231046606E-04 -2.665946072752E+03  5.553742975196E+02  1.648652285738E+05 -7.955957553154E-04 -4.882812500000E-04   1   5
 -4.852517315533E-04 -6.977525071428E-04 -4.725701809360E-04 -2.397311533934E+03 -3.590885031057E+03  1.716043307268E+05 -8.567695831747E-04 -4.882812500000E-04   1   5
  2.686405675428E-04  5.762368606928E-04 -9.557146002148E-05  1.414245335450E+03  3.124677476637E+03  4.621735117213E+04 -1.969190392330E-04 -4.882812500000E-04   1   5
 -1.435679052131E-04  8.479622612014E-04  5.908771481389E-05 -2.610029595725E+02  3.730604093299E+03 -2.403364455554E+04  1.551904932757E-04 -4.882812500000E-04   1   5
  7.244561192594E-04  3.861826823248E-04  3.037232248677E-04  3.337945859477E+03  1.576420407605E+03 -1.293676628559E+05  6.365455053050E-04 -4.882812500000E-04   1   5
 -4.921761365834E-04  3.556928079387E-04 -5.570731183036E-04 -4.932406227021E+02  4.163302287854E+02  1.953942306454E+05 -1.277412483127E-03 -4.882812500000E-04   1   5
 -2.539197497819E-04 -1.592726005158E-04  1.192658517657E-04 -1.578155359938E+03 -6.975198959742E+02 -5.521983665907E+04  2.338065947747E-04 -4.882812500000E-04   1   5
  3.204527702825E-04  5.592601696165E-04  6.209662866654E-04  1.241284572442E+03  2.507271211390E+03 -2.609559708385E+05  1.128886973950E-03 -4.882812500000E-04   1   5
 -6.923261709487E-04  3.033696148937E-04  5.510448345922E-04 -1.791511122265E+03  9.540126218750E+02 -2.420573047198E+05  1.098481821041E-03 -4.882812500000E-04   1   5
  5.644807650223E-04 -2.215165553662E-05 -2.920208760204E-04  2.037748110997E+03 -3.328014175207E+02  1.229602117744E+05 -5.555445964713E-04 -4.882812500000E-04   1   5
 -3.463102868871E-05  7.913219373212E-04 -6.674667049889E-04  2.787594561885E+01  4.392550325282E+03  2.122968037781E+05 -1.118634509924E-03 -4.882812500000E-04   1   5
 -4.699251023986E-04 -5.823184163074E-04 -4.980393642895E-04 -1.730302469977E+03 -1.589082865794E+03  1.801651379855E+05 -1.005024073326E-03 -4.882812500000E-04   1   5
 -7.670792735199E-05  2.296366088746E-04  8.566209814256E-04 -1.309634290258E+03  1.798198520432E+03 -3.337004489271E+05  1.361447937072E-03 -4.882812500000E-04   1   5
 -7.546271824982E-04 -8.141864947808E-05 -6.713614297778E-04 -4.594129063170E+03 -2.863961841379E+02  2.105719898323E+05 -1.054638121714E-03 -4.882812500000E-04   1   5
  6.263139732870E-04 -1.753458942236E-04  5.416933050912E-04  2.003859660072E+03 -2.733465804422E+02 -2.372074146012E+05  1.064130965242E-03 -4.882812500000E-04   1   5
 -5.570072810606E-04 -2.380545867150E-04  6.241368013380E-04 -5.747700759452E+02 -7.121286167690E+02 -2.675704738326E+05  1.231029254633E-03 -4.882812500000E-04   1   5
 -4.804596946307E-04 -2.331988840328E-04  2.494086995242E-05 -7.724589842002E+02 -2.217851403783E+02 -9.301381362997E+03  2.928597681340E-05 -4.882812500000E-04   1   5
  3.240267358609E-04  5.451150502974E-04  3.203288589804E-05  1.280593004185E+03  1.834945607169E+03 -1.341622893844E+04  6.034797426224E-05 -4.882812500000E-04   1   5
  3.679335966465E-04  1.509605147238E-04 -6.138981342119E-05 -4.749205915739E+02 -2.273163067089E+02  3.264917428823E+04 -1.781118436490E-04 -4.882812500000E-04   1   5
 -3.062242945398E-04  4.023883306971E-04 -6.024555507445E-05  1.348113010312E+02  5.173447643409E+02  3.269543277868E+04 -1.338713580914E-04 -4.882812500000E-04   1   5
 -7.755023710845E-04 -4.508020276106E-05  6.261649878350E-04 -3.716220011888E+03 -3.812743072801E+02 -2.634379051849E+05  1.123329601477E-03 -4.882812500000E-04   1   5
 -9.487375564885E-05  3.742673075141E-04 -6.755573113493E-04  1.960116542115E+02 -8.567303154189E+02  2.197698938620E+05 -1.518123045477E-03 -4.882812500000E-04   1   5
 -5.873539718026E-05 -4.697099827996E-04  5.075383188347E-05 -4.207173288934E+02 -1.741214299223E+03 -2.376302114122E+04  1.449306577275E-04 -4.882812500000E-04   1   5
  3.369290723638E-04  4.368056271535E-04 -3.461346199547E-04  1.430659936493E+03  1.546323310472E+03  1.389679036847E+05 -6.073946531941E-04 -4.882812500000E-04   1   5
  5.867741753394E-04 -6.231477703918E-04  5.075133587598E-04  2.316440999368E+03 -2.247983500038E+03 -2.238046035008E+05  1.028251346051E-03 -4.882812500000E-04   1   5
  3.631867381086E-04  1.796309717563E-04 -2.473558180420E-04  8.527392307766E+02 -4.794154874493E+00  1.073733163672E+05 -4.401087642556E-04 -4.882812500000E-04   1   5
 -3.469017255008E-04 -4.664557969976E-04 -3.801001856441E-04 -2.424467531283E+01 -3.614026758512E+01  1.502715375192E+05 -7.606463221244E-04 -4.882812500000E-04   1   5
  5.973273395186E-05  4.548647676190E-04 -1.218837635535E-04  2.431260107431E+02  1.591223726386E+02  5.906472389447E+04 -2.675759800184E-04 -4.882812500000E-04   1   5
  9.428804032148E-05 -6.007637055640E-04 -8.686206790354E-04  7.009182890139E+02 -3.413349108373E+03  2.512087732559E+05 -1.535165865569E-03 -4.882812500000E-04   1   5
  2.166951151085E-05  3.767022017623E-04 -2.920866927583E-04  1.580911731455E+02  1.116186565928E+03  1.219670076318E+05 -5.059344402767E-04 -4.882812500000E-04   1   5
  4.295080332194E-04  4.816099621215E-04 -8.270046902670E-05  3.989538683531E+02  6.649055107683E+02  4.433830986875E+04 -3.205463019746E-04 -4.882812500000E-04   1   5
 -7.286419155224E-04 -2.372298021493E-04 -5.285317741897E-04 -2.614345419460E+03 -9.141385491167E+02  1.869075799396E+05 -1.057637724299E-03 -4.882812500000E-04   1   5
  5.827270223220E-04  1.061569504838E-04 -1.998683859497E-04  1.744392329848E+03  2.630636910979E+01  9.080814584210E+04 -4.373731859708E-04 -4.882812500000E-04   1   5
  7.233130932937E-04  2.616487950339E-05  1.358239522364E-05  2.542606494568E+03 -3.907264061040E+02 -2.315731491134E+03  5.050444806542E-05 -4.882812500000E-04   1   5
 -8.354124661427E-04  1.857425243602E-04  4.260193898409E-04 -3.458652808489E+03  1.042964744505E+03 -1.863892733045E+05  8.992561682923E-04 -4.882812500000E-04   1   5
 -4.256876508612E-04  1.760122735606E-04  5.266011315084E-04 -1.265685055665E+03  6.495691225257E+02 -2.321064358577E+05  1.001887838761E-03 -4.882812500000E-04   1   5
  4.514889661060E-04 -3.551723167765E-04  2.100568062078E-04  1.282877307390E+03 -1.139864316383E+03 -9.116106537211E+04  4.047204405548E-04 -4.882812500000E-04   1   5
 -6.692861238775E-06  3.280167972505E-04  1.965020725136E-04  3.020702093808E+02  1.331053253510E+03 -8.657267095340E+04  3.809999769047E-04 -4.882812500000E-04   1   5
  6.021819595183E-04  3.254346092158E-04  2.752931906267E-04  2.088963986940E+03  1.084694795320E+03 -1.172652900235E+05  5.361186535087E-04 -4.882812500000E-04   1   5
  4.672412976759E-04 -5.032083515504E-04  3.419015240018E-04  6.040647375834E+02 -1.465441379900E+03 -1.468579317137E+05  7.130231590828E-04 -4.882812500000E-04   1   5
  2.526710944811E-04 -2.623777019412E-04  8.421809092378E-04  1.140314706918E+02 -4.787321789475E+02 -3.381946653134E+05  1.432391445132E-03 -4.882812500000E-04   1   5
 -3.309290560868E-04  2.457324531395E-04 -6.883425205189E-04 -1.714375184757E+02 -8.591055328885E+02  2.219992859500E+05 -1.490946359386E-03 -4.882812500000E-04   1   5
 -9.716100651883E-05  1.808978291260E-04 -9.968325743515E-06 -5.430949511609E+02  1.270525323729E+03  5.188811767295E+03  4.501031337867E-06 -4.882812500000E-04   1   5
 -1.569952743692E-04 -6.820885971991E-04  8.302733164864E-04 -7.288972366166E+02 -3.737621897436E+03 -3.296428935500E+05  1.356200765953E-03 -4.882812500000E-04   1   5
  9.761298753425E-05  2.074724099614E-04 -8.744329607491E-04  5.184991043514E+02 -3.501997475572E+02  2.542141877085E+05 -1.447070191123E-03 -4.882812500000E-04   1   5
  9.465715406978E-06  7.832493067063E-04  4.158692974614E-04  4.642231485123E+02  2.935013276827E+03 -1.816153793245E+05  9.006617174983E-04 -4.882812500000E-04   1   5
  3.009087293401E-04 -4.324225886834E-04  3.756714888734E-04  1.164946241854E+03 -2.050794153771E+03 -1.639784142015E+05  7.250222213830E-04 -4.882812500000E-04   1   5
  4.097972144608E-04 -4.693793993150E-04 -1.186628864045E-04  1.541324282968E+03 -1.260233171463E+03  5.865615451442E+04 -2.405553632929E-04 -4.882812500000E-04   1   5
  2.854475514091E-04  3.385861812250E-04 -5.684624655133E-04  1.125321344679E+03  1.851142542058E+03  1.896922161392E+05 -9.412771081276E-04 -4.882812500000E-04   1   5
  5.599412287510E-04  8.406028353259E-04  6.650860339028E-04  3.142090888957E+03  4.998339566967E+03 -2.753654640912E+05  1.163567909574E-03 -4.882812500000E-04   1   5
  3.988608033024E-04  6.605793305231E-04 -7.814891884697E-04  2.229361866258E+03  3.836317054471E+03  2.358807679798E+05 -1.319577885894E-03 -4.882812500000E-04   1   5
 -2.744848508802E-04  7.259529560010E-04  6.964489028540E-04 -9.387144739977E+02  2.793235552317E+03 -2.897237890218E+05  1.287925415056E-03 -4.882812500000E-04   1   5
  1.782822948987E-04 -2.077844653004E-04 -2.885534881507E-04  1.211392242575E+03 -1.626597240551E+03  1.186710021546E+05 -4.952777412921E-04 -4.882812500000E-04   1   5
 -7.571649510202E-04 -3.931950511101E-04 -3.306995039360E-04 -2.653459319341E+03 -1.146192531150E+03  1.374135107428E+05 -7.505412986131E-04 -4.882812500000E-04   1   5
  1.890949181420E-04  3.886328938497E-04  5.591196195036E-04 -1.874103395080E+02 -1.207320532436E+02 -2.433896530782E+05  1.065870943028E-03 -4.882812500000E-04   1   5
 -6.471591279349E-04  8.377189543176E-05  3.242093152394E-04 -2.429662266704E+03 -8.872306332928E+01 -1.383521229253E+05  6.380035403666E-04 -4.882812500000E-04   1   5
  5.334257649311E-04 -5.176782536337E-04 -6.973075110404E-04  2.683703135131E+03 -2.331205429755E+03  2.217979815744E+05 -1.288412866590E-03 -4.882812500000E-04   1   5
  2.116636743943E-04 -8.431380333682E-04  2.115508704299E-04  4.448441840303E+02 -3.531630957906E+03 -9.032162254663E+04  4.689259550386E-04 -4.882812500000E-04   1   5
  7.865876704711E-04 -2.497900642342E-04  3.738681003518E-04  3.343809960516E+03 -7.466363522661E+02 -1.615574975259E+05  7.958494643354E-04 -4.882812500000E-04   1   5
 -7.644282467945E-04 -7.557793860356E-04  7.086680815740E-04 -5.082377057396E+03 -5.304879745822E+03 -2.851088762237E+05  1.205931540362E-03 -4.882812500000E-04   1   5
 -2.140245921583E-04 -4.547337735946E-04 -8.266237371912E-04 -4.944511838655E+02 -1.821452322179E+03  2.449335944638E+05 -1.384460350787E-03 -4.882812500000E-04   1   5
  5.736255551930E-04 -5.509989293717E-04  1.562380537252E-04  2.019005571617E+03 -1.493925696244E+03 -6.679289363736E+04  3.200309744127E-04 -4.882812500000E-04   1   5
  2.819672430004E-04  6.516954592850E-04  2.735111851657E-04  1.306849746230E+03  2.181094817239E+03 -1.164923944132E+05  5.381485324243E-04 -4.882812500000E-04   1   5
 -4.990463394759E-04 -1.926797753063E-04 -4.405590593617E-04  1.012493540388E+03 -2.988141786725E+02  1.676915311806E+05 -1.207028832560E-03 -4.882812500000E-04   1   5
  5.770575405284E-04 -1.263859532307E-05 -3.013119214934E-05  2.605962071494E+03  8.367283661938E+01  1.627603003242E+04 -5.158207002864E-06 -4.882812500000E-04   1   5
  7.194598986302E-04 -4.845775024775E-05 -2.968606127851E-04  2.746262840795E+03 -2.906554324401E+02  1.252045381260E+05 -5.947121623624E-04 -4.882812500000E-04   1   5
 -2.981157388556E-05 -6.554941650367E-04  2.091786725700E-04  1.723292997121E+02 -2.208308788532E+03 -9.043435327739E+04  4.118681649121E-04 -4.882812500000E-04   1   5
 -1.012225889532E-03  3.456461341218E-04  7.241962243363E-04 -6.682395951083E+03  1.999654247120E+03 -2.910880231428E+05  1.220815201563E-03 -4.882812500000E-04   1   5
 -5.201079803297E-04  2.675357219034E-04 -5.330701041828E-05 -1.590610122151E+03  1.041910337509E+03  2.857017397147E+04 -1.467395413748E-04 -4.882812500000E-04   1   5
  1.501643631733E-05  8.296972473391E-04  2.468729976579E-04  2.615102490103E+02  3.481748050943E+03 -1.052503283392E+05  5.372156303380E-04 -4.882812500000E-04   1   5
  3.687211285108E-04  6.627147397494E-05 -5.294058367675E-04  1.389988674133E+03  6.352848240160E+02  1.815006651631E+05 -8.393991577513E-04 -4.882812500000E-04   1   5
 -5.021437767747E-04 -7.577897266865E-04  6.275635624586E-04 -2.580936596192E+03 -3.772356780741E+03 -2.657087867618E+05  1.132570829480E-03 -4.882812500000E-04   1   5
 -2.984684169409E-04 -4.683296337185E-04 -5.284462588930E-04 -5.670349858976E+01 -1.917466471352E+01  1.888899245238E+05 -1.354758175278E-03 -4.882812500000E-04   1   5
 -6.051284542839E-04  1.531712954703E-04  8.296836590396E-04 -4.246937929970E+03  7.750515713709E+02 -3.240631608301E+05  1.318180716407E-03 -4.882812500000E-04   1   5
  2.037071082705E-04  7.237933290930E-05  4.754417540838E-04 -1.487067778903E+03 -1.041575700363E+03 -2.114050479501E+05  9.634942794019E-04 -4.882812500000E-04   1   5
  5.505788154620E-05  7.641756113478E-04 -6.574253924945E-04  3.168009739114E+02  4.505072208443E+03  2.081429558183E+05 -1.054629277833E-03 -4.882812500000E-04   1   5
 -7.135795861017E-04  9.899504807428E-05  3.870408118654E-04 -2.658070792821E+03 -1.732852060094E+01 -1.677739129227E+05  7.835947734147E-04 -4.882812500000E-04   1   5
  1.387358007132E-04  8.210827036895E-04  6.623185646562E-04  2.336713566366E+02  3.475553696594E+03 -2.781416362287E+05  1.229940046452E-03 -4.882812500000E-04   1   5
 -7.214047637146E-04  1.223079089792E-04  1.121660497656E-04 -3.309733512387E+03  4.765074324057E+02 -5.110937523519E+04  3.003870989353E-04 -4.882812500000E-04   1   5
 -1.657208675333E-04 -4.708292227818E-04  5.616530091865E-04  2.460469115258E+01 -8.270998674222E+02 -2.442147698803E+05  1.061085125214E-03 -4.882812500000E-04   1   5
  2.140310387246E-06  6.402525050388E-04  5.861243192338E-04 -9.193404522321E+01  2.260288488747E+03 -2.516756970648E+05  1.097440288785E-03 -4.882812500000E-04   1   5
  2.693058663395E-04  3.956533566005E-04 -1.531595285558E-04  2.626314450314E+02  6.616833214430E+02  7.183907396787E+04 -3.483555810107E-04 -4.882812500000E-04   1   5
  4.519453313074E-04 -7.628783573042E-04  7.211901577739E-04  2.405297876500E+03 -3.874091260466E+03 -2.952529989993E+05  1.254241818424E-03 -4.882812500000E-04   1   5
 -6.409331598061E-04 -1.854487008129E-04 -3.610168524673E-04 -6.523653515250E+02 -4.127521586568E+02  1.466277023331E+05 -1.012011598503E-03 -4.882812500000E-04   1   5
  1.096631056928E-04 -6.514640454508E-04 -3.566050111465E-04 -2.921219482984E+01 -2.361043816262E+03  1.425744778595E+05 -6.563043813017E-04 -4.882812500000E-04   1   5
 -3.427206093633E-04 -7.725729791580E-04  3.999412419953E-05 -1.853691314734E+03 -3.307540304107E+03 -1.481927142004E+04  1.150304045172E-04 -4.882812500000E-04   1   5
 -5.340405525031E-04 -2.072994762868E-05  6.996288272267E-04 -5.059088411364E+02 -5.116049583226E+02 -2.912790006581E+05  1.375183782020E-03 -4.882812500000E-04   1   5
 -9.311065321651E-04 -1.365848750177E-04  1.854620991568E-04 -4.628779442964E+03 -1.107689424933E+03 -7.947174730192E+04  4.219424225926E-04 -4.882812500000E-04   1   5
  2.970470893531E-04 -7.929002091998E-04 -7.584557232314E-04  2.099804215503E+03 -6.002732718210E+03  2.235067400385E+05 -1.170540841049E-03 -4.882812500000E-04   1   5
  5.397074339550E-04  8.067035431363E-05  3.969611904298E-05 -6.757033151311E+02 -3.459440196229E+02 -1.380268637268E+04 -6.257366825579E-05 -4.882812500000E-04   1   5
  2.505266139178E-04  4.004763850779E-04  1.180499253772E-05  1.091026277661E+03  1.216336261088E+03 -4.726357606240E+03  6.795034012264E-05 -4.882812500000E-04   1   5
 -1.967701445124E-04 -4.990317999133E-06  2.494761236487E-04 -1.964089122705E+03 -3.248084687401E+02 -1.097225122518E+05  5.653572393811E-04 -4.882812500000E-04   1   5
  5.149965410894E-04 -2.320241194035E-04  4.965905153789E-04  1.018392844353E+03 -2.538181127574E+02 -2.192488944796E+05  9.733153866200E-04 -4.882812500000E-04   1   5
  5.532707294015E-04 -1.453310083412E-04  7.896841787298E-04  5.039893566433E+03 -1.325257035254E+03 -3.034415470199E+05  1.240321007042E-03 -4.882812500000E-04   1   5
  3.836321950054E-04  6.188821432103E-04 -7.948771364772E-04  3.180044935558E+03  5.139954565450E+03  2.256726996520E+05 -1.169369979225E-03 -4.882812500000E-04   1   5
 -4.641367782422E-04  1.023362708462E-03 -7.997819274133E-04 -3.521611709166E+03  7.551541995023E+03  2.348765986868E+05 -1.340740372864E-03 -4.882812500000E-04   1   5
  1.778136587220E-04 -6.639884760688E-04 -6.210086614216E-04  7.769882320416E+02 -2.749839260545E+03  2.051583325431E+05 -1.119374565631E-03 -4.882812500000E-04   1   5
  5.617964820518E-04 -3.152695137197E-04 -3.349932105396E-04  1.873823747842E+03 -1.513174537044E+03  1.363464232249E+05 -6.150854383655E-04 -4.882812500000E-04   1   5
  5.152073213449E-04  5.181800888611E-04 -5.820075238208E-04  2.077169226899E+03  1.583800432496E+03  1.994703445305E+05 -1.111944598030E-03 -4.882812500000E-04   1   5
  2.730630167528E-04 -5.962404428398E-04  6.497978955684E-04  1.485475711814E+03 -3.607519273834E+03 -2.672474090059E+05  1.160842197590E-03 -4.882812500000E-04   1   5
 -1.643977755690E-04  1.249727902750E-04  2.269119450937E-04 -1.578357673810E+03  9.600728320053E+02 -1.000249357565E+05  4.659401816003E-04 -4.882812500000E-04   1   5
  5.690850661367E-04 -4.509011680474E-04 -1.601462828575E-04  1.932693282529E+03 -1.198644613647E+03  7.622742100882E+04 -3.602822224718E-04 -4.882812500000E-04   1   5
 -1.666982062261E-04 -7.146705132549E-04 -2.536208038926E-04 -2.284052645768E+02 -1.770082694559E+03  1.121531237211E+05 -7.973082288117E-04 -4.882812500000E-04   1   5
  3.620642288234E-04  4.509809467290E-04 -3.050620516207E-04 -3.161488137395E+02  4.965401483121E+02  1.281214820180E+05 -5.944480759066E-04 -4.882812500000E-04   1   5
  3.138081625264E-04 -6.888368449452E-04 -6.236866221343E-05  4.867294774303E+02 -2.025309454100E+03  3.517133179788E+04 -1.649942638089E-04 -4.882812500000E-04   1   5
  4.678249817841E-04  2.192221011128E-04  2.430090555063E-04  1.381491402214E+03  9.742070657549E+02 -1.048621449542E+05  5.662834060480E-04 -4.882812500000E-04   1   5
  6.930880925136E-04  4.779139574683E-04 -5.700930308201E-04  3.333370068797E+03  2.111154967555E+03  1.957290998786E+05 -1.012948665286E-03 -4.882812500000E-04   1   5
  4.527864500622E-04 -3.982849903284E-04 -1.280327312347E-04  2.211143191276E+03 -2.250586841688E+03  6.033309592889E+04 -2.035436006107E-04 -4.882812500000E-04   1   5
 -1.854566712118E-04 -3.914623798036E-04 -3.815993866008E-05  4.754663900128E+02  5.622062497199E+01  2.203665404735E+04 -1.105210700771E-04 -4.882812500000E-04   1   5
 -1.658969176916E-05 -2.975422980931E-04  8.322766884916E-04  6.744325542823E+02  3.501123791085E+01 -3.351042027873E+05  1.465478401174E-03 -4.882812500000E-04   1   5
 -3.049564719841E-04  3.888940801152E-04 -4.717512428503E-04 -9.876238216191E+02  1.568878642330E+03  1.693378517306E+05 -7.851648723118E-04 -4.882812500000E-04   1   5
  7.352119978132E-04 -8.130250748714E-05  2.827476923777E-04  4.202461397320E+03 -5.510581261837E+02 -1.209217966467E+05  6.174820503357E-04 -4.882812500000E-04   1   5
  5.687405826937E-04  1.706976497145E-04  5.355582705122E-04  1.824584456689E+02  7.485220450389E+02 -2.362959159976E+05  1.108672815857E-03 -4.882812500000E-04   1   5
 -3.281810007704E-04 -6.100741566533E-04 -3.596597455187E-04 -1.284854641740E+03 -2.170455188241E+03  1.435266002545E+05 -6.880849644375E-04 -4.882812500000E-04   1   5
  9.003071260854E-05 -2.959657468046E-04  4.424450607585E-04  4.046215033741E+02 -1.371816773761E+03 -1.976807990305E+05  9.102764708047E-04 -4.882812500000E-04   1   5
 -3.142623074574E-04 -2.279748117022E-04  5.590066502772E-04 -1.329106610922E+03 -8.516055366700E+02 -2.428234940326E+05  9.968846866624E-04 -4.882812500000E-04   1   5
  2.722587384840E-04 -7.310978861101E-05  9.074283586625E-04  4.299358694752E+03 -7.125314966195E+02 -3.662936048199E+05  1.511943818583E-03 -4.882812500000E-04   1   5
  5.894119072855E-04  4.791420671520E-04 -6.337076684448E-04  2.991604488544E+03  2.711452186882E+03  2.054793443853E+05 -1.024288812149E-03 -4.882812500000E-04   1   5
  6.395865036361E-04 -2.869995554534E-04 -5.954386490621E-04  2.360146779294E+03 -6.573105197028E+02  2.026142678361E+05 -1.152271869540E-03 -4.882812500000E-04   1   5
 -5.271005822888E-04  3.594045359214E-04  1.170360856082E-04 -1.351695965222E+03  1.159750092951E+03 -5.258387396986E+04  2.224332004790E-04 -4.882812500000E-04   1   5
 -8.057290516998E-04 -1.403231803470E-05  8.061823969676E-04 -4.743924664164E+03 -5.622099898239E+01 -3.195049077409E+05  1.316389848597E-03 -4.882812500000E-04   1   5
 -2.182478723922E-04  2.938410013287E-04 -8.395427220353E-05 -9.587209860391E+02  1.233388788037E+03  4.043864394385E+04 -1.124828261112E-04 -4.882812500000E-04   1   5
  9.106787613852E-04  5.185376947314E-04  6.633674235728E-04  5.737429020725E+03  3.540186551249E+03 -2.732225393384E+05  1.161280320247E-03 -4.882812500000E-04   1   5
 -2.733627848868E-04  2.507379284557E-04  9.241414098904E-05 -6.764262828716E+02  1.035944304525E+03 -4.329809322184E+04  2.188820877844E-04 -4.882812500000E-04   1   5
  2.605973115796E-04  8.566958777874E-04  6.976344749390E-04  1.537045094850E+03  4.074875371666E+03 -2.882322523826E+05  1.234049501463E-03 -4.882812500000E-04   1   5
 -4.342221022941E-04  3.259685709154E-04 -1.580726212014E-05 -7.199071543778E+02  5.429797773944E+02  1.091605729318E+04 -4.474635893992E-05 -4.882812500000E-04   1   5
 -5.202438299879E-04 -2.917852918454E-04  2.986892657337E-04 -2.339725108957E+03 -1.171659314351E+03 -1.277847949466E+05  6.272675412848E-04 -4.882812500000E-04   1   5
 -7.121154081382E-04  3.386201404773E-04  8.015654374991E-04 -5.353124251900E+03  2.340610118376E+03 -3.121878101890E+05  1.290390575772E-03 -4.882812500000E-04   1   5
  4.940025948813E-04 -4.456542150965E-04  1.482160550021E-04  1.827541174579E+03 -1.423991272180E+03 -6.569792135704E+04  2.704898434924E-04 -4.882812500000E-04   1   5
  6.914203910578E-04 -2.758375626006E-04  2.416765240132E-04  1.830999741262E+03 -9.153429671271E+02 -1.031863261852E+05  5.022688771525E-04 -4.882812500000E-04   1   5
 -5.557410043864E-04  5.904630158817E-04 -6.835377998362E-04 -3.154061485341E+03  3.031740860933E+03  2.169877621076E+05 -1.160061307356E-03 -4.882812500000E-04   1   5
  9.172249351954E-06  6.840281433079E-04  5.081780023719E-04  1.648545610943E+02  1.667924582224E+03 -2.240996894169E+05  1.046432120345E-03 -4.882812500000E-04   1   5
 -4.367565735267E-04 -4.679087238602E-04  8.184398999216E-04 -2.314903774410E+03 -1.845484339290E+03 -3.270254089983E+05  1.377422539772E-03 -4.882812500000E-04   1   5
  5.959444154015E-04  5.775260279977E-04 -2.436315709669E-04  2.014590044161E+03  1.437134003416E+03  1.083191862105E+05 -6.131805430449E-04 -4.882812500000E-04   1   5
 -5.099868338833E-04 -3.399773888294E-04 -3.672342972609E-04 -1.870516790725E+03 -1.052247945521E+03  1.450120896559E+05 -6.770115802581E-04 -4.882812500000E-04   1   5
  2.435939600233E-04 -5.520641862400E-04  5.562292054195E-05 -3.523562272099E+02 -2.201438656330E+02 -2.144234430922E+04  7.508119519883E-06 -4.882812500000E-04   1   5
 -2.790322436186E-04  9.292223357780E-04  6.856824992023E-04 -1.572390300546E+03  5.278481404220E+03 -2.817382205657E+05  1.164359353686E-03 -4.882812500000E-04   1   5
 -7.150601110995E-04  4.048923957679E-04  2.143630313562E-04 -2.958906380087E+03  1.299156163527E+03 -9.168779476091E+04  4.653182163956E-04 -4.882812500000E-04   1   5
  1.420661037528E-04  3.802064116487E-04  2.057652703114E-05  5.318639355778E+02  1.044086482662E+03 -9.174445290133E+03  9.170227216160E-05 -4.882812500000E-04   1   5
  4.715339813406E-04 -4.344536422334E-04 -3.726509760664E-04  3.941272897504E+02 -3.870828072646E+02  1.499119307258E+05 -1.056506564337E-03 -4.882812500000E-04   1   5
  1.880733848332E-04 -2.990493978806E-04 -5.112178799442E-04  1.144170854992E+03 -8.232764942648E+02  1.776676928567E+05 -7.805727670522E-04 -4.882812500000E-04   1   5
 -5.887655396058E-05  4.169005044713E-04 -1.708501556643E-04 -1.187423029505E+02  2.114335312667E+03  7.652540748162E+04 -2.865174077744E-04 -4.882812500000E-04   1   5
  1.504892965652E-04 -6.822117372221E-04  1.390586861216E-05  3.766210884681E+02 -2.204847145258E+03 -2.414242035434E+03  6.272121400031E-05 -4.882812500000E-04   1   5
 -7.322756561167E-04 -2.024934945619E-04 -6.344935851921E-05 -2.588872800853E+03 -2.823132757623E+02  3.535372862845E+04 -1.213145962904E-04 -4.882812500000E-04   1   5
  4.881634034981E-04  5.218161686106E-04 -6.476611104618E-04  2.542899557572E+03  2.543698370942E+03  2.077318445320E+05 -1.083329145416E-03 -4.882812500000E-04   1   5
  1.922682604931E-04 -3.590932179813E-04 -8.899369679525E-04  1.139224495806E+03 -2.152177186381E+03  2.541890941866E+05 -1.405510821254E-03 -4.882812500000E-04   1   5
 -3.154742290144E-04 -9.408644943069E-04  1.816298586896E-04 -1.483871329689E+03 -5.207204737777E+03 -7.787724757008E+04  3.859239815078E-04 -4.882812500000E-04   1   5
  5.665255026308E-05 -6.535696989015E-04 -1.978898147619E-04  4.757622760931E+02 -2.080371862708E+03  9.039783545487E+04 -4.020084624692E-04 -4.882812500000E-04   1   5
  5.806933674820E-04  2.362938489308E-04  2.687974262994E-05  1.465228084095E+02  3.523301851040E+02 -7.517317305990E+03 -5.845607643096E-05 -4.882812500000E-04   1   5
 -2.152125074378E-05 -8.006150466867E-04  4.017427452609E-04 -2.094088054745E+02 -3.585302519308E+03 -1.748150259393E+05  8.279667952955E-04 -4.882812500000E-04   1   5
 -5.101865545772E-04  4.776132853982E-04 -4.340377180592E-04 -1.210493563824E+03  3.108685022808E+02  1.657093140463E+05 -1.028054322530E-03 -4.882812500000E-04   1   5
 -3.376883768836E-04 -2.267676103165E-04 -1.269340403325E-04  3.817702449705E+02 -7.317748016410E+01  6.114790844569E+04 -3.066853608438E-04 -4.882812500000E-04   1   5
 -7.412429987796E-04 -2.356274358854E-04 -3.158600728019E-04 -2.162555695176E+03 -7.777037024631E+02  1.325988241388E+05 -7.555610471037E-04 -4.882812500000E-04   1   5
 -8.282388285408E-04 -6.230185467209E-04  7.747775578864E-04 -5.385974729003E+03 -4.208476681170E+03 -3.074590283708E+05  1.261929937495E-03 -4.882812500000E-04   1   5
  2.172542870624E-04  7.651670553097E-04  8.182599304756E-04  1.232867570871E+03  4.689189921908E+03 -3.233261445972E+05  1.307891523005E-03 -4.882812500000E-04   1   5
  3.847267782820E-04  9.271003079475E-04  6.857173575785E-04  2.225002629864E+03  5.238894674229E+03 -2.822927070447E+05  1.186200381859E-03 -4.882812500000E-04   1   5
 -7.720801027876E-05  7.599891661561E-04 -5.205937180586E-04 -4.093506564739E+02  3.427287694497E+03  1.819348689205E+05 -9.284507696670E-04 -4.882812500000E-04   1   5
 -4.098693485107E-04  6.773566924071E-04 -4.564499131168E-04 -1.259779665821E+03  2.694224396416E+03  1.687998373477E+05 -8.345896808848E-04 -4.882812500000E-04   1   5
  3.574847958718E-04 -4.571084903683E-04 -4.066935490408E-04  9.641075014928E+02 -1.522153707078E+03  1.549714805858E+05 -7.128559982270E-04 -4.882812500000E-04   1   5
  7.428935446871E-04  2.948065549818E-04 -4.803549730710E-04  3.546693361388E+03  1.748967938877E+03  1.729029657168E+05 -8.244740890628E-04 -4.882812500000E-04   1   5
 -1.229201589338E-04  6.709670102496E-04  8.334297553829E-04 -7.516518991136E+02  3.532455796984E+03 -3.306297168682E+05  1.341404795825E-03 -4.882812500000E-04   1   5
 -2.697174485140E-04 -6.955705643424E-05 -1.071886352850E-04 -7.530731545078E+02 -4.562373120072E+02  5.039311895607E+04 -1.566503085648E-04 -4.882812500000E-04   1   5
  7.817293313889E-05  8.004101973242E-04 -3.590434409637E-04  5.545843761011E+01  2.345840524253E+03  1.459131460776E+05 -8.875284890113E-04 -4.882812500000E-04   1   5
  7.818334479042E-04  3.064185913950E-04  4.618796262879E-05  3.313462234580E+03  1.505360048466E+03 -1.787354705897E+04  1.032874898552E-04 -4.882812500000E-04   1   5
 -5.793238498208E-04  8.040238314879E-04 -8.312949006548E-04 -4.261414096633E+03  5.820525901316E+03  2.424121896877E+05 -1.457042654277E-03 -4.882812500000E-04   1   5
  3.710667945605E-04  4.612890844227E-04 -3.652400104177E-04  1.569510697905E+03  1.393153129447E+03  1.443527059611E+05 -6.509807965944E-04 -4.882812500000E-04   1   5
 -3.607235732834E-04 -4.742831199235E-04 -6.178811477997E-04 -3.704410408067E+02 -1.278965473982E+03  2.074469364416E+05 -1.239375540253E-03 -4.882812500000E-04   1   5
  1.856205616214E-04 -6.600891250261E-04 -4.389694551810E-04  4.011350574784E+02 -2.771052912303E+03  1.629432473924E+05 -7.700933036876E-04 -4.882812500000E-04   1   5
  6.500627388690E-04  1.257213433467E-04 -6.339571772673E-04  2.123343933438E+03 -8.959395548573E+01  2.105400305278E+05 -1.203526556733E-03 -4.882812500000E-04   1   5
 -1.138868899342E-04  5.087415654372E-04 -1.720215997443E-04 -5.575415495051E+02  1.071184601283E+03  7.950647661895E+04 -3.808964817189E-04 -4.882812500000E-04   1   5
 -3.248239971120E-04  6.460873777168E-04  2.728045935085E-04 -6.530235210442E+02  1.909857052332E+03 -1.162947919954E+05  6.017169008707E-04 -4.882812500000E-04   1   5
  8.463269311335E-04 -2.128593661406E-04  8.089409546903E-04  5.394307442499E+03 -1.340198384460E+03 -3.193730130833E+05  1.297451091210E-03 -4.882812500000E-04   1   5
 -7.209694505300E-04 -6.455496186163E-04  8.435039396115E-05 -3.644665019485E+03 -3.255483949650E+03 -3.548937055708E+04  2.089186520990E-04 -4.882812500000E-04   1   5
  7.199723901710E-04  3.951426694715E-04 -7.552911906510E-04  4.282152088073E+03  2.554762397854E+03  2.301880989123E+05 -1.300911446231E-03 -4.882812500000E-04   1   5
  3.303657300160E-04 -5.961460716013E-04 -2.162363451830E-04  1.101697673327E+03 -1.991566189570E+03  9.734185790072E+04 -4.452302832210E-04 -4.882812500000E-04   1   5
 -4.391738699586E-04  3.918804342937E-04 -1.082579420095E-04 -1.871298520056E+03  1.900365542445E+03  5.192727852615E+04 -1.728197725193E-04 -4.882812500000E-04   1   5
  3.087072660478E-04 -5.102225507628E-04  3.456611219033E-06  1.247375178215E+03 -2.383078712744E+03 -1.139292016476E+02  6.512200429398E-05 -4.882812500000E-04   1   5
  2.713923918873E-04  7.318652842095E-04  6.389336515231E-04  1.317901660342E+03  4.232375491236E+03 -2.654734061800E+05  1.155010987455E-03 -4.882812500000E-04   1   5
  3.616488031959E-04  3.694738603593E-04 -6.261476626452E-04  1.932442769584E+03  1.687448446460E+03  2.006768203539E+05 -9.670933176178E-04 -4.882812500000E-04   1   5
 -1.410428632695E-04  2.697586429144E-04 -7.088015904553E-04 -1.204750370899E+03  2.641235935213E+03  2.099729585672E+05 -1.034022819859E-03 -4.882812500000E-04   1   5
 -2.742374187677E-04  2.831409070628E-04 -3.969754461925E-04 -1.332626627081E+03  1.788966601228E+03  1.516106136802E+05 -7.511928525794E-04 -4.882812500000E-04   1   5
  9.550738449320E-05  3.441571311585E-04 -8.241459559728E-04 -5.124366941455E+02  4.344736181383E+02  2.453069444971E+05 -1.455295338047E-03 -4.882812500000E-04   1   5
  8.450458754383E-04 -1.465744107926E-04  3.981046041677E-04  3.021046760820E+03 -5.754136824155E+02 -1.730717015858E+05  8.557136614513E-04 -4.882812500000E-04   1   5
  1.032436044269E-05 -7.176853334707E-05 -9.379566525034E-04 -4.337700405894E+02 -1.154949270684E+03  2.734221084620E+05 -1.585599583347E-03 -4.882812500000E-04   1   5
  3.934395801492E-04  5.809164108047E-04  4.824867207804E-04  1.246027353190E+03  1.869947656399E+03 -2.127771363522E+05  9.830861935001E-04 -4.882812500000E-04   1   5
  3.943323971402E-04  5.995971227949E-04  8.985733463307E-05  1.785148268035E+03  2.151522492679E+03 -4.053057337503E+04  1.646061080898E-04 -4.882812500000E-04   1   5
  5.757841191418E-04 -3.582281328207E-04  1.139314934759E-04  1.781046850828E+03 -1.353217655394E+03 -5.080417153493E+04  2.128256695997E-04 -4.882812500000E-04   1   5
  2.319773709482E-05 -3.781433072886E-04 -8.034906228849E-05  9.501386018015E+01  8.019751973263E+02  4.153848447227E+04 -2.116558237635E-04 -4.882812500000E-04   1   5
 -8.286842256754E-04 -2.879866472941E-05 -2.657843371252E-04 -2.489500539608E+03 -9.559130527072E+01  1.162581517228E+05 -7.066153982223E-04 -4.882812500000E-04   1   5
 -4.276736009444E-04  5.504101819423E-04 -2.184649819430E-04 -1.347573570836E+03  2.122271295277E+03  9.799681335127E+04 -4.398975442363E-04 -4.882812500000E-04   1   5
  4.718551734198E-04  4.712325079187E-05  1.640786668733E-04  1.811655154287E+03  1.054726995267E+02 -7.323695644302E+04  3.435987114280E-04 -4.882812500000E-04   1   5
 -6.233134216857E-04  2.956365732145E-04  8.188808571141E-04 -4.366625174760E+03  2.173431013697E+03 -3.195558868774E+05  1.298898698453E-03 -4.882812500000E-04   1   5
  1.247752935804E-04 -2.455036777158E-04 -4.913984297836E-04  7.982734067237E+02 -3.404898714833E+02  1.734242380264E+05 -7.697929599626E-04 -4.882812500000E-04   1   5
  4.712109395766E-04 -4.632439363008E-04 -4.109508247074E-05  1.172693700233E+03 -1.651075640317E+03  2.443789074417E+04 -6.218419277992E-05 -4.882812500000E-04   1   5
  6.967958856202E-04  4.577424437120E-04  2.003862032729E-04  2.485798738575E+03  1.605185110861E+03 -8.562952910381E+04  4.203050783804E-04 -4.882812500000E-04   1   5
 -4.511913448163E-04 -5.637157031542E-04  1.629946561579E-04 -1.972019289795E+03 -2.461202316037E+03 -7.207206045958E+04  3.122725988511E-04 -4.882812500000E-04   1   5
  5.806311788644E-05  8.636811334045E-04 -2.597866235150E-04 -1.381150153310E+02  2.770930691671E+03  1.139816282796E+05 -5.757368607764E-04 -4.882812500000E-04   1   5
  9.554649762826E-04 -1.183506893614E-04 -8.137218986359E-04  7.977441545156E+03 -9.442496754472E+02  2.323588655492E+05 -1.232383822289E-03 -4.882812500000E-04   1   5
 -2.882727418561E-04  4.494355264605E-04 -7.978287785821E-04 -1.249571534933E+03  1.223864892024E+03  2.413662256715E+05 -1.429891391824E-03 -4.882812500000E-04   1   5
 -6.695324094903E-04  6.502965136338E-04  1.209758956739E-04 -2.845859019169E+03  2.495491145233E+03 -5.132310653657E+04  2.885445274856E-04 -4.882812500000E-04   1   5
  1.298645402150E-04  1.734862739084E-04  3.283068133353E-05  1.156264766142E+03  1.946652552069E+03 -1.596670561076E+04  1.037941336879E-04 -4.882812500000E-04   1   5
 -8.462096823539E-05 -3.469658015204E-04 -8.970132473731E-04 -7.366294479032E+02 -1.955655136225E+03  2.566931308126E+05 -1.394945827279E-03 -4.882812500000E-04   1   5
  6.534796941669E-04  7.767483496614E-05 -3.458125822813E-04  1.685669198789E+03  1.917282565518E+02  1.399531121544E+05 -6.886071145260E-04 -4.882812500000E-04   1   5
 -5.647744228453E-04 -7.400749853098E-04  1.678885966512E-04 -2.663622495635E+03 -3.283685630479E+03 -7.177278151399E+04  3.776421576642E-04 -4.882812500000E-04   1   5
 -5.287347824851E-04  3.889348828752E-04 -5.513269483219E-04 -1.968116699061E+03  1.553957965910E+03  1.877629414126E+05 -9.294081854883E-04 -4.882812500000E-04   1   5
  6.199249500367E-04  5.597496066495E-04 -3.594571233299E-04  2.053407699986E+03  1.519558703095E+03  1.461120454576E+05 -8.037519166564E-04 -4.882812500000E-04   1   5
  5.146308688046E-04 -1.901617245184E-04 -6.933195868899E-04  3.770887712783E+03 -1.509453318750E+03  2.093872745541E+05 -1.126311771378E-03 -4.882812500000E-04   1   5
 -7.375802245142E-04  3.255174907965E-04 -7.879509743369E-04 -4.462767103337E+03  2.002743091166E+03  2.366194812308E+05 -1.298505132334E-03 -4.882812500000E-04   1   5
  3.703936803220E-04  9.974562413689E-05 -4.331027167677E-04  3.977879453822E+03  1.037390428528E+03  1.607258683711E+05 -7.279104058764E-04 -4.882812500000E-04   1   5
 -6.961461099441E-04 -1.217900747536E-04 -8.077646323357E-04 -5.869048369082E+03 -9.796554743362E+02  2.282555601196E+05 -1.206218830205E-03 -4.882812500000E-04   1   5
 -4.719670520075E-04  5.311171129352E-04 -6.251274273756E-04 -1.750355577622E+03  2.518668066993E+03  2.050532136202E+05 -1.069721817922E-03 -4.882812500000E-04   1   5
 -5.958609520419E-04 -5.420725308904E-04 -7.228826843955E-04 -3.309496623635E+03 -3.460156380147E+03  2.236636954045E+05 -1.241984768654E-03 -4.882812500000E-04   1   5
 -4.747773360742E-04 -7.941176210179E-04  7.009336335235E-04 -2.754330490224E+03 -3.941600941640E+03 -2.888892620477E+05  1.248556157902E-03 -4.882812500000E-04   1   5
  6.128369106337E-04  2.228689966403E-04  7.270066360872E-04  1.729226348250E+03  1.106598760431E+03 -2.998774206621E+05  1.376855671340E-03 -4.882812500000E-04   1   5
 -7.316769139989E-05 -3.019625222541E-04 -1.907211148300E-05 -3.960962195680E+02 -7.080512689979E+02  1.011745084956E+04 -2.735957457922E-05 -4.882812500000E-04   1   5
 -5.556764400189E-04 -2.703431829874E-04 -3.888442647537E-04 -7.794179367273E+02 -8.794331388172E+01  1.520493554268E+05 -7.130372460065E-04 -4.882812500000E-04   1   5
 -2.810027407735E-04 -5.720074925169E-04 -1.714045061347E-04 -1.151117419565E+03 -1.960915579698E+03  7.987867423453E+04 -3.780484801830E-04 -4.882812500000E-04   1   5
  6.304723791276E-04  5.509346248842E-04  2.673061012741E-04  2.161066315906E+03  2.251778607648E+03 -1.139416725478E+05  6.024152137254E-04 -4.882812500000E-04   1   5
  3.049631971975E-04 -1.404473688177E-04 -8.936898777714E-04  7.973072897825E+02 -6.755842335920E+02  2.588344865908E+05 -1.580678096394E-03 -4.882812500000E-04   1   5
 -5.496891864475E-04 -2.110382463077E-04 -3.503047732969E-04 -1.535475182113E+03 -6.087275072444E+02  1.405965243908E+05 -6.450506696467E-04 -4.882812500000E-04   1   5
 -6.252287610880E-04  1.589681591677E-05 -9.039188005877E-05 -3.469374148476E+03 -2.248904612852E+00  4.377884548479E+04 -2.046946997574E-04 -4.882812500000E-04   1   5
  1.441639434590E-04  5.587550913149E-04 -8.181941485081E-04  9.413046111045E+02  2.914435184689E+03  2.375023479825E+05 -1.282293696171E-03 -4.882812500000E-04   1   5
  6.851667768663E-04 -2.602939526674E-04 -2.437966313127E-04  1.301484508535E+03 -9.740488086839E+02  1.087049836994E+05 -7.444700353414E-04 -4.882812500000E-04   1   5
 -4.739834815543E-04  5.926221981681E-04  3.271514453957E-04 -1.285729860033E+03  2.093695086617E+03 -1.399883616929E+05  7.037454835288E-04 -4.882812500000E-04   1   5
 -3.904119896831E-04 -3.543942175462E-04  8.731529171202E-04 -4.186820261273E+03 -4.084399217745E+03 -3.392446153055E+05  1.347985351630E-03 -4.882812500000E-04   1   5
  2.714539680281E-04  5.854729333474E-04 -5.734460146734E-05  4.046296460143E+02  1.815786848687E+03  3.188172802194E+04 -1.212751242683E-04 -4.882812500000E-04   1   5
 -2.922539536992E-04 -3.933293269809E-04  3.740345503545E-06  1.255606320524E+03  5.289201891460E+02  3.709671825744E+03 -1.902928997932E-04 -4.882812500000E-04   1   5
 -4.999722177381E-05 -7.083273208668E-04  2.401288759923E-05 -6.230309055075E+02 -1.410204995512E+03 -6.093178519741E+03 -2.855124056111E-05 -4.882812500000E-04   1   5
 -1.266534855451E-04 -5.570870051367E-04  5.280433056307E-04  1.461247155543E+02 -9.295280127352E+02 -2.321700140083E+05  1.033110562586E-03 -4.882812500000E-04   1   5
 -1.036512668216E-04 -9.740939026170E-04  6.973728469881E-04 -4.568260266531E+02 -6.140303513692E+03 -2.833528810524E+05  1.179801723087E-03 -4.882812500000E-04   1   5
  1.693319377482E-04 -6.985660742799E-04 -7.821974236841E-04  8.601944417573E+02 -4.115684488957E+03  2.346053939081E+05 -1.346839065228E-03 -4.882812500000E-04   1   5
 -2.635438845439E-05  6.047544646545E-04 -2.555547525640E-04  2.506495777209E+02  2.347845472019E+03  1.107460325102E+05 -4.874047678616E-04 -4.882812500000E-04   1   5
  6.817588255981E-04  2.393780199327E-04  1.908161652864E-05  3.389273521533E+03  8.224409778815E+02 -6.963512113348E+03  3.833007411380E-05 -4.882812500000E-04   1   5
  3.816274125759E-04 -6.032801253729E-04  1.983682447904E-05  2.168948003408E+03 -3.121850887063E+03 -7.847719589405E+03  8.789246654395E-05 -4.882812500000E-04   1   5
 -4.655857787092E-04  2.905865372642E-04 -6.530894168075E-04 -2.285451465477E+03  1.581768880202E+03  2.054002041573E+05 -9.895168368086E-04 -4.882812500000E-04   1   5
 -2.579100652007E-04  3.238230397222E-04 -2.356453297891E-04 -7.846548014626E+02  1.360477095765E+03  1.019634129145E+05 -4.693638031679E-04 -4.882812500000E-04   1   5
  6.900595542622E-04  5.454708568892E-04  4.340190875438E-04  2.463987750947E+03  2.068161241959E+03 -1.901628587243E+05  9.097668352833E-04 -4.882812500000E-04   1   5
 -5.388842120793E-04  1.557178240744E-04  5.975311097255E-04 -2.309459082117E+03  5.647912684931E+02 -2.541501240328E+05  1.109455375031E-03 -4.882812500000E-04   1   5
 -3.694131625693E-04 -6.502236528957E-04 -4.608771162418E-04 -1.101780531378E+03 -1.955026572838E+03  1.709779238738E+05 -9.103209571055E-04 -4.882812500000E-04   1   5
 -1.290366681100E-05  7.555223104974E-04  1.641071120373E-05 -1.482542810011E+02  3.673096362142E+03 -5.527302719638E+03  3.302356972412E-05 -4.882812500000E-04   1   5
 -3.259251061074E-04 -6.611768169563E-04 -7.226720172193E-05 -5.299136355675E+02 -1.886387797755E+03  3.962755313674E+04 -2.284598978903E-04 -4.882812500000E-04   1   5
 -1.679167339023E-04  4.493507477980E-04 -2.687535393493E-04 -9.797742927230E+02  1.211111662504E+03  1.148603414606E+05 -4.603136065739E-04 -4.882812500000E-04   1   5
 -2.592175102284E-04 -3.422709473865E-04 -1.352322493853E-05 -8.271373574131E+02 -1.142789571912E+03  7.670237543754E+03  2.275209938496E-05 -4.882812500000E-04   1   5
 -3.108289779734E-04  8.663582167820E-04  2.339435030954E-04 -1.917843293332E+03  4.481835366053E+03 -9.984349694394E+04  4.764990885633E-04 -4.882812500000E-04   1   5
 -4.948771123138E-05 -1.486054469706E-04  8.749704472506E-04 -3.522417090995E+02 -1.553152356080E+02 -3.463807769434E+05  1.420959035709E-03 -4.882812500000E-04   1   5
 -5.254739653460E-05 -6.010618851271E-04 -7.237552217725E-04 -1.503555595434E+00 -2.108870914699E+03  2.277615795432E+05 -1.425869601219E-03 -4.882812500000E-04   1   5
  4.880211976083E-04  2.980191885357E-04  3.466232970211E-04  1.811273330140E+03  6.794491337090E+02 -1.490102747551E+05  7.333893761672E-04 -4.882812500000E-04   1   5
  1.085356156546E-04 -2.941438140737E-04  4.153052022047E-04 -1.806950401882E+02  8.387202302779E+02 -1.827435922018E+05  8.331620192408E-04 -4.882812500000E-04   1   5
 -1.786396922028E-04  7.979963087584E-04  5.724050335942E-05 -8.816051844890E+02  4.282722557636E+03 -2.576771178445E+04  1.797489090762E-04 -4.882812500000E-04   1   5
  1.331902066234E-05  4.117406649421E-04  5.365235064385E-04 -2.329018775886E+02 -4.808560524508E+02 -2.355962201296E+05  1.041371704073E-03 -4.882812500000E-04   1   5
 -1.648196314049E-04 -1.853985442223E-04 -5.096359169725E-04 -1.811129925944E+03 -2.610694253826E+03  1.779299506464E+05 -8.239750635148E-04 -4.882812500000E-04   1   5
  2.794629198037E-04 -5.581472030438E-04 -1.184951983899E-04  1.595370288209E+03 -3.112608649689E+03  5.618590490650E+04 -2.079681254532E-04 -4.882812500000E-04   1   5
  1.166869603489E-04 -6.094703661108E-04 -1.039591402203E-04  3.513559965117E+02 -1.899350469687E+03  5.242740469415E+04 -2.298038823252E-04 -4.882812500000E-04   1   5
 -1.826068869148E-04  5.801340930759E-04 -3.671419325992E-04 -1.463164521885E+02  1.500463346946E+03  1.452627550995E+05 -6.645466678066E-04 -4.882812500000E-04   1   5
 -8.815521028235E-05 -7.430138510579E-04  6.048761455655E-04 -7.485665368575E+02 -3.471197888956E+03 -2.573262543826E+05  1.111305536984E-03 -4.882812500000E-04   1   5
  3.973314434671E-06  7.926891952482E-04  1.198090960646E-04  6.262995436127E+01  3.200905168293E+03 -5.268980552497E+04  2.261252589353E-04 -4.882812500000E-04   1   5
 -5.968827039742E-04  1.578697138298E-04 -2.580972978885E-04 -7.084433214046E+02  6.066611230668E+02  1.124705906788E+05 -5.036895395492E-04 -4.882812500000E-04   1   5
 -1.371842994978E-04 -2.860863211787E-04  1.856380996879E-05 -5.216297437205E+02 -1.090437328579E+03 -8.594297832467E+03  6.073101053694E-05 -4.882812500000E-04   1   5
 -1.782922894847E-04  7.307529391453E-04 -4.796696421359E-04 -1.610788066436E+02  2.416115271549E+03  1.749364178983E+05 -9.092536026429E-04 -4.882812500000E-04   1   5
 -4.260127951550E-04  2.323561103973E-05 -2.950231551404E-04 -1.993427174042E+03  4.791060731256E+02  1.226227055183E+05 -5.395642760124E-04 -4.882812500000E-04   1   5
  6.618141592266E-04 -2.451144395145E-04 -2.335243301221E-04  1.447641940378E+03 -2.086163643179E+00  1.049531194023E+05 -7.376603947957E-04 -4.882812500000E-04   1   5
 -7.397830858278E-05  4.591915935933E-04 -7.040732612280E-04 -4.160265086713E+02  3.752518183079E+03  2.099555171161E+05 -1.038106603982E-03 -4.882812500000E-04   1   5
  5.283331368652E-04  7.881199081029E-04  7.152968196267E-04  3.263504103585E+03  4.253423256180E+03 -2.912723843574E+05  1.227106456492E-03 -4.882812500000E-04   1   5
 -5.875801615648E-04  8.044653946596E-04  6.850701549865E-04 -4.157606108303E+03  5.403934515125E+03 -2.772873829892E+05  1.184271691386E-03 -4.882812500000E-04   1   5
  4.563466480647E-04 -6.128668326131E-04  1.449727745841E-04  2.142534112394E+03 -2.558570426394E+03 -6.384756417512E+04  2.800405696082E-04 -4.882812500000E-04   1   5
  2.754884172170E-04 -5.058990163194E-04 -7.529522047811E-04  9.027628058187E+02 -1.738074697151E+03  2.341023125385E+05 -1.495784748888E-03 -4.882812500000E-04   1   5
 -4.613802724877E-05 -2.682221416191E-04 -3.925526929907E-04 -1.277077205978E+02 -2.005875896579E+03  1.504086311893E+05 -6.702972779937E-04 -4.882812500000E-04   1   5
  4.299348191681E-04 -3.317433354871E-04  7.624434706468E-04  9.708832848201E+02 -7.694274737792E+02 -3.111734533637E+05  1.396563142816E-03 -4.882812500000E-04   1   5
 -4.410230806007E-04  6.195155270074E-04 -3.029872855009E-05 -1.279406452006E+03  2.251085993484E+03  1.960885946941E+04 -3.754261476097E-05 -4.882812500000E-04   1   5
 -8.051812920878E-04 -2.819283035305E-04  3.550418128535E-04 -2.980877385339E+03 -1.274399230588E+03 -1.527613272657E+05  7.661222535784E-04 -4.882812500000E-04   1   5
  6.034751813154E-04  3.777067934536E-04  4.839580901645E-04  1.229577313451E+03  8.505664661649E+02 -2.139183724165E+05  1.016738783720E-03 -4.882812500000E-04   1   5
  1.418537981936E-04 -8.005161285606E-05 -1.502376973272E-05  2.485528302389E+02 -1.845479861288E+02  7.978376981668E+03  3.661701775570E-06 -4.882812500000E-04   1   5
 -6.164240376714E-04 -3.401951114923E-04 -6.754919300014E-04 -2.538239467457E+03 -1.676888763414E+03  2.168717602936E+05 -1.244005439332E-03 -4.882812500000E-04   1   5
 -5.084016132883E-06  5.798348947558E-04 -3.854132533130E-04  4.735351567163E+02 -2.775342336507E+02  1.518835819958E+05 -7.772944314830E-04 -4.882812500000E-04   1   5
  2.653083303928E-04 -5.776511671503E-04  6.090269171999E-05  7.841483093519E+02 -1.955211775397E+03 -2.709310447206E+04  9.021100514595E-05 -4.882812500000E-04   1   5
  4.854470262622E-05 -2.524595582215E-04 -2.233289906974E-04 -2.091278000096E+02  1.815761358092E+02  9.799298944043E+04 -3.562955442487E-04 -4.882812500000E-04   1   5
 -6.581449343014E-04 -8.176942663886E-05  4.409209249272E-04 -2.337581484949E+03 -3.614271848757E+02 -1.941259220251E+05  8.679190524479E-04 -4.882812500000E-04   1   5
  4.756564310593E-04 -4.401629225525E-04 -3.269349202064E-04  6.327386077165E+02 -2.531407167378E+02  1.367852709775E+05 -1.010469244809E-03 -4.882812500000E-04   1   5
  3.176552161420E-04 -2.640370744013E-04 -7.066070574164E-04  4.034419895755E+02  6.695385736590E+02  2.261346571493E+05 -1.545547545247E-03 -4.882812500000E-04   1   5
  2.835419237130E-04 -2.877144791822E-04  1.612021037309E-04  6.931645451527E+02 -1.004859226397E+03 -7.218969321968E+04  3.646771788492E-04 -4.882812500000E-04   1   5
  1.904257551770E-04  4.138435851069E-04 -8.303137540029E-04  2.968677930832E+02  1.244534992934E+03  2.459358947338E+05 -1.410969675980E-03 -4.882812500000E-04   1   5
 -1.425248833054E-04  4.603671154322E-04 -7.893160800179E-04 -8.607088847917E+01  1.121618891234E+03  2.398466709637E+05 -1.497562063513E-03 -4.882812500000E-04   1   5
  5.721433858422E-04  4.580546163614E-04  5.638659376577E-04  1.611183090378E+03  1.651923322104E+03 -2.460153095247E+05  1.108780062040E-03 -4.882812500000E-04   1   5
  6.082080079242E-04 -1.670929092523E-04  2.979613095531E-04  6.908300774321E+02  6.245135637007E+00 -1.272982730961E+05  6.090146015989E-04 -4.882812500000E-04   1   5
 -7.396803386552E-04 -2.874859394000E-04 -3.430147934891E-05 -2.472470120324E+03 -1.109589628699E+03  2.185143064845E+04 -8.221945897269E-05 -4.882812500000E-04   1   5
 -7.931466183247E-04  3.080019150758E-04  5.087292544133E-04 -3.041628918724E+03  6.809714198031E+02 -2.243907554747E+05  1.054606570943E-03 -4.882812500000E-04   1   5
  1.807246547677E-04  2.758385804437E-04  5.491231729913E-04  1.509574143372E+02 -2.132273382997E+02 -2.402013991884E+05  1.055156571168E-03 -4.882812500000E-04   1   5
 -7.347822543020E-04  2.189583037372E-05  7.897654419788E-04 -5.741517127036E+03  1.455550864235E+02 -3.061557775490E+05  1.270288273059E-03 -4.882812500000E-04   1   5
  4.561029490479E-04 -3.127557594775E-04 -6.308752783513E-04  3.047464528995E+02 -8.327191004544E+02  2.108165645913E+05 -1.294368956218E-03 -4.882812500000E-04   1   5
 -1.208166092468E-04 -7.267814579849E-04  8.579284197996E-05 -1.470083828129E+02 -1.690554903237E+03 -3.554422790328E+04  1.121733496028E-04 -4.882812500000E-04   1   5
  2.034023095374E-04 -5.513596342731E-04  1.411075530777E-05  9.576490798525E+02 -2.430915244681E+03 -5.527455415867E+03  8.676095939109E-05 -4.882812500000E-04   1   5
  5.118566959023E-04  1.113279799414E-05 -5.997743922417E-04  2.309106974158E+03  4.370210732929E+02  1.963343275396E+05 -9.221429933284E-04 -4.882812500000E-04   1   5
 -1.639294976571E-04 -4.770257754702E-04 -1.016757163739E-04 -8.185426365420E+02 -1.746613347154E+03  4.906719160623E+04 -1.326055709860E-04 -4.882812500000E-04   1   5
 -3.753082897455E-04  4.282711438893E-04  2.393046359832E-04 -1.688216261944E+03  1.516843704767E+03 -1.032971140505E+05  5.021144400548E-04 -4.882812500000E-04   1   5
  1.098325351520E-04 -1.552709529344E-04  1.354817522796E-04  6.613576028903E+02 -9.938253943666E+02 -6.208238772709E+04  2.543193693594E-04 -4.882812500000E-04   1   5
 -7.513961529396E-04  1.798521698562E-04 -5.471092363138E-04 -2.822545471122E+03  1.061676298029E+03  1.910287085288E+05 -1.043844537147E-03 -4.882812500000E-04   1   5
 -4.984210104677E-04  2.215751387892E-05 -2.155180331429E-04 -3.420299959635E+03  3.209017898457E+02  9.359469891929E+04 -3.364135015733E-04 -4.882812500000E-04   1   5
 -1.089125466723E-04 -3.351547021278E-05  6.668163967833E-04 -9.836576019584E+02 -4.412760620678E+02 -2.684601778448E+05  1.072088268080E-03 -4.882812500000E-04   1   5
 -1.086122768216E-04  7.083663757642E-04 -2.808093354001E-04 -1.952482780532E+02  2.485454407815E+03  1.199611229020E+05 -5.602859117690E-04 -4.882812500000E-04   1   5
  1.236628490101E-04  1.634574101251E-04 -6.208555352298E-04  1.507261799578E+03  9.926896828766E+02  1.985444670651E+05 -9.659748211348E-04 -4.882812500000E-04   1   5
  4.414382717867E-04  5.078669264272E-04  2.094318895001E-04  1.536238746928E+03  1.870461870700E+03 -9.069173159206E+04  3.827715246203E-04 -4.882812500000E-04   1   5
  4.195391280914E-04 -3.612997224578E-04 -1.421959223959E-04  2.227770079770E+03 -1.951720984187E+03  6.546188777072E+04 -2.873498585707E-04 -4.882812500000E-04   1   5
 -5.637987201041E-04  8.721819491179E-04 -7.980151722631E-04 -4.192674956696E+03  6.700972063282E+03  2.332810561538E+05 -1.312640562636E-03 -4.882812500000E-04   1   5
 -3.691564360811E-04  3.484922927019E-04 -2.230015343061E-04 -1.032055511561E+03  1.257078876815E+03  9.846126469467E+04 -3.696875744250E-04 -4.882812500000E-04   1   5
 -4.582360573684E-04  6.757549230692E-04  6.299815567741E-04 -2.060729942558E+03  2.206911990724E+03 -2.686084369735E+05  1.200111273864E-03 -4.882812500000E-04   1   5
  4.450872545053E-04 -4.598609979883E-04  2.781652480506E-04  2.507136649378E+03 -2.401818197642E+03 -1.192271999402E+05  5.363907190077E-04 -4.882812500000E-04   1   5
 -8.485376813871E-05 -2.666366732245E-04 -4.291293969443E-04 -4.158196608762E+02 -1.450849161428E+03  1.595974581459E+05 -7.866484993322E-04 -4.882812500000E-04   1   5
  7.557352745867E-04  3.476174118924E-04 -7.920331291742E-04  5.458754659365E+03  2.579159506346E+03  2.305888193679E+05 -1.236304948293E-03 -4.882812500000E-04   1   5
 -8.222194789320E-04 -6.791439629074E-06  3.239052043491E-04 -4.034232131553E+03 -2.515148224300E+02 -1.380892356508E+05  6.452349370392E-04 -4.882812500000E-04   1   5
 -9.687653559545E-05  7.355626565967E-04  5.378234056330E-04  1.063379427661E+02  2.400622495774E+03 -2.361332475654E+05  1.076108200747E-03 -4.882812500000E-04   1   5
  4.983261205672E-04  1.602987494697E-04 -2.292166134241E-04  1.679003496652E+03  7.138848878221E+02  1.009671487812E+05 -4.235893159539E-04 -4.882812500000E-04   1   5
 -9.974071841386E-04  2.893498853064E-04  6.604313193894E-04 -6.626986599070E+03  1.677363521060E+03 -2.718220446763E+05  1.163740784804E-03 -4.882812500000E-04   1   5
 -8.177218032545E-04  6.321644659858E-04 -6.918831406484E-04 -6.436295723283E+03  4.953251468436E+03  2.124042778533E+05 -1.178272913545E-03 -4.882812500000E-04   1   5
  5.432004732097E-04 -8.860641428820E-05 -6.620196567257E-04  7.804406640562E+02 -1.864609707033E+02  2.171055097143E+05 -1.323409995949E-03 -4.882812500000E-04   1   5
 -8.691781495078E-04 -1.355437013885E-04  1.387803961101E-04 -3.414599293450E+03 -6.287114940921E+02 -5.926872260682E+04  2.893144550917E-04 -4.882812500000E-04   1   5
 -4.438811447286E-04 -4.147461111032E-04 -7.782902886975E-04 -2.258301041196E+03 -1.442279906378E+03  2.370661784818E+05 -1.436184320646E-03 -4.882812500000E-04   1   5
  6.351001956517E-04  1.123972426180E-04  1.448020447028E-04  2.499859324822E+03  3.398802511563E+02 -6.499326126852E+04  3.323929274934E-04 -4.882812500000E-04   1   5
  5.762157718617E-04 -4.456441415082E-04 -6.305463980514E-04  2.833982095440E+03 -2.586161702710E+03  2.047433762688E+05 -1.042241754396E-03 -4.882812500000E-04   1   5
  2.961097960286E-04 -2.113324635176E-04  2.637696996861E-04  1.155970568552E+03 -9.590354394912E+02 -1.143940259208E+05  5.217643085196E-04 -4.882812500000E-04   1   5
  7.040131398033E-04 -6.344442590979E-05 -1.433133627327E-04  2.595786050466E+03 -4.717195410555E+02  6.904133249450E+04 -2.953891359532E-04 -4.882812500000E-04   1   5
  8.788207171289E-04  5.779888919865E-04 -7.868244662834E-04  6.754628029506E+03  4.437705674807E+03  2.307382925111E+05 -1.295954968240E-03 -4.882812500000E-04   1   5
 -3.703050989421E-04  4.121578327872E-04 -6.296520897897E-04 -1.587785042591E+03  1.981545394469E+03  2.019324064258E+05 -9.931530447265E-04 -4.882812500000E-04   1   5
  3.072214739023E-05 -3.451991116515E-04  1.018374816333E-04  3.507778582799E+00 -9.833727150525E+02 -4.744860823132E+04  2.605528389772E-04 -4.882812500000E-04   1   5
 -1.831360966298E-04 -3.756824649709E-04  6.141827378148E-05 -8.364263795011E+02 -1.260126819110E+03 -2.897553689865E+04  1.479064863634E-04 -4.882812500000E-04   1   5
 -2.866769345508E-04  6.635638643832E-04 -1.541423312887E-04 -5.735234121968E+02  1.170699534946E+03  7.408770098209E+04 -4.215970047667E-04 -4.882812500000E-04   1   5
 -4.637845500926E-04  2.885852751783E-04  8.486169633168E-04 -2.546240634858E+03  1.103097363665E+03 -3.358223494739E+05  1.381513893158E-03 -4.882812500000E-04   1   5
 -4.990154176046E-04  4.608727252296E-04  2.269782566868E-04 -1.714483148752E+03  1.462079402923E+03 -9.756886222298E+04  4.130029428602E-04 -4.882812500000E-04   1   5
 -2.698102050770E-04  5.898776528590E-05 -8.516608818372E-04 -2.546485638948E+03  3.321894280416E+02  2.385441433515E+05 -1.426508667860E-03 -4.882812500000E-04   1   5
 -6.177444530311E-04  6.075460156992E-04  1.897185891555E-04 -3.084986242502E+03  2.830014938637E+03 -8.182940336681E+04  3.681266580866E-04 -4.882812500000E-04   1   5
 -2.118907747772E-04 -6.732104457153E-04  1.409094669391E-06 -3.646738503245E+02 -2.368146940566E+03  3.726362636723E+03  2.671437771440E-05 -4.882812500000E-04   1   5
