  3.1727E-03  2.2713E-02  3.2835E-01  3.1150E-01  3.8481E+01  3.9263E-01  3.8461E+01
  6.4092E-03  3.5313E-02  6.8158E-01  3.6153E-01  4.4728E+01  6.4657E-01  4.4692E+01
  9.6328E-03  4.6934E-02  1.0189E+00  3.7983E-01  4.5294E+01  8.1641E-01  4.5243E+01
  1.2829E-02  5.8134E-02  1.3141E+00  3.8860E-01  4.2863E+01  9.4690E-01  4.2794E+01
  1.6055E-02  6.9286E-02  1.5496E+00  3.9365E-01  3.8187E+01  1.0621E+00  3.8091E+01
  1.9266E-02  8.0317E-02  1.7068E+00  3.9685E-01  3.2199E+01  1.1700E+00  3.2064E+01
  2.2476E-02  9.1315E-02  1.7856E+00  3.9908E-01  2.6067E+01  1.2747E+00  2.5871E+01
  2.5687E-02  1.0230E-01  1.8014E+00  4.0077E-01  2.1152E+01  1.3726E+00  2.0873E+01
  2.8898E-02  1.1329E-01  1.7849E+00  4.0220E-01  1.8428E+01  1.4579E+00  1.8068E+01
  3.2109E-02  1.2429E-01  1.7735E+00  4.0355E-01  1.8025E+01  1.5245E+00  1.7624E+01
  3.5320E-02  1.3528E-01  1.8010E+00  4.0494E-01  1.9367E+01  1.5730E+00  1.8973E+01
  3.8531E-02  1.4625E-01  1.8899E+00  4.0635E-01  2.1634E+01  1.6111E+00  2.1267E+01
  4.1742E-02  1.5720E-01  2.0499E+00  4.0768E-01  2.4084E+01  1.6455E+00  2.3744E+01
  4.4953E-02  1.6812E-01  2.2792E+00  4.0884E-01  2.6194E+01  1.6795E+00  2.5870E+01
  4.8164E-02  1.7899E-01  2.5672E+00  4.0977E-01  2.7619E+01  1.7118E+00  2.7302E+01
  5.1375E-02  1.8984E-01  2.8968E+00  4.1048E-01  2.8130E+01  1.7414E+00  2.7809E+01
  5.4490E-02  2.0034E-01  3.2366E+00  4.1099E-01  2.7597E+01  1.7667E+00  2.7260E+01
  5.7797E-02  2.1147E-01  3.5946E+00  4.1138E-01  2.5844E+01  1.7941E+00  2.5473E+01
  6.0922E-02  2.2197E-01  3.9084E+00  4.1164E-01  2.3098E+01  1.8176E+00  2.2672E+01
  6.4218E-02  2.3304E-01  4.1919E+00  4.1184E-01  1.9155E+01  1.8443E+00  1.8625E+01
  6.7348E-02  2.4354E-01  4.4015E+00  4.1197E-01  1.4917E+01  1.8696E+00  1.4210E+01
  7.0640E-02  2.5458E-01  4.5537E+00  4.1206E-01  1.0793E+01  1.8936E+00  9.7652E+00
  7.3772E-02  2.6508E-01  4.6393E+00  4.1211E-01  8.0057E+00  1.9127E+00  6.5229E+00
  7.7062E-02  2.7611E-01  4.6823E+00  4.1216E-01  6.5681E+00  1.9301E+00  4.6054E+00
  8.0194E-02  2.8661E-01  4.6952E+00  4.1219E-01  6.2131E+00  1.9462E+00  4.0385E+00
  8.3484E-02  2.9763E-01  4.6937E+00  4.1223E-01  6.3888E+00  1.9639E+00  4.2569E+00
  8.6616E-02  3.0813E-01  4.6870E+00  4.1227E-01  6.8226E+00  1.9809E+00  4.8437E+00
  8.9906E-02  3.1916E-01  4.6797E+00  4.1232E-01  7.4008E+00  1.9994E+00  5.5909E+00
  9.3038E-02  3.2966E-01  4.6751E+00  4.1237E-01  7.8875E+00  2.0168E+00  6.1881E+00
  9.6328E-02  3.4069E-01  4.6725E+00  4.1243E-01  8.2449E+00  2.0348E+00  6.6059E+00
  9.9460E-02  3.5119E-01  4.6714E+00  4.1249E-01  8.4697E+00  2.0509E+00  6.8567E+00
  1.0275E-01  3.6222E-01  4.6709E+00  4.1255E-01  8.6412E+00  2.0672E+00  7.0400E+00
  1.0588E-01  3.7272E-01  4.6706E+00  4.1261E-01  8.7765E+00  2.0823E+00  7.1804E+00
  1.0917E-01  3.8375E-01  4.6706E+00  4.1268E-01  8.9055E+00  2.0979E+00  7.3120E+00
  1.1230E-01  3.9425E-01  4.6705E+00  4.1274E-01  9.0201E+00  2.1120E+00  7.4283E+00
  1.1559E-01  4.0528E-01  4.6705E+00  4.1281E-01  9.1348E+00  2.1259E+00  7.5448E+00
  1.1873E-01  4.1578E-01  4.6705E+00  4.1288E-01  9.2432E+00  2.1390E+00  7.6548E+00
  1.2202E-01  4.2681E-01  4.6706E+00  4.1295E-01  9.3566E+00  2.1525E+00  7.7700E+00
  1.2515E-01  4.3731E-01  4.6706E+00  4.1301E-01  9.4643E+00  2.1652E+00  7.8796E+00
  1.2844E-01  4.4834E-01  4.6706E+00  4.1308E-01  9.5774E+00  2.1784E+00  7.9947E+00
  1.3157E-01  4.5884E-01  4.6706E+00  4.1315E-01  9.6849E+00  2.1907E+00  8.1044E+00
  1.3486E-01  4.6986E-01  4.6706E+00  4.1322E-01  9.7952E+00  2.2030E+00  8.2171E+00
  1.3799E-01  4.8036E-01  4.6706E+00  4.1328E-01  9.8999E+00  2.2146E+00  8.3243E+00
  1.4128E-01  4.9139E-01  4.6706E+00  4.1335E-01  1.0010E+01  2.2265E+00  8.4371E+00
  1.4441E-01  5.0189E-01  4.6706E+00  4.1342E-01  1.0115E+01  2.2376E+00  8.5445E+00
  1.4770E-01  5.1292E-01  4.6706E+00  4.1348E-01  1.0225E+01  2.2492E+00  8.6575E+00
  1.5083E-01  5.2342E-01  4.6706E+00  4.1355E-01  1.0329E+01  2.2601E+00  8.7651E+00
  1.5412E-01  5.3445E-01  4.6706E+00  4.1362E-01  1.0439E+01  2.2713E+00  8.8780E+00
  1.5726E-01  5.4495E-01  4.6706E+00  4.1368E-01  1.0543E+01  2.2818E+00  8.9851E+00
  1.6055E-01  5.5597E-01  4.6706E+00  4.1375E-01  1.0652E+01  2.2927E+00  9.0977E+00
  1.6368E-01  5.6647E-01  4.6706E+00  4.1381E-01  1.0757E+01  2.3030E+00  9.2051E+00
  1.6697E-01  5.7750E-01  4.6706E+00  4.1388E-01  1.0866E+01  2.3137E+00  9.3179E+00
  1.7010E-01  5.8800E-01  4.6706E+00  4.1394E-01  1.0971E+01  2.3239E+00  9.4254E+00
  1.7339E-01  5.9903E-01  4.6706E+00  4.1400E-01  1.1080E+01  2.3344E+00  9.5384E+00
  1.7652E-01  6.0953E-01  4.6706E+00  4.1407E-01  1.1186E+01  2.3445E+00  9.6467E+00
  1.7981E-01  6.2055E-01  4.6706E+00  4.1413E-01  1.1296E+01  2.3551E+00  9.7605E+00
  1.8294E-01  6.3105E-01  4.6705E+00  4.1419E-01  1.1402E+01  2.3652E+00  9.8689E+00
  1.8623E-01  6.4208E-01  4.6705E+00  4.1426E-01  1.1513E+01  2.3757E+00  9.9829E+00
  1.8937E-01  6.5258E-01  4.6705E+00  4.1432E-01  1.1619E+01  2.3857E+00  1.0091E+01
  1.9266E-01  6.6361E-01  4.6705E+00  4.1439E-01  1.1730E+01  2.3962E+00  1.0205E+01
  1.9579E-01  6.7411E-01  4.6705E+00  4.1445E-01  1.1836E+01  2.4063E+00  1.0315E+01
  1.9908E-01  6.8513E-01  4.6705E+00  4.1452E-01  1.1949E+01  2.4169E+00  1.0430E+01
  2.0221E-01  6.9563E-01  4.6705E+00  4.1458E-01  1.2056E+01  2.4271E+00  1.0540E+01
  2.0550E-01  7.0666E-01  4.6705E+00  4.1465E-01  1.2169E+01  2.4378E+00  1.0655E+01
  2.0863E-01  7.1716E-01  4.6705E+00  4.1471E-01  1.2277E+01  2.4479E+00  1.0765E+01
  2.1192E-01  7.2818E-01  4.6705E+00  4.1478E-01  1.2390E+01  2.4586E+00  1.0880E+01
  2.1505E-01  7.3868E-01  4.6705E+00  4.1485E-01  1.2498E+01  2.4688E+00  1.0990E+01
  2.1834E-01  7.4971E-01  4.6705E+00  4.1492E-01  1.2612E+01  2.4797E+00  1.1106E+01
  2.2148E-01  7.6021E-01  4.6705E+00  4.1498E-01  1.2722E+01  2.4902E+00  1.1218E+01
  2.2476E-01  7.7124E-01  4.6705E+00  4.1506E-01  1.2837E+01  2.5012E+00  1.1334E+01
  2.2790E-01  7.8174E-01  4.6705E+00  4.1512E-01  1.2947E+01  2.5118E+00  1.1446E+01
  2.3119E-01  7.9276E-01  4.6705E+00  4.1520E-01  1.3062E+01  2.5228E+00  1.1562E+01
  2.3432E-01  8.0326E-01  4.6705E+00  4.1527E-01  1.3172E+01  2.5334E+00  1.1674E+01
  2.3761E-01  8.1429E-01  4.6705E+00  4.1534E-01  1.3288E+01  2.5445E+00  1.1791E+01
  2.4074E-01  8.2479E-01  4.6705E+00  4.1541E-01  1.3399E+01  2.5553E+00  1.1904E+01
  2.4403E-01  8.3581E-01  4.6704E+00  4.1549E-01  1.3516E+01  2.5667E+00  1.2022E+01
  2.4716E-01  8.4631E-01  4.6704E+00  4.1556E-01  1.3628E+01  2.5775E+00  1.2135E+01
  2.5045E-01  8.5734E-01  4.6704E+00  4.1563E-01  1.3745E+01  2.5889E+00  1.2253E+01
  2.5358E-01  8.6784E-01  4.6704E+00  4.1571E-01  1.3857E+01  2.5997E+00  1.2365E+01
  2.5687E-01  8.7887E-01  4.6704E+00  4.1579E-01  1.3974E+01  2.6111E+00  1.2484E+01
  2.6001E-01  8.8937E-01  4.6704E+00  4.1586E-01  1.4088E+01  2.6224E+00  1.2598E+01
  2.6330E-01  9.0039E-01  4.6704E+00  4.1594E-01  1.4208E+01  2.6343E+00  1.2718E+01
  2.6643E-01  9.1089E-01  4.6704E+00  4.1602E-01  1.4322E+01  2.6456E+00  1.2832E+01
  2.6972E-01  9.2192E-01  4.6704E+00  4.1610E-01  1.4441E+01  2.6575E+00  1.2952E+01
  2.7285E-01  9.3242E-01  4.6704E+00  4.1617E-01  1.4555E+01  2.6689E+00  1.3067E+01
  2.7614E-01  9.4344E-01  4.6704E+00  4.1626E-01  1.4675E+01  2.6809E+00  1.3187E+01
  2.7927E-01  9.5394E-01  4.6704E+00  4.1634E-01  1.4790E+01  2.6923E+00  1.3301E+01
  2.8256E-01  9.6497E-01  4.6704E+00  4.1642E-01  1.4912E+01  2.7045E+00  1.3423E+01
  2.8569E-01  9.7547E-01  4.6704E+00  4.1650E-01  1.5027E+01  2.7162E+00  1.3539E+01
  2.8898E-01  9.8650E-01  4.6704E+00  4.1658E-01  1.5149E+01  2.7284E+00  1.3660E+01
  2.9212E-01  9.9700E-01  4.6704E+00  4.1667E-01  1.5265E+01  2.7401E+00  1.3776E+01
  2.9540E-01  1.0080E+00  4.6704E+00  4.1675E-01  1.5387E+01  2.7523E+00  1.3897E+01
  2.9854E-01  1.0185E+00  4.6703E+00  4.1684E-01  1.5503E+01  2.7640E+00  1.4013E+01
  3.0183E-01  1.0295E+00  4.6703E+00  4.1692E-01  1.5626E+01  2.7766E+00  1.4136E+01
  3.0496E-01  1.0400E+00  4.6703E+00  4.1701E-01  1.5743E+01  2.7886E+00  1.4253E+01
  3.0825E-01  1.0511E+00  4.6703E+00  4.1710E-01  1.5867E+01  2.8012E+00  1.4375E+01
  3.1138E-01  1.0616E+00  4.6703E+00  4.1718E-01  1.5984E+01  2.8132E+00  1.4492E+01
  3.1467E-01  1.0726E+00  4.6703E+00  4.1728E-01  1.6108E+01  2.8259E+00  1.4615E+01
  3.1780E-01  1.0831E+00  4.6703E+00  4.1736E-01  1.6226E+01  2.8379E+00  1.4732E+01
  3.2109E-01  1.0941E+00  4.6703E+00  4.1746E-01  1.6350E+01  2.8508E+00  1.4856E+01
  3.2422E-01  1.1046E+00  4.6703E+00  4.1755E-01  1.6469E+01  2.8632E+00  1.4974E+01
  3.2751E-01  1.1157E+00  4.6703E+00  4.1764E-01  1.6595E+01  2.8763E+00  1.5098E+01
  3.3065E-01  1.1262E+00  4.6703E+00  4.1773E-01  1.6715E+01  2.8888E+00  1.5217E+01
  3.3394E-01  1.1372E+00  4.6703E+00  4.1783E-01  1.6840E+01  2.9019E+00  1.5341E+01
  3.3707E-01  1.1477E+00  4.6703E+00  4.1792E-01  1.6960E+01  2.9144E+00  1.5460E+01
  3.4036E-01  1.1587E+00  4.6703E+00  4.1801E-01  1.7085E+01  2.9276E+00  1.5584E+01
  3.4349E-01  1.1692E+00  4.6703E+00  4.1811E-01  1.7206E+01  2.9404E+00  1.5703E+01
  3.4678E-01  1.1802E+00  4.6703E+00  4.1821E-01  1.7334E+01  2.9539E+00  1.5829E+01
  3.4991E-01  1.1907E+00  4.6703E+00  4.1830E-01  1.7455E+01  2.9667E+00  1.5949E+01
  3.5320E-01  1.2018E+00  4.6702E+00  4.1840E-01  1.7582E+01  2.9802E+00  1.6075E+01
  3.5633E-01  1.2123E+00  4.6702E+00  4.1850E-01  1.7703E+01  2.9931E+00  1.6194E+01
  3.5962E-01  1.2233E+00  4.6702E+00  4.1860E-01  1.7831E+01  3.0067E+00  1.6320E+01
  3.6276E-01  1.2338E+00  4.6702E+00  4.1870E-01  1.7952E+01  3.0197E+00  1.6440E+01
  3.6605E-01  1.2448E+00  4.6702E+00  4.1880E-01  1.8081E+01  3.0336E+00  1.6567E+01
  3.6918E-01  1.2553E+00  4.6702E+00  4.1890E-01  1.8204E+01  3.0468E+00  1.6688E+01
  3.7247E-01  1.2663E+00  4.6702E+00  4.1900E-01  1.8333E+01  3.0607E+00  1.6815E+01
  3.7560E-01  1.2768E+00  4.6702E+00  4.1910E-01  1.8456E+01  3.0739E+00  1.6936E+01
  3.7889E-01  1.2879E+00  4.6702E+00  4.1921E-01  1.8585E+01  3.0879E+00  1.7063E+01
  3.8202E-01  1.2984E+00  4.6702E+00  4.1931E-01  1.8708E+01  3.1012E+00  1.7184E+01
  3.8531E-01  1.3094E+00  4.6702E+00  4.1942E-01  1.8838E+01  3.1154E+00  1.7312E+01
  3.8844E-01  1.3199E+00  4.6702E+00  4.1952E-01  1.8962E+01  3.1290E+00  1.7434E+01
  3.9173E-01  1.3309E+00  4.6702E+00  4.1963E-01  1.9093E+01  3.1433E+00  1.7562E+01
  3.9487E-01  1.3414E+00  4.6702E+00  4.1974E-01  1.9217E+01  3.1569E+00  1.7684E+01
  3.9815E-01  1.3524E+00  4.6702E+00  4.1985E-01  1.9348E+01  3.1713E+00  1.7813E+01
  4.0129E-01  1.3629E+00  4.6702E+00  4.1996E-01  1.9472E+01  3.1850E+00  1.7935E+01
  4.0458E-01  1.3740E+00  4.6702E+00  4.2007E-01  1.9603E+01  3.1995E+00  1.8063E+01
  4.0771E-01  1.3845E+00  4.6702E+00  4.2018E-01  1.9730E+01  3.2136E+00  1.8187E+01
  4.1100E-01  1.3955E+00  4.6701E+00  4.2029E-01  1.9863E+01  3.2285E+00  1.8317E+01
  4.1413E-01  1.4060E+00  4.6701E+00  4.2040E-01  1.9989E+01  3.2426E+00  1.8441E+01
  4.1742E-01  1.4170E+00  4.6701E+00  4.2052E-01  2.0122E+01  3.2575E+00  1.8571E+01
  4.2055E-01  1.4275E+00  4.6701E+00  4.2063E-01  2.0248E+01  3.2717E+00  1.8695E+01
  4.2384E-01  1.4385E+00  4.6701E+00  4.2074E-01  2.0381E+01  3.2866E+00  1.8824E+01
  4.2697E-01  1.4490E+00  4.6701E+00  4.2086E-01  2.0508E+01  3.3009E+00  1.8949E+01
  4.3026E-01  1.4601E+00  4.6701E+00  4.2098E-01  2.0643E+01  3.3160E+00  1.9081E+01
  4.3340E-01  1.4706E+00  4.6701E+00  4.2109E-01  2.0771E+01  3.3303E+00  1.9206E+01
  4.3669E-01  1.4816E+00  4.6701E+00  4.2121E-01  2.0905E+01  3.3454E+00  1.9337E+01
  4.3982E-01  1.4921E+00  4.6701E+00  4.2133E-01  2.1033E+01  3.3598E+00  1.9463E+01
  4.4311E-01  1.5031E+00  4.6701E+00  4.2145E-01  2.1167E+01  3.3749E+00  1.9594E+01
  4.4624E-01  1.5136E+00  4.6701E+00  4.2157E-01  2.1295E+01  3.3894E+00  1.9719E+01
  4.4953E-01  1.5246E+00  4.6701E+00  4.2169E-01  2.1431E+01  3.4049E+00  1.9852E+01
  4.5266E-01  1.5351E+00  4.6701E+00  4.2181E-01  2.1561E+01  3.4196E+00  1.9979E+01
  4.5595E-01  1.5462E+00  4.6701E+00  4.2193E-01  2.1697E+01  3.4352E+00  2.0111E+01
  4.5908E-01  1.5567E+00  4.6701E+00  4.2205E-01  2.1826E+01  3.4499E+00  2.0238E+01
  4.6237E-01  1.5677E+00  4.6701E+00  4.2218E-01  2.1962E+01  3.4655E+00  2.0370E+01
  4.6551E-01  1.5782E+00  4.6700E+00  4.2230E-01  2.2091E+01  3.4803E+00  2.0496E+01
  4.6879E-01  1.5892E+00  4.6700E+00  4.2243E-01  2.2228E+01  3.4958E+00  2.0630E+01
  4.7193E-01  1.5997E+00  4.6700E+00  4.2255E-01  2.2359E+01  3.5105E+00  2.0758E+01
  4.7522E-01  1.6107E+00  4.6700E+00  4.2268E-01  2.2496E+01  3.5259E+00  2.0892E+01
  4.7835E-01  1.6212E+00  4.6700E+00  4.2281E-01  2.2627E+01  3.5407E+00  2.1020E+01
  4.8164E-01  1.6323E+00  4.6700E+00  4.2294E-01  2.2764E+01  3.5561E+00  2.1154E+01
  4.8477E-01  1.6428E+00  4.6700E+00  4.2307E-01  2.2895E+01  3.5709E+00  2.1282E+01
  4.8806E-01  1.6538E+00  4.6700E+00  4.2320E-01  2.3032E+01  3.5864E+00  2.1416E+01
  4.9119E-01  1.6643E+00  4.6700E+00  4.2333E-01  2.3164E+01  3.6012E+00  2.1545E+01
  4.9448E-01  1.6753E+00  4.6700E+00  4.2346E-01  2.3302E+01  3.6168E+00  2.1681E+01
  4.9761E-01  1.6858E+00  4.6700E+00  4.2359E-01  2.3434E+01  3.6317E+00  2.1809E+01
  5.0090E-01  1.6969E+00  4.6700E+00  4.2373E-01  2.3572E+01  3.6473E+00  2.1945E+01
  5.0404E-01  1.7074E+00  4.6700E+00  4.2386E-01  2.3704E+01  3.6621E+00  2.2073E+01
  5.0733E-01  1.7184E+00  4.6700E+00  4.2400E-01  2.3842E+01  3.6778E+00  2.2208E+01
  5.1046E-01  1.7289E+00  4.6700E+00  4.2413E-01  2.3975E+01  3.6929E+00  2.2338E+01
  5.1375E-01  1.7399E+00  4.6700E+00  4.2427E-01  2.4115E+01  3.7088E+00  2.2474E+01
  5.1688E-01  1.7504E+00  4.6699E+00  4.2441E-01  2.4248E+01  3.7240E+00  2.2604E+01
  5.2017E-01  1.7614E+00  4.6699E+00  4.2455E-01  2.4387E+01  3.7400E+00  2.2740E+01
  5.2330E-01  1.7719E+00  4.6699E+00  4.2469E-01  2.4520E+01  3.7552E+00  2.2870E+01
  5.2659E-01  1.7830E+00  4.6699E+00  4.2483E-01  2.4660E+01  3.7712E+00  2.3006E+01
  5.2972E-01  1.7935E+00  4.6699E+00  4.2497E-01  2.4793E+01  3.7864E+00  2.3136E+01
  5.3301E-01  1.8045E+00  4.6699E+00  4.2511E-01  2.4934E+01  3.8020E+00  2.3275E+01
  5.3615E-01  1.8150E+00  4.6699E+00  4.2525E-01  2.5069E+01  3.8168E+00  2.3407E+01
  5.3944E-01  1.8260E+00  4.6699E+00  4.2540E-01  2.5210E+01  3.8324E+00  2.3545E+01
  5.4257E-01  1.8365E+00  4.6699E+00  4.2554E-01  2.5345E+01  3.8473E+00  2.3677E+01
  5.4586E-01  1.8475E+00  4.6699E+00  4.2569E-01  2.5486E+01  3.8630E+00  2.3816E+01
  5.4899E-01  1.8580E+00  4.6699E+00  4.2583E-01  2.5621E+01  3.8778E+00  2.3947E+01
  5.5228E-01  1.8691E+00  4.6699E+00  4.2598E-01  2.5763E+01  3.8937E+00  2.4087E+01
  5.5541E-01  1.8796E+00  4.6699E+00  4.2612E-01  2.5899E+01  3.9089E+00  2.4221E+01
  5.5870E-01  1.8906E+00  4.6699E+00  4.2627E-01  2.6043E+01  3.9249E+00  2.4361E+01
  5.6183E-01  1.9011E+00  4.6699E+00  4.2642E-01  2.6179E+01  3.9401E+00  2.4494E+01
  5.6512E-01  1.9121E+00  4.6699E+00  4.2657E-01  2.6322E+01  3.9561E+00  2.4634E+01
  5.6826E-01  1.9226E+00  4.6699E+00  4.2672E-01  2.6458E+01  3.9713E+00  2.4767E+01
  5.7154E-01  1.9336E+00  4.6698E+00  4.2688E-01  2.6601E+01  3.9873E+00  2.4908E+01
  5.7468E-01  1.9441E+00  4.6698E+00  4.2702E-01  2.6740E+01  4.0027E+00  2.5043E+01
  5.7797E-01  1.9552E+00  4.6698E+00  4.2718E-01  2.6885E+01  4.0189E+00  2.5185E+01
  5.8110E-01  1.9657E+00  4.6698E+00  4.2733E-01  2.7023E+01  4.0343E+00  2.5320E+01
  5.8439E-01  1.9767E+00  4.6698E+00  4.2749E-01  2.7168E+01  4.0505E+00  2.5462E+01
  5.8752E-01  1.9872E+00  4.6698E+00  4.2764E-01  2.7306E+01  4.0660E+00  2.5597E+01
  5.9081E-01  1.9982E+00  4.6698E+00  4.2780E-01  2.7450E+01  4.0822E+00  2.5739E+01
  5.9394E-01  2.0087E+00  4.6698E+00  4.2796E-01  2.7589E+01  4.0974E+00  2.5874E+01
  5.9723E-01  2.0197E+00  4.6698E+00  4.2812E-01  2.7735E+01  4.1133E+00  2.6017E+01
  6.0036E-01  2.0302E+00  4.6698E+00  4.2827E-01  2.7874E+01  4.1284E+00  2.6154E+01
  6.0365E-01  2.0413E+00  4.6698E+00  4.2844E-01  2.8019E+01  4.1443E+00  2.6297E+01
  6.0679E-01  2.0518E+00  4.6698E+00  4.2860E-01  2.8158E+01  4.1594E+00  2.6433E+01
  6.1008E-01  2.0628E+00  4.6698E+00  4.2876E-01  2.8304E+01  4.1753E+00  2.6576E+01
  6.1321E-01  2.0733E+00  4.6698E+00  4.2892E-01  2.8442E+01  4.1904E+00  2.6712E+01
  6.1650E-01  2.0843E+00  4.6698E+00  4.2909E-01  2.8589E+01  4.2065E+00  2.6856E+01
  6.1963E-01  2.0948E+00  4.6698E+00  4.2925E-01  2.8729E+01  4.2219E+00  2.6993E+01
  6.2292E-01  2.1058E+00  4.6697E+00  4.2942E-01  2.8876E+01  4.2380E+00  2.7137E+01
  6.2605E-01  2.1163E+00  4.6697E+00  4.2958E-01  2.9016E+01  4.2533E+00  2.7275E+01
  6.2934E-01  2.1274E+00  4.6697E+00  4.2975E-01  2.9163E+01  4.2694E+00  2.7419E+01
  6.3247E-01  2.1379E+00  4.6697E+00  4.2991E-01  2.9303E+01  4.2848E+00  2.7556E+01
  6.3576E-01  2.1489E+00  4.6697E+00  4.3009E-01  2.9450E+01  4.3011E+00  2.7700E+01
  6.3890E-01  2.1594E+00  4.6697E+00  4.3025E-01  2.9591E+01  4.3167E+00  2.7838E+01
  6.4218E-01  2.1704E+00  4.6697E+00  4.3043E-01  2.9738E+01  4.3331E+00  2.7983E+01
  6.4532E-01  2.1809E+00  4.6697E+00  4.3059E-01  2.9879E+01  4.3487E+00  2.8120E+01
  6.4861E-01  2.1920E+00  4.6697E+00  4.3077E-01  3.0027E+01  4.3651E+00  2.8265E+01
  6.5174E-01  2.2025E+00  4.6697E+00  4.3094E-01  3.0167E+01  4.3807E+00  2.8403E+01
  6.5503E-01  2.2135E+00  4.6697E+00  4.3112E-01  3.0314E+01  4.3971E+00  2.8547E+01
  6.5816E-01  2.2240E+00  4.6697E+00  4.3129E-01  3.0456E+01  4.4127E+00  2.8686E+01
  6.6145E-01  2.2350E+00  4.6697E+00  4.3147E-01  3.0604E+01  4.4290E+00  2.8831E+01
  6.6458E-01  2.2455E+00  4.6697E+00  4.3164E-01  3.0745E+01  4.4445E+00  2.8970E+01
  6.6787E-01  2.2565E+00  4.6697E+00  4.3182E-01  3.0893E+01  4.4609E+00  2.9115E+01
  6.7100E-01  2.2670E+00  4.6697E+00  4.3199E-01  3.1034E+01  4.4764E+00  2.9253E+01
  6.7429E-01  2.2781E+00  4.6697E+00  4.3218E-01  3.1182E+01  4.4927E+00  2.9398E+01
  6.7743E-01  2.2886E+00  4.6697E+00  4.3235E-01  3.1324E+01  4.5084E+00  2.9537E+01
  6.8072E-01  2.2996E+00  4.6696E+00  4.3254E-01  3.1472E+01  4.5249E+00  2.9683E+01
  6.8385E-01  2.3101E+00  4.6696E+00  4.3271E-01  3.1614E+01  4.5407E+00  2.9821E+01
  6.8714E-01  2.3211E+00  4.6696E+00  4.3290E-01  3.1762E+01  4.5572E+00  2.9967E+01
  6.9027E-01  2.3316E+00  4.6696E+00  4.3308E-01  3.1904E+01  4.5729E+00  3.0106E+01
  6.9356E-01  2.3426E+00  4.6696E+00  4.3327E-01  3.2052E+01  4.5895E+00  3.0251E+01
  6.9669E-01  2.3531E+00  4.6696E+00  4.3345E-01  3.2193E+01  4.6052E+00  3.0390E+01
  6.9998E-01  2.3642E+00  4.6696E+00  4.3364E-01  3.2343E+01  4.6218E+00  3.0536E+01
  7.0311E-01  2.3747E+00  4.6696E+00  4.3382E-01  3.2485E+01  4.6376E+00  3.0675E+01
  7.0640E-01  2.3857E+00  4.6696E+00  4.3401E-01  3.2634E+01  4.6542E+00  3.0822E+01
  7.0954E-01  2.3962E+00  4.6696E+00  4.3420E-01  3.2776E+01  4.6700E+00  3.0961E+01
  7.1283E-01  2.4072E+00  4.6696E+00  4.3439E-01  3.2925E+01  4.6865E+00  3.1107E+01
  7.1596E-01  2.4177E+00  4.6696E+00  4.3458E-01  3.3067E+01  4.7023E+00  3.1246E+01
  7.1925E-01  2.4287E+00  4.6696E+00  4.3477E-01  3.3216E+01  4.7187E+00  3.1393E+01
  7.2238E-01  2.4392E+00  4.6696E+00  4.3496E-01  3.3358E+01  4.7340E+00  3.1533E+01
  7.2567E-01  2.4503E+00  4.6696E+00  4.3516E-01  3.3508E+01  4.7501E+00  3.1680E+01
  7.2880E-01  2.4608E+00  4.6696E+00  4.3535E-01  3.3650E+01  4.7655E+00  3.1820E+01
  7.3209E-01  2.4718E+00  4.6696E+00  4.3555E-01  3.3799E+01  4.7816E+00  3.1966E+01
  7.3522E-01  2.4823E+00  4.6696E+00  4.3574E-01  3.3941E+01  4.7969E+00  3.2106E+01
  7.3851E-01  2.4933E+00  4.6695E+00  4.3594E-01  3.4090E+01  4.8131E+00  3.2253E+01
  7.4164E-01  2.5038E+00  4.6695E+00  4.3613E-01  3.4233E+01  4.8284E+00  3.2393E+01
  7.4493E-01  2.5148E+00  4.6695E+00  4.3633E-01  3.4383E+01  4.8446E+00  3.2541E+01
  7.4807E-01  2.5253E+00  4.6695E+00  4.3653E-01  3.4525E+01  4.8600E+00  3.2681E+01
  7.5136E-01  2.5364E+00  4.6695E+00  4.3673E-01  3.4675E+01  4.8761E+00  3.2828E+01
  7.5449E-01  2.5469E+00  4.6695E+00  4.3693E-01  3.4818E+01  4.8915E+00  3.2969E+01
  7.5778E-01  2.5579E+00  4.6695E+00  4.3714E-01  3.4967E+01  4.9076E+00  3.3116E+01
  7.6091E-01  2.5684E+00  4.6695E+00  4.3733E-01  3.5110E+01  4.9231E+00  3.3256E+01
  7.6420E-01  2.5794E+00  4.6695E+00  4.3754E-01  3.5261E+01  4.9394E+00  3.3405E+01
  7.6733E-01  2.5899E+00  4.6695E+00  4.3774E-01  3.5404E+01  4.9550E+00  3.3546E+01
  7.7062E-01  2.6009E+00  4.6695E+00  4.3795E-01  3.5554E+01  4.9713E+00  3.3694E+01
  7.7375E-01  2.6114E+00  4.6695E+00  4.3815E-01  3.5698E+01  4.9868E+00  3.3835E+01
  7.7704E-01  2.6225E+00  4.6695E+00  4.3836E-01  3.5848E+01  5.0031E+00  3.3982E+01
  7.8018E-01  2.6330E+00  4.6695E+00  4.3857E-01  3.5991E+01  5.0187E+00  3.4123E+01
  7.8347E-01  2.6440E+00  4.6695E+00  4.3878E-01  3.6142E+01  5.0351E+00  3.4272E+01
  7.8660E-01  2.6545E+00  4.6695E+00  4.3898E-01  3.6286E+01  5.0507E+00  3.4414E+01
  7.8989E-01  2.6655E+00  4.6695E+00  4.3920E-01  3.6437E+01  5.0671E+00  3.4563E+01
  7.9302E-01  2.6760E+00  4.6695E+00  4.3941E-01  3.6581E+01  5.0827E+00  3.4704E+01
  7.9631E-01  2.6870E+00  4.6695E+00  4.3962E-01  3.6732E+01  5.0990E+00  3.4853E+01
  7.9944E-01  2.6975E+00  4.6695E+00  4.3983E-01  3.6876E+01  5.1146E+00  3.4995E+01
  8.0273E-01  2.7086E+00  4.6695E+00  4.4005E-01  3.7027E+01  5.1310E+00  3.5143E+01
  8.0586E-01  2.7191E+00  4.6694E+00  4.4026E-01  3.7171E+01  5.1468E+00  3.5285E+01
  8.0915E-01  2.7301E+00  4.6694E+00  4.4048E-01  3.7322E+01  5.1633E+00  3.5433E+01
  8.1229E-01  2.7406E+00  4.6694E+00  4.4069E-01  3.7466E+01  5.1790E+00  3.5575E+01
  8.1557E-01  2.7516E+00  4.6694E+00  4.4092E-01  3.7616E+01  5.1954E+00  3.5723E+01
  8.1871E-01  2.7621E+00  4.6694E+00  4.4113E-01  3.7760E+01  5.2111E+00  3.5864E+01
  8.2200E-01  2.7732E+00  4.6694E+00  4.4135E-01  3.7910E+01  5.2276E+00  3.6012E+01
  8.2513E-01  2.7837E+00  4.6694E+00  4.4157E-01  3.8054E+01  5.2435E+00  3.6154E+01
  8.2842E-01  2.7947E+00  4.6694E+00  4.4180E-01  3.8205E+01  5.2601E+00  3.6302E+01
  8.2967E-01  2.7989E+00  4.6694E+00  4.4188E-01  3.8262E+01  5.2665E+00  3.6358E+01
  8.3155E-01  2.8052E+00  4.6694E+00  4.4201E-01  3.8348E+01  5.2760E+00  3.6443E+01
  8.3484E-01  2.8162E+00  4.6694E+00  4.4224E-01  3.8498E+01  5.2926E+00  3.6591E+01
  8.3797E-01  2.8267E+00  4.6694E+00  4.4246E-01  3.8642E+01  5.3085E+00  3.6732E+01
  8.4126E-01  2.8377E+00  4.6694E+00  4.4269E-01  3.8792E+01  5.3251E+00  3.6880E+01
  8.4439E-01  2.8482E+00  4.6694E+00  4.4291E-01  3.8935E+01  5.3407E+00  3.7020E+01
  8.4768E-01  2.8593E+00  4.6694E+00  4.4314E-01  3.9085E+01  5.3567E+00  3.7169E+01
  8.5082E-01  2.8698E+00  4.6694E+00  4.4336E-01  3.9228E+01  5.3719E+00  3.7310E+01
  8.5411E-01  2.8808E+00  4.6694E+00  4.4360E-01  3.9378E+01  5.3879E+00  3.7458E+01
  8.5724E-01  2.8913E+00  4.6694E+00  4.4382E-01  3.9521E+01  5.4031E+00  3.7599E+01
  8.6053E-01  2.9023E+00  4.6694E+00  4.4405E-01  3.9671E+01  5.4191E+00  3.7747E+01
  8.6366E-01  2.9128E+00  4.6694E+00  4.4428E-01  3.9813E+01  5.4343E+00  3.7887E+01
  8.6695E-01  2.9238E+00  4.6694E+00  4.4452E-01  3.9963E+01  5.4502E+00  3.8035E+01
  8.7008E-01  2.9343E+00  4.6694E+00  4.4474E-01  4.0105E+01  5.4654E+00  3.8176E+01
  8.7337E-01  2.9454E+00  4.6694E+00  4.4498E-01  4.0254E+01  5.4813E+00  3.8323E+01
  8.7650E-01  2.9559E+00  4.6694E+00  4.4521E-01  4.0397E+01  5.4965E+00  3.8464E+01
  8.7979E-01  2.9669E+00  4.6694E+00  4.4545E-01  4.0546E+01  5.5124E+00  3.8611E+01
  8.8293E-01  2.9774E+00  4.6694E+00  4.4568E-01  4.0687E+01  5.5275E+00  3.8751E+01
  8.8621E-01  2.9884E+00  4.6694E+00  4.4592E-01  4.0836E+01  5.5432E+00  3.8898E+01
  8.8935E-01  2.9989E+00  4.6694E+00  4.4616E-01  4.0978E+01  5.5577E+00  3.9039E+01
  8.9264E-01  3.0099E+00  4.6694E+00  4.4640E-01  4.1127E+01  5.5729E+00  3.9187E+01
  8.9577E-01  3.0204E+00  4.6693E+00  4.4663E-01  4.1269E+01  5.5873E+00  3.9327E+01
  8.9906E-01  3.0315E+00  4.6693E+00  4.4688E-01  4.1417E+01  5.6025E+00  3.9474E+01
  9.0219E-01  3.0420E+00  4.6693E+00  4.4712E-01  4.1558E+01  5.6169E+00  3.9614E+01
  9.0548E-01  3.0530E+00  4.6693E+00  4.4736E-01  4.1707E+01  5.6321E+00  3.9761E+01
  9.0861E-01  3.0635E+00  4.6693E+00  4.4760E-01  4.1849E+01  5.6466E+00  3.9902E+01
  9.1190E-01  3.0745E+00  4.6693E+00  4.4785E-01  4.1998E+01  5.6618E+00  4.0051E+01
  9.1503E-01  3.0850E+00  4.6693E+00  4.4809E-01  4.2141E+01  5.6762E+00  4.0192E+01
  9.1832E-01  3.0960E+00  4.6693E+00  4.4834E-01  4.2290E+01  5.6914E+00  4.0340E+01
  9.2146E-01  3.1065E+00  4.6693E+00  4.4858E-01  4.2432E+01  5.7058E+00  4.0480E+01
  9.2475E-01  3.1176E+00  4.6693E+00  4.4884E-01  4.2581E+01  5.7210E+00  4.0628E+01
  9.2788E-01  3.1281E+00  4.6693E+00  4.4908E-01  4.2723E+01  5.7354E+00  4.0769E+01
  9.3117E-01  3.1391E+00  4.6693E+00  4.4933E-01  4.2872E+01  5.7506E+00  4.0917E+01
  9.3430E-01  3.1496E+00  4.6693E+00  4.4958E-01  4.3014E+01  5.7651E+00  4.1058E+01
  9.3759E-01  3.1606E+00  4.6693E+00  4.4983E-01  4.3163E+01  5.7803E+00  4.1206E+01
  9.4072E-01  3.1711E+00  4.6693E+00  4.5008E-01  4.3304E+01  5.7948E+00  4.1346E+01
  9.4401E-01  3.1821E+00  4.6693E+00  4.5034E-01  4.3453E+01  5.8100E+00  4.1494E+01
  9.4714E-01  3.1926E+00  4.6693E+00  4.5059E-01  4.3595E+01  5.8245E+00  4.1634E+01
  9.5043E-01  3.2037E+00  4.6693E+00  4.5085E-01  4.3743E+01  5.8392E+00  4.1782E+01
  9.5357E-01  3.2142E+00  4.6693E+00  4.5110E-01  4.3884E+01  5.8531E+00  4.1922E+01
  9.5686E-01  3.2252E+00  4.6693E+00  4.5136E-01  4.4032E+01  5.8677E+00  4.2069E+01
  9.5999E-01  3.2357E+00  4.6693E+00  4.5161E-01  4.4173E+01  5.8817E+00  4.2210E+01
  9.6328E-01  3.2467E+00  4.6693E+00  4.5187E-01  4.4321E+01  5.8962E+00  4.2357E+01
  9.6641E-01  3.2572E+00  4.6693E+00  4.5213E-01  4.4462E+01  5.9101E+00  4.2497E+01
  9.6970E-01  3.2682E+00  4.6693E+00  4.5239E-01  4.4609E+01  5.9246E+00  4.2644E+01
  9.7283E-01  3.2787E+00  4.6693E+00  4.5265E-01  4.4750E+01  5.9382E+00  4.2784E+01
  9.7612E-01  3.2898E+00  4.6693E+00  4.5291E-01  4.4898E+01  5.9525E+00  4.2931E+01
  9.7925E-01  3.3003E+00  4.6693E+00  4.5317E-01  4.5039E+01  5.9661E+00  4.3072E+01
  9.8103E-01  3.3062E+00  4.6693E+00  4.5332E-01  4.5118E+01  5.9738E+00  4.3151E+01
  9.8249E-01  3.3111E+00  4.6693E+00  4.5344E-01  4.5184E+01  5.9801E+00  4.3216E+01
  9.8575E-01  3.3221E+00  4.6693E+00  4.5370E-01  4.5330E+01  5.9942E+00  4.3362E+01
  9.8889E-01  3.3326E+00  4.6693E+00  4.5396E-01  4.5470E+01  6.0078E+00  4.3502E+01
  9.9218E-01  3.3436E+00  4.6693E+00  4.5424E-01  4.5617E+01  6.0218E+00  4.3648E+01
  9.9531E-01  3.3541E+00  4.6693E+00  4.5450E-01  4.5757E+01  6.0352E+00  4.3788E+01
  9.9860E-01  3.3651E+00  4.6693E+00  4.5477E-01  4.5903E+01  6.0491E+00  4.3934E+01
  1.0017E+00  3.3756E+00  4.6693E+00  4.5503E-01  4.6043E+01  6.0624E+00  4.4073E+01
  1.0050E+00  3.3866E+00  4.6693E+00  4.5531E-01  4.6189E+01  6.0764E+00  4.4219E+01
  1.0082E+00  3.3971E+00  4.6693E+00  4.5557E-01  4.6328E+01  6.0897E+00  4.4358E+01
  1.0114E+00  3.4082E+00  4.6693E+00  4.5585E-01  4.6474E+01  6.1034E+00  4.4504E+01
  1.0146E+00  3.4187E+00  4.6693E+00  4.5611E-01  4.6613E+01  6.1161E+00  4.4642E+01
  1.0179E+00  3.4297E+00  4.6693E+00  4.5639E-01  4.6758E+01  6.1294E+00  4.4788E+01
  1.0210E+00  3.4402E+00  4.6693E+00  4.5666E-01  4.6896E+01  6.1421E+00  4.4926E+01
  1.0243E+00  3.4512E+00  4.6693E+00  4.5694E-01  4.7041E+01  6.1553E+00  4.5071E+01
  1.0274E+00  3.4617E+00  4.6693E+00  4.5721E-01  4.7179E+01  6.1680E+00  4.5209E+01
  1.0307E+00  3.4727E+00  4.6693E+00  4.5749E-01  4.7324E+01  6.1812E+00  4.5354E+01
  1.0338E+00  3.4832E+00  4.6693E+00  4.5776E-01  4.7462E+01  6.1929E+00  4.5493E+01
  1.0371E+00  3.4943E+00  4.6693E+00  4.5805E-01  4.7606E+01  6.2050E+00  4.5638E+01
  1.0403E+00  3.5048E+00  4.6693E+00  4.5832E-01  4.7744E+01  6.2165E+00  4.5777E+01
  1.0436E+00  3.5158E+00  4.6693E+00  4.5861E-01  4.7888E+01  6.2285E+00  4.5922E+01
  1.0467E+00  3.5263E+00  4.6693E+00  4.5888E-01  4.8025E+01  6.2399E+00  4.6060E+01
  1.0500E+00  3.5373E+00  4.6693E+00  4.5917E-01  4.8169E+01  6.2519E+00  4.6204E+01
  1.0531E+00  3.5478E+00  4.6693E+00  4.5945E-01  4.8306E+01  6.2630E+00  4.6342E+01
  1.0564E+00  3.5588E+00  4.6693E+00  4.5974E-01  4.8449E+01  6.2735E+00  4.6487E+01
  1.0595E+00  3.5693E+00  4.6693E+00  4.6001E-01  4.8585E+01  6.2835E+00  4.6625E+01
  1.0628E+00  3.5804E+00  4.6693E+00  4.6030E-01  4.8728E+01  6.2940E+00  4.6770E+01
  1.0659E+00  3.5909E+00  4.6693E+00  4.6058E-01  4.8864E+01  6.3040E+00  4.6908E+01
  1.0692E+00  3.6019E+00  4.6693E+00  4.6088E-01  4.9006E+01  6.3145E+00  4.7052E+01
  1.0724E+00  3.6124E+00  4.6693E+00  4.6116E-01  4.9142E+01  6.3245E+00  4.7190E+01
  1.0757E+00  3.6234E+00  4.6693E+00  4.6145E-01  4.9285E+01  6.3351E+00  4.7334E+01
  1.0788E+00  3.6339E+00  4.6693E+00  4.6173E-01  4.9420E+01  6.3453E+00  4.7471E+01
  1.0821E+00  3.6450E+00  4.6693E+00  4.6203E-01  4.9562E+01  6.3560E+00  4.7615E+01
  1.0852E+00  3.6555E+00  4.6693E+00  4.6232E-01  4.9698E+01  6.3662E+00  4.7752E+01
  1.0885E+00  3.6665E+00  4.6693E+00  4.6261E-01  4.9839E+01  6.3769E+00  4.7895E+01
  1.0916E+00  3.6770E+00  4.6693E+00  4.6290E-01  4.9974E+01  6.3870E+00  4.8032E+01
  1.0949E+00  3.6880E+00  4.6693E+00  4.6320E-01  5.0116E+01  6.3976E+00  4.8175E+01
  1.0981E+00  3.6985E+00  4.6693E+00  4.6349E-01  5.0250E+01  6.4075E+00  4.8311E+01
  1.1013E+00  3.7095E+00  4.6693E+00  4.6379E-01  5.0391E+01  6.4179E+00  4.8453E+01
  1.1045E+00  3.7200E+00  4.6693E+00  4.6408E-01  5.0525E+01  6.4277E+00  4.8589E+01
  1.1078E+00  3.7311E+00  4.6693E+00  4.6438E-01  5.0665E+01  6.4381E+00  4.8731E+01
  1.1109E+00  3.7416E+00  4.6693E+00  4.6467E-01  5.0799E+01  6.4479E+00  4.8867E+01
  1.1142E+00  3.7526E+00  4.6693E+00  4.6498E-01  5.0939E+01  6.4583E+00  4.9009E+01
  1.1173E+00  3.7631E+00  4.6693E+00  4.6527E-01  5.1072E+01  6.4681E+00  4.9143E+01
  1.1206E+00  3.7741E+00  4.6693E+00  4.6558E-01  5.1211E+01  6.4783E+00  4.9284E+01
  1.1237E+00  3.7846E+00  4.6693E+00  4.6587E-01  5.1343E+01  6.4881E+00  4.9418E+01
  1.1270E+00  3.7956E+00  4.6693E+00  4.6618E-01  5.1482E+01  6.4983E+00  4.9559E+01
  1.1302E+00  3.8061E+00  4.6693E+00  4.6648E-01  5.1614E+01  6.5080E+00  4.9693E+01
  1.1335E+00  3.8172E+00  4.6693E+00  4.6679E-01  5.1752E+01  6.5182E+00  4.9833E+01
  1.1366E+00  3.8277E+00  4.6693E+00  4.6709E-01  5.1884E+01  6.5278E+00  4.9966E+01
  1.1399E+00  3.8387E+00  4.6693E+00  4.6740E-01  5.2022E+01  6.5372E+00  5.0106E+01
  1.1430E+00  3.8492E+00  4.6693E+00  4.6770E-01  5.2152E+01  6.5462E+00  5.0239E+01
  1.1463E+00  3.8602E+00  4.6693E+00  4.6801E-01  5.2290E+01  6.5556E+00  5.0379E+01
  1.1494E+00  3.8707E+00  4.6693E+00  4.6831E-01  5.2420E+01  6.5646E+00  5.0511E+01
  1.1527E+00  3.8817E+00  4.6693E+00  4.6863E-01  5.2557E+01  6.5739E+00  5.0650E+01
  1.1559E+00  3.8922E+00  4.6693E+00  4.6893E-01  5.2687E+01  6.5829E+00  5.0783E+01
  1.1591E+00  3.9033E+00  4.6693E+00  4.6925E-01  5.2824E+01  6.5922E+00  5.0922E+01
  1.1623E+00  3.9138E+00  4.6693E+00  4.6955E-01  5.2954E+01  6.6012E+00  5.1054E+01
  1.1656E+00  3.9248E+00  4.6693E+00  4.6987E-01  5.3090E+01  6.6105E+00  5.1192E+01
  1.1687E+00  3.9353E+00  4.6693E+00  4.7018E-01  5.3220E+01  6.6194E+00  5.1324E+01
  1.1720E+00  3.9463E+00  4.6693E+00  4.7050E-01  5.3356E+01  6.6287E+00  5.1462E+01
  1.1751E+00  3.9568E+00  4.6693E+00  4.7080E-01  5.3485E+01  6.6376E+00  5.1594E+01
  1.1784E+00  3.9678E+00  4.6693E+00  4.7113E-01  5.3621E+01  6.6468E+00  5.1731E+01
  1.1815E+00  3.9783E+00  4.6693E+00  4.7144E-01  5.3749E+01  6.6554E+00  5.1862E+01
  1.1848E+00  3.9894E+00  4.6693E+00  4.7176E-01  5.3883E+01  6.6644E+00  5.1999E+01
  1.1880E+00  3.9999E+00  4.6693E+00  4.7207E-01  5.4011E+01  6.6729E+00  5.2129E+01
  1.1913E+00  4.0109E+00  4.6694E+00  4.7240E-01  5.4145E+01  6.6819E+00  5.2265E+01
  1.1944E+00  4.0214E+00  4.6693E+00  4.7271E-01  5.4269E+01  6.6905E+00  5.2390E+01
  1.1977E+00  4.0324E+00  4.6692E+00  4.7304E-01  5.4382E+01  6.6995E+00  5.2505E+01
  1.2008E+00  4.0429E+00  4.6690E+00  4.7335E-01  5.4480E+01  6.7075E+00  5.2605E+01
  1.2041E+00  4.0539E+00  4.6685E+00  4.7368E-01  5.4565E+01  6.7158E+00  5.2691E+01
  1.2072E+00  4.0644E+00  4.6676E+00  4.7399E-01  5.4617E+01  6.7237E+00  5.2743E+01
  1.2105E+00  4.0755E+00  4.6661E+00  4.7432E-01  5.4629E+01  6.7322E+00  5.2753E+01
  1.2137E+00  4.0860E+00  4.6641E+00  4.7464E-01  5.4587E+01  6.7405E+00  5.2707E+01
  1.2169E+00  4.0970E+00  4.6612E+00  4.7497E-01  5.4490E+01  6.7493E+00  5.2604E+01
  1.2201E+00  4.1075E+00  4.6583E+00  4.7528E-01  5.4387E+01  6.7576E+00  5.2496E+01
  1.2234E+00  4.1185E+00  4.6563E+00  4.7561E-01  5.4380E+01  6.7654E+00  5.2487E+01
  1.2265E+00  4.1290E+00  4.6584E+00  4.7593E-01  5.4622E+01  6.7724E+00  5.2735E+01
  1.2298E+00  4.1401E+00  4.6689E+00  4.7626E-01  5.5226E+01  6.7798E+00  5.3360E+01
  1.2329E+00  4.1506E+00  4.6908E+00  4.7658E-01  5.6038E+01  6.7878E+00  5.4197E+01
  1.2362E+00  4.1616E+00  4.7280E+00  4.7691E-01  5.6897E+01  6.7975E+00  5.5083E+01
  1.2393E+00  4.1721E+00  4.7762E+00  4.7723E-01  5.7525E+01  6.8072E+00  5.5729E+01
  1.2426E+00  4.1831E+00  4.8369E+00  4.7755E-01  5.7861E+01  6.8180E+00  5.6072E+01
  1.2458E+00  4.1936E+00  4.8994E+00  4.7785E-01  5.7693E+01  6.8275E+00  5.5896E+01
  1.2490E+00  4.2046E+00  4.9637E+00  4.7815E-01  5.7018E+01  6.8377E+00  5.5196E+01
  1.2522E+00  4.2151E+00  5.0188E+00  4.7842E-01  5.5933E+01  6.8477E+00  5.4070E+01
  1.2555E+00  4.2261E+00  5.0660E+00  4.7869E-01  5.4485E+01  6.8573E+00  5.2568E+01
  1.2586E+00  4.2366E+00  5.1002E+00  4.7893E-01  5.3207E+01  6.8639E+00  5.1241E+01
  1.2619E+00  4.2476E+00  5.1291E+00  4.7918E-01  5.2453E+01  6.8683E+00  5.0457E+01
  1.2650E+00  4.2581E+00  5.1570E+00  4.7941E-01  5.2450E+01  6.8723E+00  5.0453E+01
  1.2683E+00  4.2691E+00  5.1935E+00  4.7965E-01  5.2946E+01  6.8785E+00  5.0967E+01
  1.2715E+00  4.2796E+00  5.2384E+00  4.7988E-01  5.3522E+01  6.8860E+00  5.1562E+01
  1.2747E+00  4.2907E+00  5.2955E+00  4.8011E-01  5.3943E+01  6.8946E+00  5.1996E+01
  1.2779E+00  4.3012E+00  5.3562E+00  4.8033E-01  5.3988E+01  6.9036E+00  5.2040E+01
  1.2812E+00  4.3122E+00  5.4211E+00  4.8055E-01  5.3549E+01  6.9129E+00  5.1581E+01
  1.2843E+00  4.3227E+00  5.4791E+00  4.8075E-01  5.2657E+01  6.9220E+00  5.0650E+01
  1.2876E+00  4.3337E+00  5.5306E+00  4.8094E-01  5.1306E+01  6.9311E+00  4.9240E+01
  1.2907E+00  4.3442E+00  5.5689E+00  4.8112E-01  4.9929E+01  6.9378E+00  4.7801E+01
  1.2940E+00  4.3552E+00  5.5997E+00  4.8130E-01  4.8906E+01  6.9418E+00  4.6731E+01
  1.2971E+00  4.3657E+00  5.6267E+00  4.8147E-01  4.8638E+01  6.9443E+00  4.6450E+01
  1.3004E+00  4.3766E+00  5.6601E+00  4.8165E-01  4.8991E+01  6.9485E+00  4.6819E+01
  1.3036E+00  4.3871E+00  5.7015E+00  4.8181E-01  4.9568E+01  6.9545E+00  4.7420E+01
  1.3068E+00  4.3981E+00  5.7555E+00  4.8198E-01  5.0086E+01  6.9620E+00  4.7957E+01
  1.3100E+00  4.4086E+00  5.8151E+00  4.8214E-01  5.0302E+01  6.9696E+00  4.8180E+01
  1.3133E+00  4.4196E+00  5.8809E+00  4.8230E-01  4.9977E+01  6.9795E+00  4.7836E+01
  1.3164E+00  4.4301E+00  5.9413E+00  4.8245E-01  4.9206E+01  6.9879E+00  4.7026E+01
  1.3197E+00  4.4411E+00  5.9967E+00  4.8260E-01  4.7958E+01  6.9968E+00  4.5714E+01
  1.3228E+00  4.4516E+00  6.0390E+00  4.8273E-01  4.6561E+01  7.0039E+00  4.4243E+01
  1.3261E+00  4.4626E+00  6.0726E+00  4.8286E-01  4.5360E+01  7.0081E+00  4.2976E+01
  1.3292E+00  4.4731E+00  6.0999E+00  4.8298E-01  4.4859E+01  7.0101E+00  4.2446E+01
  1.3325E+00  4.4841E+00  6.1311E+00  4.8311E-01  4.5041E+01  7.0130E+00  4.2638E+01
  1.3357E+00  4.4946E+00  6.1692E+00  4.8323E-01  4.5582E+01  7.0180E+00  4.3206E+01
  1.3390E+00  4.5056E+00  6.2200E+00  4.8336E-01  4.6165E+01  7.0248E+00  4.3818E+01
  1.3421E+00  4.5161E+00  6.2776E+00  4.8347E-01  4.6521E+01  7.0318E+00  4.4189E+01
  1.3454E+00  4.5271E+00  6.3432E+00  4.8359E-01  4.6398E+01  7.0418E+00  4.4054E+01
  1.3485E+00  4.5376E+00  6.4053E+00  4.8370E-01  4.5789E+01  7.0498E+00  4.3408E+01
  1.3518E+00  4.5485E+00  6.4642E+00  4.8382E-01  4.4703E+01  7.0586E+00  4.2256E+01
  1.3549E+00  4.5590E+00  6.5108E+00  4.8392E-01  4.3353E+01  7.0663E+00  4.0820E+01
  1.3582E+00  4.5700E+00  6.5481E+00  4.8401E-01  4.2000E+01  7.0714E+00  3.9377E+01
  1.3614E+00  4.5805E+00  6.5764E+00  4.8410E-01  4.1213E+01  7.0733E+00  3.8536E+01
  1.3646E+00  4.5915E+00  6.6056E+00  4.8420E-01  4.1129E+01  7.0744E+00  3.8446E+01
  1.3678E+00  4.6020E+00  6.6399E+00  4.8429E-01  4.1557E+01  7.0777E+00  3.8903E+01
  1.3711E+00  4.6130E+00  6.6861E+00  4.8438E-01  4.2145E+01  7.0833E+00  3.9526E+01
  1.3742E+00  4.6235E+00  6.7401E+00  4.8446E-01  4.2557E+01  7.0898E+00  3.9961E+01
  1.3775E+00  4.6344E+00  6.8034E+00  4.8455E-01  4.2639E+01  7.0974E+00  4.0044E+01
  1.3806E+00  4.6449E+00  6.8659E+00  4.8464E-01  4.2266E+01  7.1052E+00  3.9642E+01
  1.3839E+00  4.6559E+00  6.9275E+00  4.8472E-01  4.1396E+01  7.1135E+00  3.8708E+01
  1.3870E+00  4.6664E+00  6.9782E+00  4.8480E-01  4.0165E+01  7.1213E+00  3.7383E+01
  1.3903E+00  4.6774E+00  7.0197E+00  4.8487E-01  3.8752E+01  7.1271E+00  3.5856E+01
  1.3935E+00  4.6879E+00  7.0502E+00  4.8494E-01  3.7735E+01  7.1291E+00  3.4754E+01
  1.3968E+00  4.6989E+00  7.0787E+00  4.8501E-01  3.7377E+01  7.1295E+00  3.4365E+01
  1.3999E+00  4.7094E+00  7.1101E+00  4.8507E-01  3.7654E+01  7.1314E+00  3.4665E+01
  1.4032E+00  4.7203E+00  7.1525E+00  4.8514E-01  3.8226E+01  7.1360E+00  3.5282E+01
  1.4063E+00  4.7308E+00  7.2034E+00  4.8520E-01  3.8720E+01  7.1418E+00  3.5813E+01
  1.4096E+00  4.7418E+00  7.2652E+00  4.8527E-01  3.8976E+01  7.1485E+00  3.6085E+01
  1.4127E+00  4.7523E+00  7.3283E+00  4.8533E-01  3.8725E+01  7.1574E+00  3.5807E+01
  1.4160E+00  4.7633E+00  7.3923E+00  4.8539E-01  3.7989E+01  7.1652E+00  3.5004E+01
  1.4192E+00  4.7738E+00  7.4466E+00  4.8545E-01  3.6873E+01  7.1729E+00  3.3784E+01
  1.4224E+00  4.7847E+00  7.4924E+00  4.8551E-01  3.5474E+01  7.1795E+00  3.2245E+01
  1.4256E+00  4.7952E+00  7.5258E+00  4.8556E-01  3.4320E+01  7.1823E+00  3.0969E+01
  1.4289E+00  4.8062E+00  7.5548E+00  4.8561E-01  3.3734E+01  7.1825E+00  3.0319E+01
  1.4320E+00  4.8167E+00  7.5842E+00  4.8566E-01  3.3837E+01  7.1833E+00  3.0433E+01
  1.4353E+00  4.8277E+00  7.6232E+00  4.8571E-01  3.4353E+01  7.1868E+00  3.1003E+01
  1.4384E+00  4.8382E+00  7.6708E+00  4.8575E-01  3.4896E+01  7.1922E+00  3.1600E+01
  1.4417E+00  4.8491E+00  7.7303E+00  4.8580E-01  3.5279E+01  7.1985E+00  3.2016E+01
  1.4448E+00  4.8596E+00  7.7930E+00  4.8585E-01  3.5231E+01  7.2075E+00  3.1956E+01
  1.4481E+00  4.8706E+00  7.8585E+00  4.8590E-01  3.4668E+01  7.2149E+00  3.1327E+01
  1.4513E+00  4.8811E+00  7.9160E+00  4.8594E-01  3.3722E+01  7.2225E+00  3.0269E+01
  1.4545E+00  4.8920E+00  7.9662E+00  4.8598E-01  3.2410E+01  7.2299E+00  2.8793E+01
  1.4577E+00  4.9025E+00  8.0033E+00  4.8602E-01  3.1160E+01  7.2339E+00  2.7375E+01
  1.4610E+00  4.9135E+00  8.0337E+00  4.8606E-01  3.0315E+01  7.2343E+00  2.6409E+01
  1.4641E+00  4.9240E+00  8.0616E+00  4.8609E-01  3.0164E+01  7.2339E+00  2.6237E+01
  1.4674E+00  4.9350E+00  8.0966E+00  4.8613E-01  3.0541E+01  7.2358E+00  2.6669E+01
  1.4705E+00  4.9455E+00  8.1398E+00  4.8616E-01  3.1072E+01  7.2404E+00  2.7270E+01
  1.4738E+00  4.9564E+00  8.1953E+00  4.8620E-01  3.1502E+01  7.2465E+00  2.7753E+01
  1.4770E+00  4.9669E+00  8.2556E+00  4.8623E-01  3.1619E+01  7.2534E+00  2.7879E+01
  1.4802E+00  4.9779E+00  8.3211E+00  4.8627E-01  3.1306E+01  7.2612E+00  2.7515E+01
  1.4834E+00  4.9884E+00  8.3810E+00  4.8630E-01  3.0577E+01  7.2690E+00  2.6674E+01
  1.4867E+00  4.9993E+00  8.4353E+00  4.8633E-01  2.9423E+01  7.2772E+00  2.5334E+01
  1.4898E+00  5.0098E+00  8.4766E+00  4.8636E-01  2.8171E+01  7.2827E+00  2.3862E+01
  1.4931E+00  5.0208E+00  8.5096E+00  4.8639E-01  2.7146E+01  7.2843E+00  2.2641E+01
  1.4962E+00  5.0313E+00  8.5370E+00  4.8641E-01  2.6756E+01  7.2835E+00  2.2174E+01
  1.4995E+00  5.0422E+00  8.5691E+00  4.8644E-01  2.6961E+01  7.2841E+00  2.2421E+01
  1.5026E+00  5.0527E+00  8.6087E+00  4.8646E-01  2.7450E+01  7.2877E+00  2.3002E+01
  1.5059E+00  5.0637E+00  8.6608E+00  4.8649E-01  2.7940E+01  7.2934E+00  2.3577E+01
  1.5091E+00  5.0742E+00  8.7194E+00  4.8651E-01  2.8200E+01  7.2997E+00  2.3877E+01
  1.5123E+00  5.0852E+00  8.7853E+00  4.8654E-01  2.8027E+01  7.3088E+00  2.3661E+01
  1.5155E+00  5.0957E+00  8.8473E+00  4.8656E-01  2.7434E+01  7.3162E+00  2.2946E+01
  1.5188E+00  5.1066E+00  8.9052E+00  4.8659E-01  2.6429E+01  7.3244E+00  2.1723E+01
  1.5219E+00  5.1171E+00  8.9506E+00  4.8661E-01  2.5247E+01  7.3308E+00  2.0260E+01
  1.5252E+00  5.1281E+00  8.9868E+00  4.8663E-01  2.4154E+01  7.3335E+00  1.8876E+01
  1.5283E+00  5.1386E+00  9.0151E+00  4.8664E-01  2.3596E+01  7.3328E+00  1.8159E+01
  1.5316E+00  5.1495E+00  9.0454E+00  4.8666E-01  2.3624E+01  7.3324E+00  1.8196E+01
  1.5348E+00  5.1600E+00  9.0817E+00  4.8668E-01  2.4029E+01  7.3349E+00  1.8715E+01
  1.5380E+00  5.1710E+00  9.1303E+00  4.8670E-01  2.4532E+01  7.3400E+00  1.9349E+01
  1.5412E+00  5.1815E+00  9.1865E+00  4.8671E-01  2.4881E+01  7.3459E+00  1.9780E+01
  1.5445E+00  5.1924E+00  9.2516E+00  4.8673E-01  2.4906E+01  7.3555E+00  1.9797E+01
  1.5476E+00  5.2029E+00  9.3148E+00  4.8675E-01  2.4479E+01  7.3627E+00  1.9246E+01
  1.5509E+00  5.2139E+00  9.3759E+00  4.8677E-01  2.3676E+01  7.3710E+00  1.8200E+01
  1.5540E+00  5.2244E+00  9.4255E+00  4.8678E-01  2.2640E+01  7.3785E+00  1.6817E+01
  1.5573E+00  5.2353E+00  9.4657E+00  4.8680E-01  2.1554E+01  7.3831E+00  1.5314E+01
  1.5604E+00  5.2458E+00  9.4957E+00  4.8681E-01  2.0849E+01  7.3832E+00  1.4305E+01
  1.5637E+00  5.2568E+00  9.5247E+00  4.8682E-01  2.0658E+01  7.3819E+00  1.4029E+01
  1.5669E+00  5.2673E+00  9.5574E+00  4.8683E-01  2.0909E+01  7.3829E+00  1.4395E+01
  1.5701E+00  5.2782E+00  9.6013E+00  4.8684E-01  2.1351E+01  7.3873E+00  1.5020E+01
  1.5733E+00  5.2887E+00  9.6535E+00  4.8686E-01  2.1709E+01  7.3932E+00  1.5513E+01
  1.5766E+00  5.2997E+00  9.7159E+00  4.8687E-01  2.1851E+01  7.4005E+00  1.5697E+01
  1.5797E+00  5.3102E+00  9.7788E+00  4.8688E-01  2.1655E+01  7.4084E+00  1.5409E+01
  1.5830E+00  5.3211E+00  9.8420E+00  4.8689E-01  2.1097E+01  7.4169E+00  1.4595E+01
  1.5861E+00  5.3316E+00  9.8954E+00  4.8690E-01  2.0274E+01  7.4252E+00  1.3360E+01
  1.5894E+00  5.3426E+00  9.9401E+00  4.8691E-01  1.9310E+01  7.4316E+00  1.1830E+01
  1.5926E+00  5.3531E+00  9.9729E+00  4.8692E-01  1.8582E+01  7.4332E+00  1.0594E+01
  1.5958E+00  5.3640E+00  1.0002E+01  4.8693E-01  1.8251E+01  7.4318E+00  1.0007E+01
  1.5990E+00  5.3745E+00  1.0032E+01  4.8694E-01  1.8342E+01  7.4315E+00  1.0174E+01
  1.6023E+00  5.3854E+00  1.0072E+01  4.8694E-01  1.8679E+01  7.4347E+00  1.0761E+01
  1.6054E+00  5.3959E+00  1.0121E+01  4.8695E-01  1.9023E+01  7.4402E+00  1.1333E+01
  1.6087E+00  5.4069E+00  1.0181E+01  4.8696E-01  1.9248E+01  7.4469E+00  1.1688E+01
  1.6118E+00  5.4174E+00  1.0244E+01  4.8697E-01  1.9184E+01  7.4563E+00  1.1557E+01
  1.6151E+00  5.4283E+00  1.0309E+01  4.8697E-01  1.8792E+01  7.4642E+00  1.0872E+01
  1.6182E+00  5.4388E+00  1.0366E+01  4.8698E-01  1.8183E+01  7.4724E+00  9.7547E+00
  1.6215E+00  5.4498E+00  1.0415E+01  4.8699E-01  1.7436E+01  7.4798E+00  8.2533E+00
  1.6247E+00  5.4603E+00  1.0451E+01  4.8699E-01  1.6836E+01  7.4827E+00  6.8811E+00
  1.6279E+00  5.4712E+00  1.0481E+01  4.8700E-01  1.6506E+01  7.4815E+00  6.0374E+00
  1.6311E+00  5.4817E+00  1.0510E+01  4.8700E-01  1.6486E+01  7.4802E+00  5.9890E+00
  1.6344E+00  5.4927E+00  1.0547E+01  4.8700E-01  1.6679E+01  7.4822E+00  6.4915E+00
  1.6375E+00  5.5032E+00  1.0592E+01  4.8701E-01  1.6938E+01  7.4870E+00  7.1093E+00
  1.6408E+00  5.5141E+00  1.0650E+01  4.8701E-01  1.7158E+01  7.4932E+00  7.5930E+00
  1.6439E+00  5.5246E+00  1.0712E+01  4.8702E-01  1.7219E+01  7.5029E+00  7.6914E+00
  1.6472E+00  5.5356E+00  1.0778E+01  4.8702E-01  1.7010E+01  7.5109E+00  7.1764E+00
  1.6503E+00  5.5461E+00  1.0838E+01  4.8702E-01  1.6649E+01  7.5191E+00  6.2322E+00
  1.6536E+00  5.5570E+00  1.0891E+01  4.8703E-01  1.6194E+01  7.5275E+00  4.8342E+00
  1.6568E+00  5.5675E+00  1.0931E+01  4.8703E-01  1.5830E+01  7.5325E+00  3.3761E+00
  1.6600E+00  5.5784E+00  1.0963E+01  4.8703E-01  1.5629E+01  7.5327E+00  2.2449E+00
  1.6632E+00  5.5889E+00  1.0991E+01  4.8703E-01  1.5577E+01  7.5308E+00  1.8844E+00
  1.6665E+00  5.5999E+00  1.1024E+01  4.8703E-01  1.5619E+01  7.5310E+00  2.2031E+00
  1.6696E+00  5.6104E+00  1.1065E+01  4.8704E-01  1.5722E+01  7.5349E+00  2.7996E+00
  1.6729E+00  5.6213E+00  1.1118E+01  4.8704E-01  1.5841E+01  7.5412E+00  3.3431E+00
  1.6760E+00  5.6318E+00  1.1177E+01  4.8704E-01  1.5905E+01  7.5484E+00  3.5713E+00
  1.6793E+00  5.6428E+00  1.1243E+01  4.8704E-01  1.5871E+01  7.5570E+00  3.3376E+00
  1.6825E+00  5.6533E+00  1.1304E+01  4.8704E-01  1.5753E+01  7.5655E+00  2.6217E+00
  1.6857E+00  5.6642E+00  1.1361E+01  4.8704E-01  1.5615E+01  7.5747E+00  1.3932E+00
  1.6889E+00  5.6747E+00  1.1406E+01  4.8704E-01  1.5567E+01  7.5815E+00 -6.3334E-02
  1.6922E+00  5.6856E+00  1.1441E+01  4.8704E-01  1.5634E+01  7.5837E+00 -1.4071E+00
  1.6953E+00  5.6961E+00  1.1469E+01  4.8704E-01  1.5704E+01  7.5819E+00 -2.0686E+00
  1.6986E+00  5.7071E+00  1.1500E+01  4.8704E-01  1.5690E+01  7.5807E+00 -1.9775E+00
  1.7017E+00  5.7176E+00  1.1537E+01  4.8704E-01  1.5636E+01  7.5833E+00 -1.4370E+00
  1.7050E+00  5.7285E+00  1.1587E+01  4.8704E-01  1.5604E+01  7.5890E+00 -8.2263E-01
  1.7081E+00  5.7390E+00  1.1644E+01  4.8704E-01  1.5602E+01  7.5956E+00 -4.4107E-01
  1.7114E+00  5.7500E+00  1.1709E+01  4.8704E-01  1.5624E+01  7.6058E+00 -4.9561E-01
  1.7146E+00  5.7605E+00  1.1772E+01  4.8704E-01  1.5671E+01  7.6139E+00 -1.0918E+00
  1.7178E+00  5.7714E+00  1.1833E+01  4.8704E-01  1.5804E+01  7.6229E+00 -2.1929E+00
  1.7210E+00  5.7819E+00  1.1881E+01  4.8704E-01  1.6077E+01  7.6307E+00 -3.6046E+00
  1.7243E+00  5.7928E+00  1.1920E+01  4.8703E-01  1.6474E+01  7.6344E+00 -5.0681E+00
  1.7274E+00  5.8033E+00  1.1950E+01  4.8703E-01  1.6771E+01  7.6332E+00 -5.9692E+00
  1.7307E+00  5.8143E+00  1.1979E+01  4.8703E-01  1.6820E+01  7.6312E+00 -6.1153E+00
  1.7338E+00  5.8248E+00  1.2014E+01  4.8703E-01  1.6667E+01  7.6325E+00 -5.6749E+00
  1.7371E+00  5.8357E+00  1.2060E+01  4.8702E-01  1.6468E+01  7.6373E+00 -5.0268E+00
  1.7403E+00  5.8462E+00  1.2114E+01  4.8702E-01  1.6335E+01  7.6436E+00 -4.5298E+00
  1.7435E+00  5.8572E+00  1.2178E+01  4.8702E-01  1.6304E+01  7.6526E+00 -4.3502E+00
  1.7467E+00  5.8677E+00  1.2242E+01  4.8702E-01  1.6443E+01  7.6622E+00 -4.7820E+00
  1.7500E+00  5.8786E+00  1.2305E+01  4.8702E-01  1.6751E+01  7.6712E+00 -5.7014E+00
  1.7531E+00  5.8891E+00  1.2357E+01  4.8701E-01  1.7252E+01  7.6799E+00 -6.9971E+00
  1.7564E+00  5.9000E+00  1.2400E+01  4.8701E-01  1.7935E+01  7.6859E+00 -8.5199E+00
  1.7595E+00  5.9105E+00  1.2432E+01  4.8701E-01  1.8514E+01  7.6864E+00 -9.6786E+00
  1.7628E+00  5.9215E+00  1.2461E+01  4.8700E-01  1.8764E+01  7.6838E+00 -1.0157E+01
  1.7659E+00  5.9320E+00  1.2493E+01  4.8700E-01  1.8634E+01  7.6832E+00 -9.9163E+00
  1.7692E+00  5.9429E+00  1.2534E+01  4.8700E-01  1.8324E+01  7.6868E+00 -9.3077E+00
  1.7724E+00  5.9534E+00  1.2584E+01  4.8699E-01  1.8062E+01  7.6929E+00 -8.7582E+00
  1.7756E+00  5.9644E+00  1.2645E+01  4.8699E-01  1.7938E+01  7.7005E+00 -8.4689E+00
  1.7788E+00  5.9749E+00  1.2707E+01  4.8699E-01  1.8028E+01  7.7092E+00 -8.6267E+00
  1.7821E+00  5.9858E+00  1.2772E+01  4.8698E-01  1.8378E+01  7.7184E+00 -9.3033E+00
  1.7852E+00  5.9963E+00  1.2828E+01  4.8698E-01  1.8986E+01  7.7278E+00 -1.0423E+01
  1.7885E+00  6.0072E+00  1.2876E+01  4.8698E-01  1.9858E+01  7.7357E+00 -1.1916E+01
  1.7916E+00  6.0177E+00  1.2911E+01  4.8697E-01  2.0693E+01  7.7383E+00 -1.3255E+01
  1.7949E+00  6.0287E+00  1.2941E+01  4.8697E-01  2.1204E+01  7.7364E+00 -1.4043E+01
  1.7981E+00  6.0392E+00  1.2970E+01  4.8696E-01  2.1199E+01  7.7344E+00 -1.4041E+01
  1.8013E+00  6.0501E+00  1.3008E+01  4.8696E-01  2.0856E+01  7.7364E+00 -1.3512E+01
  1.8045E+00  6.0606E+00  1.3054E+01  4.8695E-01  2.0478E+01  7.7417E+00 -1.2907E+01
  1.8078E+00  6.0715E+00  1.3112E+01  4.8695E-01  2.0216E+01  7.7487E+00 -1.2469E+01
  1.8109E+00  6.0820E+00  1.3175E+01  4.8694E-01  2.0215E+01  7.7590E+00 -1.2441E+01
  1.8142E+00  6.0930E+00  1.3241E+01  4.8694E-01  2.0576E+01  7.7676E+00 -1.2996E+01
  1.8173E+00  6.1035E+00  1.3300E+01  4.8694E-01  2.1232E+01  7.7767E+00 -1.3990E+01
  1.8206E+00  6.1144E+00  1.3352E+01  4.8693E-01  2.2213E+01  7.7854E+00 -1.5421E+01
  1.8237E+00  6.1249E+00  1.3391E+01  4.8693E-01  2.3236E+01  7.7896E+00 -1.6852E+01
  1.8270E+00  6.1358E+00  1.3422E+01  4.8692E-01  2.3990E+01  7.7884E+00 -1.7880E+01
  1.8302E+00  6.1463E+00  1.3450E+01  4.8692E-01  2.4163E+01  7.7857E+00 -1.8116E+01
  1.8334E+00  6.1573E+00  1.3485E+01  4.8691E-01  2.3863E+01  7.7861E+00 -1.7712E+01
  1.8366E+00  6.1678E+00  1.3528E+01  4.8690E-01  2.3410E+01  7.7905E+00 -1.7089E+01
  1.8399E+00  6.1787E+00  1.3583E+01  4.8690E-01  2.3022E+01  7.7971E+00 -1.6540E+01
  1.8430E+00  6.1892E+00  1.3644E+01  4.8689E-01  2.2860E+01  7.8038E+00 -1.6300E+01
  1.8463E+00  6.2001E+00  1.3710E+01  4.8689E-01  2.3143E+01  7.8163E+00 -1.6670E+01
  1.8494E+00  6.2106E+00  1.3772E+01  4.8688E-01  2.3753E+01  7.8252E+00 -1.7490E+01
  1.8527E+00  6.2216E+00  1.3828E+01  4.8688E-01  2.4735E+01  7.8348E+00 -1.8784E+01
  1.8558E+00  6.2321E+00  1.3871E+01  4.8687E-01  2.5869E+01  7.8414E+00 -2.0244E+01
  1.8591E+00  6.2430E+00  1.3906E+01  4.8687E-01  2.6878E+01  7.8423E+00 -2.1517E+01
  1.8623E+00  6.2535E+00  1.3934E+01  4.8686E-01  2.7325E+01  7.8395E+00 -2.2076E+01
  1.8655E+00  6.2645E+00  1.3965E+01  4.8686E-01  2.7184E+01  7.8381E+00 -2.1904E+01
  1.8687E+00  6.2750E+00  1.4004E+01  4.8685E-01  2.6733E+01  7.8411E+00 -2.1337E+01
  1.8720E+00  6.2859E+00  1.4054E+01  4.8684E-01  2.6267E+01  7.8474E+00 -2.0740E+01
  1.8751E+00  6.2964E+00  1.4112E+01  4.8684E-01  2.6020E+01  7.8549E+00 -2.0414E+01
  1.8784E+00  6.3073E+00  1.4177E+01  4.8683E-01  2.6107E+01  7.8644E+00 -2.0508E+01
  1.8815E+00  6.3178E+00  1.4239E+01  4.8683E-01  2.6578E+01  7.8737E+00 -2.1091E+01
  1.8848E+00  6.3288E+00  1.4299E+01  4.8682E-01  2.7472E+01  7.8840E+00 -2.2190E+01
  1.8880E+00  6.3393E+00  1.4346E+01  4.8682E-01  2.8629E+01  7.8924E+00 -2.3596E+01
  1.8912E+00  6.3502E+00  1.4385E+01  4.8681E-01  2.9824E+01  7.8959E+00 -2.5028E+01
  1.8944E+00  6.3607E+00  1.4414E+01  4.8680E-01  3.0541E+01  7.8941E+00 -2.5880E+01
  1.8977E+00  6.3716E+00  1.4444E+01  4.8680E-01  3.0617E+01  7.8913E+00 -2.5974E+01
  1.9008E+00  6.3821E+00  1.4479E+01  4.8679E-01  3.0222E+01  7.8926E+00 -2.5505E+01
  1.9041E+00  6.3931E+00  1.4525E+01  4.8678E-01  2.9690E+01  7.8981E+00 -2.4864E+01
  1.9072E+00  6.4036E+00  1.4580E+01  4.8678E-01  2.9315E+01  7.9051E+00 -2.4406E+01
  1.9105E+00  6.4145E+00  1.4645E+01  4.8677E-01  2.9238E+01  7.9157E+00 -2.4298E+01
  1.9136E+00  6.4250E+00  1.4708E+01  4.8677E-01  2.9638E+01  7.9251E+00 -2.4766E+01
  1.9169E+00  6.4359E+00  1.4771E+01  4.8676E-01  3.0464E+01  7.9349E+00 -2.5735E+01
  1.9201E+00  6.4464E+00  1.4822E+01  4.8675E-01  3.1606E+01  7.9441E+00 -2.7066E+01
  1.9233E+00  6.4574E+00  1.4864E+01  4.8675E-01  3.2909E+01  7.9495E+00 -2.8571E+01
  1.9265E+00  6.4679E+00  1.4896E+01  4.8674E-01  3.3842E+01  7.9488E+00 -2.9641E+01
  1.9298E+00  6.4788E+00  1.4925E+01  4.8673E-01  3.4145E+01  7.9455E+00 -2.9991E+01
  1.9329E+00  6.4893E+00  1.4957E+01  4.8673E-01  3.3857E+01  7.9453E+00 -2.9661E+01
  1.9362E+00  6.5002E+00  1.5000E+01  4.8672E-01  3.3300E+01  7.9496E+00 -2.9019E+01
  1.9393E+00  6.5107E+00  1.5052E+01  4.8671E-01  3.2823E+01  7.9562E+00 -2.8463E+01
  1.9426E+00  6.5217E+00  1.5115E+01  4.8671E-01  3.2569E+01  7.9641E+00 -2.8160E+01
  1.9458E+00  6.5322E+00  1.5179E+01  4.8670E-01  3.2816E+01  7.9764E+00 -2.8431E+01
  1.9490E+00  6.5431E+00  1.5243E+01  4.8669E-01  3.3511E+01  7.9860E+00 -2.9218E+01
  1.9522E+00  6.5536E+00  1.5298E+01  4.8669E-01  3.4562E+01  7.9959E+00 -3.0407E+01
  1.9555E+00  6.5645E+00  1.5345E+01  4.8668E-01  3.5901E+01  8.0037E+00 -3.1913E+01
  1.9586E+00  6.5750E+00  1.5379E+01  4.8668E-01  3.7046E+01  8.0054E+00 -3.3193E+01
  1.9619E+00  6.5859E+00  1.5409E+01  4.8667E-01  3.7659E+01  8.0025E+00 -3.3879E+01
  1.9650E+00  6.5964E+00  1.5439E+01  4.8666E-01  3.7581E+01  8.0004E+00 -3.3795E+01
  1.9683E+00  6.6074E+00  1.5477E+01  4.8665E-01  3.7078E+01  8.0030E+00 -3.3232E+01
  1.9714E+00  6.6179E+00  1.5525E+01  4.8665E-01  3.6553E+01  8.0093E+00 -3.2638E+01
  1.9747E+00  6.6288E+00  1.5584E+01  4.8664E-01  3.6215E+01  8.0174E+00 -3.2251E+01
  1.9779E+00  6.6393E+00  1.5646E+01  4.8663E-01  3.6246E+01  8.0269E+00 -3.2275E+01
  1.9811E+00  6.6502E+00  1.5711E+01  4.8663E-01  3.6732E+01  8.0372E+00 -3.2810E+01
  1.9843E+00  6.6607E+00  1.5770E+01  4.8662E-01  3.7630E+01  8.0477E+00 -3.3801E+01
  1.9876E+00  6.6717E+00  1.5821E+01  4.8661E-01  3.8923E+01  8.0575E+00 -3.5225E+01
  1.9907E+00  6.6822E+00  1.5859E+01  4.8661E-01  4.0204E+01  8.0620E+00 -3.6631E+01
  1.9940E+00  6.6931E+00  1.5890E+01  4.8660E-01  4.1097E+01  8.0604E+00 -3.7611E+01
  1.9971E+00  6.7036E+00  1.5918E+01  4.8659E-01  4.1265E+01  8.0573E+00 -3.7797E+01
  2.0004E+00  6.7145E+00  1.5953E+01  4.8659E-01  4.0866E+01  8.0580E+00 -3.7361E+01
  2.0036E+00  6.7250E+00  1.5997E+01  4.8658E-01  4.0304E+01  8.0633E+00 -3.6740E+01
  2.0068E+00  6.7360E+00  1.6053E+01  4.8657E-01  3.9843E+01  8.0709E+00 -3.6227E+01
  2.0100E+00  6.7465E+00  1.6114E+01  4.8657E-01  3.9692E+01  8.0800E+00 -3.6051E+01
  2.0132E+00  6.7574E+00  1.6181E+01  4.8656E-01  4.0076E+01  8.0920E+00 -3.6462E+01
  2.0164E+00  6.7679E+00  1.6242E+01  4.8655E-01  4.0874E+01  8.1019E+00 -3.7328E+01
  2.0197E+00  6.7788E+00  1.6297E+01  4.8655E-01  4.2104E+01  8.1123E+00 -3.8663E+01
  2.0228E+00  6.7893E+00  1.6339E+01  4.8654E-01  4.3447E+01  8.1186E+00 -4.0115E+01
  2.0261E+00  6.8003E+00  1.6372E+01  4.8653E-01  4.4549E+01  8.1185E+00 -4.1306E+01
  2.0292E+00  6.8108E+00  1.6400E+01  4.8652E-01  4.4953E+01  8.1151E+00 -4.1744E+01
  2.0325E+00  6.8217E+00  1.6433E+01  4.8652E-01  4.4701E+01  8.1142E+00 -4.1473E+01
  2.0357E+00  6.8322E+00  1.6473E+01  4.8651E-01  4.4142E+01  8.1181E+00 -4.0867E+01
  2.0389E+00  6.8431E+00  1.6526E+01  4.8650E-01  4.3589E+01  8.1251E+00 -4.0262E+01
  2.0421E+00  6.8536E+00  1.6585E+01  4.8650E-01  4.3284E+01  8.1330E+00 -3.9925E+01
  2.0454E+00  6.8646E+00  1.6651E+01  4.8649E-01  4.3465E+01  8.1464E+00 -4.0110E+01
  2.0485E+00  6.8751E+00  1.6714E+01  4.8648E-01  4.4113E+01  8.1561E+00 -4.0803E+01
  2.0518E+00  6.8860E+00  1.6773E+01  4.8648E-01  4.5212E+01  8.1671E+00 -4.1979E+01
  2.0549E+00  6.8965E+00  1.6819E+01  4.8647E-01  4.6546E+01  8.1757E+00 -4.3406E+01
  2.0582E+00  6.9074E+00  1.6856E+01  4.8646E-01  4.7839E+01  8.1784E+00 -4.4788E+01
  2.0613E+00  6.9179E+00  1.6885E+01  4.8646E-01  4.8547E+01  8.1757E+00 -4.5545E+01
  2.0646E+00  6.9288E+00  1.6915E+01  4.8645E-01  4.8550E+01  8.1729E+00 -4.5550E+01
  2.0678E+00  6.9393E+00  1.6951E+01  4.8644E-01  4.8075E+01  8.1749E+00 -4.5042E+01
  2.0710E+00  6.9503E+00  1.6999E+01  4.8643E-01  4.7487E+01  8.1814E+00 -4.4409E+01
  2.0742E+00  6.9608E+00  1.7055E+01  4.8643E-01  4.7105E+01  8.1894E+00 -4.3993E+01
  2.0775E+00  6.9717E+00  1.7119E+01  4.8642E-01  4.7072E+01  8.1996E+00 -4.3951E+01
  2.0806E+00  6.9822E+00  1.7182E+01  4.8641E-01  4.7496E+01  8.2101E+00 -4.4395E+01
  2.0839E+00  6.9931E+00  1.7244E+01  4.8641E-01  4.8405E+01  8.2215E+00 -4.5357E+01
  2.0870E+00  7.0036E+00  1.7294E+01  4.8640E-01  4.9657E+01  8.2318E+00 -4.6684E+01
  2.0903E+00  7.0146E+00  1.7336E+01  4.8639E-01  5.1056E+01  8.2376E+00 -4.8165E+01
  2.0935E+00  7.0251E+00  1.7366E+01  4.8639E-01  5.2025E+01  8.2365E+00 -4.9192E+01
  2.0967E+00  7.0360E+00  1.7396E+01  4.8638E-01  5.2306E+01  8.2329E+00 -4.9491E+01
  2.0999E+00  7.0465E+00  1.7429E+01  4.8637E-01  5.1962E+01  8.2329E+00 -4.9128E+01
  2.1032E+00  7.0574E+00  1.7473E+01  4.8636E-01  5.1357E+01  8.2380E+00 -4.8484E+01
  2.1063E+00  7.0679E+00  1.7525E+01  4.8636E-01  5.0866E+01  8.2456E+00 -4.7958E+01
  2.1096E+00  7.0789E+00  1.7588E+01  4.8635E-01  5.0643E+01  8.2548E+00 -4.7714E+01
  2.1127E+00  7.0894E+00  1.7652E+01  4.8634E-01  5.0950E+01  8.2675E+00 -4.8030E+01
  2.1160E+00  7.1003E+00  1.7716E+01  4.8634E-01  5.1743E+01  8.2782E+00 -4.8864E+01
  2.1191E+00  7.1108E+00  1.7770E+01  4.8633E-01  5.2914E+01  8.2889E+00 -5.0093E+01
  2.1224E+00  7.1217E+00  1.7816E+01  4.8632E-01  5.4347E+01  8.2966E+00 -5.1600E+01
  2.1256E+00  7.1322E+00  1.7849E+01  4.8632E-01  5.5500E+01  8.2973E+00 -5.2813E+01
  2.1288E+00  7.1431E+00  1.7879E+01  4.8631E-01  5.6034E+01  8.2936E+00 -5.3376E+01
  2.1320E+00  7.1536E+00  1.7909E+01  4.8630E-01  5.5857E+01  8.2920E+00 -5.3191E+01
  2.1353E+00  7.1646E+00  1.7950E+01  4.8629E-01  5.5279E+01  8.2956E+00 -5.2581E+01
  2.1384E+00  7.1751E+00  1.7999E+01  4.8629E-01  5.4710E+01  8.3024E+00 -5.1978E+01
  2.1417E+00  7.1860E+00  1.8059E+01  4.8628E-01  5.4338E+01  8.3109E+00 -5.1580E+01
  2.1448E+00  7.1965E+00  1.8123E+01  4.8627E-01  5.4431E+01  8.3245E+00 -5.1669E+01
  2.1481E+00  7.2074E+00  1.8189E+01  4.8627E-01  5.5060E+01  8.3349E+00 -5.2324E+01
  2.1513E+00  7.2179E+00  1.8246E+01  4.8626E-01  5.6085E+01  8.3460E+00 -5.3394E+01
  2.1545E+00  7.2289E+00  1.8296E+01  4.8625E-01  5.7478E+01  8.3559E+00 -5.4850E+01
  2.1577E+00  7.2394E+00  1.8333E+01  4.8625E-01  5.8788E+01  8.3596E+00 -5.6218E+01
  2.1610E+00  7.2503E+00  1.8364E+01  4.8624E-01  5.9634E+01  8.3571E+00 -5.7103E+01
  2.1641E+00  7.2608E+00  1.8393E+01  4.8623E-01  5.9726E+01  8.3538E+00 -5.7201E+01
  2.1674E+00  7.2717E+00  1.8429E+01  4.8623E-01  5.9264E+01  8.3552E+00 -5.6718E+01
  2.1705E+00  7.2822E+00  1.8474E+01  4.8622E-01  5.8675E+01  8.3612E+00 -5.6099E+01
  2.1738E+00  7.2931E+00  1.8530E+01  4.8621E-01  5.8227E+01  8.3699E+00 -5.5624E+01
  2.1769E+00  7.3036E+00  1.8591E+01  4.8620E-01  5.8134E+01  8.3799E+00 -5.5520E+01
  2.1802E+00  7.3146E+00  1.8657E+01  4.8620E-01  5.8513E+01  8.3913E+00 -5.5910E+01
  2.1834E+00  7.3251E+00  1.8717E+01  4.8619E-01  5.9340E+01  8.4027E+00 -5.6767E+01
  2.1866E+00  7.3360E+00  1.8771E+01  4.8618E-01  6.0620E+01  8.4142E+00 -5.8097E+01
  2.1898E+00  7.3465E+00  1.8813E+01  4.8618E-01  6.2000E+01  8.4209E+00 -5.9531E+01
  2.1931E+00  7.3574E+00  1.8846E+01  4.8617E-01  6.3103E+01  8.4206E+00 -6.0680E+01
  2.1962E+00  7.3679E+00  1.8874E+01  4.8616E-01  6.3477E+01  8.4168E+00 -6.1070E+01
  2.1995E+00  7.3789E+00  1.8907E+01  4.8616E-01  6.3180E+01  8.4160E+00 -6.0762E+01
  2.2026E+00  7.3894E+00  1.8948E+01  4.8615E-01  6.2594E+01  8.4206E+00 -6.0150E+01
  2.2059E+00  7.4003E+00  1.9001E+01  4.8614E-01  6.2044E+01  8.4286E+00 -5.9572E+01
  2.2091E+00  7.4108E+00  1.9061E+01  4.8614E-01  6.1773E+01  8.4376E+00 -5.9285E+01
  2.2123E+00  7.4217E+00  1.9127E+01  4.8613E-01  6.2011E+01  8.4514E+00 -5.9524E+01
  2.2155E+00  7.4322E+00  1.9189E+01  4.8612E-01  6.2723E+01  8.4620E+00 -6.0259E+01
  2.2187E+00  7.4431E+00  1.9247E+01  4.8612E-01  6.3903E+01  8.4737E+00 -6.1480E+01
  2.2219E+00  7.4536E+00  1.9292E+01  4.8611E-01  6.5291E+01  8.4821E+00 -6.2916E+01
  2.2252E+00  7.4646E+00  1.9329E+01  4.8610E-01  6.6567E+01  8.4839E+00 -6.4238E+01
  2.2283E+00  7.4751E+00  1.9357E+01  4.8610E-01  6.7187E+01  8.4803E+00 -6.4882E+01
  2.2316E+00  7.4860E+00  1.9388E+01  4.8609E-01  6.7084E+01  8.4778E+00 -6.4777E+01
  2.2347E+00  7.4965E+00  1.9426E+01  4.8608E-01  6.6545E+01  8.4808E+00 -6.4217E+01
  2.2380E+00  7.5074E+00  1.9476E+01  4.8608E-01  6.5926E+01  8.4879E+00 -6.3571E+01
  2.2412E+00  7.5179E+00  1.9533E+01  4.8607E-01  6.5521E+01  8.4962E+00 -6.3147E+01
  2.2444E+00  7.5289E+00  1.9599E+01  4.8606E-01  6.5530E+01  8.5107E+00 -6.3147E+01
  2.2476E+00  7.5394E+00  1.9662E+01  4.8606E-01  6.6082E+01  8.5211E+00 -6.3714E+01
  2.2509E+00  7.5503E+00  1.9723E+01  4.8605E-01  6.7100E+01  8.5330E+00 -6.4763E+01
  2.2540E+00  7.5608E+00  1.9773E+01  4.8604E-01  6.8424E+01  8.5434E+00 -6.6128E+01
  2.2573E+00  7.5717E+00  1.9813E+01  4.8604E-01  6.9831E+01  8.5484E+00 -6.7580E+01
  2.2604E+00  7.5822E+00  1.9843E+01  4.8603E-01  7.0742E+01  8.5465E+00 -6.8522E+01
  2.2637E+00  7.5931E+00  1.9873E+01  4.8602E-01  7.0939E+01  8.5426E+00 -6.8727E+01
  2.2668E+00  7.6036E+00  1.9906E+01  4.8602E-01  7.0538E+01  8.5430E+00 -6.8313E+01
  2.2701E+00  7.6146E+00  1.9951E+01  4.8601E-01  6.9913E+01  8.5491E+00 -6.7664E+01
  2.2733E+00  7.6251E+00  2.0005E+01  4.8600E-01  6.9440E+01  8.5575E+00 -6.7171E+01
  2.2765E+00  7.6360E+00  2.0068E+01  4.8600E-01  6.9280E+01  8.5681E+00 -6.7000E+01
  2.2797E+00  7.6465E+00  2.0131E+01  4.8599E-01  6.9581E+01  8.5796E+00 -6.7304E+01
  2.2830E+00  7.6574E+00  2.0194E+01  4.8598E-01  7.0381E+01  8.5918E+00 -6.8125E+01
  2.2861E+00  7.6679E+00  2.0248E+01  4.8598E-01  7.1575E+01  8.6036E+00 -6.9351E+01
  2.2894E+00  7.6788E+00  2.0292E+01  4.8597E-01  7.3024E+01  8.6118E+00 -7.0841E+01
  2.2925E+00  7.6893E+00  2.0325E+01  4.8596E-01  7.4165E+01  8.6123E+00 -7.2017E+01
  2.2958E+00  7.7003E+00  2.0354E+01  4.8596E-01  7.4664E+01  8.6083E+00 -7.2532E+01
  2.2990E+00  7.7108E+00  2.0385E+01  4.8595E-01  7.4445E+01  8.6066E+00 -7.2308E+01
  2.3022E+00  7.7217E+00  2.0426E+01  4.8594E-01  7.3845E+01  8.6109E+00 -7.1688E+01
  2.3054E+00  7.7322E+00  2.0476E+01  4.8594E-01  7.3285E+01  8.6187E+00 -7.1106E+01
  2.3087E+00  7.7431E+00  2.0537E+01  4.8593E-01  7.2951E+01  8.6282E+00 -7.0757E+01
  2.3118E+00  7.7536E+00  2.0601E+01  4.8592E-01  7.3098E+01  8.6421E+00 -7.0902E+01
  2.3151E+00  7.7646E+00  2.0666E+01  4.8592E-01  7.3780E+01  8.6535E+00 -7.1598E+01
  2.3182E+00  7.7751E+00  2.0723E+01  4.8591E-01  7.4867E+01  8.6653E+00 -7.2712E+01
  2.3215E+00  7.7860E+00  2.0772E+01  4.8590E-01  7.6303E+01  8.6751E+00 -7.4185E+01
  2.3246E+00  7.7965E+00  2.0808E+01  4.8590E-01  7.7590E+01  8.6778E+00 -7.5506E+01
  2.3279E+00  7.8074E+00  2.0838E+01  4.8589E-01  7.8342E+01  8.6743E+00 -7.6281E+01
  2.3311E+00  7.8179E+00  2.0868E+01  4.8588E-01  7.8328E+01  8.6713E+00 -7.6268E+01
  2.3343E+00  7.8288E+00  2.0905E+01  4.8588E-01  7.7800E+01  8.6736E+00 -7.5724E+01
  2.3375E+00  7.8393E+00  2.0952E+01  4.8587E-01  7.7185E+01  8.6804E+00 -7.5089E+01
  2.3408E+00  7.8503E+00  2.1010E+01  4.8587E-01  7.6720E+01  8.6893E+00 -7.4607E+01
  2.3439E+00  7.8608E+00  2.1073E+01  4.8586E-01  7.6641E+01  8.7036E+00 -7.4518E+01
  2.3472E+00  7.8717E+00  2.1139E+01  4.8585E-01  7.7156E+01  8.7149E+00 -7.5042E+01
  2.3503E+00  7.8822E+00  2.1199E+01  4.8585E-01  7.8080E+01  8.7267E+00 -7.5986E+01
  2.3536E+00  7.8931E+00  2.1252E+01  4.8584E-01  7.9427E+01  8.7384E+00 -7.7363E+01
  2.3568E+00  7.9036E+00  2.1292E+01  4.8583E-01  8.0810E+01  8.7444E+00 -7.8780E+01
  2.3600E+00  7.9145E+00  2.1324E+01  4.8583E-01  8.1851E+01  8.7431E+00 -7.9848E+01
  2.3632E+00  7.9250E+00  2.1353E+01  4.8582E-01  8.2140E+01  8.7390E+00 -8.0146E+01
  2.3665E+00  7.9360E+00  2.1387E+01  4.8581E-01  8.1781E+01  8.7386E+00 -7.9778E+01
  2.3696E+00  7.9465E+00  2.1428E+01  4.8581E-01  8.1177E+01  8.7441E+00 -7.9156E+01
  2.3729E+00  7.9574E+00  2.1483E+01  4.8580E-01  8.0646E+01  8.7530E+00 -7.8607E+01
  2.3760E+00  7.9679E+00  2.1542E+01  4.8580E-01  8.0434E+01  8.7633E+00 -7.8385E+01
  2.3793E+00  7.9788E+00  2.1608E+01  4.8579E-01  8.0677E+01  8.7757E+00 -7.8628E+01
  2.3824E+00  7.9893E+00  2.1670E+01  4.8578E-01  8.1385E+01  8.7877E+00 -7.9349E+01
  2.3857E+00  8.0003E+00  2.1727E+01  4.8578E-01  8.2577E+01  8.8007E+00 -8.0565E+01
  2.3889E+00  8.0108E+00  2.1771E+01  4.8577E-01  8.3971E+01  8.8097E+00 -8.1989E+01
  2.3921E+00  8.0217E+00  2.1806E+01  4.8577E-01  8.5228E+01  8.8113E+00 -8.3275E+01
  2.3953E+00  8.0322E+00  2.1835E+01  4.8576E-01  8.5812E+01  8.8075E+00 -8.3874E+01
  2.3986E+00  8.0431E+00  2.1866E+01  4.8575E-01  8.5667E+01  8.8049E+00 -8.3727E+01
  2.4017E+00  8.0536E+00  2.1905E+01  4.8575E-01  8.5107E+01  8.8085E+00 -8.3153E+01
  2.4050E+00  8.0645E+00  2.1955E+01  4.8574E-01  8.4498E+01  8.8165E+00 -8.2526E+01
  2.4081E+00  8.0750E+00  2.2013E+01  4.8573E-01  8.4130E+01  8.8258E+00 -8.2145E+01
  2.4114E+00  8.0860E+00  2.2079E+01  4.8573E-01  8.4197E+01  8.8406E+00 -8.2207E+01
  2.4146E+00  8.0965E+00  2.2142E+01  4.8572E-01  8.4791E+01  8.8519E+00 -8.2810E+01
  2.4178E+00  8.1074E+00  2.2202E+01  4.8572E-01  8.5867E+01  8.8645E+00 -8.3905E+01
  2.4210E+00  8.1179E+00  2.2251E+01  4.8571E-01  8.7229E+01  8.8750E+00 -8.5293E+01
  2.4242E+00  8.1288E+00  2.2290E+01  4.8570E-01  8.8614E+01  8.8791E+00 -8.6708E+01
  2.4274E+00  8.1393E+00  2.2319E+01  4.8570E-01  8.9437E+01  8.8761E+00 -8.7550E+01
  2.4307E+00  8.1502E+00  2.2349E+01  4.8569E-01  8.9521E+01  8.8723E+00 -8.7637E+01
  2.4338E+00  8.1607E+00  2.2384E+01  4.8569E-01  8.9050E+01  8.8738E+00 -8.7156E+01
  2.4371E+00  8.1717E+00  2.2431E+01  4.8568E-01  8.8400E+01  8.8806E+00 -8.6488E+01
  2.4402E+00  8.1822E+00  2.2486E+01  4.8567E-01  8.7914E+01  8.8893E+00 -8.5987E+01
  2.4435E+00  8.1931E+00  2.2551E+01  4.8567E-01  8.7749E+01  8.9026E+00 -8.5813E+01
  2.4467E+00  8.2036E+00  2.2615E+01  4.8566E-01  8.8182E+01  8.9156E+00 -8.6250E+01
  2.4499E+00  8.2145E+00  2.2678E+01  4.8566E-01  8.9084E+01  8.9282E+00 -8.7166E+01
  2.4531E+00  8.2250E+00  2.2730E+01  4.8565E-01  9.0340E+01  8.9401E+00 -8.8445E+01
  2.4564E+00  8.2359E+00  2.2774E+01  4.8564E-01  9.1795E+01  8.9477E+00 -8.9927E+01
  2.4595E+00  8.2464E+00  2.2806E+01  4.8564E-01  9.2878E+01  8.9472E+00 -9.1032E+01
  2.4628E+00  8.2574E+00  2.2835E+01  4.8563E-01  9.3286E+01  8.9427E+00 -9.1451E+01
  2.4659E+00  8.2679E+00  2.2867E+01  4.8563E-01  9.3005E+01  8.9415E+00 -9.1164E+01
  2.4692E+00  8.2788E+00  2.2909E+01  4.8562E-01  9.2383E+01  8.9466E+00 -9.0528E+01
  2.4723E+00  8.2893E+00  2.2960E+01  4.8561E-01  9.1839E+01  8.9553E+00 -8.9969E+01
  2.4756E+00  8.3002E+00  2.3021E+01  4.8561E-01  9.1563E+01  8.9660E+00 -8.9682E+01
  2.4788E+00  8.3107E+00  2.3084E+01  4.8560E-01  9.1728E+01  8.9784E+00 -8.9845E+01
  2.4820E+00  8.3216E+00  2.3149E+01  4.8560E-01  9.2397E+01  8.9913E+00 -9.0523E+01
  2.4852E+00  8.3321E+00  2.3205E+01  4.8559E-01  9.3489E+01  9.0043E+00 -9.1632E+01
  2.4885E+00  8.3431E+00  2.3252E+01  4.8559E-01  9.4927E+01  9.0148E+00 -9.3094E+01
  2.4916E+00  8.3536E+00  2.3288E+01  4.8558E-01  9.6194E+01  9.0175E+00 -9.4384E+01
  2.4949E+00  8.3645E+00  2.3318E+01  4.8557E-01  9.6908E+01  9.0138E+00 -9.5113E+01
  2.4980E+00  8.3750E+00  2.3347E+01  4.8557E-01  9.6853E+01  9.0106E+00 -9.5059E+01
  2.5013E+00  8.3859E+00  2.3386E+01  4.8556E-01  9.6301E+01  9.0135E+00 -9.4495E+01
  2.5045E+00  8.3964E+00  2.3433E+01  4.8556E-01  9.5695E+01  9.0211E+00 -9.3874E+01
  2.5077E+00  8.4074E+00  2.3492E+01  4.8555E-01  9.5267E+01  9.0310E+00 -9.3434E+01
  2.5109E+00  8.4179E+00  2.3555E+01  4.8554E-01  9.5248E+01  9.0456E+00 -9.3408E+01
  2.5142E+00  8.4288E+00  2.3621E+01  4.8554E-01  9.5801E+01  9.0577E+00 -9.3968E+01
  2.5173E+00  8.4393E+00  2.3680E+01  4.8553E-01  9.6777E+01  9.0702E+00 -9.4957E+01
  2.5206E+00  8.4502E+00  2.3732E+01  4.8553E-01  9.8163E+01  9.0820E+00 -9.6364E+01
  2.5237E+00  8.4607E+00  2.3771E+01  4.8552E-01  9.9531E+01  9.0872E+00 -9.7755E+01
  2.5270E+00  8.4716E+00  2.3803E+01  4.8552E-01  1.0048E+02  9.0847E+00 -9.8727E+01
  2.5301E+00  8.4821E+00  2.3831E+01  4.8551E-01  1.0066E+02  9.0805E+00 -9.8909E+01
  2.5334E+00  8.4931E+00  2.3866E+01  4.8550E-01  1.0023E+02  9.0812E+00 -9.8465E+01
  2.5366E+00  8.5036E+00  2.3910E+01  4.8550E-01  9.9594E+01  9.0875E+00 -9.7819E+01
  2.5398E+00  8.5145E+00  2.3966E+01  4.8549E-01  9.9052E+01  9.0967E+00 -9.7264E+01
  2.5430E+00  8.5250E+00  2.4027E+01  4.8549E-01  9.8823E+01  9.1067E+00 -9.7026E+01
  2.5463E+00  8.5359E+00  2.4094E+01  4.8548E-01  9.9194E+01  9.1236E+00 -9.7397E+01
  2.5494E+00  8.5464E+00  2.4155E+01  4.8548E-01  1.0000E+02  9.1359E+00 -9.8214E+01
  2.5527E+00  8.5573E+00  2.4211E+01  4.8547E-01  1.0126E+02  9.1490E+00 -9.9492E+01
  2.5558E+00  8.5678E+00  2.4254E+01  4.8547E-01  1.0267E+02  9.1574E+00 -1.0092E+02
  2.5591E+00  8.5788E+00  2.4289E+01  4.8546E-01  1.0387E+02  9.1580E+00 -1.0214E+02
  2.5623E+00  8.5893E+00  2.4317E+01  4.8545E-01  1.0436E+02  9.1536E+00 -1.0265E+02
  2.5655E+00  8.6002E+00  2.4349E+01  4.8545E-01  1.0415E+02  9.1515E+00 -1.0243E+02
  2.5687E+00  8.6107E+00  2.4389E+01  4.8544E-01  1.0356E+02  9.1558E+00 -1.0183E+02
  2.5719E+00  8.6216E+00  2.4440E+01  4.8544E-01  1.0297E+02  9.1647E+00 -1.0122E+02
  2.5751E+00  8.6321E+00  2.4498E+01  4.8543E-01  1.0265E+02  9.1752E+00 -1.0090E+02
  2.5784E+00  8.6430E+00  2.4564E+01  4.8543E-01  1.0275E+02  9.1882E+00 -1.0099E+02
  2.5815E+00  8.6535E+00  2.4626E+01  4.8542E-01  1.0333E+02  9.2010E+00 -1.0158E+02
  2.5848E+00  8.6645E+00  2.4686E+01  4.8542E-01  1.0440E+02  9.2149E+00 -1.0266E+02
  2.5879E+00  8.6750E+00  2.4733E+01  4.8541E-01  1.0577E+02  9.2261E+00 -1.0404E+02
  2.5912E+00  8.6859E+00  2.4771E+01  4.8541E-01  1.0713E+02  9.2302E+00 -1.0543E+02
  2.5944E+00  8.6964E+00  2.4801E+01  4.8540E-01  1.0792E+02  9.2270E+00 -1.0623E+02
  2.5976E+00  8.7073E+00  2.4831E+01  4.8539E-01  1.0796E+02  9.2231E+00 -1.0627E+02
  2.6008E+00  8.7178E+00  2.4866E+01  4.8539E-01  1.0746E+02  9.2250E+00 -1.0577E+02
  2.6041E+00  8.7287E+00  2.4914E+01  4.8538E-01  1.0682E+02  9.2327E+00 -1.0511E+02
  2.6072E+00  8.7392E+00  2.4970E+01  4.8538E-01  1.0637E+02  9.2423E+00 -1.0465E+02
  2.6105E+00  8.7502E+00  2.5034E+01  4.8537E-01  1.0627E+02  9.2570E+00 -1.0454E+02
  2.6136E+00  8.7607E+00  2.5098E+01  4.8537E-01  1.0673E+02  9.2696E+00 -1.0501E+02
  2.6169E+00  8.7716E+00  2.5161E+01  4.8536E-01  1.0768E+02  9.2829E+00 -1.0597E+02
  2.6201E+00  8.7821E+00  2.5212E+01  4.8536E-01  1.0898E+02  9.2951E+00 -1.0728E+02
  2.6233E+00  8.7930E+00  2.5254E+01  4.8535E-01  1.1043E+02  9.3018E+00 -1.0875E+02
  2.6265E+00  8.8035E+00  2.5286E+01  4.8535E-01  1.1143E+02  9.3001E+00 -1.0977E+02
  2.6297E+00  8.8144E+00  2.5315E+01  4.8534E-01  1.1172E+02  9.2954E+00 -1.1007E+02
  2.6329E+00  8.8249E+00  2.5348E+01  4.8534E-01  1.1136E+02  9.2952E+00 -1.0970E+02
  2.6362E+00  8.8359E+00  2.5392E+01  4.8533E-01  1.1071E+02  9.3012E+00 -1.0903E+02
  2.6393E+00  8.8464E+00  2.5444E+01  4.8533E-01  1.1015E+02  9.3102E+00 -1.0847E+02
  2.6426E+00  8.8573E+00  2.5507E+01  4.8532E-01  1.0986E+02  9.3209E+00 -1.0817E+02
  2.6457E+00  8.8678E+00  2.5572E+01  4.8531E-01  1.1013E+02  9.3376E+00 -1.0844E+02
  2.6490E+00  8.8787E+00  2.5636E+01  4.8531E-01  1.1091E+02  9.3505E+00 -1.0922E+02
  2.6522E+00  8.8892E+00  2.5691E+01  4.8530E-01  1.1207E+02  9.3637E+00 -1.1039E+02
  2.6554E+00  8.9001E+00  2.5738E+01  4.8530E-01  1.1352E+02  9.3737E+00 -1.1187E+02
  2.6586E+00  8.9106E+00  2.5772E+01  4.8529E-01  1.1474E+02  9.3753E+00 -1.1311E+02
  2.6619E+00  8.9216E+00  2.5802E+01  4.8529E-01  1.1537E+02  9.3709E+00 -1.1374E+02
  2.6650E+00  8.9321E+00  2.5832E+01  4.8528E-01  1.1524E+02  9.3681E+00 -1.1361E+02
  2.6683E+00  8.9430E+00  2.5871E+01  4.8528E-01  1.1466E+02  9.3718E+00 -1.1302E+02
  2.6714E+00  8.9535E+00  2.5919E+01  4.8527E-01  1.1406E+02  9.3802E+00 -1.1241E+02
  2.6747E+00  8.9644E+00  2.5979E+01  4.8527E-01  1.1368E+02  9.3911E+00 -1.1202E+02
  2.6778E+00  8.9749E+00  2.6041E+01  4.8526E-01  1.1371E+02  9.4039E+00 -1.1205E+02
  2.6811E+00  8.9858E+00  2.6107E+01  4.8526E-01  1.1424E+02  9.4175E+00 -1.1258E+02
  2.6843E+00  8.9963E+00  2.6165E+01  4.8525E-01  1.1521E+02  9.4313E+00 -1.1356E+02
  2.6875E+00  9.0073E+00  2.6216E+01  4.8525E-01  1.1660E+02  9.4439E+00 -1.1496E+02
  2.6907E+00  9.0178E+00  2.6254E+01  4.8524E-01  1.1795E+02  9.4492E+00 -1.1633E+02
  2.6940E+00  9.0287E+00  2.6285E+01  4.8524E-01  1.1886E+02  9.4465E+00 -1.1726E+02
  2.6971E+00  9.0392E+00  2.6314E+01  4.8523E-01  1.1900E+02  9.4421E+00 -1.1740E+02
  2.7004E+00  9.0501E+00  2.6350E+01  4.8523E-01  1.1853E+02  9.4432E+00 -1.1692E+02
  2.7035E+00  9.0606E+00  2.6394E+01  4.8522E-01  1.1790E+02  9.4503E+00 -1.1628E+02
  2.7068E+00  9.0715E+00  2.6451E+01  4.8522E-01  1.1739E+02  9.4604E+00 -1.1576E+02
  2.7100E+00  9.0820E+00  2.6512E+01  4.8521E-01  1.1722E+02  9.4728E+00 -1.1559E+02
  2.7132E+00  9.0930E+00  2.6579E+01  4.8521E-01  1.1763E+02  9.4883E+00 -1.1600E+02
  2.7164E+00  9.1035E+00  2.6640E+01  4.8520E-01  1.1849E+02  9.5013E+00 -1.1686E+02
  2.7197E+00  9.1144E+00  2.6695E+01  4.8520E-01  1.1979E+02  9.5146E+00 -1.1817E+02
  2.7228E+00  9.1249E+00  2.6737E+01  4.8519E-01  1.2119E+02  9.5224E+00 -1.1960E+02
  2.7261E+00  9.1358E+00  2.6771E+01  4.8519E-01  1.2232E+02  9.5216E+00 -1.2074E+02
  2.7292E+00  9.1463E+00  2.6799E+01  4.8518E-01  1.2271E+02  9.5168E+00 -1.2113E+02
  2.7325E+00  9.1572E+00  2.6832E+01  4.8518E-01  1.2240E+02  9.5156E+00 -1.2082E+02
  2.7356E+00  9.1677E+00  2.6873E+01  4.8517E-01  1.2178E+02  9.5209E+00 -1.2019E+02
  2.7389E+00  9.1787E+00  2.6926E+01  4.8517E-01  1.2118E+02  9.5302E+00 -1.1957E+02
  2.7421E+00  9.1892E+00  2.6986E+01  4.8516E-01  1.2084E+02  9.5406E+00 -1.1923E+02
  2.7453E+00  9.2001E+00  2.7052E+01  4.8516E-01  1.2103E+02  9.5582E+00 -1.1942E+02
  2.7485E+00  9.2106E+00  2.7115E+01  4.8515E-01  1.2171E+02  9.5708E+00 -1.2011E+02
  2.7518E+00  9.2215E+00  2.7174E+01  4.8515E-01  1.2287E+02  9.5849E+00 -1.2127E+02
  2.7549E+00  9.2320E+00  2.7220E+01  4.8514E-01  1.2425E+02  9.5956E+00 -1.2267E+02
  2.7582E+00  9.2429E+00  2.7257E+01  4.8514E-01  1.2558E+02  9.5986E+00 -1.2401E+02
  2.7613E+00  9.2534E+00  2.7286E+01  4.8513E-01  1.2628E+02  9.5947E+00 -1.2472E+02
  2.7646E+00  9.2644E+00  2.7317E+01  4.8513E-01  1.2624E+02  9.5909E+00 -1.2468E+02
  2.7678E+00  9.2749E+00  2.7353E+01  4.8512E-01  1.2571E+02  9.5937E+00 -1.2414E+02
  2.7710E+00  9.2858E+00  2.7402E+01  4.8512E-01  1.2507E+02  9.6022E+00 -1.2349E+02
  2.7742E+00  9.2963E+00  2.7458E+01  4.8512E-01  1.2466E+02  9.6128E+00 -1.2307E+02
  2.7774E+00  9.3072E+00  2.7523E+01  4.8511E-01  1.2462E+02  9.6260E+00 -1.2303E+02
  2.7806E+00  9.3177E+00  2.7586E+01  4.8511E-01  1.2506E+02  9.6395E+00 -1.2347E+02
  2.7839E+00  9.3286E+00  2.7647E+01  4.8510E-01  1.2601E+02  9.6542E+00 -1.2443E+02
  2.7870E+00  9.3391E+00  2.7698E+01  4.8510E-01  1.2730E+02  9.6672E+00 -1.2573E+02
  2.7903E+00  9.3501E+00  2.7739E+01  4.8509E-01  1.2873E+02  9.6740E+00 -1.2718E+02
  2.7934E+00  9.3606E+00  2.7770E+01  4.8509E-01  1.2970E+02  9.6722E+00 -1.2816E+02
  2.7967E+00  9.3715E+00  2.7800E+01  4.8508E-01  1.2995E+02  9.6673E+00 -1.2841E+02
  2.7999E+00  9.3820E+00  2.7833E+01  4.8508E-01  1.2956E+02  9.6674E+00 -1.2801E+02
  2.8031E+00  9.3929E+00  2.7877E+01  4.8507E-01  1.2890E+02  9.6742E+00 -1.2735E+02
  2.8063E+00  9.4034E+00  2.7930E+01  4.8507E-01  1.2838E+02  9.6840E+00 -1.2681E+02
  2.8096E+00  9.4143E+00  2.7994E+01  4.8506E-01  1.2813E+02  9.6960E+00 -1.2657E+02
  2.8127E+00  9.4248E+00  2.8058E+01  4.8506E-01  1.2845E+02  9.7123E+00 -1.2688E+02
  2.8160E+00  9.4358E+00  2.8122E+01  4.8505E-01  1.2927E+02  9.7259E+00 -1.2771E+02
  2.8191E+00  9.4463E+00  2.8176E+01  4.8505E-01  1.3048E+02  9.7394E+00 -1.2892E+02
  2.8224E+00  9.4572E+00  2.8222E+01  4.8504E-01  1.3194E+02  9.7487E+00 -1.3040E+02
  2.8255E+00  9.4677E+00  2.8255E+01  4.8504E-01  1.3310E+02  9.7491E+00 -1.3157E+02
  2.8288E+00  9.4786E+00  2.8285E+01  4.8504E-01  1.3361E+02  9.7440E+00 -1.3209E+02
  2.8320E+00  9.4891E+00  2.8316E+01  4.8503E-01  1.3339E+02  9.7420E+00 -1.3187E+02
  2.8352E+00  9.5000E+00  2.8357E+01  4.8503E-01  1.3276E+02  9.7468E+00 -1.3123E+02
  2.8384E+00  9.5105E+00  2.8406E+01  4.8502E-01  1.3215E+02  9.7557E+00 -1.3061E+02
  2.8417E+00  9.5215E+00  2.8468E+01  4.8502E-01  1.3176E+02  9.7665E+00 -1.3021E+02
  2.8448E+00  9.5320E+00  2.8531E+01  4.8501E-01  1.3185E+02  9.7839E+00 -1.3030E+02
  2.8481E+00  9.5429E+00  2.8597E+01  4.8501E-01  1.3250E+02  9.7972E+00 -1.3095E+02
  2.8512E+00  9.5534E+00  2.8655E+01  4.8500E-01  1.3355E+02  9.8111E+00 -1.3201E+02
  2.8545E+00  9.5643E+00  2.8704E+01  4.8500E-01  1.3497E+02  9.8233E+00 -1.3344E+02
  2.8577E+00  9.5748E+00  2.8742E+01  4.8499E-01  1.3628E+02  9.8275E+00 -1.3477E+02
  2.8609E+00  9.5857E+00  2.8772E+01  4.8499E-01  1.3711E+02  9.8239E+00 -1.3561E+02
  2.8641E+00  9.5962E+00  2.8801E+01  4.8499E-01  1.3717E+02  9.8196E+00 -1.3567E+02
  2.8674E+00  9.6071E+00  2.8838E+01  4.8498E-01  1.3666E+02  9.8215E+00 -1.3515E+02
  2.8705E+00  9.6176E+00  2.8883E+01  4.8498E-01  1.3604E+02  9.8293E+00 -1.3452E+02
  2.8738E+00  9.6286E+00  2.8940E+01  4.8497E-01  1.3556E+02  9.8404E+00 -1.3404E+02
  2.8769E+00  9.6391E+00  2.9002E+01  4.8497E-01  1.3546E+02  9.8532E+00 -1.3393E+02
  2.8802E+00  9.6500E+00  2.9068E+01  4.8496E-01  1.3585E+02  9.8675E+00 -1.3432E+02
  2.8833E+00  9.6605E+00  2.9128E+01  4.8496E-01  1.3669E+02  9.8818E+00 -1.3517E+02
  2.8866E+00  9.6714E+00  2.9182E+01  4.8495E-01  1.3799E+02  9.8961E+00 -1.3648E+02
  2.8898E+00  9.6819E+00  2.9223E+01  4.8495E-01  1.3938E+02  9.9041E+00 -1.3788E+02
  2.8930E+00  9.6928E+00  2.9256E+01  4.8495E-01  1.4048E+02  9.9032E+00 -1.3898E+02
  2.8962E+00  9.7033E+00  2.9285E+01  4.8494E-01  1.4082E+02  9.8982E+00 -1.3933E+02
  2.8995E+00  9.7143E+00  2.9318E+01  4.8494E-01  1.4048E+02  9.8972E+00 -1.3899E+02
  2.9026E+00  9.7248E+00  2.9360E+01  4.8493E-01  1.3985E+02  9.9032E+00 -1.3835E+02
  2.9059E+00  9.7357E+00  2.9414E+01  4.8493E-01  1.3927E+02  9.9134E+00 -1.3777E+02
  2.9090E+00  9.7462E+00  2.9474E+01  4.8492E-01  1.3899E+02  9.9247E+00 -1.3747E+02
  2.9123E+00  9.7571E+00  2.9540E+01  4.8492E-01  1.3923E+02  9.9421E+00 -1.3771E+02
  2.9155E+00  9.7676E+00  2.9603E+01  4.8492E-01  1.3996E+02  9.9554E+00 -1.3844E+02
  2.9187E+00  9.7785E+00  2.9660E+01  4.8491E-01  1.4115E+02  9.9698E+00 -1.3965E+02
  2.9219E+00  9.7890E+00  2.9705E+01  4.8491E-01  1.4255E+02  9.9800E+00 -1.4106E+02
  2.9252E+00  9.8000E+00  2.9742E+01  4.8490E-01  1.4382E+02  9.9817E+00 -1.4234E+02
  2.9283E+00  9.8105E+00  2.9770E+01  4.8490E-01  1.4442E+02  9.9769E+00 -1.4294E+02
  2.9316E+00  9.8214E+00  2.9802E+01  4.8489E-01  1.4427E+02  9.9739E+00 -1.4280E+02
  2.9347E+00  9.8319E+00  2.9840E+01  4.8489E-01  1.4370E+02  9.9777E+00 -1.4221E+02
  2.9380E+00  9.8428E+00  2.9890E+01  4.8489E-01  1.4304E+02  9.9868E+00 -1.4155E+02
  2.9411E+00  9.8533E+00  2.9948E+01  4.8488E-01  1.4262E+02  9.9973E+00 -1.4112E+02
  2.9444E+00  9.8642E+00  3.0014E+01  4.8488E-01  1.4262E+02  1.0015E+01 -1.4112E+02
  2.9476E+00  9.8747E+00  3.0078E+01  4.8487E-01  1.4319E+02  1.0028E+01 -1.4168E+02
  2.9508E+00  9.8857E+00  3.0139E+01  4.8487E-01  1.4422E+02  1.0043E+01 -1.4272E+02
  2.9540E+00  9.8962E+00  3.0188E+01  4.8486E-01  1.4555E+02  1.0056E+01 -1.4406E+02
  2.9573E+00  9.9071E+00  3.0228E+01  4.8486E-01  1.4695E+02  1.0061E+01 -1.4548E+02
  2.9604E+00  9.9176E+00  3.0258E+01  4.8486E-01  1.4785E+02  1.0059E+01 -1.4638E+02
  2.9637E+00  9.9285E+00  3.0288E+01  4.8485E-01  1.4801E+02  1.0054E+01 -1.4655E+02
  2.9668E+00  9.9390E+00  3.0322E+01  4.8485E-01  1.4757E+02  1.0055E+01 -1.4610E+02
  2.9701E+00  9.9499E+00  3.0368E+01  4.8484E-01  1.4691E+02  1.0062E+01 -1.4544E+02
  2.9733E+00  9.9604E+00  3.0422E+01  4.8484E-01  1.4642E+02  1.0073E+01 -1.4493E+02
  2.9765E+00  9.9714E+00  3.0485E+01  4.8484E-01  1.4625E+02  1.0086E+01 -1.4476E+02
  2.9797E+00  9.9819E+00  3.0549E+01  4.8483E-01  1.4655E+02  1.0100E+01 -1.4506E+02
  2.9829E+00  9.9928E+00  3.0612E+01  4.8483E-01  1.4736E+02  1.0115E+01 -1.4587E+02
  2.9861E+00  1.0003E+01  3.0665E+01  4.8482E-01  1.4856E+02  1.0130E+01 -1.4708E+02
  2.9894E+00  1.0014E+01  3.0709E+01  4.8482E-01  1.5001E+02  1.0139E+01 -1.4855E+02
  2.9925E+00  1.0025E+01  3.0742E+01  4.8482E-01  1.5114E+02  1.0140E+01 -1.4968E+02
  2.9958E+00  1.0036E+01  3.0772E+01  4.8481E-01  1.5160E+02  1.0134E+01 -1.5015E+02
  2.9989E+00  1.0046E+01  3.0803E+01  4.8481E-01  1.5135E+02  1.0132E+01 -1.4990E+02
  3.0022E+00  1.0057E+01  3.0845E+01  4.8480E-01  1.5071E+02  1.0138E+01 -1.4925E+02
  3.0054E+00  1.0068E+01  3.0895E+01  4.8480E-01  1.5013E+02  1.0148E+01 -1.4866E+02
  3.0086E+00  1.0078E+01  3.0957E+01  4.8479E-01  1.4978E+02  1.0159E+01 -1.4831E+02
  3.0118E+00  1.0089E+01  3.1021E+01  4.8479E-01  1.4992E+02  1.0177E+01 -1.4845E+02
  3.0151E+00  1.0100E+01  3.1086E+01  4.8479E-01  1.5061E+02  1.0191E+01 -1.4914E+02
  3.0182E+00  1.0110E+01  3.1143E+01  4.8478E-01  1.5171E+02  1.0205E+01 -1.5024E+02
  3.0215E+00  1.0121E+01  3.1191E+01  4.8478E-01  1.5315E+02  1.0217E+01 -1.5169E+02
  3.0246E+00  1.0132E+01  3.1227E+01  4.8477E-01  1.5442E+02  1.0219E+01 -1.5298E+02
  3.0279E+00  1.0143E+01  3.1258E+01  4.8477E-01  1.5515E+02  1.0215E+01 -1.5371E+02
  3.0310E+00  1.0153E+01  3.1288E+01  4.8477E-01  1.5510E+02  1.0211E+01 -1.5366E+02
  3.0343E+00  1.0164E+01  3.1326E+01  4.8476E-01  1.5453E+02  1.0214E+01 -1.5309E+02
  3.0375E+00  1.0175E+01  3.1373E+01  4.8476E-01  1.5389E+02  1.0223E+01 -1.5244E+02
  3.0407E+00  1.0186E+01  3.1431E+01  4.8475E-01  1.5341E+02  1.0234E+01 -1.5195E+02
  3.0439E+00  1.0196E+01  3.1494E+01  4.8475E-01  1.5332E+02  1.0251E+01 -1.5186E+02
  3.0472E+00  1.0207E+01  3.1561E+01  4.8475E-01  1.5384E+02  1.0265E+01 -1.5238E+02
  3.0503E+00  1.0218E+01  3.1621E+01  4.8474E-01  1.5477E+02  1.0279E+01 -1.5331E+02
  3.0536E+00  1.0228E+01  3.1674E+01  4.8474E-01  1.5612E+02  1.0293E+01 -1.5467E+02
  3.0567E+00  1.0239E+01  3.1714E+01  4.8474E-01  1.5749E+02  1.0300E+01 -1.5605E+02
  3.0600E+00  1.0250E+01  3.1746E+01  4.8473E-01  1.5851E+02  1.0298E+01 -1.5708E+02
  3.0632E+00  1.0260E+01  3.1774E+01  4.8473E-01  1.5877E+02  1.0293E+01 -1.5734E+02
  3.0664E+00  1.0271E+01  3.1809E+01  4.8472E-01  1.5837E+02  1.0293E+01 -1.5694E+02
  3.0696E+00  1.0282E+01  3.1851E+01  4.8472E-01  1.5774E+02  1.0300E+01 -1.5630E+02
  3.0729E+00  1.0293E+01  3.1906E+01  4.8472E-01  1.5719E+02  1.0311E+01 -1.5574E+02
  3.0760E+00  1.0303E+01  3.1966E+01  4.8471E-01  1.5697E+02  1.0323E+01 -1.5552E+02
  3.0793E+00  1.0314E+01  3.2032E+01  4.8471E-01  1.5721E+02  1.0338E+01 -1.5576E+02
  3.0824E+00  1.0325E+01  3.2094E+01  4.8470E-01  1.5792E+02  1.0353E+01 -1.5647E+02
  3.0857E+00  1.0336E+01  3.2150E+01  4.8470E-01  1.5911E+02  1.0368E+01 -1.5767E+02
  3.0888E+00  1.0346E+01  3.2195E+01  4.8470E-01  1.6050E+02  1.0379E+01 -1.5907E+02
  3.0921E+00  1.0357E+01  3.2230E+01  4.8469E-01  1.6174E+02  1.0381E+01 -1.6032E+02
  3.0953E+00  1.0367E+01  3.2259E+01  4.8469E-01  1.6230E+02  1.0376E+01 -1.6088E+02
  3.0985E+00  1.0378E+01  3.2291E+01  4.8469E-01  1.6211E+02  1.0373E+01 -1.6070E+02
  3.1017E+00  1.0389E+01  3.2329E+01  4.8468E-01  1.6152E+02  1.0377E+01 -1.6010E+02
  3.1050E+00  1.0400E+01  3.2380E+01  4.8468E-01  1.6089E+02  1.0387E+01 -1.5946E+02
  3.1081E+00  1.0410E+01  3.2438E+01  4.8467E-01  1.6051E+02  1.0399E+01 -1.5907E+02
  3.1114E+00  1.0421E+01  3.2504E+01  4.8467E-01  1.6057E+02  1.0416E+01 -1.5913E+02
  3.1145E+00  1.0432E+01  3.2568E+01  4.8467E-01  1.6117E+02  1.0430E+01 -1.5973E+02
  3.1178E+00  1.0443E+01  3.2628E+01  4.8466E-01  1.6225E+02  1.0445E+01 -1.6081E+02
  3.1210E+00  1.0453E+01  3.2676E+01  4.8466E-01  1.6361E+02  1.0457E+01 -1.6218E+02
  3.1242E+00  1.0464E+01  3.2715E+01  4.8466E-01  1.6498E+02  1.0462E+01 -1.6356E+02
  3.1274E+00  1.0475E+01  3.2745E+01  4.8465E-01  1.6577E+02  1.0458E+01 -1.6436E+02
  3.1307E+00  1.0486E+01  3.2775E+01  4.8465E-01  1.6582E+02  1.0453E+01 -1.6441E+02
  3.1338E+00  1.0496E+01  3.2811E+01  4.8464E-01  1.6532E+02  1.0455E+01 -1.6391E+02
  3.1371E+00  1.0507E+01  3.2858E+01  4.8464E-01  1.6464E+02  1.0464E+01 -1.6322E+02
  3.1402E+00  1.0517E+01  3.2913E+01  4.8464E-01  1.6414E+02  1.0475E+01 -1.6271E+02
  3.1435E+00  1.0528E+01  3.2978E+01  4.8463E-01  1.6397E+02  1.0491E+01 -1.6253E+02
  3.1466E+00  1.0539E+01  3.3043E+01  4.8463E-01  1.6440E+02  1.0506E+01 -1.6297E+02
  3.1499E+00  1.0550E+01  3.3106E+01  4.8463E-01  1.6530E+02  1.0521E+01 -1.6387E+02
  3.1531E+00  1.0560E+01  3.3158E+01  4.8462E-01  1.6656E+02  1.0535E+01 -1.6513E+02
  3.1563E+00  1.0571E+01  3.3201E+01  4.8462E-01  1.6800E+02  1.0544E+01 -1.6659E+02
  3.1595E+00  1.0582E+01  3.3233E+01  4.8461E-01  1.6906E+02  1.0543E+01 -1.6766E+02
  3.1628E+00  1.0593E+01  3.3263E+01  4.8461E-01  1.6944E+02  1.0538E+01 -1.6804E+02
  3.1659E+00  1.0603E+01  3.3295E+01  4.8461E-01  1.6912E+02  1.0536E+01 -1.6772E+02
  3.1692E+00  1.0614E+01  3.3337E+01  4.8460E-01  1.6847E+02  1.0543E+01 -1.6706E+02
  3.1723E+00  1.0625E+01  3.3389E+01  4.8460E-01  1.6791E+02  1.0553E+01 -1.6649E+02
  3.1756E+00  1.0635E+01  3.3450E+01  4.8460E-01  1.6763E+02  1.0566E+01 -1.6620E+02
  3.1788E+00  1.0646E+01  3.3514E+01  4.8459E-01  1.6779E+02  1.0581E+01 -1.6636E+02
  3.1820E+00  1.0657E+01  3.3578E+01  4.8459E-01  1.6846E+02  1.0596E+01 -1.6703E+02
  3.1852E+00  1.0667E+01  3.3634E+01  4.8459E-01  1.6955E+02  1.0611E+01 -1.6813E+02
  3.1884E+00  1.0678E+01  3.3682E+01  4.8458E-01  1.7098E+02  1.0624E+01 -1.6957E+02
  3.1916E+00  1.0689E+01  3.3717E+01  4.8458E-01  1.7222E+02  1.0626E+01 -1.7082E+02
  3.1949E+00  1.0700E+01  3.3747E+01  4.8458E-01  1.7291E+02  1.0622E+01 -1.7151E+02
  3.1980E+00  1.0710E+01  3.3777E+01  4.8457E-01  1.7282E+02  1.0618E+01 -1.7143E+02
  3.2013E+00  1.0721E+01  3.3816E+01  4.8457E-01  1.7224E+02  1.0622E+01 -1.7084E+02
  3.2044E+00  1.0732E+01  3.3864E+01  4.8456E-01  1.7161E+02  1.0631E+01 -1.7020E+02
  3.2077E+00  1.0743E+01  3.3923E+01  4.8456E-01  1.7117E+02  1.0643E+01 -1.6975E+02
  3.2109E+00  1.0753E+01  3.3986E+01  4.8456E-01  1.7114E+02  1.0660E+01 -1.6972E+02
  3.2141E+00  1.0764E+01  3.4052E+01  4.8455E-01  1.7170E+02  1.0675E+01 -1.7028E+02
  3.2173E+00  1.0775E+01  3.4111E+01  4.8455E-01  1.7267E+02  1.0689E+01 -1.7126E+02
  3.2206E+00  1.0785E+01  3.4163E+01  4.8455E-01  1.7405E+02  1.0703E+01 -1.7265E+02
  3.2237E+00  1.0796E+01  3.4202E+01  4.8454E-01  1.7541E+02  1.0709E+01 -1.7401E+02
  3.2270E+00  1.0807E+01  3.4234E+01  4.8454E-01  1.7633E+02  1.0706E+01 -1.7494E+02
  3.2301E+00  1.0817E+01  3.4263E+01  4.8454E-01  1.7648E+02  1.0701E+01 -1.7509E+02
  3.2334E+00  1.0828E+01  3.4298E+01  4.8453E-01  1.7601E+02  1.0702E+01 -1.7462E+02
  3.2365E+00  1.0839E+01  3.4342E+01  4.8453E-01  1.7535E+02  1.0709E+01 -1.7395E+02
  3.2398E+00  1.0850E+01  3.4399E+01  4.8453E-01  1.7479E+02  1.0720E+01 -1.7339E+02
  3.2430E+00  1.0860E+01  3.4460E+01  4.8452E-01  1.7457E+02  1.0734E+01 -1.7315E+02
  3.2462E+00  1.0871E+01  3.4528E+01  4.8452E-01  1.7473E+02  1.0745E+01 -1.7332E+02
  3.2494E+00  1.0882E+01  3.4591E+01  4.8452E-01  1.7533E+02  1.0758E+01 -1.7392E+02
  3.2527E+00  1.0893E+01  3.4649E+01  4.8451E-01  1.7640E+02  1.0771E+01 -1.7500E+02
  3.2558E+00  1.0903E+01  3.4692E+01  4.8451E-01  1.7774E+02  1.0780E+01 -1.7635E+02
  3.2591E+00  1.0914E+01  3.4724E+01  4.8451E-01  1.7914E+02  1.0781E+01 -1.7775E+02
  3.2622E+00  1.0924E+01  3.4741E+01  4.8450E-01  1.8017E+02  1.0777E+01 -1.7879E+02
  3.2655E+00  1.0935E+01  3.4750E+01  4.8450E-01  1.8078E+02  1.0771E+01 -1.7941E+02
  3.2687E+00  1.0946E+01  3.4753E+01  4.8450E-01  1.8102E+02  1.0768E+01 -1.7966E+02
  3.2719E+00  1.0957E+01  3.4753E+01  4.8449E-01  1.8108E+02  1.0767E+01 -1.7971E+02
  3.2751E+00  1.0967E+01  3.4753E+01  4.8449E-01  1.8104E+02  1.0768E+01 -1.7967E+02
  3.2784E+00  1.0978E+01  3.4753E+01  4.8449E-01  1.8099E+02  1.0768E+01 -1.7962E+02
  3.2815E+00  1.0989E+01  3.4752E+01  4.8448E-01  1.8094E+02  1.0769E+01 -1.7957E+02
  3.2848E+00  1.1000E+01  3.4752E+01  4.8448E-01  1.8090E+02  1.0770E+01 -1.7953E+02
  3.2879E+00  1.1010E+01  3.4751E+01  4.8448E-01  1.8087E+02  1.0770E+01 -1.7950E+02
  3.2912E+00  1.1021E+01  3.4751E+01  4.8447E-01  1.8085E+02  1.0771E+01 -1.7948E+02
  3.2943E+00  1.1032E+01  3.4751E+01  4.8447E-01  1.8084E+02  1.0771E+01 -1.7946E+02
  3.2976E+00  1.1043E+01  3.4751E+01  4.8446E-01  1.8083E+02  1.0771E+01 -1.7946E+02
  3.3008E+00  1.1053E+01  3.4751E+01  4.8446E-01  1.8083E+02  1.0771E+01 -1.7946E+02
  3.3040E+00  1.1064E+01  3.4751E+01  4.8446E-01  1.8083E+02  1.0771E+01 -1.7945E+02
  3.3072E+00  1.1074E+01  3.4751E+01  4.8445E-01  1.8082E+02  1.0771E+01 -1.7945E+02
  3.3105E+00  1.1085E+01  3.4751E+01  4.8445E-01  1.8082E+02  1.0771E+01 -1.7945E+02
  3.3136E+00  1.1096E+01  3.4751E+01  4.8445E-01  1.8081E+02  1.0771E+01 -1.7944E+02
  3.3169E+00  1.1107E+01  3.4751E+01  4.8444E-01  1.8081E+02  1.0772E+01 -1.7944E+02
  3.3200E+00  1.1117E+01  3.4751E+01  4.8444E-01  1.8081E+02  1.0772E+01 -1.7944E+02
  3.3233E+00  1.1128E+01  3.4751E+01  4.8444E-01  1.8080E+02  1.0772E+01 -1.7943E+02
  3.3265E+00  1.1139E+01  3.4751E+01  4.8443E-01  1.8080E+02  1.0772E+01 -1.7943E+02
  3.3297E+00  1.1150E+01  3.4751E+01  4.8443E-01  1.8080E+02  1.0772E+01 -1.7942E+02
  3.3329E+00  1.1160E+01  3.4751E+01  4.8443E-01  1.8079E+02  1.0772E+01 -1.7942E+02
  3.3361E+00  1.1171E+01  3.4751E+01  4.8442E-01  1.8079E+02  1.0772E+01 -1.7942E+02
  3.3393E+00  1.1182E+01  3.4751E+01  4.8442E-01  1.8079E+02  1.0772E+01 -1.7941E+02
  3.3426E+00  1.1192E+01  3.4751E+01  4.8442E-01  1.8078E+02  1.0772E+01 -1.7941E+02
  3.3457E+00  1.1203E+01  3.4751E+01  4.8441E-01  1.8078E+02  1.0772E+01 -1.7941E+02
  3.3490E+00  1.1214E+01  3.4751E+01  4.8441E-01  1.8077E+02  1.0772E+01 -1.7940E+02
  3.3521E+00  1.1224E+01  3.4751E+01  4.8441E-01  1.8077E+02  1.0772E+01 -1.7940E+02
  3.3554E+00  1.1235E+01  3.4751E+01  4.8440E-01  1.8077E+02  1.0772E+01 -1.7939E+02
  3.3586E+00  1.1246E+01  3.4751E+01  4.8440E-01  1.8076E+02  1.0772E+01 -1.7939E+02
  3.3618E+00  1.1257E+01  3.4751E+01  4.8440E-01  1.8076E+02  1.0772E+01 -1.7939E+02
  3.3650E+00  1.1267E+01  3.4751E+01  4.8439E-01  1.8076E+02  1.0772E+01 -1.7938E+02
  3.3715E+00  1.1289E+01  3.4751E+01  4.8439E-01  1.8075E+02  1.0773E+01 -1.7938E+02
