 -2.7825E-12  1.1206E+01  3.4751E+01  4.8439E-01  1.8075E+02  1.0773E+01 -1.7938E+02
  2.2432E-03  1.1213E+01  3.4751E+01  4.8438E-01  1.8075E+02  1.0772E+01 -1.7937E+02
  4.4865E-03  1.1221E+01  3.4751E+01  4.8438E-01  1.8075E+02  1.0772E+01 -1.7937E+02
  6.7297E-03  1.1228E+01  3.4751E+01  4.8438E-01  1.8074E+02  1.0772E+01 -1.7937E+02
  8.9730E-03  1.1236E+01  3.4751E+01  4.8438E-01  1.8074E+02  1.0772E+01 -1.7937E+02
  1.1216E-02  1.1243E+01  3.4751E+01  4.8437E-01  1.8074E+02  1.0772E+01 -1.7937E+02
  1.3459E-02  1.1250E+01  3.4751E+01  4.8437E-01  1.8074E+02  1.0772E+01 -1.7937E+02
  1.5703E-02  1.1258E+01  3.4751E+01  4.8437E-01  1.8074E+02  1.0772E+01 -1.7936E+02
  1.7946E-02  1.1265E+01  3.4751E+01  4.8437E-01  1.8074E+02  1.0772E+01 -1.7936E+02
  2.0189E-02  1.1273E+01  3.4751E+01  4.8436E-01  1.8073E+02  1.0772E+01 -1.7936E+02
  2.2432E-02  1.1280E+01  3.4751E+01  4.8436E-01  1.8073E+02  1.0772E+01 -1.7936E+02
  2.4676E-02  1.1288E+01  3.4751E+01  4.8436E-01  1.8073E+02  1.0772E+01 -1.7936E+02
  2.6919E-02  1.1295E+01  3.4751E+01  4.8436E-01  1.8073E+02  1.0772E+01 -1.7936E+02
  2.9162E-02  1.1303E+01  3.4751E+01  4.8435E-01  1.8073E+02  1.0772E+01 -1.7935E+02
  3.1405E-02  1.1310E+01  3.4751E+01  4.8435E-01  1.8073E+02  1.0772E+01 -1.7935E+02
  3.3649E-02  1.1318E+01  3.4751E+01  4.8435E-01  1.8072E+02  1.0772E+01 -1.7935E+02
  3.5892E-02  1.1325E+01  3.4751E+01  4.8435E-01  1.8072E+02  1.0772E+01 -1.7935E+02
  3.8135E-02  1.1333E+01  3.4751E+01  4.8434E-01  1.8072E+02  1.0771E+01 -1.7935E+02
  4.0378E-02  1.1340E+01  3.4751E+01  4.8434E-01  1.8072E+02  1.0771E+01 -1.7934E+02
  4.2622E-02  1.1348E+01  3.4751E+01  4.8434E-01  1.8072E+02  1.0771E+01 -1.7934E+02
  4.4865E-02  1.1355E+01  3.4751E+01  4.8434E-01  1.8071E+02  1.0771E+01 -1.7934E+02
  4.7108E-02  1.1363E+01  3.4751E+01  4.8434E-01  1.8071E+02  1.0771E+01 -1.7934E+02
  4.9351E-02  1.1370E+01  3.4751E+01  4.8433E-01  1.8071E+02  1.0771E+01 -1.7934E+02
  5.1594E-02  1.1378E+01  3.4751E+01  4.8433E-01  1.8071E+02  1.0771E+01 -1.7934E+02
  5.3838E-02  1.1385E+01  3.4751E+01  4.8433E-01  1.8071E+02  1.0771E+01 -1.7933E+02
  5.6081E-02  1.1393E+01  3.4751E+01  4.8433E-01  1.8071E+02  1.0771E+01 -1.7933E+02
  5.8324E-02  1.1400E+01  3.4751E+01  4.8432E-01  1.8070E+02  1.0771E+01 -1.7933E+02
  6.0567E-02  1.1408E+01  3.4751E+01  4.8432E-01  1.8070E+02  1.0771E+01 -1.7933E+02
  6.2811E-02  1.1415E+01  3.4751E+01  4.8432E-01  1.8070E+02  1.0771E+01 -1.7933E+02
  6.5054E-02  1.1423E+01  3.4751E+01  4.8432E-01  1.8070E+02  1.0771E+01 -1.7933E+02
  6.7297E-02  1.1430E+01  3.4751E+01  4.8431E-01  1.8070E+02  1.0771E+01 -1.7932E+02
  6.9540E-02  1.1438E+01  3.4751E+01  4.8431E-01  1.8070E+02  1.0771E+01 -1.7932E+02
  7.1784E-02  1.1445E+01  3.4751E+01  4.8431E-01  1.8069E+02  1.0771E+01 -1.7932E+02
  7.4027E-02  1.1453E+01  3.4751E+01  4.8431E-01  1.8069E+02  1.0770E+01 -1.7932E+02
  7.6270E-02  1.1460E+01  3.4751E+01  4.8430E-01  1.8069E+02  1.0770E+01 -1.7932E+02
  7.8513E-02  1.1467E+01  3.4751E+01  4.8430E-01  1.8069E+02  1.0770E+01 -1.7932E+02
  8.0757E-02  1.1475E+01  3.4751E+01  4.8430E-01  1.8069E+02  1.0770E+01 -1.7931E+02
  8.3000E-02  1.1482E+01  3.4751E+01  4.8430E-01  1.8069E+02  1.0770E+01 -1.7931E+02
  8.5243E-02  1.1490E+01  3.4751E+01  4.8429E-01  1.8068E+02  1.0770E+01 -1.7931E+02
  8.7486E-02  1.1497E+01  3.4751E+01  4.8429E-01  1.8068E+02  1.0770E+01 -1.7931E+02
  8.9730E-02  1.1505E+01  3.4751E+01  4.8429E-01  1.8068E+02  1.0770E+01 -1.7931E+02
  9.1973E-02  1.1512E+01  3.4751E+01  4.8429E-01  1.8068E+02  1.0770E+01 -1.7930E+02
  9.4216E-02  1.1520E+01  3.4751E+01  4.8428E-01  1.8068E+02  1.0770E+01 -1.7930E+02
  9.6459E-02  1.1527E+01  3.4751E+01  4.8428E-01  1.8068E+02  1.0770E+01 -1.7930E+02
  9.8702E-02  1.1535E+01  3.4751E+01  4.8428E-01  1.8067E+02  1.0770E+01 -1.7930E+02
  1.0095E-01  1.1542E+01  3.4751E+01  4.8428E-01  1.8067E+02  1.0770E+01 -1.7930E+02
  1.0319E-01  1.1550E+01  3.4751E+01  4.8428E-01  1.8067E+02  1.0770E+01 -1.7930E+02
  1.0543E-01  1.1557E+01  3.4751E+01  4.8427E-01  1.8067E+02  1.0770E+01 -1.7929E+02
  1.0768E-01  1.1565E+01  3.4751E+01  4.8427E-01  1.8067E+02  1.0770E+01 -1.7929E+02
  1.0992E-01  1.1572E+01  3.4751E+01  4.8427E-01  1.8067E+02  1.0769E+01 -1.7929E+02
  1.1216E-01  1.1580E+01  3.4751E+01  4.8427E-01  1.8066E+02  1.0769E+01 -1.7929E+02
  1.1441E-01  1.1587E+01  3.4751E+01  4.8426E-01  1.8066E+02  1.0769E+01 -1.7929E+02
  1.1665E-01  1.1595E+01  3.4751E+01  4.8426E-01  1.8066E+02  1.0769E+01 -1.7929E+02
  1.1889E-01  1.1602E+01  3.4751E+01  4.8426E-01  1.8066E+02  1.0769E+01 -1.7928E+02
  1.2113E-01  1.1610E+01  3.4751E+01  4.8426E-01  1.8066E+02  1.0769E+01 -1.7928E+02
  1.2338E-01  1.1617E+01  3.4751E+01  4.8425E-01  1.8065E+02  1.0769E+01 -1.7928E+02
  1.2562E-01  1.1625E+01  3.4751E+01  4.8425E-01  1.8065E+02  1.0769E+01 -1.7928E+02
  1.2786E-01  1.1632E+01  3.4751E+01  4.8425E-01  1.8065E+02  1.0769E+01 -1.7928E+02
  1.3011E-01  1.1640E+01  3.4751E+01  4.8425E-01  1.8065E+02  1.0769E+01 -1.7928E+02
  1.3235E-01  1.1647E+01  3.4751E+01  4.8424E-01  1.8065E+02  1.0769E+01 -1.7927E+02
  1.3459E-01  1.1655E+01  3.4751E+01  4.8424E-01  1.8065E+02  1.0769E+01 -1.7927E+02
  1.3684E-01  1.1662E+01  3.4751E+01  4.8424E-01  1.8064E+02  1.0769E+01 -1.7927E+02
  1.3908E-01  1.1670E+01  3.4751E+01  4.8424E-01  1.8064E+02  1.0769E+01 -1.7927E+02
  1.4132E-01  1.1677E+01  3.4751E+01  4.8423E-01  1.8064E+02  1.0769E+01 -1.7927E+02
  1.4357E-01  1.1685E+01  3.4751E+01  4.8423E-01  1.8064E+02  1.0769E+01 -1.7927E+02
  1.4581E-01  1.1692E+01  3.4751E+01  4.8423E-01  1.8064E+02  1.0768E+01 -1.7926E+02
  1.4805E-01  1.1699E+01  3.4751E+01  4.8423E-01  1.8064E+02  1.0768E+01 -1.7926E+02
  1.5030E-01  1.1707E+01  3.4751E+01  4.8422E-01  1.8063E+02  1.0768E+01 -1.7926E+02
  1.5254E-01  1.1714E+01  3.4751E+01  4.8422E-01  1.8063E+02  1.0768E+01 -1.7926E+02
  1.5478E-01  1.1722E+01  3.4751E+01  4.8422E-01  1.8063E+02  1.0768E+01 -1.7926E+02
  1.5703E-01  1.1729E+01  3.4751E+01  4.8422E-01  1.8063E+02  1.0768E+01 -1.7925E+02
  1.5927E-01  1.1737E+01  3.4751E+01  4.8422E-01  1.8063E+02  1.0768E+01 -1.7925E+02
  1.6151E-01  1.1744E+01  3.4751E+01  4.8421E-01  1.8063E+02  1.0768E+01 -1.7925E+02
  1.6376E-01  1.1752E+01  3.4751E+01  4.8421E-01  1.8062E+02  1.0768E+01 -1.7925E+02
  1.6600E-01  1.1759E+01  3.4751E+01  4.8421E-01  1.8062E+02  1.0768E+01 -1.7925E+02
  1.6824E-01  1.1767E+01  3.4751E+01  4.8421E-01  1.8062E+02  1.0768E+01 -1.7925E+02
  1.7049E-01  1.1774E+01  3.4751E+01  4.8420E-01  1.8062E+02  1.0768E+01 -1.7924E+02
  1.7273E-01  1.1782E+01  3.4751E+01  4.8420E-01  1.8062E+02  1.0768E+01 -1.7924E+02
  1.7497E-01  1.1789E+01  3.4751E+01  4.8420E-01  1.8062E+02  1.0768E+01 -1.7924E+02
  1.7722E-01  1.1797E+01  3.4751E+01  4.8420E-01  1.8061E+02  1.0768E+01 -1.7924E+02
  1.7946E-01  1.1804E+01  3.4751E+01  4.8419E-01  1.8061E+02  1.0768E+01 -1.7924E+02
  1.8170E-01  1.1812E+01  3.4751E+01  4.8419E-01  1.8061E+02  1.0767E+01 -1.7924E+02
  1.8395E-01  1.1819E+01  3.4751E+01  4.8419E-01  1.8061E+02  1.0767E+01 -1.7923E+02
  1.8619E-01  1.1827E+01  3.4751E+01  4.8419E-01  1.8061E+02  1.0767E+01 -1.7923E+02
  1.8843E-01  1.1834E+01  3.4751E+01  4.8418E-01  1.8061E+02  1.0767E+01 -1.7923E+02
  1.9068E-01  1.1842E+01  3.4751E+01  4.8418E-01  1.8060E+02  1.0767E+01 -1.7923E+02
  1.9292E-01  1.1849E+01  3.4751E+01  4.8418E-01  1.8060E+02  1.0767E+01 -1.7923E+02
  1.9516E-01  1.1857E+01  3.4751E+01  4.8418E-01  1.8060E+02  1.0767E+01 -1.7923E+02
  1.9740E-01  1.1864E+01  3.4751E+01  4.8417E-01  1.8060E+02  1.0767E+01 -1.7922E+02
  1.9965E-01  1.1872E+01  3.4751E+01  4.8417E-01  1.8060E+02  1.0767E+01 -1.7922E+02
  2.0189E-01  1.1879E+01  3.4751E+01  4.8417E-01  1.8059E+02  1.0767E+01 -1.7922E+02
  2.0413E-01  1.1887E+01  3.4751E+01  4.8417E-01  1.8059E+02  1.0767E+01 -1.7922E+02
  2.0602E-01  1.1893E+01  3.4751E+01  4.8417E-01  1.8059E+02  1.0767E+01 -1.7922E+02
  2.0638E-01  1.1894E+01  3.4751E+01  4.8416E-01  1.8059E+02  1.0767E+01 -1.7922E+02
  2.0862E-01  1.1902E+01  3.4751E+01  4.8416E-01  1.8059E+02  1.0767E+01 -1.7922E+02
  2.1086E-01  1.1909E+01  3.4751E+01  4.8416E-01  1.8059E+02  1.0767E+01 -1.7921E+02
  2.1311E-01  1.1917E+01  3.4751E+01  4.8416E-01  1.8059E+02  1.0767E+01 -1.7921E+02
  2.1535E-01  1.1924E+01  3.4751E+01  4.8416E-01  1.8058E+02  1.0766E+01 -1.7921E+02
  2.1759E-01  1.1931E+01  3.4751E+01  4.8415E-01  1.8058E+02  1.0766E+01 -1.7921E+02
  2.1984E-01  1.1939E+01  3.4751E+01  4.8415E-01  1.8058E+02  1.0766E+01 -1.7921E+02
  2.2208E-01  1.1946E+01  3.4751E+01  4.8415E-01  1.8058E+02  1.0766E+01 -1.7921E+02
  2.2432E-01  1.1954E+01  3.4751E+01  4.8415E-01  1.8058E+02  1.0766E+01 -1.7920E+02
  2.2657E-01  1.1961E+01  3.4751E+01  4.8414E-01  1.8058E+02  1.0766E+01 -1.7920E+02
  2.2881E-01  1.1969E+01  3.4751E+01  4.8414E-01  1.8057E+02  1.0766E+01 -1.7920E+02
  2.3105E-01  1.1976E+01  3.4751E+01  4.8414E-01  1.8057E+02  1.0766E+01 -1.7920E+02
  2.3330E-01  1.1984E+01  3.4751E+01  4.8414E-01  1.8057E+02  1.0766E+01 -1.7920E+02
  2.3554E-01  1.1991E+01  3.4751E+01  4.8413E-01  1.8057E+02  1.0766E+01 -1.7919E+02
  2.3778E-01  1.1999E+01  3.4751E+01  4.8413E-01  1.8057E+02  1.0766E+01 -1.7919E+02
  2.4003E-01  1.2006E+01  3.4751E+01  4.8413E-01  1.8057E+02  1.0766E+01 -1.7919E+02
  2.4227E-01  1.2014E+01  3.4751E+01  4.8413E-01  1.8056E+02  1.0766E+01 -1.7919E+02
  2.4451E-01  1.2021E+01  3.4751E+01  4.8412E-01  1.8056E+02  1.0766E+01 -1.7919E+02
  2.4676E-01  1.2029E+01  3.4751E+01  4.8412E-01  1.8056E+02  1.0766E+01 -1.7919E+02
  2.4900E-01  1.2036E+01  3.4751E+01  4.8412E-01  1.8056E+02  1.0766E+01 -1.7918E+02
  2.5124E-01  1.2044E+01  3.4751E+01  4.8412E-01  1.8056E+02  1.0765E+01 -1.7918E+02
  2.5349E-01  1.2051E+01  3.4751E+01  4.8411E-01  1.8056E+02  1.0765E+01 -1.7918E+02
  2.5573E-01  1.2059E+01  3.4751E+01  4.8411E-01  1.8055E+02  1.0765E+01 -1.7918E+02
  2.5797E-01  1.2066E+01  3.4751E+01  4.8411E-01  1.8055E+02  1.0765E+01 -1.7918E+02
  2.6022E-01  1.2074E+01  3.4751E+01  4.8411E-01  1.8055E+02  1.0765E+01 -1.7918E+02
  2.6246E-01  1.2081E+01  3.4751E+01  4.8410E-01  1.8055E+02  1.0765E+01 -1.7917E+02
  2.6470E-01  1.2089E+01  3.4751E+01  4.8410E-01  1.8055E+02  1.0765E+01 -1.7917E+02
  2.6695E-01  1.2096E+01  3.4751E+01  4.8410E-01  1.8055E+02  1.0765E+01 -1.7917E+02
  2.6919E-01  1.2104E+01  3.4751E+01  4.8410E-01  1.8054E+02  1.0765E+01 -1.7917E+02
  2.7143E-01  1.2111E+01  3.4751E+01  4.8410E-01  1.8054E+02  1.0765E+01 -1.7917E+02
  2.7368E-01  1.2119E+01  3.4751E+01  4.8409E-01  1.8054E+02  1.0765E+01 -1.7917E+02
  2.7592E-01  1.2126E+01  3.4751E+01  4.8409E-01  1.8054E+02  1.0765E+01 -1.7916E+02
  2.7816E-01  1.2134E+01  3.4751E+01  4.8409E-01  1.8054E+02  1.0765E+01 -1.7916E+02
  2.8040E-01  1.2141E+01  3.4751E+01  4.8409E-01  1.8054E+02  1.0765E+01 -1.7916E+02
  2.8265E-01  1.2148E+01  3.4751E+01  4.8408E-01  1.8053E+02  1.0765E+01 -1.7916E+02
  2.8489E-01  1.2156E+01  3.4751E+01  4.8408E-01  1.8053E+02  1.0764E+01 -1.7916E+02
  2.8713E-01  1.2163E+01  3.4751E+01  4.8408E-01  1.8053E+02  1.0764E+01 -1.7916E+02
  2.8938E-01  1.2171E+01  3.4751E+01  4.8408E-01  1.8053E+02  1.0764E+01 -1.7915E+02
  2.9162E-01  1.2178E+01  3.4751E+01  4.8407E-01  1.8053E+02  1.0764E+01 -1.7915E+02
  2.9386E-01  1.2186E+01  3.4751E+01  4.8407E-01  1.8053E+02  1.0764E+01 -1.7915E+02
  2.9611E-01  1.2193E+01  3.4751E+01  4.8407E-01  1.8052E+02  1.0764E+01 -1.7915E+02
  2.9835E-01  1.2201E+01  3.4751E+01  4.8407E-01  1.8052E+02  1.0764E+01 -1.7915E+02
  3.0059E-01  1.2208E+01  3.4751E+01  4.8406E-01  1.8052E+02  1.0764E+01 -1.7915E+02
  3.0284E-01  1.2216E+01  3.4751E+01  4.8406E-01  1.8052E+02  1.0764E+01 -1.7914E+02
  3.0508E-01  1.2223E+01  3.4751E+01  4.8406E-01  1.8052E+02  1.0764E+01 -1.7914E+02
  3.0732E-01  1.2231E+01  3.4751E+01  4.8406E-01  1.8051E+02  1.0764E+01 -1.7914E+02
  3.0957E-01  1.2238E+01  3.4751E+01  4.8405E-01  1.8051E+02  1.0764E+01 -1.7914E+02
  3.1181E-01  1.2246E+01  3.4751E+01  4.8405E-01  1.8051E+02  1.0764E+01 -1.7914E+02
  3.1405E-01  1.2253E+01  3.4751E+01  4.8405E-01  1.8051E+02  1.0764E+01 -1.7913E+02
  3.1630E-01  1.2261E+01  3.4751E+01  4.8405E-01  1.8051E+02  1.0764E+01 -1.7913E+02
  3.1854E-01  1.2268E+01  3.4751E+01  4.8404E-01  1.8051E+02  1.0764E+01 -1.7913E+02
  3.2078E-01  1.2276E+01  3.4751E+01  4.8404E-01  1.8050E+02  1.0763E+01 -1.7913E+02
  3.2303E-01  1.2283E+01  3.4751E+01  4.8404E-01  1.8050E+02  1.0763E+01 -1.7913E+02
  3.2527E-01  1.2291E+01  3.4751E+01  4.8404E-01  1.8050E+02  1.0763E+01 -1.7913E+02
  3.2751E-01  1.2298E+01  3.4751E+01  4.8404E-01  1.8050E+02  1.0763E+01 -1.7912E+02
  3.2976E-01  1.2306E+01  3.4751E+01  4.8403E-01  1.8050E+02  1.0763E+01 -1.7912E+02
  3.3200E-01  1.2313E+01  3.4751E+01  4.8403E-01  1.8050E+02  1.0763E+01 -1.7912E+02
  3.3424E-01  1.2321E+01  3.4751E+01  4.8403E-01  1.8049E+02  1.0763E+01 -1.7912E+02
  3.3649E-01  1.2328E+01  3.4751E+01  4.8403E-01  1.8049E+02  1.0763E+01 -1.7912E+02
  3.3873E-01  1.2336E+01  3.4751E+01  4.8402E-01  1.8049E+02  1.0763E+01 -1.7912E+02
  3.4097E-01  1.2343E+01  3.4751E+01  4.8402E-01  1.8049E+02  1.0763E+01 -1.7911E+02
  3.4322E-01  1.2351E+01  3.4751E+01  4.8402E-01  1.8049E+02  1.0763E+01 -1.7911E+02
  3.4546E-01  1.2358E+01  3.4751E+01  4.8402E-01  1.8049E+02  1.0763E+01 -1.7911E+02
  3.4770E-01  1.2366E+01  3.4751E+01  4.8401E-01  1.8048E+02  1.0763E+01 -1.7911E+02
  3.4995E-01  1.2373E+01  3.4751E+01  4.8401E-01  1.8048E+02  1.0763E+01 -1.7911E+02
  3.5219E-01  1.2380E+01  3.4751E+01  4.8401E-01  1.8048E+02  1.0763E+01 -1.7911E+02
  3.5443E-01  1.2388E+01  3.4751E+01  4.8401E-01  1.8048E+02  1.0763E+01 -1.7910E+02
  3.5667E-01  1.2395E+01  3.4751E+01  4.8400E-01  1.8048E+02  1.0762E+01 -1.7910E+02
  3.5892E-01  1.2403E+01  3.4751E+01  4.8400E-01  1.8048E+02  1.0762E+01 -1.7910E+02
  3.6116E-01  1.2410E+01  3.4751E+01  4.8400E-01  1.8047E+02  1.0762E+01 -1.7910E+02
  3.6340E-01  1.2418E+01  3.4751E+01  4.8400E-01  1.8047E+02  1.0762E+01 -1.7910E+02
  3.6565E-01  1.2425E+01  3.4751E+01  4.8399E-01  1.8047E+02  1.0762E+01 -1.7910E+02
  3.6789E-01  1.2433E+01  3.4751E+01  4.8399E-01  1.8047E+02  1.0762E+01 -1.7909E+02
  3.7013E-01  1.2440E+01  3.4751E+01  4.8399E-01  1.8047E+02  1.0762E+01 -1.7909E+02
  3.7238E-01  1.2448E+01  3.4751E+01  4.8399E-01  1.8047E+02  1.0762E+01 -1.7909E+02
  3.7462E-01  1.2455E+01  3.4751E+01  4.8398E-01  1.8046E+02  1.0762E+01 -1.7909E+02
  3.7686E-01  1.2463E+01  3.4751E+01  4.8398E-01  1.8046E+02  1.0762E+01 -1.7909E+02
  3.7911E-01  1.2470E+01  3.4751E+01  4.8398E-01  1.8046E+02  1.0762E+01 -1.7909E+02
  3.8135E-01  1.2478E+01  3.4751E+01  4.8398E-01  1.8046E+02  1.0762E+01 -1.7908E+02
  3.8359E-01  1.2485E+01  3.4751E+01  4.8398E-01  1.8046E+02  1.0762E+01 -1.7908E+02
  3.8584E-01  1.2493E+01  3.4751E+01  4.8397E-01  1.8046E+02  1.0762E+01 -1.7908E+02
  3.8808E-01  1.2500E+01  3.4751E+01  4.8397E-01  1.8045E+02  1.0762E+01 -1.7908E+02
  3.9032E-01  1.2508E+01  3.4751E+01  4.8397E-01  1.8045E+02  1.0761E+01 -1.7908E+02
  3.9257E-01  1.2515E+01  3.4751E+01  4.8397E-01  1.8045E+02  1.0761E+01 -1.7908E+02
  3.9481E-01  1.2523E+01  3.4751E+01  4.8396E-01  1.8045E+02  1.0761E+01 -1.7907E+02
  3.9705E-01  1.2530E+01  3.4751E+01  4.8396E-01  1.8045E+02  1.0761E+01 -1.7907E+02
  3.9930E-01  1.2538E+01  3.4751E+01  4.8396E-01  1.8045E+02  1.0761E+01 -1.7907E+02
  4.0154E-01  1.2545E+01  3.4751E+01  4.8396E-01  1.8044E+02  1.0761E+01 -1.7907E+02
  4.0378E-01  1.2553E+01  3.4751E+01  4.8395E-01  1.8044E+02  1.0761E+01 -1.7907E+02
  4.0603E-01  1.2560E+01  3.4751E+01  4.8395E-01  1.8044E+02  1.0761E+01 -1.7906E+02
  4.0827E-01  1.2568E+01  3.4751E+01  4.8395E-01  1.8044E+02  1.0761E+01 -1.7906E+02
  4.1051E-01  1.2575E+01  3.4751E+01  4.8395E-01  1.8044E+02  1.0761E+01 -1.7906E+02
  4.1276E-01  1.2583E+01  3.4751E+01  4.8394E-01  1.8044E+02  1.0761E+01 -1.7906E+02
  4.1500E-01  1.2590E+01  3.4751E+01  4.8394E-01  1.8043E+02  1.0761E+01 -1.7906E+02
  4.1724E-01  1.2597E+01  3.4751E+01  4.8394E-01  1.8043E+02  1.0761E+01 -1.7906E+02
  4.1949E-01  1.2605E+01  3.4751E+01  4.8394E-01  1.8043E+02  1.0761E+01 -1.7905E+02
  4.2173E-01  1.2612E+01  3.4751E+01  4.8393E-01  1.8043E+02  1.0761E+01 -1.7905E+02
  4.2397E-01  1.2620E+01  3.4751E+01  4.8393E-01  1.8043E+02  1.0761E+01 -1.7905E+02
  4.2622E-01  1.2627E+01  3.4751E+01  4.8393E-01  1.8043E+02  1.0760E+01 -1.7905E+02
  4.2846E-01  1.2635E+01  3.4751E+01  4.8393E-01  1.8042E+02  1.0760E+01 -1.7905E+02
  4.3070E-01  1.2642E+01  3.4751E+01  4.8392E-01  1.8042E+02  1.0760E+01 -1.7905E+02
  4.3294E-01  1.2650E+01  3.4751E+01  4.8392E-01  1.8042E+02  1.0760E+01 -1.7904E+02
  4.3519E-01  1.2657E+01  3.4751E+01  4.8392E-01  1.8042E+02  1.0760E+01 -1.7904E+02
  4.3743E-01  1.2665E+01  3.4751E+01  4.8392E-01  1.8042E+02  1.0760E+01 -1.7904E+02
  4.3967E-01  1.2672E+01  3.4751E+01  4.8392E-01  1.8041E+02  1.0760E+01 -1.7904E+02
  4.4192E-01  1.2680E+01  3.4751E+01  4.8391E-01  1.8041E+02  1.0760E+01 -1.7904E+02
  4.4416E-01  1.2687E+01  3.4751E+01  4.8391E-01  1.8041E+02  1.0760E+01 -1.7904E+02
  4.4640E-01  1.2695E+01  3.4751E+01  4.8391E-01  1.8041E+02  1.0760E+01 -1.7903E+02
  4.4865E-01  1.2702E+01  3.4751E+01  4.8391E-01  1.8041E+02  1.0760E+01 -1.7903E+02
  4.5089E-01  1.2710E+01  3.4751E+01  4.8390E-01  1.8041E+02  1.0760E+01 -1.7903E+02
  4.5313E-01  1.2717E+01  3.4751E+01  4.8390E-01  1.8040E+02  1.0760E+01 -1.7903E+02
  4.5538E-01  1.2725E+01  3.4751E+01  4.8390E-01  1.8040E+02  1.0760E+01 -1.7903E+02
  4.5762E-01  1.2732E+01  3.4751E+01  4.8390E-01  1.8040E+02  1.0760E+01 -1.7903E+02
  4.5986E-01  1.2740E+01  3.4751E+01  4.8389E-01  1.8040E+02  1.0760E+01 -1.7902E+02
  4.6211E-01  1.2747E+01  3.4751E+01  4.8389E-01  1.8040E+02  1.0759E+01 -1.7902E+02
  4.6435E-01  1.2755E+01  3.4751E+01  4.8389E-01  1.8040E+02  1.0759E+01 -1.7902E+02
  4.6659E-01  1.2762E+01  3.4751E+01  4.8389E-01  1.8039E+02  1.0759E+01 -1.7902E+02
  4.6884E-01  1.2770E+01  3.4751E+01  4.8388E-01  1.8039E+02  1.0759E+01 -1.7902E+02
  4.7108E-01  1.2777E+01  3.4751E+01  4.8388E-01  1.8039E+02  1.0759E+01 -1.7902E+02
  4.7332E-01  1.2785E+01  3.4751E+01  4.8388E-01  1.8039E+02  1.0759E+01 -1.7901E+02
  4.7557E-01  1.2792E+01  3.4751E+01  4.8388E-01  1.8039E+02  1.0759E+01 -1.7901E+02
  4.7781E-01  1.2800E+01  3.4751E+01  4.8387E-01  1.8039E+02  1.0759E+01 -1.7901E+02
  4.8005E-01  1.2807E+01  3.4751E+01  4.8387E-01  1.8038E+02  1.0759E+01 -1.7901E+02
  4.8230E-01  1.2815E+01  3.4751E+01  4.8387E-01  1.8038E+02  1.0759E+01 -1.7901E+02
  4.8454E-01  1.2822E+01  3.4751E+01  4.8387E-01  1.8038E+02  1.0759E+01 -1.7901E+02
  4.8678E-01  1.2829E+01  3.4751E+01  4.8386E-01  1.8038E+02  1.0759E+01 -1.7900E+02
  4.8903E-01  1.2837E+01  3.4751E+01  4.8386E-01  1.8038E+02  1.0759E+01 -1.7900E+02
  4.9127E-01  1.2844E+01  3.4751E+01  4.8386E-01  1.8038E+02  1.0759E+01 -1.7900E+02
  4.9351E-01  1.2852E+01  3.4751E+01  4.8386E-01  1.8037E+02  1.0759E+01 -1.7900E+02
  4.9576E-01  1.2859E+01  3.4751E+01  4.8386E-01  1.8037E+02  1.0758E+01 -1.7900E+02
  4.9800E-01  1.2867E+01  3.4751E+01  4.8385E-01  1.8037E+02  1.0758E+01 -1.7900E+02
  5.0024E-01  1.2874E+01  3.4751E+01  4.8385E-01  1.8037E+02  1.0758E+01 -1.7899E+02
  5.0249E-01  1.2882E+01  3.4751E+01  4.8385E-01  1.8037E+02  1.0758E+01 -1.7899E+02
  5.0473E-01  1.2889E+01  3.4751E+01  4.8385E-01  1.8037E+02  1.0758E+01 -1.7899E+02
  5.0697E-01  1.2897E+01  3.4751E+01  4.8384E-01  1.8036E+02  1.0758E+01 -1.7899E+02
  5.0922E-01  1.2904E+01  3.4751E+01  4.8384E-01  1.8036E+02  1.0758E+01 -1.7899E+02
  5.1146E-01  1.2912E+01  3.4751E+01  4.8384E-01  1.8036E+02  1.0758E+01 -1.7899E+02
  5.1370E-01  1.2919E+01  3.4751E+01  4.8384E-01  1.8036E+02  1.0758E+01 -1.7898E+02
  5.1594E-01  1.2927E+01  3.4751E+01  4.8383E-01  1.8036E+02  1.0758E+01 -1.7898E+02
  5.1819E-01  1.2934E+01  3.4751E+01  4.8383E-01  1.8036E+02  1.0758E+01 -1.7898E+02
  5.2043E-01  1.2942E+01  3.4751E+01  4.8383E-01  1.8035E+02  1.0758E+01 -1.7898E+02
  5.2267E-01  1.2949E+01  3.4751E+01  4.8383E-01  1.8035E+02  1.0758E+01 -1.7898E+02
  5.2492E-01  1.2957E+01  3.4751E+01  4.8382E-01  1.8035E+02  1.0758E+01 -1.7897E+02
  5.2716E-01  1.2964E+01  3.4751E+01  4.8382E-01  1.8035E+02  1.0758E+01 -1.7897E+02
  5.2940E-01  1.2972E+01  3.4751E+01  4.8382E-01  1.8035E+02  1.0758E+01 -1.7897E+02
  5.3165E-01  1.2979E+01  3.4751E+01  4.8382E-01  1.8035E+02  1.0757E+01 -1.7897E+02
  5.3389E-01  1.2987E+01  3.4751E+01  4.8381E-01  1.8034E+02  1.0757E+01 -1.7897E+02
  5.3613E-01  1.2994E+01  3.4751E+01  4.8381E-01  1.8034E+02  1.0757E+01 -1.7897E+02
  5.3838E-01  1.3002E+01  3.4751E+01  4.8381E-01  1.8034E+02  1.0757E+01 -1.7896E+02
  5.4062E-01  1.3009E+01  3.4751E+01  4.8381E-01  1.8034E+02  1.0757E+01 -1.7896E+02
  5.4286E-01  1.3017E+01  3.4751E+01  4.8380E-01  1.8034E+02  1.0757E+01 -1.7896E+02
  5.4511E-01  1.3024E+01  3.4751E+01  4.8380E-01  1.8034E+02  1.0757E+01 -1.7896E+02
  5.4735E-01  1.3032E+01  3.4751E+01  4.8380E-01  1.8033E+02  1.0757E+01 -1.7896E+02
  5.4959E-01  1.3039E+01  3.4751E+01  4.8380E-01  1.8033E+02  1.0757E+01 -1.7896E+02
  5.5184E-01  1.3046E+01  3.4751E+01  4.8380E-01  1.8033E+02  1.0757E+01 -1.7895E+02
  5.5408E-01  1.3054E+01  3.4751E+01  4.8379E-01  1.8033E+02  1.0757E+01 -1.7895E+02
  5.5632E-01  1.3061E+01  3.4751E+01  4.8379E-01  1.8033E+02  1.0757E+01 -1.7895E+02
  5.5857E-01  1.3069E+01  3.4751E+01  4.8379E-01  1.8033E+02  1.0757E+01 -1.7895E+02
  5.6081E-01  1.3076E+01  3.4751E+01  4.8379E-01  1.8032E+02  1.0757E+01 -1.7895E+02
  5.6305E-01  1.3084E+01  3.4751E+01  4.8378E-01  1.8032E+02  1.0757E+01 -1.7895E+02
  5.6530E-01  1.3091E+01  3.4751E+01  4.8378E-01  1.8032E+02  1.0757E+01 -1.7894E+02
  5.6754E-01  1.3099E+01  3.4751E+01  4.8378E-01  1.8032E+02  1.0756E+01 -1.7894E+02
  5.6978E-01  1.3106E+01  3.4751E+01  4.8378E-01  1.8032E+02  1.0756E+01 -1.7894E+02
  5.7203E-01  1.3114E+01  3.4751E+01  4.8377E-01  1.8032E+02  1.0756E+01 -1.7894E+02
  5.7427E-01  1.3121E+01  3.4751E+01  4.8377E-01  1.8031E+02  1.0756E+01 -1.7894E+02
  5.7651E-01  1.3129E+01  3.4751E+01  4.8377E-01  1.8031E+02  1.0756E+01 -1.7894E+02
  5.7876E-01  1.3136E+01  3.4751E+01  4.8377E-01  1.8031E+02  1.0756E+01 -1.7893E+02
  5.8100E-01  1.3144E+01  3.4751E+01  4.8376E-01  1.8031E+02  1.0756E+01 -1.7893E+02
  5.8324E-01  1.3151E+01  3.4751E+01  4.8376E-01  1.8031E+02  1.0756E+01 -1.7893E+02
  5.8549E-01  1.3159E+01  3.4751E+01  4.8376E-01  1.8031E+02  1.0756E+01 -1.7893E+02
  5.8773E-01  1.3166E+01  3.4751E+01  4.8376E-01  1.8030E+02  1.0756E+01 -1.7893E+02
  5.8997E-01  1.3174E+01  3.4751E+01  4.8375E-01  1.8030E+02  1.0756E+01 -1.7893E+02
  5.9221E-01  1.3181E+01  3.4751E+01  4.8375E-01  1.8030E+02  1.0756E+01 -1.7892E+02
  5.9446E-01  1.3189E+01  3.4751E+01  4.8375E-01  1.8030E+02  1.0756E+01 -1.7892E+02
  5.9670E-01  1.3196E+01  3.4751E+01  4.8375E-01  1.8030E+02  1.0756E+01 -1.7892E+02
  5.9894E-01  1.3204E+01  3.4751E+01  4.8374E-01  1.8030E+02  1.0756E+01 -1.7892E+02
  6.0119E-01  1.3211E+01  3.4751E+01  4.8374E-01  1.8029E+02  1.0756E+01 -1.7892E+02
  6.0343E-01  1.3219E+01  3.4751E+01  4.8374E-01  1.8029E+02  1.0756E+01 -1.7892E+02
  6.0567E-01  1.3226E+01  3.4751E+01  4.8374E-01  1.8029E+02  1.0755E+01 -1.7891E+02
  6.0792E-01  1.3234E+01  3.4751E+01  4.8374E-01  1.8029E+02  1.0755E+01 -1.7891E+02
  6.1016E-01  1.3241E+01  3.4751E+01  4.8373E-01  1.8029E+02  1.0755E+01 -1.7891E+02
  6.1240E-01  1.3249E+01  3.4751E+01  4.8373E-01  1.8029E+02  1.0755E+01 -1.7891E+02
  6.1465E-01  1.3256E+01  3.4751E+01  4.8373E-01  1.8028E+02  1.0755E+01 -1.7891E+02
  6.1689E-01  1.3264E+01  3.4751E+01  4.8373E-01  1.8028E+02  1.0755E+01 -1.7891E+02
  6.1913E-01  1.3271E+01  3.4751E+01  4.8372E-01  1.8028E+02  1.0755E+01 -1.7890E+02
  6.2138E-01  1.3278E+01  3.4751E+01  4.8372E-01  1.8028E+02  1.0755E+01 -1.7890E+02
  6.2362E-01  1.3286E+01  3.4751E+01  4.8372E-01  1.8028E+02  1.0755E+01 -1.7890E+02
  6.2586E-01  1.3293E+01  3.4751E+01  4.8372E-01  1.8028E+02  1.0755E+01 -1.7890E+02
  6.2811E-01  1.3301E+01  3.4751E+01  4.8371E-01  1.8027E+02  1.0755E+01 -1.7890E+02
  6.3035E-01  1.3308E+01  3.4751E+01  4.8371E-01  1.8027E+02  1.0755E+01 -1.7890E+02
  6.3259E-01  1.3316E+01  3.4751E+01  4.8371E-01  1.8027E+02  1.0755E+01 -1.7889E+02
  6.3484E-01  1.3323E+01  3.4751E+01  4.8371E-01  1.8027E+02  1.0755E+01 -1.7889E+02
  6.3708E-01  1.3331E+01  3.4751E+01  4.8370E-01  1.8027E+02  1.0755E+01 -1.7889E+02
  6.3932E-01  1.3338E+01  3.4751E+01  4.8370E-01  1.8027E+02  1.0755E+01 -1.7889E+02
  6.4157E-01  1.3346E+01  3.4751E+01  4.8370E-01  1.8026E+02  1.0755E+01 -1.7889E+02
  6.4381E-01  1.3353E+01  3.4751E+01  4.8370E-01  1.8026E+02  1.0754E+01 -1.7889E+02
  6.4605E-01  1.3361E+01  3.4751E+01  4.8369E-01  1.8026E+02  1.0754E+01 -1.7888E+02
  6.4830E-01  1.3368E+01  3.4751E+01  4.8369E-01  1.8026E+02  1.0754E+01 -1.7888E+02
  6.5054E-01  1.3376E+01  3.4751E+01  4.8369E-01  1.8026E+02  1.0754E+01 -1.7888E+02
  6.5278E-01  1.3383E+01  3.4751E+01  4.8369E-01  1.8026E+02  1.0754E+01 -1.7888E+02
  6.5503E-01  1.3391E+01  3.4751E+01  4.8368E-01  1.8025E+02  1.0754E+01 -1.7888E+02
  6.5727E-01  1.3398E+01  3.4751E+01  4.8368E-01  1.8025E+02  1.0754E+01 -1.7888E+02
  6.5951E-01  1.3406E+01  3.4751E+01  4.8368E-01  1.8025E+02  1.0754E+01 -1.7887E+02
  6.6176E-01  1.3413E+01  3.4751E+01  4.8368E-01  1.8025E+02  1.0754E+01 -1.7887E+02
  6.6400E-01  1.3421E+01  3.4751E+01  4.8368E-01  1.8025E+02  1.0754E+01 -1.7887E+02
  6.6624E-01  1.3428E+01  3.4751E+01  4.8367E-01  1.8025E+02  1.0754E+01 -1.7887E+02
  6.6848E-01  1.3436E+01  3.4751E+01  4.8367E-01  1.8024E+02  1.0754E+01 -1.7887E+02
  6.7073E-01  1.3443E+01  3.4751E+01  4.8367E-01  1.8024E+02  1.0754E+01 -1.7887E+02
  6.7297E-01  1.3451E+01  3.4751E+01  4.8367E-01  1.8024E+02  1.0754E+01 -1.7886E+02
  6.7521E-01  1.3458E+01  3.4751E+01  4.8366E-01  1.8024E+02  1.0754E+01 -1.7886E+02
  6.7746E-01  1.3466E+01  3.4751E+01  4.8366E-01  1.8024E+02  1.0754E+01 -1.7886E+02
  6.7970E-01  1.3473E+01  3.4751E+01  4.8366E-01  1.8024E+02  1.0754E+01 -1.7886E+02
  6.8194E-01  1.3481E+01  3.4751E+01  4.8366E-01  1.8023E+02  1.0753E+01 -1.7886E+02
  6.8419E-01  1.3488E+01  3.4751E+01  4.8365E-01  1.8023E+02  1.0753E+01 -1.7886E+02
  6.8643E-01  1.3496E+01  3.4751E+01  4.8365E-01  1.8023E+02  1.0753E+01 -1.7885E+02
  6.8867E-01  1.3503E+01  3.4751E+01  4.8365E-01  1.8023E+02  1.0753E+01 -1.7885E+02
  6.9092E-01  1.3510E+01  3.4751E+01  4.8365E-01  1.8023E+02  1.0753E+01 -1.7885E+02
  6.9316E-01  1.3518E+01  3.4751E+01  4.8364E-01  1.8022E+02  1.0753E+01 -1.7885E+02
  6.9540E-01  1.3525E+01  3.4751E+01  4.8364E-01  1.8022E+02  1.0753E+01 -1.7885E+02
  6.9765E-01  1.3533E+01  3.4751E+01  4.8364E-01  1.8022E+02  1.0753E+01 -1.7884E+02
  6.9989E-01  1.3540E+01  3.4751E+01  4.8364E-01  1.8022E+02  1.0753E+01 -1.7884E+02
  7.0213E-01  1.3548E+01  3.4751E+01  4.8363E-01  1.8022E+02  1.0753E+01 -1.7884E+02
  7.0438E-01  1.3555E+01  3.4751E+01  4.8363E-01  1.8022E+02  1.0753E+01 -1.7884E+02
  7.0662E-01  1.3563E+01  3.4751E+01  4.8363E-01  1.8021E+02  1.0753E+01 -1.7884E+02
  7.0886E-01  1.3570E+01  3.4751E+01  4.8363E-01  1.8021E+02  1.0753E+01 -1.7884E+02
  7.1111E-01  1.3578E+01  3.4751E+01  4.8362E-01  1.8021E+02  1.0753E+01 -1.7883E+02
  7.1335E-01  1.3585E+01  3.4751E+01  4.8362E-01  1.8021E+02  1.0753E+01 -1.7883E+02
  7.1559E-01  1.3593E+01  3.4751E+01  4.8362E-01  1.8021E+02  1.0753E+01 -1.7883E+02
  7.1784E-01  1.3600E+01  3.4751E+01  4.8362E-01  1.8021E+02  1.0753E+01 -1.7883E+02
  7.1836E-01  1.3602E+01  3.4751E+01  4.8362E-01  1.8021E+02  1.0753E+01 -1.7883E+02
  7.2004E-01  1.3608E+01  3.4751E+01  4.8362E-01  1.8020E+02  1.0752E+01 -1.7883E+02
  7.2232E-01  1.3615E+01  3.4751E+01  4.8361E-01  1.8020E+02  1.0752E+01 -1.7883E+02
  7.2457E-01  1.3623E+01  3.4751E+01  4.8361E-01  1.8020E+02  1.0752E+01 -1.7882E+02
  7.2681E-01  1.3630E+01  3.4751E+01  4.8361E-01  1.8020E+02  1.0752E+01 -1.7882E+02
  7.2905E-01  1.3638E+01  3.4751E+01  4.8361E-01  1.8020E+02  1.0752E+01 -1.7882E+02
  7.3130E-01  1.3645E+01  3.4751E+01  4.8360E-01  1.8020E+02  1.0752E+01 -1.7882E+02
  7.3354E-01  1.3653E+01  3.4751E+01  4.8360E-01  1.8019E+02  1.0752E+01 -1.7882E+02
  7.3578E-01  1.3660E+01  3.4751E+01  4.8360E-01  1.8019E+02  1.0752E+01 -1.7882E+02
  7.3803E-01  1.3668E+01  3.4751E+01  4.8360E-01  1.8019E+02  1.0752E+01 -1.7881E+02
  7.4027E-01  1.3675E+01  3.4751E+01  4.8359E-01  1.8019E+02  1.0752E+01 -1.7881E+02
  7.4251E-01  1.3683E+01  3.4751E+01  4.8359E-01  1.8019E+02  1.0752E+01 -1.7881E+02
  7.4476E-01  1.3690E+01  3.4751E+01  4.8359E-01  1.8019E+02  1.0752E+01 -1.7881E+02
  7.4700E-01  1.3698E+01  3.4751E+01  4.8359E-01  1.8018E+02  1.0752E+01 -1.7881E+02
  7.4924E-01  1.3705E+01  3.4751E+01  4.8358E-01  1.8018E+02  1.0752E+01 -1.7881E+02
  7.5148E-01  1.3713E+01  3.4751E+01  4.8358E-01  1.8018E+02  1.0752E+01 -1.7880E+02
  7.5373E-01  1.3720E+01  3.4751E+01  4.8358E-01  1.8018E+02  1.0752E+01 -1.7880E+02
  7.5597E-01  1.3727E+01  3.4751E+01  4.8358E-01  1.8018E+02  1.0752E+01 -1.7880E+02
  7.5821E-01  1.3735E+01  3.4751E+01  4.8357E-01  1.8018E+02  1.0751E+01 -1.7880E+02
  7.6046E-01  1.3742E+01  3.4751E+01  4.8357E-01  1.8017E+02  1.0751E+01 -1.7880E+02
  7.6270E-01  1.3750E+01  3.4751E+01  4.8357E-01  1.8017E+02  1.0751E+01 -1.7880E+02
  7.6494E-01  1.3757E+01  3.4751E+01  4.8357E-01  1.8017E+02  1.0751E+01 -1.7879E+02
  7.6719E-01  1.3765E+01  3.4751E+01  4.8356E-01  1.8017E+02  1.0751E+01 -1.7879E+02
  7.6943E-01  1.3772E+01  3.4751E+01  4.8356E-01  1.8017E+02  1.0751E+01 -1.7879E+02
  7.7167E-01  1.3780E+01  3.4751E+01  4.8356E-01  1.8017E+02  1.0751E+01 -1.7879E+02
  7.7392E-01  1.3787E+01  3.4751E+01  4.8356E-01  1.8016E+02  1.0751E+01 -1.7879E+02
  7.7616E-01  1.3795E+01  3.4751E+01  4.8356E-01  1.8016E+02  1.0751E+01 -1.7879E+02
  7.7840E-01  1.3802E+01  3.4751E+01  4.8355E-01  1.8016E+02  1.0751E+01 -1.7878E+02
  7.8065E-01  1.3810E+01  3.4751E+01  4.8355E-01  1.8016E+02  1.0751E+01 -1.7878E+02
  7.8289E-01  1.3817E+01  3.4751E+01  4.8355E-01  1.8016E+02  1.0751E+01 -1.7878E+02
  7.8513E-01  1.3825E+01  3.4751E+01  4.8355E-01  1.8016E+02  1.0751E+01 -1.7878E+02
  7.8738E-01  1.3832E+01  3.4751E+01  4.8354E-01  1.8015E+02  1.0751E+01 -1.7878E+02
  7.8962E-01  1.3840E+01  3.4751E+01  4.8354E-01  1.8015E+02  1.0751E+01 -1.7878E+02
  7.9186E-01  1.3847E+01  3.4751E+01  4.8354E-01  1.8015E+02  1.0751E+01 -1.7877E+02
  7.9411E-01  1.3855E+01  3.4751E+01  4.8354E-01  1.8015E+02  1.0751E+01 -1.7877E+02
  7.9635E-01  1.3862E+01  3.4751E+01  4.8353E-01  1.8015E+02  1.0750E+01 -1.7877E+02
  7.9859E-01  1.3870E+01  3.4751E+01  4.8353E-01  1.8015E+02  1.0750E+01 -1.7877E+02
  8.0084E-01  1.3877E+01  3.4751E+01  4.8353E-01  1.8014E+02  1.0750E+01 -1.7877E+02
  8.0308E-01  1.3885E+01  3.4751E+01  4.8353E-01  1.8014E+02  1.0750E+01 -1.7877E+02
  8.0532E-01  1.3892E+01  3.4751E+01  4.8352E-01  1.8014E+02  1.0750E+01 -1.7876E+02
  8.0757E-01  1.3900E+01  3.4751E+01  4.8352E-01  1.8014E+02  1.0750E+01 -1.7876E+02
  8.0981E-01  1.3907E+01  3.4751E+01  4.8352E-01  1.8014E+02  1.0750E+01 -1.7876E+02
  8.1205E-01  1.3915E+01  3.4751E+01  4.8352E-01  1.8014E+02  1.0750E+01 -1.7876E+02
  8.1430E-01  1.3922E+01  3.4751E+01  4.8351E-01  1.8013E+02  1.0750E+01 -1.7876E+02
  8.1654E-01  1.3930E+01  3.4751E+01  4.8351E-01  1.8013E+02  1.0750E+01 -1.7876E+02
  8.1878E-01  1.3937E+01  3.4751E+01  4.8351E-01  1.8013E+02  1.0750E+01 -1.7875E+02
  8.2103E-01  1.3945E+01  3.4751E+01  4.8351E-01  1.8013E+02  1.0750E+01 -1.7875E+02
  8.2327E-01  1.3952E+01  3.4751E+01  4.8350E-01  1.8013E+02  1.0750E+01 -1.7875E+02
  8.2551E-01  1.3959E+01  3.4751E+01  4.8350E-01  1.8013E+02  1.0750E+01 -1.7875E+02
  8.2775E-01  1.3967E+01  3.4751E+01  4.8350E-01  1.8012E+02  1.0750E+01 -1.7875E+02
  8.3000E-01  1.3974E+01  3.4751E+01  4.8350E-01  1.8012E+02  1.0750E+01 -1.7875E+02
  8.3224E-01  1.3982E+01  3.4751E+01  4.8350E-01  1.8012E+02  1.0750E+01 -1.7874E+02
  8.3448E-01  1.3989E+01  3.4751E+01  4.8349E-01  1.8012E+02  1.0749E+01 -1.7874E+02
  8.3673E-01  1.3997E+01  3.4751E+01  4.8349E-01  1.8012E+02  1.0749E+01 -1.7874E+02
  8.3897E-01  1.4004E+01  3.4751E+01  4.8349E-01  1.8012E+02  1.0749E+01 -1.7874E+02
  8.4121E-01  1.4012E+01  3.4751E+01  4.8349E-01  1.8011E+02  1.0749E+01 -1.7874E+02
  8.4346E-01  1.4019E+01  3.4751E+01  4.8348E-01  1.8011E+02  1.0749E+01 -1.7874E+02
  8.4570E-01  1.4027E+01  3.4751E+01  4.8348E-01  1.8011E+02  1.0749E+01 -1.7873E+02
  8.4794E-01  1.4034E+01  3.4751E+01  4.8348E-01  1.8011E+02  1.0749E+01 -1.7873E+02
  8.5019E-01  1.4042E+01  3.4751E+01  4.8348E-01  1.8011E+02  1.0749E+01 -1.7873E+02
  8.5243E-01  1.4049E+01  3.4751E+01  4.8347E-01  1.8011E+02  1.0749E+01 -1.7873E+02
  8.5467E-01  1.4057E+01  3.4751E+01  4.8347E-01  1.8010E+02  1.0749E+01 -1.7873E+02
  8.5692E-01  1.4064E+01  3.4751E+01  4.8347E-01  1.8010E+02  1.0749E+01 -1.7873E+02
  8.5916E-01  1.4072E+01  3.4751E+01  4.8347E-01  1.8010E+02  1.0749E+01 -1.7872E+02
  8.6140E-01  1.4079E+01  3.4751E+01  4.8346E-01  1.8010E+02  1.0749E+01 -1.7872E+02
  8.6365E-01  1.4087E+01  3.4751E+01  4.8346E-01  1.8010E+02  1.0749E+01 -1.7872E+02
  8.6589E-01  1.4094E+01  3.4751E+01  4.8346E-01  1.8010E+02  1.0749E+01 -1.7872E+02
  8.6813E-01  1.4102E+01  3.4751E+01  4.8346E-01  1.8009E+02  1.0749E+01 -1.7872E+02
  8.7038E-01  1.4109E+01  3.4751E+01  4.8345E-01  1.8009E+02  1.0749E+01 -1.7872E+02
  8.7262E-01  1.4117E+01  3.4751E+01  4.8345E-01  1.8009E+02  1.0748E+01 -1.7871E+02
  8.7486E-01  1.4124E+01  3.4751E+01  4.8345E-01  1.8009E+02  1.0748E+01 -1.7871E+02
  8.7711E-01  1.4132E+01  3.4751E+01  4.8345E-01  1.8009E+02  1.0748E+01 -1.7871E+02
  8.7935E-01  1.4139E+01  3.4751E+01  4.8344E-01  1.8009E+02  1.0748E+01 -1.7871E+02
  8.8159E-01  1.4147E+01  3.4751E+01  4.8344E-01  1.8008E+02  1.0748E+01 -1.7871E+02
  8.8384E-01  1.4154E+01  3.4751E+01  4.8344E-01  1.8008E+02  1.0748E+01 -1.7871E+02
  8.8608E-01  1.4162E+01  3.4751E+01  4.8344E-01  1.8008E+02  1.0748E+01 -1.7870E+02
  8.8832E-01  1.4169E+01  3.4751E+01  4.8344E-01  1.8008E+02  1.0748E+01 -1.7870E+02
  8.9057E-01  1.4176E+01  3.4751E+01  4.8343E-01  1.8008E+02  1.0748E+01 -1.7870E+02
  8.9281E-01  1.4184E+01  3.4751E+01  4.8343E-01  1.8008E+02  1.0748E+01 -1.7870E+02
  8.9505E-01  1.4191E+01  3.4751E+01  4.8343E-01  1.8007E+02  1.0748E+01 -1.7870E+02
  8.9730E-01  1.4199E+01  3.4751E+01  4.8343E-01  1.8007E+02  1.0748E+01 -1.7870E+02
  8.9954E-01  1.4206E+01  3.4751E+01  4.8342E-01  1.8007E+02  1.0748E+01 -1.7869E+02
  9.0178E-01  1.4214E+01  3.4751E+01  4.8342E-01  1.8007E+02  1.0748E+01 -1.7869E+02
  9.0402E-01  1.4221E+01  3.4751E+01  4.8342E-01  1.8007E+02  1.0748E+01 -1.7869E+02
  9.0627E-01  1.4229E+01  3.4751E+01  4.8342E-01  1.8007E+02  1.0748E+01 -1.7869E+02
  9.0851E-01  1.4236E+01  3.4751E+01  4.8341E-01  1.8006E+02  1.0748E+01 -1.7869E+02
  9.1075E-01  1.4244E+01  3.4751E+01  4.8341E-01  1.8006E+02  1.0747E+01 -1.7869E+02
  9.1300E-01  1.4251E+01  3.4751E+01  4.8341E-01  1.8006E+02  1.0747E+01 -1.7868E+02
  9.1524E-01  1.4259E+01  3.4751E+01  4.8341E-01  1.8006E+02  1.0747E+01 -1.7868E+02
  9.1748E-01  1.4266E+01  3.4751E+01  4.8340E-01  1.8006E+02  1.0747E+01 -1.7868E+02
  9.1973E-01  1.4274E+01  3.4751E+01  4.8340E-01  1.8006E+02  1.0747E+01 -1.7868E+02
  9.2197E-01  1.4281E+01  3.4751E+01  4.8340E-01  1.8005E+02  1.0747E+01 -1.7868E+02
  9.2421E-01  1.4289E+01  3.4751E+01  4.8340E-01  1.8005E+02  1.0747E+01 -1.7868E+02
  9.2646E-01  1.4296E+01  3.4751E+01  4.8339E-01  1.8005E+02  1.0747E+01 -1.7867E+02
  9.2870E-01  1.4304E+01  3.4751E+01  4.8339E-01  1.8005E+02  1.0747E+01 -1.7867E+02
  9.3094E-01  1.4311E+01  3.4751E+01  4.8339E-01  1.8005E+02  1.0747E+01 -1.7867E+02
  9.3319E-01  1.4319E+01  3.4751E+01  4.8339E-01  1.8005E+02  1.0747E+01 -1.7867E+02
  9.3543E-01  1.4326E+01  3.4751E+01  4.8338E-01  1.8004E+02  1.0747E+01 -1.7867E+02
  9.3767E-01  1.4334E+01  3.4751E+01  4.8338E-01  1.8004E+02  1.0747E+01 -1.7867E+02
  9.3992E-01  1.4341E+01  3.4751E+01  4.8338E-01  1.8004E+02  1.0747E+01 -1.7866E+02
  9.4216E-01  1.4349E+01  3.4751E+01  4.8338E-01  1.8004E+02  1.0747E+01 -1.7866E+02
  9.4440E-01  1.4356E+01  3.4751E+01  4.8338E-01  1.8004E+02  1.0747E+01 -1.7866E+02
  9.4665E-01  1.4364E+01  3.4751E+01  4.8337E-01  1.8004E+02  1.0747E+01 -1.7866E+02
  9.4889E-01  1.4371E+01  3.4751E+01  4.8337E-01  1.8003E+02  1.0747E+01 -1.7866E+02
  9.5113E-01  1.4379E+01  3.4751E+01  4.8337E-01  1.8003E+02  1.0746E+01 -1.7866E+02
  9.5338E-01  1.4386E+01  3.4751E+01  4.8337E-01  1.8003E+02  1.0746E+01 -1.7865E+02
  9.5562E-01  1.4394E+01  3.4751E+01  4.8336E-01  1.8003E+02  1.0746E+01 -1.7865E+02
  9.5786E-01  1.4401E+01  3.4751E+01  4.8336E-01  1.8003E+02  1.0746E+01 -1.7865E+02
  9.6011E-01  1.4408E+01  3.4751E+01  4.8336E-01  1.8003E+02  1.0746E+01 -1.7865E+02
  9.6235E-01  1.4416E+01  3.4751E+01  4.8336E-01  1.8002E+02  1.0746E+01 -1.7865E+02
  9.6459E-01  1.4423E+01  3.4751E+01  4.8335E-01  1.8002E+02  1.0746E+01 -1.7864E+02
  9.6684E-01  1.4431E+01  3.4751E+01  4.8335E-01  1.8002E+02  1.0746E+01 -1.7864E+02
  9.6908E-01  1.4438E+01  3.4751E+01  4.8335E-01  1.8002E+02  1.0746E+01 -1.7864E+02
  9.7132E-01  1.4446E+01  3.4751E+01  4.8335E-01  1.8002E+02  1.0746E+01 -1.7864E+02
  9.7357E-01  1.4453E+01  3.4751E+01  4.8334E-01  1.8002E+02  1.0746E+01 -1.7864E+02
  9.7581E-01  1.4461E+01  3.4751E+01  4.8334E-01  1.8001E+02  1.0746E+01 -1.7864E+02
  9.7805E-01  1.4468E+01  3.4751E+01  4.8334E-01  1.8001E+02  1.0746E+01 -1.7863E+02
  9.8030E-01  1.4476E+01  3.4751E+01  4.8334E-01  1.8001E+02  1.0746E+01 -1.7863E+02
  9.8254E-01  1.4483E+01  3.4751E+01  4.8333E-01  1.8001E+02  1.0746E+01 -1.7863E+02
  9.8478E-01  1.4491E+01  3.4751E+01  4.8333E-01  1.8001E+02  1.0746E+01 -1.7863E+02
  9.8702E-01  1.4498E+01  3.4751E+01  4.8333E-01  1.8001E+02  1.0746E+01 -1.7863E+02
  9.8927E-01  1.4506E+01  3.4751E+01  4.8333E-01  1.8000E+02  1.0745E+01 -1.7863E+02
  9.9151E-01  1.4513E+01  3.4751E+01  4.8332E-01  1.8000E+02  1.0745E+01 -1.7862E+02
  9.9375E-01  1.4521E+01  3.4751E+01  4.8332E-01  1.8000E+02  1.0745E+01 -1.7862E+02
  9.9600E-01  1.4528E+01  3.4751E+01  4.8332E-01  1.8000E+02  1.0745E+01 -1.7862E+02
  9.9824E-01  1.4536E+01  3.4751E+01  4.8332E-01  1.8000E+02  1.0745E+01 -1.7862E+02
  1.0005E+00  1.4543E+01  3.4751E+01  4.8332E-01  1.8000E+02  1.0745E+01 -1.7862E+02
  1.0027E+00  1.4551E+01  3.4751E+01  4.8331E-01  1.7999E+02  1.0745E+01 -1.7862E+02
  1.0050E+00  1.4558E+01  3.4751E+01  4.8331E-01  1.7999E+02  1.0745E+01 -1.7861E+02
  1.0072E+00  1.4566E+01  3.4751E+01  4.8331E-01  1.7999E+02  1.0745E+01 -1.7861E+02
  1.0095E+00  1.4573E+01  3.4751E+01  4.8331E-01  1.7999E+02  1.0745E+01 -1.7861E+02
  1.0117E+00  1.4581E+01  3.4751E+01  4.8330E-01  1.7999E+02  1.0745E+01 -1.7861E+02
  1.0139E+00  1.4588E+01  3.4751E+01  4.8330E-01  1.7999E+02  1.0745E+01 -1.7861E+02
  1.0162E+00  1.4596E+01  3.4751E+01  4.8330E-01  1.7998E+02  1.0745E+01 -1.7861E+02
  1.0184E+00  1.4603E+01  3.4751E+01  4.8330E-01  1.7998E+02  1.0745E+01 -1.7860E+02
  1.0207E+00  1.4611E+01  3.4751E+01  4.8329E-01  1.7998E+02  1.0745E+01 -1.7860E+02
  1.0229E+00  1.4618E+01  3.4751E+01  4.8329E-01  1.7998E+02  1.0745E+01 -1.7860E+02
  1.0252E+00  1.4626E+01  3.4751E+01  4.8329E-01  1.7998E+02  1.0745E+01 -1.7860E+02
  1.0274E+00  1.4633E+01  3.4751E+01  4.8329E-01  1.7998E+02  1.0744E+01 -1.7860E+02
  1.0296E+00  1.4640E+01  3.4751E+01  4.8328E-01  1.7997E+02  1.0744E+01 -1.7860E+02
  1.0319E+00  1.4648E+01  3.4751E+01  4.8328E-01  1.7997E+02  1.0744E+01 -1.7859E+02
  1.0341E+00  1.4655E+01  3.4751E+01  4.8328E-01  1.7997E+02  1.0744E+01 -1.7859E+02
  1.0364E+00  1.4663E+01  3.4751E+01  4.8328E-01  1.7997E+02  1.0744E+01 -1.7859E+02
  1.0386E+00  1.4670E+01  3.4751E+01  4.8327E-01  1.7997E+02  1.0744E+01 -1.7859E+02
  1.0409E+00  1.4678E+01  3.4751E+01  4.8327E-01  1.7997E+02  1.0744E+01 -1.7859E+02
  1.0431E+00  1.4685E+01  3.4751E+01  4.8327E-01  1.7996E+02  1.0744E+01 -1.7859E+02
  1.0453E+00  1.4693E+01  3.4751E+01  4.8327E-01  1.7996E+02  1.0744E+01 -1.7858E+02
  1.0476E+00  1.4700E+01  3.4751E+01  4.8327E-01  1.7996E+02  1.0744E+01 -1.7858E+02
  1.0498E+00  1.4708E+01  3.4751E+01  4.8326E-01  1.7996E+02  1.0744E+01 -1.7858E+02
  1.0521E+00  1.4715E+01  3.4751E+01  4.8326E-01  1.7996E+02  1.0744E+01 -1.7858E+02
  1.0543E+00  1.4723E+01  3.4751E+01  4.8326E-01  1.7996E+02  1.0744E+01 -1.7858E+02
  1.0566E+00  1.4730E+01  3.4751E+01  4.8326E-01  1.7995E+02  1.0744E+01 -1.7858E+02
  1.0588E+00  1.4738E+01  3.4751E+01  4.8325E-01  1.7995E+02  1.0744E+01 -1.7857E+02
  1.0611E+00  1.4745E+01  3.4751E+01  4.8325E-01  1.7995E+02  1.0744E+01 -1.7857E+02
  1.0633E+00  1.4753E+01  3.4751E+01  4.8325E-01  1.7995E+02  1.0744E+01 -1.7857E+02
  1.0655E+00  1.4760E+01  3.4751E+01  4.8325E-01  1.7995E+02  1.0743E+01 -1.7857E+02
  1.0678E+00  1.4768E+01  3.4751E+01  4.8324E-01  1.7995E+02  1.0743E+01 -1.7857E+02
  1.0700E+00  1.4775E+01  3.4751E+01  4.8324E-01  1.7994E+02  1.0743E+01 -1.7857E+02
  1.0723E+00  1.4783E+01  3.4751E+01  4.8324E-01  1.7994E+02  1.0743E+01 -1.7856E+02
  1.0745E+00  1.4790E+01  3.4751E+01  4.8324E-01  1.7994E+02  1.0743E+01 -1.7856E+02
  1.0768E+00  1.4798E+01  3.4751E+01  4.8323E-01  1.7994E+02  1.0743E+01 -1.7856E+02
  1.0790E+00  1.4805E+01  3.4751E+01  4.8323E-01  1.7994E+02  1.0743E+01 -1.7856E+02
  1.0812E+00  1.4813E+01  3.4751E+01  4.8323E-01  1.7994E+02  1.0743E+01 -1.7856E+02
  1.0835E+00  1.4820E+01  3.4751E+01  4.8323E-01  1.7993E+02  1.0743E+01 -1.7856E+02
  1.0857E+00  1.4828E+01  3.4751E+01  4.8322E-01  1.7993E+02  1.0743E+01 -1.7855E+02
  1.0880E+00  1.4835E+01  3.4751E+01  4.8322E-01  1.7993E+02  1.0743E+01 -1.7855E+02
  1.0902E+00  1.4843E+01  3.4751E+01  4.8322E-01  1.7993E+02  1.0743E+01 -1.7855E+02
  1.0925E+00  1.4850E+01  3.4751E+01  4.8322E-01  1.7993E+02  1.0743E+01 -1.7855E+02
  1.0947E+00  1.4857E+01  3.4751E+01  4.8321E-01  1.7993E+02  1.0743E+01 -1.7855E+02
  1.0969E+00  1.4865E+01  3.4751E+01  4.8321E-01  1.7993E+02  1.0743E+01 -1.7855E+02
  1.0992E+00  1.4872E+01  3.4751E+01  4.8321E-01  1.7992E+02  1.0743E+01 -1.7854E+02
  1.1014E+00  1.4880E+01  3.4751E+01  4.8321E-01  1.7992E+02  1.0743E+01 -1.7854E+02
  1.1037E+00  1.4887E+01  3.4751E+01  4.8321E-01  1.7992E+02  1.0742E+01 -1.7854E+02
  1.1059E+00  1.4895E+01  3.4751E+01  4.8320E-01  1.7992E+02  1.0742E+01 -1.7854E+02
  1.1082E+00  1.4902E+01  3.4751E+01  4.8320E-01  1.7992E+02  1.0742E+01 -1.7854E+02
  1.1104E+00  1.4910E+01  3.4751E+01  4.8320E-01  1.7992E+02  1.0742E+01 -1.7854E+02
  1.1126E+00  1.4917E+01  3.4751E+01  4.8320E-01  1.7991E+02  1.0742E+01 -1.7853E+02
  1.1149E+00  1.4925E+01  3.4751E+01  4.8319E-01  1.7991E+02  1.0742E+01 -1.7853E+02
  1.1171E+00  1.4932E+01  3.4751E+01  4.8319E-01  1.7991E+02  1.0742E+01 -1.7853E+02
  1.1194E+00  1.4940E+01  3.4751E+01  4.8319E-01  1.7991E+02  1.0742E+01 -1.7853E+02
  1.1216E+00  1.4947E+01  3.4751E+01  4.8319E-01  1.7991E+02  1.0742E+01 -1.7853E+02
  1.1239E+00  1.4955E+01  3.4751E+01  4.8318E-01  1.7991E+02  1.0742E+01 -1.7853E+02
  1.1261E+00  1.4962E+01  3.4751E+01  4.8318E-01  1.7990E+02  1.0742E+01 -1.7852E+02
  1.1283E+00  1.4970E+01  3.4751E+01  4.8318E-01  1.7990E+02  1.0742E+01 -1.7852E+02
  1.1306E+00  1.4977E+01  3.4751E+01  4.8318E-01  1.7990E+02  1.0742E+01 -1.7852E+02
  1.1328E+00  1.4985E+01  3.4751E+01  4.8317E-01  1.7990E+02  1.0742E+01 -1.7852E+02
  1.1351E+00  1.4992E+01  3.4751E+01  4.8317E-01  1.7990E+02  1.0742E+01 -1.7852E+02
  1.1373E+00  1.5000E+01  3.4751E+01  4.8317E-01  1.7990E+02  1.0742E+01 -1.7852E+02
  1.1396E+00  1.5007E+01  3.4751E+01  4.8317E-01  1.7989E+02  1.0742E+01 -1.7851E+02
  1.1418E+00  1.5015E+01  3.4751E+01  4.8316E-01  1.7989E+02  1.0742E+01 -1.7851E+02
  1.1441E+00  1.5022E+01  3.4751E+01  4.8316E-01  1.7989E+02  1.0741E+01 -1.7851E+02
  1.1463E+00  1.5030E+01  3.4751E+01  4.8316E-01  1.7989E+02  1.0741E+01 -1.7851E+02
  1.1485E+00  1.5037E+01  3.4751E+01  4.8316E-01  1.7989E+02  1.0741E+01 -1.7851E+02
  1.1508E+00  1.5045E+01  3.4751E+01  4.8315E-01  1.7989E+02  1.0741E+01 -1.7851E+02
  1.1530E+00  1.5052E+01  3.4751E+01  4.8315E-01  1.7988E+02  1.0741E+01 -1.7850E+02
  1.1553E+00  1.5060E+01  3.4751E+01  4.8315E-01  1.7988E+02  1.0741E+01 -1.7850E+02
  1.1575E+00  1.5067E+01  3.4751E+01  4.8315E-01  1.7988E+02  1.0741E+01 -1.7850E+02
  1.1598E+00  1.5075E+01  3.4751E+01  4.8315E-01  1.7988E+02  1.0741E+01 -1.7850E+02
  1.1620E+00  1.5082E+01  3.4751E+01  4.8314E-01  1.7988E+02  1.0741E+01 -1.7850E+02
  1.1642E+00  1.5089E+01  3.4751E+01  4.8314E-01  1.7988E+02  1.0741E+01 -1.7850E+02
  1.1665E+00  1.5097E+01  3.4751E+01  4.8314E-01  1.7987E+02  1.0741E+01 -1.7849E+02
  1.1687E+00  1.5104E+01  3.4751E+01  4.8314E-01  1.7987E+02  1.0741E+01 -1.7849E+02
  1.1710E+00  1.5112E+01  3.4751E+01  4.8313E-01  1.7987E+02  1.0741E+01 -1.7849E+02
  1.1732E+00  1.5119E+01  3.4751E+01  4.8313E-01  1.7987E+02  1.0741E+01 -1.7849E+02
  1.1755E+00  1.5127E+01  3.4751E+01  4.8313E-01  1.7987E+02  1.0741E+01 -1.7849E+02
  1.1777E+00  1.5134E+01  3.4751E+01  4.8313E-01  1.7987E+02  1.0741E+01 -1.7849E+02
  1.1799E+00  1.5142E+01  3.4751E+01  4.8312E-01  1.7986E+02  1.0741E+01 -1.7848E+02
  1.1822E+00  1.5149E+01  3.4751E+01  4.8312E-01  1.7986E+02  1.0740E+01 -1.7848E+02
  1.1844E+00  1.5157E+01  3.4751E+01  4.8312E-01  1.7986E+02  1.0740E+01 -1.7848E+02
  1.1867E+00  1.5164E+01  3.4751E+01  4.8312E-01  1.7986E+02  1.0740E+01 -1.7848E+02
  1.1889E+00  1.5172E+01  3.4751E+01  4.8311E-01  1.7986E+02  1.0740E+01 -1.7848E+02
  1.1912E+00  1.5179E+01  3.4751E+01  4.8311E-01  1.7986E+02  1.0740E+01 -1.7848E+02
  1.1934E+00  1.5187E+01  3.4751E+01  4.8311E-01  1.7985E+02  1.0740E+01 -1.7847E+02
  1.1956E+00  1.5194E+01  3.4751E+01  4.8311E-01  1.7985E+02  1.0740E+01 -1.7847E+02
  1.1979E+00  1.5202E+01  3.4751E+01  4.8310E-01  1.7985E+02  1.0740E+01 -1.7847E+02
  1.2001E+00  1.5209E+01  3.4751E+01  4.8310E-01  1.7985E+02  1.0740E+01 -1.7847E+02
  1.2024E+00  1.5217E+01  3.4751E+01  4.8310E-01  1.7985E+02  1.0740E+01 -1.7847E+02
  1.2046E+00  1.5224E+01  3.4751E+01  4.8310E-01  1.7985E+02  1.0740E+01 -1.7847E+02
  1.2069E+00  1.5232E+01  3.4751E+01  4.8309E-01  1.7984E+02  1.0740E+01 -1.7846E+02
  1.2091E+00  1.5239E+01  3.4751E+01  4.8309E-01  1.7984E+02  1.0740E+01 -1.7846E+02
  1.2113E+00  1.5247E+01  3.4751E+01  4.8309E-01  1.7984E+02  1.0740E+01 -1.7846E+02
  1.2136E+00  1.5254E+01  3.4751E+01  4.8309E-01  1.7984E+02  1.0740E+01 -1.7846E+02
  1.2158E+00  1.5262E+01  3.4751E+01  4.8309E-01  1.7984E+02  1.0740E+01 -1.7846E+02
  1.2181E+00  1.5269E+01  3.4751E+01  4.8308E-01  1.7984E+02  1.0740E+01 -1.7846E+02
  1.2203E+00  1.5277E+01  3.4751E+01  4.8308E-01  1.7983E+02  1.0739E+01 -1.7845E+02
  1.2226E+00  1.5284E+01  3.4751E+01  4.8308E-01  1.7983E+02  1.0739E+01 -1.7845E+02
  1.2248E+00  1.5292E+01  3.4751E+01  4.8308E-01  1.7983E+02  1.0739E+01 -1.7845E+02
  1.2271E+00  1.5299E+01  3.4751E+01  4.8307E-01  1.7983E+02  1.0739E+01 -1.7845E+02
  1.2293E+00  1.5306E+01  3.4751E+01  4.8307E-01  1.7983E+02  1.0739E+01 -1.7845E+02
  1.2315E+00  1.5314E+01  3.4751E+01  4.8307E-01  1.7983E+02  1.0739E+01 -1.7845E+02
  1.2338E+00  1.5321E+01  3.4751E+01  4.8307E-01  1.7982E+02  1.0739E+01 -1.7844E+02
  1.2360E+00  1.5329E+01  3.4751E+01  4.8306E-01  1.7982E+02  1.0739E+01 -1.7844E+02
  1.2383E+00  1.5336E+01  3.4751E+01  4.8306E-01  1.7982E+02  1.0739E+01 -1.7844E+02
  1.2405E+00  1.5344E+01  3.4751E+01  4.8306E-01  1.7982E+02  1.0739E+01 -1.7844E+02
  1.2428E+00  1.5351E+01  3.4751E+01  4.8306E-01  1.7982E+02  1.0739E+01 -1.7844E+02
  1.2450E+00  1.5359E+01  3.4751E+01  4.8305E-01  1.7982E+02  1.0739E+01 -1.7844E+02
  1.2472E+00  1.5366E+01  3.4751E+01  4.8305E-01  1.7981E+02  1.0739E+01 -1.7843E+02
  1.2495E+00  1.5374E+01  3.4751E+01  4.8305E-01  1.7981E+02  1.0739E+01 -1.7843E+02
  1.2517E+00  1.5381E+01  3.4751E+01  4.8305E-01  1.7981E+02  1.0739E+01 -1.7843E+02
  1.2540E+00  1.5389E+01  3.4751E+01  4.8304E-01  1.7981E+02  1.0739E+01 -1.7843E+02
  1.2562E+00  1.5396E+01  3.4751E+01  4.8304E-01  1.7981E+02  1.0739E+01 -1.7843E+02
  1.2585E+00  1.5404E+01  3.4751E+01  4.8304E-01  1.7981E+02  1.0739E+01 -1.7843E+02
  1.2607E+00  1.5411E+01  3.4751E+01  4.8304E-01  1.7980E+02  1.0738E+01 -1.7842E+02
  1.2629E+00  1.5419E+01  3.4751E+01  4.8304E-01  1.7980E+02  1.0738E+01 -1.7842E+02
  1.2652E+00  1.5426E+01  3.4751E+01  4.8303E-01  1.7980E+02  1.0738E+01 -1.7842E+02
  1.2674E+00  1.5434E+01  3.4751E+01  4.8303E-01  1.7980E+02  1.0738E+01 -1.7842E+02
  1.2697E+00  1.5441E+01  3.4751E+01  4.8303E-01  1.7980E+02  1.0738E+01 -1.7842E+02
  1.2719E+00  1.5449E+01  3.4751E+01  4.8303E-01  1.7980E+02  1.0738E+01 -1.7842E+02
  1.2742E+00  1.5456E+01  3.4751E+01  4.8302E-01  1.7979E+02  1.0738E+01 -1.7841E+02
  1.2764E+00  1.5464E+01  3.4751E+01  4.8302E-01  1.7979E+02  1.0738E+01 -1.7841E+02
  1.2786E+00  1.5471E+01  3.4751E+01  4.8302E-01  1.7979E+02  1.0738E+01 -1.7841E+02
  1.2809E+00  1.5479E+01  3.4751E+01  4.8302E-01  1.7979E+02  1.0738E+01 -1.7841E+02
  1.2831E+00  1.5486E+01  3.4751E+01  4.8301E-01  1.7979E+02  1.0738E+01 -1.7841E+02
  1.2854E+00  1.5494E+01  3.4751E+01  4.8301E-01  1.7979E+02  1.0738E+01 -1.7841E+02
  1.2876E+00  1.5501E+01  3.4751E+01  4.8301E-01  1.7978E+02  1.0738E+01 -1.7840E+02
  1.2899E+00  1.5509E+01  3.4751E+01  4.8301E-01  1.7978E+02  1.0738E+01 -1.7840E+02
  1.2921E+00  1.5516E+01  3.4751E+01  4.8300E-01  1.7978E+02  1.0738E+01 -1.7840E+02
  1.2943E+00  1.5524E+01  3.4751E+01  4.8300E-01  1.7978E+02  1.0738E+01 -1.7840E+02
  1.2966E+00  1.5531E+01  3.4751E+01  4.8300E-01  1.7978E+02  1.0738E+01 -1.7840E+02
  1.2988E+00  1.5538E+01  3.4751E+01  4.8300E-01  1.7978E+02  1.0737E+01 -1.7840E+02
  1.3011E+00  1.5546E+01  3.4751E+01  4.8299E-01  1.7977E+02  1.0737E+01 -1.7839E+02
  1.3033E+00  1.5553E+01  3.4751E+01  4.8299E-01  1.7977E+02  1.0737E+01 -1.7839E+02
  1.3056E+00  1.5561E+01  3.4751E+01  4.8299E-01  1.7977E+02  1.0737E+01 -1.7839E+02
  1.3078E+00  1.5568E+01  3.4751E+01  4.8299E-01  1.7977E+02  1.0737E+01 -1.7839E+02
  1.3101E+00  1.5576E+01  3.4751E+01  4.8298E-01  1.7977E+02  1.0737E+01 -1.7839E+02
  1.3123E+00  1.5583E+01  3.4751E+01  4.8298E-01  1.7977E+02  1.0737E+01 -1.7839E+02
  1.3145E+00  1.5591E+01  3.4751E+01  4.8298E-01  1.7976E+02  1.0737E+01 -1.7838E+02
  1.3168E+00  1.5598E+01  3.4751E+01  4.8298E-01  1.7976E+02  1.0737E+01 -1.7838E+02
  1.3190E+00  1.5606E+01  3.4751E+01  4.8298E-01  1.7976E+02  1.0737E+01 -1.7838E+02
  1.3213E+00  1.5613E+01  3.4751E+01  4.8297E-01  1.7976E+02  1.0737E+01 -1.7838E+02
  1.3235E+00  1.5621E+01  3.4751E+01  4.8297E-01  1.7976E+02  1.0737E+01 -1.7838E+02
  1.3258E+00  1.5628E+01  3.4751E+01  4.8297E-01  1.7976E+02  1.0737E+01 -1.7838E+02
  1.3280E+00  1.5636E+01  3.4751E+01  4.8297E-01  1.7975E+02  1.0737E+01 -1.7837E+02
  1.3302E+00  1.5643E+01  3.4751E+01  4.8296E-01  1.7975E+02  1.0737E+01 -1.7837E+02
  1.3325E+00  1.5651E+01  3.4751E+01  4.8296E-01  1.7975E+02  1.0737E+01 -1.7837E+02
  1.3347E+00  1.5658E+01  3.4751E+01  4.8296E-01  1.7975E+02  1.0737E+01 -1.7837E+02
  1.3370E+00  1.5666E+01  3.4751E+01  4.8296E-01  1.7975E+02  1.0736E+01 -1.7837E+02
  1.3392E+00  1.5673E+01  3.4751E+01  4.8295E-01  1.7975E+02  1.0736E+01 -1.7837E+02
  1.3415E+00  1.5681E+01  3.4751E+01  4.8295E-01  1.7974E+02  1.0736E+01 -1.7836E+02
  1.3437E+00  1.5688E+01  3.4751E+01  4.8295E-01  1.7974E+02  1.0736E+01 -1.7836E+02
  1.3459E+00  1.5696E+01  3.4751E+01  4.8295E-01  1.7974E+02  1.0736E+01 -1.7836E+02
  1.3482E+00  1.5703E+01  3.4751E+01  4.8294E-01  1.7974E+02  1.0736E+01 -1.7836E+02
  1.3504E+00  1.5711E+01  3.4751E+01  4.8294E-01  1.7974E+02  1.0736E+01 -1.7836E+02
  1.3527E+00  1.5718E+01  3.4751E+01  4.8294E-01  1.7974E+02  1.0736E+01 -1.7836E+02
  1.3549E+00  1.5726E+01  3.4751E+01  4.8294E-01  1.7973E+02  1.0736E+01 -1.7835E+02
  1.3572E+00  1.5733E+01  3.4751E+01  4.8293E-01  1.7973E+02  1.0736E+01 -1.7835E+02
  1.3594E+00  1.5741E+01  3.4751E+01  4.8293E-01  1.7973E+02  1.0736E+01 -1.7835E+02
  1.3616E+00  1.5748E+01  3.4751E+01  4.8293E-01  1.7973E+02  1.0736E+01 -1.7835E+02
  1.3639E+00  1.5755E+01  3.4751E+01  4.8293E-01  1.7973E+02  1.0736E+01 -1.7835E+02
  1.3661E+00  1.5763E+01  3.4751E+01  4.8293E-01  1.7973E+02  1.0736E+01 -1.7835E+02
  1.3684E+00  1.5770E+01  3.4751E+01  4.8292E-01  1.7972E+02  1.0736E+01 -1.7834E+02
  1.3706E+00  1.5778E+01  3.4751E+01  4.8292E-01  1.7972E+02  1.0736E+01 -1.7834E+02
  1.3729E+00  1.5785E+01  3.4751E+01  4.8292E-01  1.7972E+02  1.0736E+01 -1.7834E+02
  1.3751E+00  1.5793E+01  3.4751E+01  4.8292E-01  1.7972E+02  1.0736E+01 -1.7834E+02
  1.3773E+00  1.5800E+01  3.4751E+01  4.8291E-01  1.7972E+02  1.0735E+01 -1.7834E+02
  1.3796E+00  1.5808E+01  3.4751E+01  4.8291E-01  1.7972E+02  1.0735E+01 -1.7834E+02
  1.3818E+00  1.5815E+01  3.4751E+01  4.8291E-01  1.7972E+02  1.0735E+01 -1.7833E+02
  1.3841E+00  1.5823E+01  3.4751E+01  4.8291E-01  1.7971E+02  1.0735E+01 -1.7833E+02
  1.3863E+00  1.5830E+01  3.4751E+01  4.8290E-01  1.7971E+02  1.0735E+01 -1.7833E+02
  1.3886E+00  1.5838E+01  3.4751E+01  4.8290E-01  1.7971E+02  1.0735E+01 -1.7833E+02
  1.3908E+00  1.5845E+01  3.4751E+01  4.8290E-01  1.7971E+02  1.0735E+01 -1.7833E+02
  1.3931E+00  1.5853E+01  3.4751E+01  4.8290E-01  1.7971E+02  1.0735E+01 -1.7833E+02
  1.3953E+00  1.5860E+01  3.4751E+01  4.8289E-01  1.7971E+02  1.0735E+01 -1.7832E+02
  1.3975E+00  1.5868E+01  3.4751E+01  4.8289E-01  1.7970E+02  1.0735E+01 -1.7832E+02
  1.3998E+00  1.5875E+01  3.4751E+01  4.8289E-01  1.7970E+02  1.0735E+01 -1.7832E+02
  1.4020E+00  1.5883E+01  3.4751E+01  4.8289E-01  1.7970E+02  1.0735E+01 -1.7832E+02
  1.4043E+00  1.5890E+01  3.4751E+01  4.8288E-01  1.7970E+02  1.0735E+01 -1.7832E+02
  1.4065E+00  1.5898E+01  3.4751E+01  4.8288E-01  1.7970E+02  1.0735E+01 -1.7832E+02
  1.4088E+00  1.5905E+01  3.4751E+01  4.8288E-01  1.7970E+02  1.0735E+01 -1.7831E+02
  1.4110E+00  1.5913E+01  3.4751E+01  4.8288E-01  1.7969E+02  1.0735E+01 -1.7831E+02
  1.4132E+00  1.5920E+01  3.4751E+01  4.8287E-01  1.7969E+02  1.0735E+01 -1.7831E+02
  1.4155E+00  1.5928E+01  3.4751E+01  4.8287E-01  1.7969E+02  1.0734E+01 -1.7831E+02
  1.4177E+00  1.5935E+01  3.4751E+01  4.8287E-01  1.7969E+02  1.0734E+01 -1.7831E+02
  1.4200E+00  1.5943E+01  3.4751E+01  4.8287E-01  1.7969E+02  1.0734E+01 -1.7831E+02
  1.4222E+00  1.5950E+01  3.4751E+01  4.8287E-01  1.7969E+02  1.0734E+01 -1.7830E+02
  1.4245E+00  1.5958E+01  3.4751E+01  4.8286E-01  1.7968E+02  1.0734E+01 -1.7830E+02
  1.4267E+00  1.5965E+01  3.4751E+01  4.8286E-01  1.7968E+02  1.0734E+01 -1.7830E+02
  1.4289E+00  1.5973E+01  3.4751E+01  4.8286E-01  1.7968E+02  1.0734E+01 -1.7830E+02
  1.4312E+00  1.5980E+01  3.4751E+01  4.8286E-01  1.7968E+02  1.0734E+01 -1.7830E+02
  1.4334E+00  1.5987E+01  3.4751E+01  4.8285E-01  1.7968E+02  1.0734E+01 -1.7830E+02
  1.4357E+00  1.5995E+01  3.4751E+01  4.8285E-01  1.7968E+02  1.0734E+01 -1.7830E+02
  1.4379E+00  1.6002E+01  3.4751E+01  4.8285E-01  1.7967E+02  1.0734E+01 -1.7829E+02
  1.4402E+00  1.6010E+01  3.4751E+01  4.8285E-01  1.7967E+02  1.0734E+01 -1.7829E+02
  1.4424E+00  1.6017E+01  3.4751E+01  4.8284E-01  1.7967E+02  1.0734E+01 -1.7829E+02
  1.4446E+00  1.6025E+01  3.4751E+01  4.8284E-01  1.7967E+02  1.0734E+01 -1.7829E+02
  1.4469E+00  1.6032E+01  3.4751E+01  4.8284E-01  1.7967E+02  1.0734E+01 -1.7829E+02
  1.4491E+00  1.6040E+01  3.4751E+01  4.8284E-01  1.7967E+02  1.0734E+01 -1.7829E+02
  1.4514E+00  1.6047E+01  3.4751E+01  4.8283E-01  1.7966E+02  1.0734E+01 -1.7828E+02
  1.4536E+00  1.6055E+01  3.4751E+01  4.8283E-01  1.7966E+02  1.0734E+01 -1.7828E+02
  1.4559E+00  1.6062E+01  3.4751E+01  4.8283E-01  1.7966E+02  1.0733E+01 -1.7828E+02
  1.4581E+00  1.6070E+01  3.4751E+01  4.8283E-01  1.7966E+02  1.0733E+01 -1.7828E+02
  1.4603E+00  1.6077E+01  3.4751E+01  4.8282E-01  1.7966E+02  1.0733E+01 -1.7828E+02
  1.4626E+00  1.6085E+01  3.4751E+01  4.8282E-01  1.7966E+02  1.0733E+01 -1.7828E+02
  1.4648E+00  1.6092E+01  3.4751E+01  4.8282E-01  1.7965E+02  1.0733E+01 -1.7827E+02
  1.4671E+00  1.6100E+01  3.4751E+01  4.8282E-01  1.7965E+02  1.0733E+01 -1.7827E+02
  1.4693E+00  1.6107E+01  3.4751E+01  4.8281E-01  1.7965E+02  1.0733E+01 -1.7827E+02
  1.4716E+00  1.6115E+01  3.4751E+01  4.8281E-01  1.7965E+02  1.0733E+01 -1.7827E+02
  1.4738E+00  1.6122E+01  3.4751E+01  4.8281E-01  1.7965E+02  1.0733E+01 -1.7827E+02
  1.4761E+00  1.6130E+01  3.4751E+01  4.8281E-01  1.7965E+02  1.0733E+01 -1.7827E+02
  1.4783E+00  1.6137E+01  3.4751E+01  4.8281E-01  1.7964E+02  1.0733E+01 -1.7826E+02
  1.4805E+00  1.6145E+01  3.4751E+01  4.8280E-01  1.7964E+02  1.0733E+01 -1.7826E+02
  1.4828E+00  1.6152E+01  3.4751E+01  4.8280E-01  1.7964E+02  1.0733E+01 -1.7826E+02
  1.4850E+00  1.6160E+01  3.4751E+01  4.8280E-01  1.7964E+02  1.0733E+01 -1.7826E+02
  1.4873E+00  1.6167E+01  3.4751E+01  4.8280E-01  1.7964E+02  1.0733E+01 -1.7826E+02
  1.4895E+00  1.6175E+01  3.4751E+01  4.8279E-01  1.7964E+02  1.0733E+01 -1.7826E+02
  1.4918E+00  1.6182E+01  3.4751E+01  4.8279E-01  1.7963E+02  1.0733E+01 -1.7825E+02
  1.4940E+00  1.6190E+01  3.4751E+01  4.8279E-01  1.7963E+02  1.0732E+01 -1.7825E+02
  1.4962E+00  1.6197E+01  3.4751E+01  4.8279E-01  1.7963E+02  1.0732E+01 -1.7825E+02
  1.4985E+00  1.6205E+01  3.4751E+01  4.8278E-01  1.7963E+02  1.0732E+01 -1.7825E+02
  1.5007E+00  1.6212E+01  3.4751E+01  4.8278E-01  1.7963E+02  1.0732E+01 -1.7825E+02
  1.5030E+00  1.6219E+01  3.4751E+01  4.8278E-01  1.7963E+02  1.0732E+01 -1.7825E+02
  1.5052E+00  1.6227E+01  3.4751E+01  4.8278E-01  1.7962E+02  1.0732E+01 -1.7824E+02
  1.5075E+00  1.6234E+01  3.4751E+01  4.8277E-01  1.7962E+02  1.0732E+01 -1.7824E+02
  1.5097E+00  1.6242E+01  3.4751E+01  4.8277E-01  1.7962E+02  1.0732E+01 -1.7824E+02
  1.5119E+00  1.6249E+01  3.4751E+01  4.8277E-01  1.7962E+02  1.0732E+01 -1.7824E+02
  1.5142E+00  1.6257E+01  3.4751E+01  4.8277E-01  1.7962E+02  1.0732E+01 -1.7824E+02
  1.5164E+00  1.6264E+01  3.4751E+01  4.8276E-01  1.7962E+02  1.0732E+01 -1.7824E+02
  1.5187E+00  1.6272E+01  3.4751E+01  4.8276E-01  1.7961E+02  1.0732E+01 -1.7823E+02
  1.5209E+00  1.6279E+01  3.4751E+01  4.8276E-01  1.7961E+02  1.0732E+01 -1.7823E+02
  1.5232E+00  1.6287E+01  3.4751E+01  4.8276E-01  1.7961E+02  1.0732E+01 -1.7823E+02
  1.5254E+00  1.6294E+01  3.4751E+01  4.8276E-01  1.7961E+02  1.0732E+01 -1.7823E+02
  1.5276E+00  1.6302E+01  3.4751E+01  4.8275E-01  1.7961E+02  1.0732E+01 -1.7823E+02
  1.5299E+00  1.6309E+01  3.4751E+01  4.8275E-01  1.7961E+02  1.0732E+01 -1.7823E+02
  1.5321E+00  1.6317E+01  3.4751E+01  4.8275E-01  1.7960E+02  1.0732E+01 -1.7822E+02
  1.5344E+00  1.6324E+01  3.4751E+01  4.8275E-01  1.7960E+02  1.0731E+01 -1.7822E+02
  1.5366E+00  1.6332E+01  3.4751E+01  4.8274E-01  1.7960E+02  1.0731E+01 -1.7822E+02
  1.5389E+00  1.6339E+01  3.4751E+01  4.8274E-01  1.7960E+02  1.0731E+01 -1.7822E+02
  1.5411E+00  1.6347E+01  3.4751E+01  4.8274E-01  1.7960E+02  1.0731E+01 -1.7822E+02
  1.5433E+00  1.6354E+01  3.4751E+01  4.8274E-01  1.7960E+02  1.0731E+01 -1.7822E+02
  1.5456E+00  1.6362E+01  3.4751E+01  4.8273E-01  1.7960E+02  1.0731E+01 -1.7821E+02
  1.5478E+00  1.6369E+01  3.4751E+01  4.8273E-01  1.7959E+02  1.0731E+01 -1.7821E+02
  1.5501E+00  1.6377E+01  3.4751E+01  4.8273E-01  1.7959E+02  1.0731E+01 -1.7821E+02
  1.5523E+00  1.6384E+01  3.4751E+01  4.8273E-01  1.7959E+02  1.0731E+01 -1.7821E+02
  1.5546E+00  1.6392E+01  3.4751E+01  4.8272E-01  1.7959E+02  1.0731E+01 -1.7821E+02
  1.5568E+00  1.6399E+01  3.4751E+01  4.8272E-01  1.7959E+02  1.0731E+01 -1.7821E+02
  1.5591E+00  1.6407E+01  3.4751E+01  4.8272E-01  1.7959E+02  1.0731E+01 -1.7820E+02
  1.5613E+00  1.6414E+01  3.4751E+01  4.8272E-01  1.7958E+02  1.0731E+01 -1.7820E+02
  1.5635E+00  1.6422E+01  3.4751E+01  4.8271E-01  1.7958E+02  1.0731E+01 -1.7820E+02
  1.5658E+00  1.6429E+01  3.4751E+01  4.8271E-01  1.7958E+02  1.0731E+01 -1.7820E+02
  1.5680E+00  1.6436E+01  3.4751E+01  4.8271E-01  1.7958E+02  1.0731E+01 -1.7820E+02
  1.5703E+00  1.6444E+01  3.4751E+01  4.8271E-01  1.7958E+02  1.0731E+01 -1.7820E+02
  1.5725E+00  1.6451E+01  3.4751E+01  4.8270E-01  1.7958E+02  1.0730E+01 -1.7819E+02
  1.5748E+00  1.6459E+01  3.4751E+01  4.8270E-01  1.7957E+02  1.0730E+01 -1.7819E+02
  1.5770E+00  1.6466E+01  3.4751E+01  4.8270E-01  1.7957E+02  1.0730E+01 -1.7819E+02
  1.5792E+00  1.6474E+01  3.4751E+01  4.8270E-01  1.7957E+02  1.0730E+01 -1.7819E+02
  1.5815E+00  1.6481E+01  3.4751E+01  4.8270E-01  1.7957E+02  1.0730E+01 -1.7819E+02
  1.5837E+00  1.6489E+01  3.4751E+01  4.8269E-01  1.7957E+02  1.0730E+01 -1.7819E+02
  1.5860E+00  1.6496E+01  3.4751E+01  4.8269E-01  1.7957E+02  1.0730E+01 -1.7818E+02
  1.5882E+00  1.6504E+01  3.4751E+01  4.8269E-01  1.7956E+02  1.0730E+01 -1.7818E+02
  1.5905E+00  1.6511E+01  3.4751E+01  4.8269E-01  1.7956E+02  1.0730E+01 -1.7818E+02
  1.5927E+00  1.6519E+01  3.4751E+01  4.8268E-01  1.7956E+02  1.0730E+01 -1.7818E+02
  1.5949E+00  1.6526E+01  3.4751E+01  4.8268E-01  1.7956E+02  1.0730E+01 -1.7818E+02
  1.5972E+00  1.6534E+01  3.4751E+01  4.8268E-01  1.7956E+02  1.0730E+01 -1.7818E+02
  1.5994E+00  1.6541E+01  3.4751E+01  4.8268E-01  1.7956E+02  1.0730E+01 -1.7817E+02
  1.6017E+00  1.6549E+01  3.4751E+01  4.8267E-01  1.7955E+02  1.0730E+01 -1.7817E+02
  1.6039E+00  1.6556E+01  3.4751E+01  4.8267E-01  1.7955E+02  1.0730E+01 -1.7817E+02
  1.6062E+00  1.6564E+01  3.4751E+01  4.8267E-01  1.7955E+02  1.0730E+01 -1.7817E+02
  1.6084E+00  1.6571E+01  3.4751E+01  4.8267E-01  1.7955E+02  1.0730E+01 -1.7817E+02
  1.6106E+00  1.6579E+01  3.4751E+01  4.8266E-01  1.7955E+02  1.0730E+01 -1.7817E+02
  1.6129E+00  1.6586E+01  3.4751E+01  4.8266E-01  1.7955E+02  1.0729E+01 -1.7816E+02
  1.6151E+00  1.6594E+01  3.4751E+01  4.8266E-01  1.7954E+02  1.0729E+01 -1.7816E+02
  1.6174E+00  1.6601E+01  3.4751E+01  4.8266E-01  1.7954E+02  1.0729E+01 -1.7816E+02
  1.6196E+00  1.6609E+01  3.4751E+01  4.8265E-01  1.7954E+02  1.0729E+01 -1.7816E+02
  1.6219E+00  1.6616E+01  3.4751E+01  4.8265E-01  1.7954E+02  1.0729E+01 -1.7816E+02
  1.6241E+00  1.6624E+01  3.4751E+01  4.8265E-01  1.7954E+02  1.0729E+01 -1.7816E+02
  1.6263E+00  1.6631E+01  3.4751E+01  4.8265E-01  1.7954E+02  1.0729E+01 -1.7815E+02
  1.6286E+00  1.6639E+01  3.4751E+01  4.8265E-01  1.7953E+02  1.0729E+01 -1.7815E+02
  1.6308E+00  1.6646E+01  3.4751E+01  4.8264E-01  1.7953E+02  1.0729E+01 -1.7815E+02
  1.6331E+00  1.6654E+01  3.4751E+01  4.8264E-01  1.7953E+02  1.0729E+01 -1.7815E+02
  1.6353E+00  1.6661E+01  3.4751E+01  4.8264E-01  1.7953E+02  1.0729E+01 -1.7815E+02
  1.6376E+00  1.6668E+01  3.4751E+01  4.8264E-01  1.7953E+02  1.0729E+01 -1.7815E+02
  1.6394E+00  1.6674E+01  3.4751E+01  4.8263E-01  1.7953E+02  1.0729E+01 -1.7814E+02
  1.6398E+00  1.6676E+01  3.4751E+01  4.8263E-01  1.7953E+02  1.0729E+01 -1.7814E+02
  1.6421E+00  1.6683E+01  3.4751E+01  4.8263E-01  1.7952E+02  1.0729E+01 -1.7814E+02
  1.6443E+00  1.6691E+01  3.4751E+01  4.8263E-01  1.7952E+02  1.0729E+01 -1.7814E+02
  1.6465E+00  1.6698E+01  3.4751E+01  4.8263E-01  1.7952E+02  1.0729E+01 -1.7814E+02
  1.6488E+00  1.6706E+01  3.4751E+01  4.8262E-01  1.7952E+02  1.0729E+01 -1.7814E+02
  1.6510E+00  1.6713E+01  3.4751E+01  4.8262E-01  1.7952E+02  1.0729E+01 -1.7814E+02
  1.6533E+00  1.6721E+01  3.4751E+01  4.8262E-01  1.7952E+02  1.0728E+01 -1.7813E+02
  1.6555E+00  1.6728E+01  3.4751E+01  4.8262E-01  1.7951E+02  1.0728E+01 -1.7813E+02
  1.6578E+00  1.6736E+01  3.4751E+01  4.8261E-01  1.7951E+02  1.0728E+01 -1.7813E+02
  1.6600E+00  1.6743E+01  3.4751E+01  4.8261E-01  1.7951E+02  1.0728E+01 -1.7813E+02
  1.6622E+00  1.6751E+01  3.4751E+01  4.8261E-01  1.7951E+02  1.0728E+01 -1.7813E+02
  1.6645E+00  1.6758E+01  3.4751E+01  4.8261E-01  1.7951E+02  1.0728E+01 -1.7813E+02
  1.6667E+00  1.6766E+01  3.4751E+01  4.8260E-01  1.7951E+02  1.0728E+01 -1.7812E+02
  1.6690E+00  1.6773E+01  3.4751E+01  4.8260E-01  1.7950E+02  1.0728E+01 -1.7812E+02
  1.6712E+00  1.6781E+01  3.4751E+01  4.8260E-01  1.7950E+02  1.0728E+01 -1.7812E+02
  1.6735E+00  1.6788E+01  3.4751E+01  4.8260E-01  1.7950E+02  1.0728E+01 -1.7812E+02
  1.6757E+00  1.6796E+01  3.4751E+01  4.8259E-01  1.7950E+02  1.0728E+01 -1.7812E+02
  1.6779E+00  1.6803E+01  3.4751E+01  4.8259E-01  1.7950E+02  1.0728E+01 -1.7812E+02
  1.6802E+00  1.6811E+01  3.4751E+01  4.8259E-01  1.7950E+02  1.0728E+01 -1.7811E+02
  1.6824E+00  1.6818E+01  3.4751E+01  4.8259E-01  1.7950E+02  1.0728E+01 -1.7811E+02
  1.6847E+00  1.6826E+01  3.4751E+01  4.8259E-01  1.7949E+02  1.0728E+01 -1.7811E+02
  1.6869E+00  1.6833E+01  3.4751E+01  4.8258E-01  1.7949E+02  1.0728E+01 -1.7811E+02
  1.6892E+00  1.6841E+01  3.4751E+01  4.8258E-01  1.7949E+02  1.0728E+01 -1.7811E+02
  1.6914E+00  1.6848E+01  3.4751E+01  4.8258E-01  1.7949E+02  1.0727E+01 -1.7811E+02
  1.6936E+00  1.6856E+01  3.4751E+01  4.8258E-01  1.7949E+02  1.0727E+01 -1.7810E+02
  1.6959E+00  1.6863E+01  3.4751E+01  4.8257E-01  1.7949E+02  1.0727E+01 -1.7810E+02
  1.6981E+00  1.6871E+01  3.4751E+01  4.8257E-01  1.7948E+02  1.0727E+01 -1.7810E+02
  1.7004E+00  1.6878E+01  3.4751E+01  4.8257E-01  1.7948E+02  1.0727E+01 -1.7810E+02
  1.7026E+00  1.6885E+01  3.4751E+01  4.8257E-01  1.7948E+02  1.0727E+01 -1.7810E+02
  1.7049E+00  1.6893E+01  3.4751E+01  4.8256E-01  1.7948E+02  1.0727E+01 -1.7810E+02
  1.7071E+00  1.6900E+01  3.4751E+01  4.8256E-01  1.7948E+02  1.0727E+01 -1.7810E+02
  1.7093E+00  1.6908E+01  3.4751E+01  4.8256E-01  1.7948E+02  1.0727E+01 -1.7809E+02
  1.7116E+00  1.6915E+01  3.4751E+01  4.8256E-01  1.7947E+02  1.0727E+01 -1.7809E+02
  1.7138E+00  1.6923E+01  3.4751E+01  4.8255E-01  1.7947E+02  1.0727E+01 -1.7809E+02
  1.7161E+00  1.6930E+01  3.4751E+01  4.8255E-01  1.7947E+02  1.0727E+01 -1.7809E+02
  1.7183E+00  1.6938E+01  3.4751E+01  4.8255E-01  1.7947E+02  1.0727E+01 -1.7809E+02
  1.7206E+00  1.6945E+01  3.4751E+01  4.8255E-01  1.7947E+02  1.0727E+01 -1.7809E+02
  1.7228E+00  1.6953E+01  3.4751E+01  4.8254E-01  1.7947E+02  1.0727E+01 -1.7808E+02
  1.7251E+00  1.6960E+01  3.4751E+01  4.8254E-01  1.7946E+02  1.0727E+01 -1.7808E+02
  1.7273E+00  1.6968E+01  3.4751E+01  4.8254E-01  1.7946E+02  1.0727E+01 -1.7808E+02
  1.7295E+00  1.6975E+01  3.4751E+01  4.8254E-01  1.7946E+02  1.0727E+01 -1.7808E+02
  1.7318E+00  1.6983E+01  3.4751E+01  4.8254E-01  1.7946E+02  1.0726E+01 -1.7808E+02
  1.7340E+00  1.6990E+01  3.4751E+01  4.8253E-01  1.7946E+02  1.0726E+01 -1.7808E+02
  1.7363E+00  1.6998E+01  3.4751E+01  4.8253E-01  1.7946E+02  1.0726E+01 -1.7807E+02
  1.7385E+00  1.7005E+01  3.4751E+01  4.8253E-01  1.7945E+02  1.0726E+01 -1.7807E+02
  1.7408E+00  1.7013E+01  3.4751E+01  4.8253E-01  1.7945E+02  1.0726E+01 -1.7807E+02
  1.7430E+00  1.7020E+01  3.4751E+01  4.8252E-01  1.7945E+02  1.0726E+01 -1.7807E+02
  1.7452E+00  1.7028E+01  3.4751E+01  4.8252E-01  1.7945E+02  1.0726E+01 -1.7807E+02
  1.7475E+00  1.7035E+01  3.4751E+01  4.8252E-01  1.7945E+02  1.0726E+01 -1.7807E+02
  1.7497E+00  1.7043E+01  3.4751E+01  4.8252E-01  1.7945E+02  1.0726E+01 -1.7806E+02
  1.7520E+00  1.7050E+01  3.4751E+01  4.8251E-01  1.7944E+02  1.0726E+01 -1.7806E+02
  1.7542E+00  1.7058E+01  3.4751E+01  4.8251E-01  1.7944E+02  1.0726E+01 -1.7806E+02
  1.7565E+00  1.7065E+01  3.4751E+01  4.8251E-01  1.7944E+02  1.0726E+01 -1.7806E+02
  1.7587E+00  1.7073E+01  3.4751E+01  4.8251E-01  1.7944E+02  1.0726E+01 -1.7806E+02
  1.7609E+00  1.7080E+01  3.4751E+01  4.8250E-01  1.7944E+02  1.0726E+01 -1.7806E+02
  1.7632E+00  1.7088E+01  3.4751E+01  4.8250E-01  1.7944E+02  1.0726E+01 -1.7805E+02
  1.7654E+00  1.7095E+01  3.4751E+01  4.8250E-01  1.7943E+02  1.0726E+01 -1.7805E+02
  1.7677E+00  1.7103E+01  3.4751E+01  4.8250E-01  1.7943E+02  1.0726E+01 -1.7805E+02
  1.7699E+00  1.7110E+01  3.4751E+01  4.8249E-01  1.7943E+02  1.0726E+01 -1.7805E+02
  1.7722E+00  1.7117E+01  3.4751E+01  4.8249E-01  1.7943E+02  1.0725E+01 -1.7805E+02
  1.7744E+00  1.7125E+01  3.4751E+01  4.8249E-01  1.7943E+02  1.0725E+01 -1.7805E+02
  1.7766E+00  1.7132E+01  3.4751E+01  4.8249E-01  1.7943E+02  1.0725E+01 -1.7804E+02
  1.7789E+00  1.7140E+01  3.4751E+01  4.8249E-01  1.7942E+02  1.0725E+01 -1.7804E+02
  1.7811E+00  1.7147E+01  3.4751E+01  4.8248E-01  1.7942E+02  1.0725E+01 -1.7804E+02
  1.7834E+00  1.7155E+01  3.4751E+01  4.8248E-01  1.7942E+02  1.0725E+01 -1.7804E+02
  1.7856E+00  1.7162E+01  3.4751E+01  4.8248E-01  1.7942E+02  1.0725E+01 -1.7804E+02
  1.7879E+00  1.7170E+01  3.4751E+01  4.8248E-01  1.7942E+02  1.0725E+01 -1.7804E+02
  1.7901E+00  1.7177E+01  3.4751E+01  4.8247E-01  1.7942E+02  1.0725E+01 -1.7803E+02
  1.7923E+00  1.7185E+01  3.4751E+01  4.8247E-01  1.7941E+02  1.0725E+01 -1.7803E+02
  1.7946E+00  1.7192E+01  3.4751E+01  4.8247E-01  1.7941E+02  1.0725E+01 -1.7803E+02
  1.7968E+00  1.7200E+01  3.4751E+01  4.8247E-01  1.7941E+02  1.0725E+01 -1.7803E+02
  1.7991E+00  1.7207E+01  3.4751E+01  4.8246E-01  1.7941E+02  1.0725E+01 -1.7803E+02
  1.8013E+00  1.7215E+01  3.4751E+01  4.8246E-01  1.7941E+02  1.0725E+01 -1.7803E+02
  1.8036E+00  1.7222E+01  3.4751E+01  4.8246E-01  1.7941E+02  1.0725E+01 -1.7802E+02
  1.8058E+00  1.7230E+01  3.4751E+01  4.8246E-01  1.7941E+02  1.0725E+01 -1.7802E+02
  1.8080E+00  1.7237E+01  3.4751E+01  4.8245E-01  1.7940E+02  1.0725E+01 -1.7802E+02
  1.8103E+00  1.7245E+01  3.4751E+01  4.8245E-01  1.7940E+02  1.0725E+01 -1.7802E+02
  1.8125E+00  1.7252E+01  3.4751E+01  4.8245E-01  1.7940E+02  1.0724E+01 -1.7802E+02
  1.8148E+00  1.7260E+01  3.4751E+01  4.8245E-01  1.7940E+02  1.0724E+01 -1.7802E+02
  1.8170E+00  1.7267E+01  3.4751E+01  4.8244E-01  1.7940E+02  1.0724E+01 -1.7801E+02
  1.8193E+00  1.7275E+01  3.4751E+01  4.8244E-01  1.7940E+02  1.0724E+01 -1.7801E+02
  1.8215E+00  1.7282E+01  3.4751E+01  4.8244E-01  1.7939E+02  1.0724E+01 -1.7801E+02
  1.8238E+00  1.7290E+01  3.4751E+01  4.8244E-01  1.7939E+02  1.0724E+01 -1.7801E+02
  1.8260E+00  1.7297E+01  3.4751E+01  4.8243E-01  1.7939E+02  1.0724E+01 -1.7801E+02
  1.8282E+00  1.7305E+01  3.4751E+01  4.8243E-01  1.7939E+02  1.0724E+01 -1.7801E+02
  1.8305E+00  1.7312E+01  3.4751E+01  4.8243E-01  1.7939E+02  1.0724E+01 -1.7800E+02
  1.8327E+00  1.7320E+01  3.4751E+01  4.8243E-01  1.7939E+02  1.0724E+01 -1.7800E+02
  1.8350E+00  1.7327E+01  3.4751E+01  4.8243E-01  1.7938E+02  1.0724E+01 -1.7800E+02
  1.8372E+00  1.7334E+01  3.4751E+01  4.8242E-01  1.7938E+02  1.0724E+01 -1.7800E+02
  1.8395E+00  1.7342E+01  3.4751E+01  4.8242E-01  1.7938E+02  1.0724E+01 -1.7800E+02
  1.8417E+00  1.7349E+01  3.4751E+01  4.8242E-01  1.7938E+02  1.0724E+01 -1.7800E+02
  1.8439E+00  1.7357E+01  3.4751E+01  4.8242E-01  1.7938E+02  1.0724E+01 -1.7799E+02
  1.8462E+00  1.7364E+01  3.4751E+01  4.8241E-01  1.7938E+02  1.0724E+01 -1.7799E+02
  1.8484E+00  1.7372E+01  3.4751E+01  4.8241E-01  1.7937E+02  1.0724E+01 -1.7799E+02
  1.8507E+00  1.7379E+01  3.4751E+01  4.8241E-01  1.7937E+02  1.0723E+01 -1.7799E+02
  1.8529E+00  1.7387E+01  3.4751E+01  4.8241E-01  1.7937E+02  1.0723E+01 -1.7799E+02
  1.8552E+00  1.7394E+01  3.4751E+01  4.8240E-01  1.7937E+02  1.0723E+01 -1.7799E+02
  1.8574E+00  1.7402E+01  3.4751E+01  4.8240E-01  1.7937E+02  1.0723E+01 -1.7798E+02
  1.8596E+00  1.7409E+01  3.4751E+01  4.8240E-01  1.7937E+02  1.0723E+01 -1.7798E+02
  1.8619E+00  1.7417E+01  3.4751E+01  4.8240E-01  1.7936E+02  1.0723E+01 -1.7798E+02
  1.8641E+00  1.7424E+01  3.4751E+01  4.8239E-01  1.7936E+02  1.0723E+01 -1.7798E+02
  1.8664E+00  1.7432E+01  3.4751E+01  4.8239E-01  1.7936E+02  1.0723E+01 -1.7798E+02
  1.8686E+00  1.7439E+01  3.4751E+01  4.8239E-01  1.7936E+02  1.0723E+01 -1.7798E+02
  1.8709E+00  1.7447E+01  3.4751E+01  4.8239E-01  1.7936E+02  1.0723E+01 -1.7798E+02
  1.8731E+00  1.7454E+01  3.4751E+01  4.8238E-01  1.7936E+02  1.0723E+01 -1.7797E+02
  1.8753E+00  1.7462E+01  3.4751E+01  4.8238E-01  1.7935E+02  1.0723E+01 -1.7797E+02
  1.8776E+00  1.7469E+01  3.4751E+01  4.8238E-01  1.7935E+02  1.0723E+01 -1.7797E+02
  1.8798E+00  1.7477E+01  3.4751E+01  4.8238E-01  1.7935E+02  1.0723E+01 -1.7797E+02
  1.8821E+00  1.7484E+01  3.4751E+01  4.8238E-01  1.7935E+02  1.0723E+01 -1.7797E+02
  1.8843E+00  1.7492E+01  3.4751E+01  4.8237E-01  1.7935E+02  1.0723E+01 -1.7797E+02
  1.8866E+00  1.7499E+01  3.4751E+01  4.8237E-01  1.7935E+02  1.0722E+01 -1.7796E+02
  1.8888E+00  1.7507E+01  3.4751E+01  4.8237E-01  1.7934E+02  1.0722E+01 -1.7796E+02
  1.8910E+00  1.7514E+01  3.4751E+01  4.8237E-01  1.7934E+02  1.0722E+01 -1.7796E+02
  1.8933E+00  1.7522E+01  3.4751E+01  4.8236E-01  1.7934E+02  1.0722E+01 -1.7796E+02
  1.8955E+00  1.7529E+01  3.4751E+01  4.8236E-01  1.7934E+02  1.0722E+01 -1.7796E+02
  1.8978E+00  1.7537E+01  3.4751E+01  4.8236E-01  1.7934E+02  1.0722E+01 -1.7796E+02
  1.9000E+00  1.7544E+01  3.4751E+01  4.8236E-01  1.7934E+02  1.0722E+01 -1.7795E+02
  1.9023E+00  1.7552E+01  3.4751E+01  4.8235E-01  1.7934E+02  1.0722E+01 -1.7795E+02
  1.9045E+00  1.7559E+01  3.4751E+01  4.8235E-01  1.7933E+02  1.0722E+01 -1.7795E+02
  1.9068E+00  1.7566E+01  3.4751E+01  4.8235E-01  1.7933E+02  1.0722E+01 -1.7795E+02
  1.9090E+00  1.7574E+01  3.4751E+01  4.8235E-01  1.7933E+02  1.0722E+01 -1.7795E+02
  1.9112E+00  1.7581E+01  3.4751E+01  4.8234E-01  1.7933E+02  1.0722E+01 -1.7795E+02
  1.9135E+00  1.7589E+01  3.4751E+01  4.8234E-01  1.7933E+02  1.0722E+01 -1.7794E+02
  1.9157E+00  1.7596E+01  3.4751E+01  4.8234E-01  1.7933E+02  1.0722E+01 -1.7794E+02
  1.9180E+00  1.7604E+01  3.4751E+01  4.8234E-01  1.7932E+02  1.0722E+01 -1.7794E+02
  1.9202E+00  1.7611E+01  3.4751E+01  4.8233E-01  1.7932E+02  1.0722E+01 -1.7794E+02
  1.9225E+00  1.7619E+01  3.4751E+01  4.8233E-01  1.7932E+02  1.0722E+01 -1.7794E+02
  1.9247E+00  1.7626E+01  3.4751E+01  4.8233E-01  1.7932E+02  1.0721E+01 -1.7794E+02
  1.9269E+00  1.7634E+01  3.4751E+01  4.8233E-01  1.7932E+02  1.0721E+01 -1.7793E+02
  1.9292E+00  1.7641E+01  3.4751E+01  4.8233E-01  1.7932E+02  1.0721E+01 -1.7793E+02
  1.9314E+00  1.7649E+01  3.4751E+01  4.8232E-01  1.7931E+02  1.0721E+01 -1.7793E+02
  1.9337E+00  1.7656E+01  3.4751E+01  4.8232E-01  1.7931E+02  1.0721E+01 -1.7793E+02
  1.9359E+00  1.7664E+01  3.4751E+01  4.8232E-01  1.7931E+02  1.0721E+01 -1.7793E+02
  1.9382E+00  1.7671E+01  3.4751E+01  4.8232E-01  1.7931E+02  1.0721E+01 -1.7793E+02
  1.9404E+00  1.7679E+01  3.4751E+01  4.8231E-01  1.7931E+02  1.0721E+01 -1.7792E+02
  1.9426E+00  1.7686E+01  3.4751E+01  4.8231E-01  1.7931E+02  1.0721E+01 -1.7792E+02
  1.9449E+00  1.7694E+01  3.4751E+01  4.8231E-01  1.7930E+02  1.0721E+01 -1.7792E+02
  1.9471E+00  1.7701E+01  3.4751E+01  4.8231E-01  1.7930E+02  1.0721E+01 -1.7792E+02
  1.9494E+00  1.7709E+01  3.4751E+01  4.8230E-01  1.7930E+02  1.0721E+01 -1.7792E+02
  1.9516E+00  1.7716E+01  3.4751E+01  4.8230E-01  1.7930E+02  1.0721E+01 -1.7792E+02
  1.9539E+00  1.7724E+01  3.4751E+01  4.8230E-01  1.7930E+02  1.0721E+01 -1.7791E+02
  1.9561E+00  1.7731E+01  3.4751E+01  4.8230E-01  1.7930E+02  1.0721E+01 -1.7791E+02
  1.9583E+00  1.7739E+01  3.4751E+01  4.8229E-01  1.7929E+02  1.0720E+01 -1.7791E+02
  1.9606E+00  1.7746E+01  3.4751E+01  4.8229E-01  1.7929E+02  1.0720E+01 -1.7791E+02
  1.9628E+00  1.7754E+01  3.4751E+01  4.8229E-01  1.7929E+02  1.0720E+01 -1.7791E+02
  1.9651E+00  1.7761E+01  3.4751E+01  4.8229E-01  1.7929E+02  1.0720E+01 -1.7791E+02
  1.9673E+00  1.7769E+01  3.4751E+01  4.8228E-01  1.7929E+02  1.0720E+01 -1.7790E+02
  1.9696E+00  1.7776E+01  3.4751E+01  4.8228E-01  1.7929E+02  1.0720E+01 -1.7790E+02
  1.9718E+00  1.7784E+01  3.4751E+01  4.8228E-01  1.7928E+02  1.0720E+01 -1.7790E+02
  1.9740E+00  1.7791E+01  3.4751E+01  4.8228E-01  1.7928E+02  1.0720E+01 -1.7790E+02
  1.9763E+00  1.7798E+01  3.4751E+01  4.8228E-01  1.7928E+02  1.0720E+01 -1.7790E+02
  1.9785E+00  1.7806E+01  3.4751E+01  4.8227E-01  1.7928E+02  1.0720E+01 -1.7790E+02
  1.9808E+00  1.7813E+01  3.4751E+01  4.8227E-01  1.7928E+02  1.0720E+01 -1.7789E+02
  1.9830E+00  1.7821E+01  3.4751E+01  4.8227E-01  1.7928E+02  1.0720E+01 -1.7789E+02
  1.9853E+00  1.7828E+01  3.4751E+01  4.8227E-01  1.7927E+02  1.0720E+01 -1.7789E+02
  1.9875E+00  1.7836E+01  3.4751E+01  4.8226E-01  1.7927E+02  1.0720E+01 -1.7789E+02
  1.9898E+00  1.7843E+01  3.4751E+01  4.8226E-01  1.7927E+02  1.0720E+01 -1.7789E+02
  1.9920E+00  1.7851E+01  3.4751E+01  4.8226E-01  1.7927E+02  1.0720E+01 -1.7789E+02
  1.9942E+00  1.7858E+01  3.4751E+01  4.8226E-01  1.7927E+02  1.0719E+01 -1.7789E+02
  1.9965E+00  1.7866E+01  3.4751E+01  4.8225E-01  1.7927E+02  1.0719E+01 -1.7788E+02
  1.9987E+00  1.7873E+01  3.4751E+01  4.8225E-01  1.7927E+02  1.0719E+01 -1.7788E+02
  2.0010E+00  1.7881E+01  3.4751E+01  4.8225E-01  1.7926E+02  1.0719E+01 -1.7788E+02
  2.0032E+00  1.7888E+01  3.4751E+01  4.8225E-01  1.7926E+02  1.0719E+01 -1.7788E+02
  2.0055E+00  1.7896E+01  3.4751E+01  4.8224E-01  1.7926E+02  1.0719E+01 -1.7788E+02
  2.0077E+00  1.7903E+01  3.4751E+01  4.8224E-01  1.7926E+02  1.0719E+01 -1.7788E+02
  2.0099E+00  1.7911E+01  3.4751E+01  4.8224E-01  1.7926E+02  1.0719E+01 -1.7787E+02
  2.0122E+00  1.7918E+01  3.4751E+01  4.8224E-01  1.7926E+02  1.0719E+01 -1.7787E+02
  2.0144E+00  1.7926E+01  3.4751E+01  4.8223E-01  1.7925E+02  1.0719E+01 -1.7787E+02
  2.0167E+00  1.7933E+01  3.4751E+01  4.8223E-01  1.7925E+02  1.0719E+01 -1.7787E+02
  2.0189E+00  1.7941E+01  3.4751E+01  4.8223E-01  1.7925E+02  1.0719E+01 -1.7787E+02
  2.0212E+00  1.7948E+01  3.4751E+01  4.8223E-01  1.7925E+02  1.0719E+01 -1.7787E+02
  2.0234E+00  1.7956E+01  3.4751E+01  4.8223E-01  1.7925E+02  1.0719E+01 -1.7786E+02
  2.0256E+00  1.7963E+01  3.4751E+01  4.8222E-01  1.7925E+02  1.0719E+01 -1.7786E+02
  2.0279E+00  1.7971E+01  3.4751E+01  4.8222E-01  1.7924E+02  1.0719E+01 -1.7786E+02
  2.0301E+00  1.7978E+01  3.4751E+01  4.8222E-01  1.7924E+02  1.0718E+01 -1.7786E+02
  2.0324E+00  1.7986E+01  3.4751E+01  4.8222E-01  1.7924E+02  1.0718E+01 -1.7786E+02
  2.0346E+00  1.7993E+01  3.4751E+01  4.8221E-01  1.7924E+02  1.0718E+01 -1.7786E+02
  2.0369E+00  1.8001E+01  3.4751E+01  4.8221E-01  1.7924E+02  1.0718E+01 -1.7785E+02
  2.0391E+00  1.8008E+01  3.4751E+01  4.8221E-01  1.7924E+02  1.0718E+01 -1.7785E+02
  2.0413E+00  1.8015E+01  3.4751E+01  4.8221E-01  1.7923E+02  1.0718E+01 -1.7785E+02
  2.0436E+00  1.8023E+01  3.4751E+01  4.8220E-01  1.7923E+02  1.0718E+01 -1.7785E+02
  2.0458E+00  1.8030E+01  3.4751E+01  4.8220E-01  1.7923E+02  1.0718E+01 -1.7785E+02
  2.0481E+00  1.8038E+01  3.4751E+01  4.8220E-01  1.7923E+02  1.0718E+01 -1.7785E+02
  2.0503E+00  1.8045E+01  3.4751E+01  4.8220E-01  1.7923E+02  1.0718E+01 -1.7784E+02
  2.0526E+00  1.8053E+01  3.4751E+01  4.8219E-01  1.7923E+02  1.0718E+01 -1.7784E+02
  2.0548E+00  1.8060E+01  3.4751E+01  4.8219E-01  1.7922E+02  1.0718E+01 -1.7784E+02
  2.0570E+00  1.8068E+01  3.4751E+01  4.8219E-01  1.7922E+02  1.0718E+01 -1.7784E+02
  2.0593E+00  1.8075E+01  3.4751E+01  4.8219E-01  1.7922E+02  1.0718E+01 -1.7784E+02
  2.0615E+00  1.8083E+01  3.4751E+01  4.8218E-01  1.7922E+02  1.0718E+01 -1.7784E+02
  2.0638E+00  1.8090E+01  3.4751E+01  4.8218E-01  1.7922E+02  1.0718E+01 -1.7783E+02
  2.0660E+00  1.8098E+01  3.4751E+01  4.8218E-01  1.7922E+02  1.0717E+01 -1.7783E+02
  2.0683E+00  1.8105E+01  3.4751E+01  4.8218E-01  1.7921E+02  1.0717E+01 -1.7783E+02
  2.0705E+00  1.8113E+01  3.4751E+01  4.8218E-01  1.7921E+02  1.0717E+01 -1.7783E+02
  2.0728E+00  1.8120E+01  3.4751E+01  4.8217E-01  1.7921E+02  1.0717E+01 -1.7783E+02
  2.0750E+00  1.8128E+01  3.4751E+01  4.8217E-01  1.7921E+02  1.0717E+01 -1.7783E+02
  2.0772E+00  1.8135E+01  3.4751E+01  4.8217E-01  1.7921E+02  1.0717E+01 -1.7782E+02
  2.0795E+00  1.8143E+01  3.4751E+01  4.8217E-01  1.7921E+02  1.0717E+01 -1.7782E+02
  2.0817E+00  1.8150E+01  3.4751E+01  4.8216E-01  1.7920E+02  1.0717E+01 -1.7782E+02
  2.0840E+00  1.8158E+01  3.4751E+01  4.8216E-01  1.7920E+02  1.0717E+01 -1.7782E+02
  2.0862E+00  1.8165E+01  3.4751E+01  4.8216E-01  1.7920E+02  1.0717E+01 -1.7782E+02
  2.0885E+00  1.8173E+01  3.4751E+01  4.8216E-01  1.7920E+02  1.0717E+01 -1.7782E+02
  2.0907E+00  1.8180E+01  3.4751E+01  4.8215E-01  1.7920E+02  1.0717E+01 -1.7781E+02
  2.0929E+00  1.8188E+01  3.4751E+01  4.8215E-01  1.7920E+02  1.0717E+01 -1.7781E+02
  2.0952E+00  1.8195E+01  3.4751E+01  4.8215E-01  1.7920E+02  1.0717E+01 -1.7781E+02
  2.0974E+00  1.8203E+01  3.4751E+01  4.8215E-01  1.7919E+02  1.0717E+01 -1.7781E+02
  2.0997E+00  1.8210E+01  3.4751E+01  4.8214E-01  1.7919E+02  1.0717E+01 -1.7781E+02
  2.1019E+00  1.8218E+01  3.4751E+01  4.8214E-01  1.7919E+02  1.0716E+01 -1.7781E+02
  2.1042E+00  1.8225E+01  3.4751E+01  4.8214E-01  1.7919E+02  1.0716E+01 -1.7780E+02
  2.1064E+00  1.8233E+01  3.4751E+01  4.8214E-01  1.7919E+02  1.0716E+01 -1.7780E+02
  2.1086E+00  1.8240E+01  3.4751E+01  4.8213E-01  1.7919E+02  1.0716E+01 -1.7780E+02
  2.1109E+00  1.8247E+01  3.4751E+01  4.8213E-01  1.7918E+02  1.0716E+01 -1.7780E+02
  2.1131E+00  1.8255E+01  3.4751E+01  4.8213E-01  1.7918E+02  1.0716E+01 -1.7780E+02
  2.1154E+00  1.8262E+01  3.4751E+01  4.8213E-01  1.7918E+02  1.0716E+01 -1.7780E+02
  2.1176E+00  1.8270E+01  3.4751E+01  4.8213E-01  1.7918E+02  1.0716E+01 -1.7779E+02
  2.1199E+00  1.8277E+01  3.4751E+01  4.8212E-01  1.7918E+02  1.0716E+01 -1.7779E+02
  2.1221E+00  1.8285E+01  3.4751E+01  4.8212E-01  1.7918E+02  1.0716E+01 -1.7779E+02
  2.1243E+00  1.8292E+01  3.4751E+01  4.8212E-01  1.7917E+02  1.0716E+01 -1.7779E+02
  2.1266E+00  1.8300E+01  3.4751E+01  4.8212E-01  1.7917E+02  1.0716E+01 -1.7779E+02
  2.1288E+00  1.8307E+01  3.4751E+01  4.8211E-01  1.7917E+02  1.0716E+01 -1.7779E+02
  2.1311E+00  1.8315E+01  3.4751E+01  4.8211E-01  1.7917E+02  1.0716E+01 -1.7779E+02
  2.1333E+00  1.8322E+01  3.4751E+01  4.8211E-01  1.7917E+02  1.0716E+01 -1.7778E+02
  2.1356E+00  1.8330E+01  3.4751E+01  4.8211E-01  1.7917E+02  1.0716E+01 -1.7778E+02
  2.1378E+00  1.8337E+01  3.4751E+01  4.8210E-01  1.7916E+02  1.0715E+01 -1.7778E+02
  2.1400E+00  1.8345E+01  3.4751E+01  4.8210E-01  1.7916E+02  1.0715E+01 -1.7778E+02
  2.1423E+00  1.8352E+01  3.4751E+01  4.8210E-01  1.7916E+02  1.0715E+01 -1.7778E+02
  2.1445E+00  1.8360E+01  3.4751E+01  4.8210E-01  1.7916E+02  1.0715E+01 -1.7778E+02
  2.1468E+00  1.8367E+01  3.4751E+01  4.8209E-01  1.7916E+02  1.0715E+01 -1.7777E+02
  2.1490E+00  1.8375E+01  3.4751E+01  4.8209E-01  1.7916E+02  1.0715E+01 -1.7777E+02
  2.1513E+00  1.8382E+01  3.4751E+01  4.8209E-01  1.7915E+02  1.0715E+01 -1.7777E+02
  2.1535E+00  1.8390E+01  3.4751E+01  4.8209E-01  1.7915E+02  1.0715E+01 -1.7777E+02
  2.1558E+00  1.8397E+01  3.4751E+01  4.8208E-01  1.7915E+02  1.0715E+01 -1.7777E+02
  2.1580E+00  1.8405E+01  3.4751E+01  4.8208E-01  1.7915E+02  1.0715E+01 -1.7777E+02
  2.1602E+00  1.8412E+01  3.4751E+01  4.8208E-01  1.7915E+02  1.0715E+01 -1.7776E+02
  2.1625E+00  1.8420E+01  3.4751E+01  4.8208E-01  1.7915E+02  1.0715E+01 -1.7776E+02
  2.1647E+00  1.8427E+01  3.4751E+01  4.8208E-01  1.7914E+02  1.0715E+01 -1.7776E+02
  2.1670E+00  1.8435E+01  3.4751E+01  4.8207E-01  1.7914E+02  1.0715E+01 -1.7776E+02
  2.1692E+00  1.8442E+01  3.4751E+01  4.8207E-01  1.7914E+02  1.0715E+01 -1.7776E+02
  2.1715E+00  1.8450E+01  3.4751E+01  4.8207E-01  1.7914E+02  1.0715E+01 -1.7776E+02
  2.1737E+00  1.8457E+01  3.4751E+01  4.8207E-01  1.7914E+02  1.0714E+01 -1.7775E+02
  2.1759E+00  1.8464E+01  3.4751E+01  4.8206E-01  1.7914E+02  1.0714E+01 -1.7775E+02
  2.1782E+00  1.8472E+01  3.4751E+01  4.8206E-01  1.7913E+02  1.0714E+01 -1.7775E+02
  2.1804E+00  1.8479E+01  3.4751E+01  4.8206E-01  1.7913E+02  1.0714E+01 -1.7775E+02
  2.1827E+00  1.8487E+01  3.4751E+01  4.8206E-01  1.7913E+02  1.0714E+01 -1.7775E+02
  2.1849E+00  1.8494E+01  3.4751E+01  4.8205E-01  1.7913E+02  1.0714E+01 -1.7775E+02
  2.1872E+00  1.8502E+01  3.4751E+01  4.8205E-01  1.7913E+02  1.0714E+01 -1.7774E+02
  2.1894E+00  1.8509E+01  3.4751E+01  4.8205E-01  1.7913E+02  1.0714E+01 -1.7774E+02
  2.1916E+00  1.8517E+01  3.4751E+01  4.8205E-01  1.7913E+02  1.0714E+01 -1.7774E+02
  2.1939E+00  1.8524E+01  3.4751E+01  4.8204E-01  1.7912E+02  1.0714E+01 -1.7774E+02
  2.1961E+00  1.8532E+01  3.4751E+01  4.8204E-01  1.7912E+02  1.0714E+01 -1.7774E+02
  2.1984E+00  1.8539E+01  3.4751E+01  4.8204E-01  1.7912E+02  1.0714E+01 -1.7774E+02
  2.2006E+00  1.8547E+01  3.4751E+01  4.8204E-01  1.7912E+02  1.0714E+01 -1.7773E+02
  2.2029E+00  1.8554E+01  3.4751E+01  4.8203E-01  1.7912E+02  1.0714E+01 -1.7773E+02
  2.2051E+00  1.8562E+01  3.4751E+01  4.8203E-01  1.7912E+02  1.0714E+01 -1.7773E+02
  2.2073E+00  1.8569E+01  3.4751E+01  4.8203E-01  1.7911E+02  1.0714E+01 -1.7773E+02
  2.2096E+00  1.8577E+01  3.4751E+01  4.8203E-01  1.7911E+02  1.0713E+01 -1.7773E+02
  2.2118E+00  1.8584E+01  3.4751E+01  4.8203E-01  1.7911E+02  1.0713E+01 -1.7773E+02
  2.2141E+00  1.8592E+01  3.4751E+01  4.8202E-01  1.7911E+02  1.0713E+01 -1.7772E+02
  2.2163E+00  1.8599E+01  3.4751E+01  4.8202E-01  1.7911E+02  1.0713E+01 -1.7772E+02
  2.2186E+00  1.8607E+01  3.4751E+01  4.8202E-01  1.7911E+02  1.0713E+01 -1.7772E+02
  2.2208E+00  1.8614E+01  3.4751E+01  4.8202E-01  1.7910E+02  1.0713E+01 -1.7772E+02
  2.2230E+00  1.8622E+01  3.4751E+01  4.8201E-01  1.7910E+02  1.0713E+01 -1.7772E+02
  2.2253E+00  1.8629E+01  3.4751E+01  4.8201E-01  1.7910E+02  1.0713E+01 -1.7772E+02
  2.2275E+00  1.8637E+01  3.4751E+01  4.8201E-01  1.7910E+02  1.0713E+01 -1.7771E+02
  2.2298E+00  1.8644E+01  3.4751E+01  4.8201E-01  1.7910E+02  1.0713E+01 -1.7771E+02
  2.2320E+00  1.8652E+01  3.4751E+01  4.8200E-01  1.7910E+02  1.0713E+01 -1.7771E+02
  2.2343E+00  1.8659E+01  3.4751E+01  4.8200E-01  1.7909E+02  1.0713E+01 -1.7771E+02
  2.2365E+00  1.8667E+01  3.4751E+01  4.8200E-01  1.7909E+02  1.0713E+01 -1.7771E+02
  2.2388E+00  1.8674E+01  3.4751E+01  4.8200E-01  1.7909E+02  1.0713E+01 -1.7771E+02
  2.2410E+00  1.8682E+01  3.4751E+01  4.8199E-01  1.7909E+02  1.0713E+01 -1.7770E+02
  2.2432E+00  1.8689E+01  3.4751E+01  4.8199E-01  1.7909E+02  1.0713E+01 -1.7770E+02
  2.2455E+00  1.8696E+01  3.4751E+01  4.8199E-01  1.7909E+02  1.0712E+01 -1.7770E+02
  2.2477E+00  1.8704E+01  3.4751E+01  4.8199E-01  1.7908E+02  1.0712E+01 -1.7770E+02
  2.2500E+00  1.8711E+01  3.4751E+01  4.8198E-01  1.7908E+02  1.0712E+01 -1.7770E+02
  2.2522E+00  1.8719E+01  3.4751E+01  4.8198E-01  1.7908E+02  1.0712E+01 -1.7770E+02
  2.2545E+00  1.8726E+01  3.4751E+01  4.8198E-01  1.7908E+02  1.0712E+01 -1.7769E+02
  2.2567E+00  1.8734E+01  3.4751E+01  4.8198E-01  1.7908E+02  1.0712E+01 -1.7769E+02
  2.2589E+00  1.8741E+01  3.4751E+01  4.8198E-01  1.7908E+02  1.0712E+01 -1.7769E+02
  2.2612E+00  1.8749E+01  3.4751E+01  4.8197E-01  1.7907E+02  1.0712E+01 -1.7769E+02
  2.2634E+00  1.8756E+01  3.4751E+01  4.8197E-01  1.7907E+02  1.0712E+01 -1.7769E+02
  2.2657E+00  1.8764E+01  3.4751E+01  4.8197E-01  1.7907E+02  1.0712E+01 -1.7769E+02
  2.2679E+00  1.8771E+01  3.4751E+01  4.8197E-01  1.7907E+02  1.0712E+01 -1.7769E+02
  2.2702E+00  1.8779E+01  3.4751E+01  4.8196E-01  1.7907E+02  1.0712E+01 -1.7768E+02
  2.2724E+00  1.8786E+01  3.4751E+01  4.8196E-01  1.7907E+02  1.0712E+01 -1.7768E+02
  2.2746E+00  1.8794E+01  3.4751E+01  4.8196E-01  1.7906E+02  1.0712E+01 -1.7768E+02
  2.2769E+00  1.8801E+01  3.4751E+01  4.8196E-01  1.7906E+02  1.0712E+01 -1.7768E+02
  2.2791E+00  1.8809E+01  3.4751E+01  4.8195E-01  1.7906E+02  1.0711E+01 -1.7768E+02
  2.2814E+00  1.8816E+01  3.4751E+01  4.8195E-01  1.7906E+02  1.0711E+01 -1.7768E+02
  2.2836E+00  1.8824E+01  3.4751E+01  4.8195E-01  1.7906E+02  1.0711E+01 -1.7767E+02
  2.2859E+00  1.8831E+01  3.4751E+01  4.8195E-01  1.7906E+02  1.0711E+01 -1.7767E+02
  2.2881E+00  1.8839E+01  3.4751E+01  4.8194E-01  1.7905E+02  1.0711E+01 -1.7767E+02
  2.2903E+00  1.8846E+01  3.4751E+01  4.8194E-01  1.7905E+02  1.0711E+01 -1.7767E+02
  2.2926E+00  1.8854E+01  3.4751E+01  4.8194E-01  1.7905E+02  1.0711E+01 -1.7767E+02
  2.2948E+00  1.8861E+01  3.4751E+01  4.8194E-01  1.7905E+02  1.0711E+01 -1.7767E+02
  2.2971E+00  1.8869E+01  3.4751E+01  4.8193E-01  1.7905E+02  1.0711E+01 -1.7766E+02
  2.2993E+00  1.8876E+01  3.4751E+01  4.8193E-01  1.7905E+02  1.0711E+01 -1.7766E+02
  2.3016E+00  1.8884E+01  3.4751E+01  4.8193E-01  1.7905E+02  1.0711E+01 -1.7766E+02
  2.3038E+00  1.8891E+01  3.4751E+01  4.8193E-01  1.7904E+02  1.0711E+01 -1.7766E+02
  2.3060E+00  1.8899E+01  3.4751E+01  4.8193E-01  1.7904E+02  1.0711E+01 -1.7766E+02
  2.3083E+00  1.8906E+01  3.4751E+01  4.8192E-01  1.7904E+02  1.0711E+01 -1.7766E+02
  2.3105E+00  1.8914E+01  3.4751E+01  4.8192E-01  1.7904E+02  1.0711E+01 -1.7765E+02
  2.3128E+00  1.8921E+01  3.4751E+01  4.8192E-01  1.7904E+02  1.0710E+01 -1.7765E+02
  2.3150E+00  1.8928E+01  3.4751E+01  4.8192E-01  1.7904E+02  1.0710E+01 -1.7765E+02
  2.3173E+00  1.8936E+01  3.4751E+01  4.8191E-01  1.7903E+02  1.0710E+01 -1.7765E+02
  2.3195E+00  1.8943E+01  3.4751E+01  4.8191E-01  1.7903E+02  1.0710E+01 -1.7765E+02
  2.3218E+00  1.8951E+01  3.4751E+01  4.8191E-01  1.7903E+02  1.0710E+01 -1.7765E+02
  2.3240E+00  1.8958E+01  3.4751E+01  4.8191E-01  1.7903E+02  1.0710E+01 -1.7764E+02
  2.3262E+00  1.8966E+01  3.4751E+01  4.8190E-01  1.7903E+02  1.0710E+01 -1.7764E+02
  2.3285E+00  1.8973E+01  3.4751E+01  4.8190E-01  1.7903E+02  1.0710E+01 -1.7764E+02
  2.3307E+00  1.8981E+01  3.4751E+01  4.8190E-01  1.7902E+02  1.0710E+01 -1.7764E+02
  2.3330E+00  1.8988E+01  3.4751E+01  4.8190E-01  1.7902E+02  1.0710E+01 -1.7764E+02
  2.3352E+00  1.8996E+01  3.4751E+01  4.8189E-01  1.7902E+02  1.0710E+01 -1.7764E+02
  2.3375E+00  1.9003E+01  3.4751E+01  4.8189E-01  1.7902E+02  1.0710E+01 -1.7763E+02
  2.3397E+00  1.9011E+01  3.4751E+01  4.8189E-01  1.7902E+02  1.0710E+01 -1.7763E+02
  2.3419E+00  1.9018E+01  3.4751E+01  4.8189E-01  1.7902E+02  1.0710E+01 -1.7763E+02
  2.3442E+00  1.9026E+01  3.4751E+01  4.8188E-01  1.7901E+02  1.0710E+01 -1.7763E+02
  2.3464E+00  1.9033E+01  3.4751E+01  4.8188E-01  1.7901E+02  1.0710E+01 -1.7763E+02
  2.3487E+00  1.9041E+01  3.4751E+01  4.8188E-01  1.7901E+02  1.0709E+01 -1.7763E+02
  2.3509E+00  1.9048E+01  3.4751E+01  4.8188E-01  1.7901E+02  1.0709E+01 -1.7762E+02
  2.3554E+00  1.9063E+01  3.4751E+01  4.8187E-01  1.7901E+02  1.0709E+01 -1.7762E+02
