 -1.709186662590E-05  4.891295161883E-05  2.060248280533E-01 -3.201004294670E+02 -1.169149940435E+02  3.527209537110E+07  1.193449048320E+01 -4.882812500000E-04   1   5
 -7.914813341212E-05  2.905638209649E-04  2.193702969373E-04 -1.370816511592E+03 -1.121042384930E+03 -9.649736740544E+04 -4.096147648673E-02 -4.882812500000E-04   1   3
 -4.789858101417E-04 -5.752569847838E-05 -2.545112143980E-04 -8.402309913670E+03  2.029151226526E+02  1.075725432253E+05 -4.255680055870E-02 -4.882812500000E-04   1   3
 -8.672358892793E-05  3.238652134425E-04  4.381076803268E-04 -7.792500059346E+02 -4.184956713254E+03 -1.938577973688E+05 -4.022478382955E-02 -4.882812500000E-04   1   3
 -3.246850424006E-04 -5.528632013780E-05 -5.302903509576E-04 -4.430820145813E+03  4.741239012062E+02  1.814987371117E+05 -4.348203765853E-02 -4.882812500000E-04   1   3
 -1.838969560063E-04  7.096874427907E-04  7.865792096046E-04 -2.815237035615E+03 -4.316328646492E+03 -3.145618724266E+05 -3.905346310183E-02 -4.882812500000E-04   1   3
 -8.035084025581E-04 -1.788262139133E-04 -7.327332176463E-04 -1.282943164207E+04  9.156707556917E+02  2.261990141626E+05 -4.416040884239E-02 -4.882812500000E-04   1   3
 -1.431990920120E-04  6.115737179885E-04 -4.286427362183E-04 -2.149375327397E+03 -4.616465576149E+03  1.599933299933E+05 -4.314142063730E-02 -4.882812500000E-04   1   5
 -8.173701615052E-04 -1.760181510552E-04 -8.545628296572E-04 -1.441838058959E+04  6.207402775148E+02  2.434958490072E+05 -4.456796104537E-02 -4.882812500000E-04   1   5
  5.361850415028E-04  8.001793052752E-04  6.932173497601E-04  8.305480021327E+03 -4.161637864598E+03 -2.844152165221E+05 -3.936704109598E-02 -4.882812500000E-04   1   5
 -3.332047637001E-04 -9.277646063311E-05 -5.405764579905E-05 -4.718727274193E+03  8.999192425927E+02  2.699793225391E+04 -4.188244531850E-02 -4.882812500000E-04   1   5
 -1.434294893040E-04 -5.985035653894E-04  4.311008687522E-04 -1.636203693958E+03  5.130428368306E+03 -1.890693454129E+05 -4.024849737965E-02 -4.882812500000E-04   1   5
 -5.399264697640E-04  4.987754607341E-04 -1.915465673034E-04 -7.328726722794E+03 -4.200950519185E+03  8.835725482085E+04 -4.234543171390E-02 -4.882812500000E-04   1   5
  5.680531938365E-04 -5.171990467845E-04  3.266938376300E-04  8.395794475908E+03  2.954259052054E+03 -1.393243446469E+05 -4.060032831105E-02 -4.882812500000E-04   1   5
  1.227545630844E-04 -4.484652089366E-04  3.849587066278E-04  1.795876742767E+03  3.115942090200E+03 -1.689174319744E+05 -4.040387481502E-02 -4.882812500000E-04   1   5
 -3.387107067742E-04 -3.236753157631E-04  4.228921335842E-04 -4.105034817359E+03  2.672632976071E+03 -1.866080390572E+05 -4.027606349195E-02 -4.882812500000E-04   1   5
  4.456630874958E-04 -3.744265384229E-04 -2.055637232503E-04  6.300237241758E+03  2.338812187818E+03  9.232121806824E+04 -4.239246715266E-02 -4.882812500000E-04   1   5
 -2.223760612918E-04  9.307039695421E-04  1.224798926719E-04 -3.543745224688E+03 -5.215731949163E+03 -5.337669470127E+04 -4.128768866040E-02 -4.882812500000E-04   1   5
 -4.542565123680E-04  5.123710528507E-04  2.165800722930E-04 -6.397152704573E+03 -3.993552804044E+03 -9.334916600732E+04 -4.097100487359E-02 -4.882812500000E-04   1   5
 -6.030391819941E-04 -1.216235850370E-04  7.103354824455E-04 -1.089619224651E+04  2.656510090764E+02 -2.797997407818E+05 -3.931029415556E-02 -4.882812500000E-04   1   5
 -2.894634458190E-04 -5.264056107163E-04  7.123550794687E-04 -5.428051576208E+03  1.495576934762E+03 -2.800363171810E+05 -3.930353708820E-02 -4.882812500000E-04   1   5
  5.758279283513E-04  2.447309628043E-04  5.260903121046E-05  7.357351900069E+03 -1.798831294026E+03 -2.257404433532E+04 -4.152307821282E-02 -4.882812500000E-04   1   5
  3.306392761188E-04  6.258959886830E-04  3.155652092593E-04  4.568143189341E+03 -4.142483185777E+03 -1.344055787643E+05 -4.063783094706E-02 -4.882812500000E-04   1   5
  6.085010413423E-04  4.737432316479E-04 -2.310421455385E-04  7.564259412395E+03 -4.068223717962E+03  1.038625729582E+05 -4.247828913568E-02 -4.882812500000E-04   1   5
  3.934226752223E-04  1.269828650247E-04  6.143084129474E-04  2.774600425327E+03 -1.206071736701E+03 -2.643491843449E+05 -3.963186387731E-02 -4.882812500000E-04   1   5
 -3.546283011098E-04 -4.305081983261E-04  8.449523164510E-04 -5.720514695323E+03  2.871639107858E+03 -3.350763690221E+05 -3.885725463074E-02 -4.882812500000E-04   1   5
  5.074738185415E-05  6.062422453309E-04 -7.503328715231E-04  3.536983103781E+02 -4.407719844226E+03  2.330799715178E+05 -4.421968125050E-02 -4.882812500000E-04   1   5
 -4.817194166329E-04  8.575046994262E-04  7.192518995580E-04 -7.541489447275E+03 -4.612820016316E+03 -2.934105630298E+05 -3.927953223144E-02 -4.882812500000E-04   1   5
 -5.716398738240E-04  3.250674902917E-05  4.847625840059E-04 -6.855089128544E+03 -6.232301721307E+02 -2.139419004743E+05 -4.006768881921E-02 -4.882812500000E-04   1   5
 -4.493020194684E-04  7.607007294773E-04  2.127982006054E-04 -6.765400268505E+03 -4.963553195192E+03 -9.093916656632E+04 -4.098374712031E-02 -4.882812500000E-04   1   5
  2.364404509642E-04  8.258245037955E-05 -5.039674184123E-04  5.370682499585E+03 -4.128389724254E+00  1.765765522026E+05 -4.339384120501E-02 -4.882812500000E-04   1   5
  2.090483851230E-04 -5.978629970755E-04 -3.442429077377E-04  2.830327471284E+03  5.056141770323E+03  1.393901099790E+05 -4.285842731359E-02 -4.882812500000E-04   1   5
  1.091100319029E-04 -6.977012338094E-04 -1.966674189488E-04  1.609453728740E+03  4.986242706438E+03  8.992804200065E+04 -4.236261555833E-02 -4.882812500000E-04   1   5
  1.440200099755E-04  7.228434929129E-04  3.949464121366E-04  2.053731540114E+03 -5.181569140824E+03 -1.715062968869E+05 -4.037034967531E-02 -4.882812500000E-04   1   5
  8.838344286653E-04 -3.711844242417E-04  2.219432928593E-04  1.359668205820E+04  1.931548783569E+03 -9.465384968329E+04 -4.095292961943E-02 -4.882812500000E-04   1   5
 -3.375491348270E-04 -6.793111602639E-04  4.437010991503E-04 -4.871015848333E+03  5.509727909924E+03 -1.950010675749E+05 -4.020601806058E-02 -4.882812500000E-04   1   5
  7.692785839790E-04  1.518590517423E-04  7.156121286979E-04  1.129920574260E+04 -1.406452111514E+03 -2.950389909413E+05 -3.929163805603E-02 -4.882812500000E-04   1   5
 -3.398040024021E-05  8.179110802086E-04 -3.299360006919E-04 -3.565193013084E+02 -6.275108322070E+03  1.370208240011E+05 -4.281051349295E-02 -4.882812500000E-04   1   5
  3.424170929096E-04  4.962229888487E-04  3.752148932514E-04  5.196629358794E+03 -3.037199987643E+03 -1.635421085355E+05 -4.043674411826E-02 -4.882812500000E-04   1   5
 -4.136524727604E-04 -3.603782992501E-04  5.341962979387E-04 -5.462194200363E+03  3.733802833538E+03 -2.344579196174E+05 -3.990129024163E-02 -4.882812500000E-04   1   5
  5.037283844238E-04 -3.163872152677E-04  2.161840909932E-04  7.304465259318E+03  2.473204312347E+03 -9.394622964618E+04 -4.097228323981E-02 -4.882812500000E-04   1   5
  7.047758026030E-04  3.599640627031E-05  3.082025836764E-04  8.940380650777E+03 -5.414227548485E+02 -1.316823546347E+05 -4.066261375036E-02 -4.882812500000E-04   1   5
  9.031793030477E-05  8.146634954426E-04  4.398984574108E-04  1.525763892490E+03 -5.681558348838E+03 -1.929567118518E+05 -4.021882827031E-02 -4.882812500000E-04   1   5
  5.107136794509E-04  3.306721566654E-04 -1.944642355393E-04  7.606160200468E+03 -2.608636565375E+03  8.814484484097E+04 -4.235514180185E-02 -4.882812500000E-04   1   5
 -7.070699025214E-04  3.108768701663E-05 -1.280960053331E-04 -8.696973561441E+03 -5.316839898115E+02  6.350609035490E+04 -4.213201789541E-02 -4.882812500000E-04   1   5
  2.345196327058E-04 -8.794000708363E-04  5.326472245612E-05  3.440685769486E+03  5.713948808212E+03 -2.048789030650E+04 -4.152097936398E-02 -4.882812500000E-04   1   5
 -1.648911834778E-04 -3.069341198002E-04  4.481812522756E-04 -1.695528464074E+03  3.896656355621E+03 -1.985536226349E+05 -4.019083986553E-02 -4.882812500000E-04   1   5
  6.637744521997E-04  8.548571092277E-05 -5.801195922574E-04  9.633625746817E+03 -2.162551297208E+02  1.939625974098E+05 -4.364910491982E-02 -4.882812500000E-04   1   5
  1.603547919049E-04  5.336538209037E-04 -1.556063434915E-04  2.629192122894E+03 -3.831442223182E+03  7.197002178469E+04 -4.222437870379E-02 -4.882812500000E-04   1   5
 -3.426206372025E-04 -3.455697221817E-04 -7.112512926460E-05 -4.308138034895E+03  3.997767833464E+03  3.775498581292E+04 -4.194014840799E-02 -4.882812500000E-04   1   5
  4.469917997624E-04 -3.618427784820E-04  3.332751330732E-04  6.336525535845E+03  2.513746549473E+03 -1.428988166291E+05 -4.057815610678E-02 -4.882812500000E-04   1   5
  5.885502054783E-04  6.700541905813E-04  5.530867820155E-05  8.816802099097E+03 -4.297822727453E+03 -2.215820393320E+04 -4.151403820247E-02 -4.882812500000E-04   1   5
  9.855039071845E-05  5.028114331805E-04  2.856673570682E-04  1.656232105040E+03 -3.521591569676E+03 -1.226320346780E+05 -4.073843569425E-02 -4.882812500000E-04   1   5
 -6.837565623487E-04 -5.668064840297E-04  4.639768676412E-04 -9.732866889291E+03  3.811988479334E+03 -2.042195839994E+05 -4.013767829172E-02 -4.882812500000E-04   1   5
 -6.474051550743E-04  7.368512176488E-05 -5.518106866509E-04 -9.186854973391E+03 -8.760168263968E+01  1.874907089021E+05 -4.355422130956E-02 -4.882812500000E-04   1   5
 -1.593582020629E-04 -6.307600234775E-04 -1.143383904158E-04 -2.117832077668E+03  4.775752818453E+03  5.699510472017E+04 -4.208565174223E-02 -4.882812500000E-04   1   5
 -4.851615847094E-04 -5.098698699888E-04 -6.867163333021E-05 -6.521130590947E+03  3.425528803457E+03  3.721561327663E+04 -4.193189735437E-02 -4.882812500000E-04   1   5
 -1.885732171147E-04 -2.182375103522E-05 -8.618108699385E-04 -1.523046847090E+03  2.420221011622E+02  2.503863842048E+05 -4.459279629607E-02 -4.882812500000E-04   1   5
  1.241122902468E-04  5.737369168981E-04  6.015663880567E-04  1.929305581104E+03 -3.292906971960E+03 -2.545373329851E+05 -3.967505165033E-02 -4.882812500000E-04   1   5
  9.097616461637E-04 -1.178011012142E-04  7.225678531937E-04  1.439766285567E+04  4.876918075037E+02 -2.933350141604E+05 -3.926848933899E-02 -4.882812500000E-04   1   5
 -6.606997307276E-06  7.523288877198E-04 -1.359764944097E-04 -4.281930253456E+02 -5.774323868865E+03  6.640506292056E+04 -4.215849500180E-02 -4.882812500000E-04   1   5
 -9.251853426825E-04 -2.902514064342E-04  1.775750054034E-04 -1.420476302198E+04  1.340066498790E+03 -7.618706368563E+04 -4.110226168072E-02 -4.882812500000E-04   1   5
  1.200709886083E-04 -2.705206260803E-04 -4.660881069703E-04  1.994535505952E+03  2.429375501663E+03  1.678156394242E+05 -4.326690348023E-02 -4.882812500000E-04   1   5
 -8.518971900476E-07  9.423386066703E-04  6.675996331870E-04 -2.210891244908E+01 -4.755904888770E+03 -2.744952163387E+05 -3.945321545372E-02 -4.882812500000E-04   1   5
  4.368454547699E-04  2.699588401277E-04  4.278388410703E-04  5.923062001028E+03 -1.797091205303E+03 -1.893162415400E+05 -4.025935556431E-02 -4.882812500000E-04   1   5
  1.841438102095E-05  1.279039178326E-04 -8.861389744887E-04  2.296246158024E+03  5.189837994848E+02  2.588950725677E+05 -4.467450919077E-02 -4.882812500000E-04   1   5
  7.199687155715E-04  5.848124707291E-04  7.005160960630E-04  1.124573925013E+04 -3.643256911239E+03 -2.886973165072E+05 -3.934241008216E-02 -4.882812500000E-04   1   5
  3.790281374076E-04 -6.090272172589E-04 -3.419031279462E-04  4.451084636011E+03  5.131538527619E+03  1.412953068551E+05 -4.285075507974E-02 -4.882812500000E-04   1   5
 -8.631725759750E-05 -9.269524496909E-04  2.179828856888E-04 -1.166279843221E+03  5.425616045792E+03 -9.301694647127E+04 -4.096627397671E-02 -4.882812500000E-04   1   5
  6.563541769033E-04 -6.742709466965E-04  1.880109983074E-04  1.042306427492E+04  3.603771242387E+03 -8.107182620335E+04 -4.106708842475E-02 -4.882812500000E-04   1   5
 -4.043453880235E-04 -4.507393495211E-04 -3.048012642214E-04 -4.641952320700E+03  4.105487606743E+03  1.278394723138E+05 -4.272604620479E-02 -4.882812500000E-04   1   5
 -5.755738645163E-04  3.191186271525E-05  8.120677540916E-04 -1.097142511473E+04  3.422380423365E+01 -3.122742827804E+05 -3.896853606959E-02 -4.882812500000E-04   1   5
 -4.416744572314E-06 -7.962506657637E-04  6.710945707747E-05  1.504704638843E+02  5.226044310015E+03 -2.848469220264E+04 -4.147424285843E-02 -4.882812500000E-04   1   5
 -7.779365394154E-04  3.183002465241E-05 -6.996938168399E-04 -1.174907614867E+04 -6.111687122991E+02  2.220096212916E+05 -4.404993383803E-02 -4.882812500000E-04   1   5
  5.358711102348E-04 -2.941473049088E-04  3.133817587707E-04  8.049900948618E+03  2.197615304889E+03 -1.340249630710E+05 -4.064514688324E-02 -4.882812500000E-04   1   5
 -7.151305780029E-04 -1.086800989065E-04  3.470639346141E-04 -1.017144457331E+04  9.438068663970E+02 -1.486933537160E+05 -4.053172636740E-02 -4.882812500000E-04   1   5
 -5.143160901565E-04 -2.924910148181E-04  4.856312714329E-04 -6.319611978006E+03  2.774482015521E+03 -2.142918697066E+05 -4.006476456709E-02 -4.882812500000E-04   1   5
 -2.744451445971E-04  2.142950609712E-04 -5.919108016521E-04 -3.584339929954E+03 -1.646319911678E+03  1.940735638987E+05 -4.368848291355E-02 -4.882812500000E-04   1   5
  1.588794790420E-04 -1.577295737897E-04 -3.904146131851E-04  2.858513575153E+03  7.237244846348E+01  1.494947594887E+05 -4.301315807752E-02 -4.882812500000E-04   1   5
  6.598580044461E-04 -4.376315976129E-04 -3.931651954577E-04  9.544127279859E+03  2.867976141012E+03  1.526060874314E+05 -4.302251898507E-02 -4.882812500000E-04   1   5
 -1.826760726582E-04 -7.021056760605E-04 -6.309944590304E-04 -3.149268547353E+03  4.372962902404E+03  2.061172626997E+05 -4.381965580411E-02 -4.882812500000E-04   1   5
 -1.553896784576E-04  6.284019012307E-04 -5.142762406727E-04 -2.260431143880E+03 -4.456586116410E+03  1.790947134070E+05 -4.342842422397E-02 -4.882812500000E-04   1   5
  4.010644029094E-04  3.815856192492E-04  2.565716763641E-04  3.585653822330E+03 -4.225230677455E+03 -1.094409899871E+05 -4.083646152747E-02 -4.882812500000E-04   1   5
 -6.071155036294E-04 -4.921103806676E-04  1.414976642143E-04 -9.247801415073E+03  3.268586895139E+03 -6.291925693274E+04 -4.122362003062E-02 -4.882812500000E-04   1   5
 -7.687075395792E-04 -6.154530811969E-04  6.614276598210E-04 -1.222156373584E+04  3.052203554488E+03 -2.742758063736E+05 -3.947381319526E-02 -4.882812500000E-04   1   5
 -1.386647011949E-04 -4.550313936364E-04  4.758252281853E-05 -2.286825506760E+03  3.515686941654E+03 -2.207005625140E+04 -4.153988318747E-02 -4.882812500000E-04   1   5
 -6.561349401179E-04  1.659678541538E-04 -3.333373192015E-04 -8.393754439452E+03 -1.019362628568E+03  1.363158192881E+05 -4.282182661450E-02 -4.882812500000E-04   1   5
  4.757421939363E-04 -6.485390620447E-04 -7.789177262809E-04  7.702868779625E+03  2.839207708102E+03  2.333640350917E+05 -4.431496536484E-02 -4.882812500000E-04   1   5
 -7.805746331681E-05  1.757970219430E-04  6.226278362331E-06 -8.160916765588E+02 -7.088203291874E+02 -2.658921851143E+03 -4.167923469727E-02 -4.882812500000E-04   1   5
 -4.652555577138E-04  5.850466354231E-04 -6.502134029557E-04 -6.862838514524E+03 -3.577928211778E+03  2.102279363696E+05 -4.388405726908E-02 -4.882812500000E-04   1   5
 -7.128226516646E-04  1.775041386811E-05  7.714336613977E-04 -1.051199688125E+04  1.555350156190E+02 -3.110560886552E+05 -3.910425568221E-02 -4.882812500000E-04   1   5
 -5.337286815944E-05 -1.607059533034E-05 -8.756481009317E-04  1.238777013752E+03 -4.176876053373E+02  2.566719670017E+05 -4.463937782242E-02 -4.882812500000E-04   1   5
 -5.202086278396E-04 -6.356468207079E-04 -2.466066680597E-04 -7.214741704428E+03  5.187402313055E+03  1.094155337445E+05 -4.253058737607E-02 -4.882812500000E-04   1   5
  3.522140742012E-04  4.251265100462E-04 -3.376787204241E-04  5.776775572373E+03 -1.673216235436E+03  1.354790193498E+05 -4.283620603927E-02 -4.882812500000E-04   1   5
  7.955410705026E-04  1.604459294620E-04  4.528929734468E-05  1.131242067605E+04 -1.284658925622E+03 -1.730248111331E+04 -4.154783839508E-02 -4.882812500000E-04   1   5
  6.559018692906E-04 -1.055818742388E-04 -4.482177427176E-04  7.997245067555E+03  7.804856424311E+02  1.677503410255E+05 -4.320727800978E-02 -4.882812500000E-04   1   5
  2.453669833374E-04 -2.889781260821E-04  8.858244515918E-04  5.481667643121E+03 -1.635292451411E+02 -3.474102960664E+05 -3.871994475040E-02 -4.882812500000E-04   1   5
  6.222813198871E-04 -5.919223647283E-04  8.532467658329E-05  9.571947680689E+03  3.543757149495E+03 -3.740744649952E+04 -4.141281001779E-02 -4.882812500000E-04   1   5
  2.171224564877E-04  4.736320802948E-04 -4.189540797981E-04  2.795598430634E+03 -3.089698435703E+03  1.573094676057E+05 -4.310891175227E-02 -4.882812500000E-04   1   5
 -8.211021843419E-05  3.309910267379E-04  8.601962991565E-04 -1.689827693594E+03 -1.468888563973E+03 -3.367715532363E+05 -3.880628766676E-02 -4.882812500000E-04   1   5
  8.439480434240E-04  2.922584220137E-04  2.738113141088E-04  1.277244957460E+04 -2.105821028765E+03 -1.164959280531E+05 -4.077836356567E-02 -4.882812500000E-04   1   5
 -4.270934771986E-04 -3.490064573824E-04  1.085192535560E-05 -4.536307134781E+03  4.461763696822E+03  2.223574651256E+02 -4.166401079373E-02 -4.882812500000E-04   1   5
 -1.938590920591E-04  6.476109154877E-04  5.138186716691E-04 -3.026840229148E+03 -5.581730314599E+03 -2.263695921670E+05 -3.996984771332E-02 -4.882812500000E-04   1   5
  8.074412775069E-04 -3.262584904560E-04  2.432898123788E-04  1.252443547885E+04  2.058006129221E+03 -1.037919177737E+05 -4.088108462617E-02 -4.882812500000E-04   1   5
  1.100864858229E-05  5.380064369814E-04  2.905742982946E-04  4.498918241919E+02 -4.394328706630E+03 -1.241304793822E+05 -4.072196738199E-02 -4.882812500000E-04   1   5
  3.654101574676E-04  4.288000222603E-04 -3.254341016131E-04  6.450786746789E+03 -1.928276794340E+03  1.317709546600E+05 -4.279509083803E-02 -4.882812500000E-04   1   5
 -6.920010182143E-04  8.379771501298E-05 -1.980910168974E-04 -9.652348200163E+03 -9.010948299238E+02  9.033654287677E+04 -4.236739546180E-02 -4.882812500000E-04   1   5
  1.610432898510E-04  2.634962409053E-04 -5.915542311122E-04  2.349510161971E+03 -2.208980828283E+03  1.938426167032E+05 -4.368727791504E-02 -4.882812500000E-04   1   5
 -5.169704997198E-04 -4.833741434684E-04  2.977513024179E-04 -7.824101436839E+03  3.442937921063E+03 -1.267589043147E+05 -4.069780215865E-02 -4.882812500000E-04   1   5
 -2.252190299174E-05 -6.642693088027E-04 -3.025185839154E-04  4.653155604976E+01  5.483746133709E+03  1.271252175708E+05 -4.271837107176E-02 -4.882812500000E-04   1   5
  4.597310339207E-04  7.412934190341E-04  6.371807487468E-04  7.362544545926E+03 -4.062816628781E+03 -2.659311275156E+05 -3.955534940291E-02 -4.882812500000E-04   1   5
  3.255381332638E-04  2.523932191943E-04  1.901535357090E-04  4.403232241630E+03 -2.006605111328E+03 -8.373820823555E+04 -4.105986984482E-02 -4.882812500000E-04   1   5
  4.866873072009E-04  4.620260768431E-04 -1.135209146029E-04  7.326974052026E+03 -2.823837607228E+03  5.529307073274E+04 -4.208277821613E-02 -4.882812500000E-04   1   5
  8.932796727425E-04 -3.908948631273E-05  4.516307330608E-04  1.285752162521E+04  4.075565930274E+02 -1.984474071366E+05 -4.017927903997E-02 -4.882812500000E-04   1   5
 -7.915467088302E-04 -2.944733651825E-04 -7.759371499795E-04 -1.311913112077E+04  1.118046546766E+03  2.320132679543E+05 -4.430490873811E-02 -4.882812500000E-04   1   5
  7.811434881029E-04 -7.906388060787E-06  7.687238709790E-04  1.443973443633E+04 -1.061937299059E+02 -2.970970810716E+05 -3.911416496509E-02 -4.882812500000E-04   1   5
 -1.055447669153E-04  4.599092236361E-04 -8.344743251360E-04 -1.246508840613E+03 -3.015599413964E+03  2.420730481647E+05 -4.450100696516E-02 -4.882812500000E-04   1   5
 -9.505634488333E-04  3.503524707654E-04  6.702438692526E-04 -1.621734099436E+04 -1.708588327038E+03 -2.733521170422E+05 -3.944440205516E-02 -4.882812500000E-04   1   5
 -2.853160783845E-04 -2.249986092041E-04 -3.821609611240E-04 -4.055412185395E+03  1.375979783391E+03  1.478824399860E+05 -4.298551904297E-02 -4.882812500000E-04   1   5
  2.604041362552E-04 -7.333168391339E-04 -7.229630958111E-05  3.857520819348E+03  5.441825994580E+03  3.938711936928E+04 -4.194413834806E-02 -4.882812500000E-04   1   5
 -1.743656525590E-05  2.114899049205E-04 -4.756538523849E-04 -3.419317704037E+02 -1.770971758978E+03  1.700676098718E+05 -4.329897500233E-02 -4.882812500000E-04   1   5
 -4.639434407255E-04  1.582570190685E-04 -2.795760032130E-04 -8.240320437613E+03 -6.207439073578E+02  1.163528768434E+05 -4.264103015916E-02 -4.882812500000E-04   1   5
  3.860255298384E-04  8.486013854442E-04  1.156169310686E-04  6.090791642418E+03 -5.235101341962E+03 -4.981537432485E+04 -4.131086108559E-02 -4.882812500000E-04   1   5
 -3.493897916338E-04 -7.373545129663E-04  2.942190437208E-04 -5.106897650696E+03  4.329688537832E+03 -1.251293476587E+05 -4.070967374481E-02 -4.882812500000E-04   1   5
 -6.304037695118E-04 -5.986131466182E-05  6.549498249875E-04 -1.055825564919E+04  2.461016298253E+02 -2.672059486315E+05 -3.949600769610E-02 -4.882812500000E-04   1   5
  6.449286085966E-04  7.128751109483E-05 -1.180992519174E-04  7.689904400934E+03 -6.921435067984E+02  5.945069765952E+04 -4.209838632976E-02 -4.882812500000E-04   1   5
 -3.763996074809E-04 -3.469151247790E-04  1.625137647843E-05 -5.433390906327E+03  2.750018959236E+03 -6.628851949148E+03 -4.164549899933E-02 -4.882812500000E-04   1   5
  6.413404655110E-05  1.971986569792E-05  1.664313874569E-04  1.176763404494E+03 -3.995505116127E+02 -7.520843118536E+04 -4.113962381436E-02 -4.882812500000E-04   1   5
  3.147313935147E-04  1.517842159296E-04  4.114715115334E-04  2.983280739214E+03 -2.257973063132E+03 -1.806993418726E+05 -4.031459145372E-02 -4.882812500000E-04   1   5
  4.200168786911E-04 -3.688836826398E-04 -3.943526029496E-04  4.277892955667E+03  4.073179096968E+03  1.541064848324E+05 -4.302663578343E-02 -4.882812500000E-04   1   5
  1.976331843140E-04 -9.058429198721E-04  8.447293897521E-05  3.153307829231E+03  5.913616585763E+03 -3.508951198262E+04 -4.141582467648E-02 -4.882812500000E-04   1   5
 -9.235992936742E-05  5.670113876819E-04  8.244227454050E-04 -1.574297831334E+03 -4.236343850269E+03 -3.302872030948E+05 -3.892610754657E-02 -4.882812500000E-04   1   5
 -2.514963778956E-04  4.834229209228E-04  8.587158726954E-04 -5.311788171883E+03 -2.000039404890E+02 -3.310670974647E+05 -3.881151206526E-02 -4.882812500000E-04   1   5
 -6.231490385588E-04 -4.065920466576E-05  3.489691726790E-04 -8.986882231340E+03  5.595352642529E+02 -1.501284591265E+05 -4.052527350720E-02 -4.882812500000E-04   1   5
  2.629027329988E-05 -8.202997228013E-04  5.441223543976E-04  6.342596267708E+02  5.959992774280E+03 -2.388516210712E+05 -3.986782355355E-02 -4.882812500000E-04   1   5
  2.879536456774E-04 -4.369417211547E-04 -5.077257549782E-05  2.874093521360E+03  5.280958952352E+03  2.991403203909E+04 -4.187169764457E-02 -4.882812500000E-04   1   5
  8.964213375948E-05  4.293064486944E-04 -2.668008148506E-04  1.180730219558E+03 -2.774797305165E+03  1.130692364179E+05 -4.259822648454E-02 -4.882812500000E-04   1   5
 -4.317992154753E-04 -5.318717301079E-04  4.424882299389E-04 -5.561391532723E+03  3.967231452078E+03 -1.943856086130E+05 -4.021011325475E-02 -4.882812500000E-04   1   5
  2.041038559425E-04 -6.911555116465E-04 -6.676207364875E-05  2.994991180875E+03  3.625470866065E+03  3.480763029213E+04 -4.192531544107E-02 -4.882812500000E-04   1   5
 -4.714881720299E-04 -3.121656980998E-04 -8.316813247826E-04 -7.139756365463E+03  1.582008695284E+03  2.413538490856E+05 -4.449161796702E-02 -4.882812500000E-04   1   5
  3.235117060877E-04 -1.299099093492E-04 -5.869114010122E-04  4.903306801527E+03  1.100308641355E+03  1.930384268148E+05 -4.367172543681E-02 -4.882812500000E-04   1   5
  1.708877219040E-04  3.505531142577E-04 -3.759814177869E-04  2.324303901708E+03 -2.275324114178E+03  1.463265652900E+05 -4.296479379988E-02 -4.882812500000E-04   1   5
  7.277967277956E-04 -3.366482258750E-04 -2.506365458470E-04  1.000806097844E+04  2.624005092935E+03  1.105703816134E+05 -4.254410763565E-02 -4.882812500000E-04   1   5
  1.043389497887E-03 -2.681755342115E-04 -7.894325139235E-04  1.917215236297E+04  7.237117950368E+02  2.277807993362E+05 -4.434941288079E-02 -4.882812500000E-04   1   5
 -1.144329739283E-04 -4.731008599603E-04  5.010661557943E-04 -1.520000461372E+03  4.998944625732E+03 -2.211815919341E+05 -4.001278016122E-02 -4.882812500000E-04   1   5
  6.883504493777E-04 -1.053249131174E-04 -4.763783071222E-04  8.475685093792E+03  9.288142546291E+02  1.760067142077E+05 -4.330179787279E-02 -4.882812500000E-04   1   5
  7.505874742061E-06 -6.087204584421E-04  5.095141675878E-04  4.721615132351E+02  4.881963209609E+03 -2.247202251964E+05 -3.998432736986E-02 -4.882812500000E-04   1   5
  2.348200997915E-04 -7.786707150920E-04 -2.710561844855E-04  3.457629403494E+03  6.169767843850E+03  1.181412937494E+05 -4.261276557681E-02 -4.882812500000E-04   1   5
 -8.076395295013E-04  3.028999097907E-04  6.219815512290E-04 -1.194771304521E+04 -1.706716869230E+03 -2.641089031732E+05 -3.960622051270E-02 -4.882812500000E-04   1   5
  3.960942395527E-04  2.850280203053E-04  5.413632887337E-04  4.134295325876E+03 -3.111635892593E+03 -2.371110932733E+05 -3.987719511036E-02 -4.882812500000E-04   1   5
 -8.509420176287E-04  4.398426595040E-04  7.558416697021E-05 -1.277780872287E+04 -2.951405963869E+03 -3.109170104606E+04 -4.144574869512E-02 -4.882812500000E-04   1   5
  2.368975923427E-04 -9.647657510994E-05  4.690161306815E-04  1.178619324737E+03  1.999235106625E+03 -2.080465133260E+05 -4.012063727967E-02 -4.882812500000E-04   1   5
  4.229323290194E-05  1.958150850970E-04 -6.028192592462E-04  2.666547406845E+02 -7.367815002934E+02  1.956221845941E+05 -4.372497777539E-02 -4.882812500000E-04   1   5
  1.707411476394E-04  5.795438070431E-04 -2.644539505381E-04  2.456212944371E+03 -4.647602679679E+03  1.141320573842E+05 -4.259047337167E-02 -4.882812500000E-04   1   5
 -8.303296424832E-04 -1.932439454792E-05 -4.372149803016E-04 -1.235700129856E+04  1.935615012983E+02  1.631825585719E+05 -4.317019367607E-02 -4.882812500000E-04   1   5
  1.538796521663E-04  7.652325655453E-04  8.233108823285E-04  2.687526680283E+03 -3.334341773398E+03 -3.230813100116E+05 -3.893023988173E-02 -4.882812500000E-04   1   5
 -3.804372633366E-04  1.684826226152E-04 -5.293226530091E-04 -5.384672972646E+03 -9.609770463339E+02  1.813362636837E+05 -4.347879012955E-02 -4.882812500000E-04   1   5
 -7.675571457873E-04  4.201316161065E-04 -3.485257953295E-04 -1.066632571086E+04 -3.411681518859E+03  1.427637241254E+05 -4.287292118430E-02 -4.882812500000E-04   1   5
  4.139857359582E-04 -5.014206981801E-04  4.253670143598E-04  5.488976566981E+03  3.830073148855E+03 -1.863503231882E+05 -4.026781159049E-02 -4.882812500000E-04   1   5
  4.060706950447E-04  5.093847795673E-04 -4.595107193594E-04  4.832195017765E+03 -5.124796055401E+03  1.718511449698E+05 -4.324524332633E-02 -4.882812500000E-04   1   5
  3.266495968850E-04  3.183256311098E-05  5.330996457632E-04  2.962583703858E+03 -3.161224493088E+02 -2.347058500686E+05 -3.990493640712E-02 -4.882812500000E-04   1   5
  3.256261337990E-04  5.926288228000E-04 -3.820701991998E-04  4.034048114987E+03 -5.304454205430E+03  1.502797156364E+05 -4.298538606907E-02 -4.882812500000E-04   1   5
 -3.879916650089E-04  6.191807475003E-04 -9.872332485550E-05 -4.772842798368E+03 -5.332353635434E+03  5.114920796259E+04 -4.203315486192E-02 -4.882812500000E-04   1   5
 -5.606063549374E-04 -1.927293325375E-04  1.814696946472E-04 -5.994786785330E+03  2.759906892855E+03 -7.773792920506E+04 -4.108927223265E-02 -4.882812500000E-04   1   5
  5.367034117889E-05 -6.640845744613E-04 -6.196786873967E-04  1.091688386601E+03  4.317494970347E+03  2.027960451006E+05 -4.378169074141E-02 -4.882812500000E-04   1   5
  4.362959133911E-04  1.796525399000E-04  8.078032255056E-04  8.534100488425E+03 -5.107326676265E+02 -3.101853072468E+05 -3.898294926506E-02 -4.882812500000E-04   1   5
  4.492316319875E-04 -4.479920539465E-05 -2.326504989081E-04  6.740410039208E+03 -8.041135210090E+01  1.007363151536E+05 -4.248342675839E-02 -4.882812500000E-04   1   5
  4.563003302256E-04  5.185624823192E-04 -2.904282189074E-04  6.018604075610E+03 -4.337424907724E+03  1.232194207869E+05 -4.267776118984E-02 -4.882812500000E-04   1   5
 -8.597679900165E-05 -2.489841482781E-04  5.837012938841E-04 -1.393675033946E+03  1.331740006737E+03 -2.495953815150E+05 -3.973504108348E-02 -4.882812500000E-04   1   5
 -5.616178069729E-04  4.444536593246E-04 -1.970339807483E-04 -8.724060442790E+03 -2.646349999005E+03  8.922171600569E+04 -4.236375850485E-02 -4.882812500000E-04   1   5
 -1.834694418649E-04  2.429248167973E-04  2.473417324622E-04 -3.449288075939E+03 -9.281354800911E+02 -1.081680275443E+05 -4.086732266727E-02 -4.882812500000E-04   1   5
 -3.170070691685E-04 -3.513604310144E-04  3.932959627044E-04 -4.478345321931E+03  2.942076761002E+03 -1.723274252444E+05 -4.037582110524E-02 -4.882812500000E-04   1   5
 -1.067258016407E-04 -1.712464885347E-05  8.731936738447E-04 -1.688837555598E+03 -8.422565746589E+02 -3.431921401445E+05 -3.876247711691E-02 -4.882812500000E-04   1   5
 -6.007231462034E-04  9.810532536214E-05  7.115932472938E-04 -7.547028991654E+03 -7.980065733242E+02 -2.954503551266E+05 -3.930505973340E-02 -4.882812500000E-04   1   5
 -6.223363805101E-04 -1.881172353223E-04  2.921559105084E-04 -7.257569432638E+03  2.080119153534E+03 -1.247207411477E+05 -4.071665496790E-02 -4.882812500000E-04   1   5
  8.581027524578E-04 -3.346239653169E-04  4.309975732905E-04  1.229070192635E+04  1.907264081340E+03 -1.886527130831E+05 -4.024881136228E-02 -4.882812500000E-04   1   5
  1.140928073261E-04 -2.811257603546E-04  2.181687995966E-04  2.213614700935E+03  1.385947073514E+03 -9.573378231778E+04 -4.096554191824E-02 -4.882812500000E-04   1   5
 -4.320899521453E-04 -6.226993363338E-04  3.996977897708E-04 -5.616657062985E+03  4.949215368167E+03 -1.739658402535E+05 -4.035433468697E-02 -4.882812500000E-04   1   5
  1.652419615788E-04  1.680220192318E-04 -1.104857137893E-04  2.062782332241E+03 -1.213321352570E+03  5.137388401825E+04 -4.207242087839E-02 -4.882812500000E-04   1   5
 -6.851439113206E-04 -2.917811571967E-04  2.454444678965E-04 -9.668693683711E+03  1.747502133166E+03 -1.048744772928E+05 -4.087387147121E-02 -4.882812500000E-04   1   5
 -6.913090450832E-04 -1.619582720648E-04 -2.729839936478E-04 -1.038573970557E+04  1.289748499870E+03  1.168902367096E+05 -4.261908751890E-02 -4.882812500000E-04   1   5
 -4.931350856027E-04  3.043343685343E-04 -2.224668041286E-04 -6.300216436835E+03 -2.564067317797E+03  9.922963812030E+04 -4.244936015940E-02 -4.882812500000E-04   1   5
 -7.576261215168E-04  2.637964508304E-04 -4.393249310488E-04 -1.072720900792E+04 -2.298486170876E+03  1.647172750345E+05 -4.317736609104E-02 -4.882812500000E-04   1   5
 -5.069099809322E-04 -7.077078309296E-04 -4.723635843934E-04 -7.779663677301E+03  4.030377868601E+03  1.714498780291E+05 -4.328800497958E-02 -4.882812500000E-04   1   5
  2.812260620562E-04  5.853460809158E-04 -9.551594329910E-05  4.406977127449E+03 -3.187147178547E+03  4.618426772077E+04 -4.202205992658E-02 -4.882812500000E-04   1   5
 -1.473892058506E-04  8.563302120441E-04  5.905727783989E-05 -1.837321014684E+03 -5.525791922604E+03 -2.400294893739E+04 -4.150141193937E-02 -4.882812500000E-04   1   5
  7.558272599132E-04  3.892647827928E-04  3.035607431361E-04  1.139910127560E+04 -2.638378738090E+03 -1.292203191971E+05 -4.067821632904E-02 -4.882812500000E-04   1   5
 -5.027418464118E-04  3.526436885101E-04 -5.568363706034E-04 -5.858997152445E+03 -3.400841938137E+03  1.952069980698E+05 -4.357155425788E-02 -4.882812500000E-04   1   5
 -2.672955246170E-04 -1.608314658151E-04  1.191975190258E-04 -4.421994217309E+03  1.039025239333E+03 -5.516429260624E+04 -4.129861414953E-02 -4.882812500000E-04   1   5
  3.330128025361E-04  5.649816582086E-04  6.206420794290E-04  4.800498645510E+03 -3.619053862951E+03 -2.607533671281E+05 -3.961096741802E-02 -4.882812500000E-04   1   5
 -7.141298729170E-04  3.041172146171E-04  5.507434218401E-04 -9.432492935820E+03 -2.348378373922E+03 -2.418687561169E+05 -3.984553433224E-02 -4.882812500000E-04   1   5
  5.853345017368E-04 -2.373080356504E-05 -2.918724075355E-04  8.273048333442E+03 -8.160562500301E+01  1.228448872207E+05 -4.268254489035E-02 -4.882812500000E-04   1   5
 -3.500652046168E-05  8.044733521746E-04 -6.672100005550E-04 -3.467352793996E+02 -4.260675543580E+03  2.120956124240E+05 -4.394085293384E-02 -4.882812500000E-04   1   5
 -4.874197802947E-04 -5.825350313410E-04 -4.978216253493E-04 -6.914391289390E+03  4.703966653436E+03  1.799965866428E+05 -4.337359284123E-02 -4.882812500000E-04   1   5
 -8.575701128696E-05  2.364555862635E-04  8.562058871687E-04 -2.209590346280E+03 -7.571736043657E+02 -3.334475758948E+05 -3.881984346134E-02 -4.882812500000E-04   1   5
 -7.932972044501E-04 -8.182409244871E-05 -6.711099714226E-04 -1.299290864882E+04  5.949901683765E+02  2.103811244682E+05 -4.395372388881E-02 -4.882812500000E-04   1   5
  6.483169564042E-04 -1.741642048428E-04  5.413980951168E-04  8.936219941958E+03  1.620936346159E+03 -2.370180657162E+05 -3.987706240632E-02 -4.882812500000E-04   1   5
 -5.694183958859E-04 -2.384268890317E-04  6.238044444520E-04 -6.682312227694E+03  1.877284479116E+03 -2.673691329813E+05 -3.959996989100E-02 -4.882812500000E-04   1   5
 -4.926460721108E-04 -2.308605414450E-04  2.492881259733E-05 -6.043674645543E+03  2.282854983776E+03 -9.287189927258E+03 -4.161637305371E-02 -4.882812500000E-04   1   5
  3.367350772214E-04  5.472445507786E-04  3.201563198302E-05  4.872709582104E+03 -4.086916733116E+03 -1.339704183939E+04 -4.159241882813E-02 -4.882812500000E-04   1   5
  3.709589538330E-04  1.473064305023E-04 -6.135007197830E-05  3.510349560812E+03 -1.832113743364E+03  3.262334048583E+04 -4.190717725406E-02 -4.882812500000E-04   1   5
 -3.102788135154E-04  3.991388246346E-04 -6.020586815744E-05 -3.194588721264E+03 -3.811484791690E+03  3.266801491796E+04 -4.190336306707E-02 -4.882812500000E-04   1   5
 -8.101218948289E-04 -4.658627871946E-05  6.258350016601E-04 -1.235829671067E+04  1.204416552524E+02 -2.632282106168E+05 -3.959342658615E-02 -4.882812500000E-04   1   5
 -9.519950343738E-05  3.636343810738E-04 -6.752909784156E-04 -8.242726748527E+02 -4.810592255438E+03  2.195496403148E+05 -4.396841664515E-02 -4.882812500000E-04   1   5
 -6.215317516719E-05 -4.724745304543E-04  5.072442300685E-05 -1.080582343575E+03  3.367457645792E+03 -2.373967860387E+04 -4.152928061606E-02 -4.882812500000E-04   1   5
  3.506286150173E-04  4.389937608744E-04 -3.459661460910E-04  5.162620794400E+03 -3.192820965748E+03  1.388274324606E+05 -4.286412610026E-02 -4.882812500000E-04   1   5
  6.099792323211E-04 -6.263668344118E-04  5.072344128994E-04  8.829998000229E+03  4.548068299074E+03 -2.236250836079E+05 -3.999197235331E-02 -4.882812500000E-04   1   5
  3.739224724771E-04  1.768336020000E-04 -2.472253321460E-04  4.845365739511E+03 -1.924888261659E+03  1.072684971047E+05 -4.253252591752E-02 -4.882812500000E-04   1   5
 -3.524833338383E-04 -4.595031046903E-04 -3.799177838852E-04 -3.797024271589E+03  4.947035173881E+03  1.501166851938E+05 -4.297820174619E-02 -4.882812500000E-04   1   5
  6.210969152598E-05  4.487446767490E-04 -1.218118884297E-04  9.052277994109E+02 -4.713312147462E+03  5.900879764327E+04 -4.211074591819E-02 -4.882812500000E-04   1   5
  9.984987719233E-05 -6.112231631503E-04 -8.683168901768E-04  1.754342826048E+03  3.152818775302E+03  2.509609230699E+05 -4.461448433768E-02 -4.882812500000E-04   1   5
  2.293977286773E-05  3.773342637464E-04 -2.919381871838E-04  4.012203882245E+02 -2.961036232864E+03  1.218387223646E+05 -4.268271211826E-02 -4.882812500000E-04   1   5
  4.386517566620E-04  4.779847156840E-04 -8.264689820273E-05  5.094537802490E+03 -4.519225062117E+03  4.430474830933E+04 -4.197904749686E-02 -4.882812500000E-04   1   5
 -7.553508751090E-04 -2.388568885614E-04 -5.283069319982E-04 -1.064693422978E+04  1.660696020004E+03  1.867407356309E+05 -4.347574963528E-02 -4.882812500000E-04   1   5
  6.021761224829E-04  1.046674558700E-04 -1.997588404525E-04  8.167379259753E+03 -1.110764441082E+03  9.073220533478E+04 -4.237299891209E-02 -4.882812500000E-04   1   5
  7.497918058976E-04  2.349705239866E-05  1.357730167961E-05  1.054146054256E+04 -6.533549459009E+02 -2.293123141624E+03 -4.165470548760E-02 -4.882812500000E-04   1   5
 -8.693499841738E-04  1.888724142458E-04  4.257856079012E-04 -1.273725317679E+04 -9.995799622936E+02 -1.862189910029E+05 -4.026637196406E-02 -4.882812500000E-04   1   5
 -4.400673722762E-04  1.770068953491E-04  5.263132009681E-04 -5.972871557827E+03 -1.270513559586E+03 -2.319239186663E+05 -3.992776757291E-02 -4.882812500000E-04   1   5
  4.662913477384E-04 -3.562266241340E-04  2.099438243223E-04  6.268110766026E+03  2.717192702066E+03 -9.106238172077E+04 -4.099331630302E-02 -4.882812500000E-04   1   5
 -5.010681461545E-06  3.306025603024E-04  1.963954998839E-04  2.440266163546E+02 -2.244685889924E+03 -8.648539262000E+04 -4.103884908092E-02 -4.882812500000E-04   1   5
  6.241862409250E-04  3.266226748323E-04  2.751471503976E-04  8.756923582753E+03 -2.454398109122E+03 -1.171342281110E+05 -4.077391398105E-02 -4.882812500000E-04   1   5
  4.783099611391E-04 -5.038079931073E-04  3.417196950528E-04  5.730489237616E+03  3.998363294476E+03 -1.467166416332E+05 -4.054972008912E-02 -4.882812500000E-04   1   5
  2.574585547645E-04 -2.609818035938E-04  8.417603192630E-04  2.881346531304E+03  2.364373151560E+03 -3.379446143894E+05 -3.886772764240E-02 -4.882812500000E-04   1   5
 -3.370758494326E-04  2.370475543778E-04 -6.880735309874E-04 -3.769251372835E+03 -3.441458013931E+03  2.217791020416E+05 -4.401121432908E-02 -4.882812500000E-04   1   5
 -1.019074889513E-04  1.854303352937E-04 -9.962107140105E-06 -1.627552608413E+03 -7.251928298470E+02  5.185390259601E+03 -4.173379384203E-02 -4.882812500000E-04   1   5
 -1.638834658091E-04 -6.929915450148E-04  8.298627692932E-04 -2.477449276874E+03  3.775992972815E+03 -3.293988680201E+05 -3.890797458777E-02 -4.882812500000E-04   1   5
  1.021574487162E-04  2.023075511997E-04 -8.741250207834E-04  1.599529004896E+03 -2.546821105647E+03  2.539545093133E+05 -4.463412315518E-02 -4.882812500000E-04   1   5
  1.237414151342E-05  7.879532756795E-04  4.156443462923E-04  5.903259069299E+02 -5.607286419002E+03 -1.814625999519E+05 -4.030057642625E-02 -4.882812500000E-04   1   5
  3.126507836257E-04 -4.375324794889E-04  3.754685036861E-04  4.505817618485E+03  2.681438334945E+03 -1.638263442419E+05 -4.043588880448E-02 -4.882812500000E-04   1   5
  4.253530322682E-04 -4.693901494992E-04 -1.185921788070E-04  6.075790244117E+03  3.818434308285E+03  5.861107018335E+04 -4.209995643110E-02 -4.882812500000E-04   1   5
  2.965037714265E-04  3.440504993206E-04 -5.682325002441E-04  4.277380769987E+03 -1.849849715282E+03  1.895022988321E+05 -4.360915457029E-02 -4.882812500000E-04   1   5
  5.876802598206E-04  8.563442941574E-04  6.647410844366E-04  9.404034948545E+03 -4.274134180622E+03 -2.751500694542E+05 -3.946267329452E-02 -4.882812500000E-04   1   5
  4.181025117191E-04  6.725423389957E-04 -7.812049308939E-04  6.655143317555E+03 -3.392014816303E+03  2.356574721934E+05 -4.432277678298E-02 -4.882812500000E-04   1   5
 -2.845105551609E-04  7.306749684504E-04  6.960885684429E-04 -3.980065842683E+03 -5.141738506004E+03 -2.895104682184E+05 -3.935718261314E-02 -4.882812500000E-04   1   5
  1.882127217918E-04 -2.139621634116E-04 -2.884092408933E-04  3.208733226952E+03  6.678708875051E+02  1.185474304993E+05 -4.267069434862E-02 -4.882812500000E-04   1   5
 -7.846407411444E-04 -3.937479685852E-04 -3.305347147412E-04 -1.100942307294E+04  3.108596059627E+03  1.372904347317E+05 -4.281251438785E-02 -4.882812500000E-04   1   5
  1.910341965676E-04  3.817788201437E-04  5.588179959753E-04  1.869374979400E+03 -4.286734975878E+03 -2.432048024877E+05 -3.981852450417E-02 -4.882812500000E-04   1   5
 -6.719206085009E-04  8.194018673014E-05  3.240368776704E-04 -9.604492124824E+03 -9.831529489476E+02 -1.382086712440E+05 -4.060930186247E-02 -4.882812500000E-04   1   5
  5.574385022785E-04 -5.231718380649E-04 -6.970403549796E-04  8.592095867776E+03  3.302217970217E+03  2.215931811603E+05 -4.404105524107E-02 -4.882812500000E-04   1   5
  2.176753847722E-04 -8.504085377743E-04  2.114387977388E-04  2.774185873854E+03  5.669138364155E+03 -9.022547870778E+04 -4.098834454473E-02 -4.882812500000E-04   1   5
  8.190310484148E-04 -2.501977843716E-04  3.736655272225E-04  1.208456469426E+04  1.966544477644E+03 -1.613951005035E+05 -4.044204100035E-02 -4.882812500000E-04   1   5
 -8.070291924317E-04 -7.746491666454E-04  7.083079422640E-04 -1.366798487465E+04  3.072215422933E+03 -2.848798052099E+05 -3.931652794940E-02 -4.882812500000E-04   1   5
 -2.202338722940E-04 -4.582750039519E-04 -8.263271384917E-04 -2.836607084376E+03  3.112761245221E+03  2.446890385775E+05 -4.447401029416E-02 -4.882812500000E-04   1   5
  5.947026238771E-04 -5.510432465334E-04  1.561542648423E-04  8.366878174192E+03  4.478756625549E+03 -6.671608653400E+04 -4.117448161948E-02 -4.882812500000E-04   1   5
  2.942199940083E-04  6.541252089151E-04  2.733668688368E-04  4.445763313501E+03 -4.906902761241E+03 -1.163699230840E+05 -4.077990677072E-02 -4.882812500000E-04   1   5
 -5.009043285187E-04 -1.914481977631E-04 -4.403553667478E-04 -4.361478065109E+03  1.771451272303E+03  1.675258557738E+05 -4.318103667068E-02 -4.882812500000E-04   1   5
  6.015730487491E-04 -1.196199746806E-05 -3.011306398215E-05  9.014392642291E+03  2.139414554229E+02  1.627617414656E+04 -4.180177609000E-02 -4.882812500000E-04   1   5
  7.469094012881E-04 -4.938886010521E-05 -2.967104011160E-04  1.069910856766E+04  2.397686801104E+02  1.250949258540E+05 -4.269882369278E-02 -4.882812500000E-04   1   5
 -2.926608652221E-05 -6.580370336195E-04  2.090670032807E-04 -1.439717287850E+02  4.918204412335E+03 -9.034338497694E+04 -4.099628584732E-02 -4.882812500000E-04   1   5
 -1.068375537187E-03  3.517914704369E-04  7.238261085569E-04 -1.805212382951E+04 -1.811376524105E+03 -2.908467490428E+05 -3.926434035048E-02 -4.882812500000E-04   1   5
 -5.377217049991E-04  2.694034228976E-04 -5.327315660505E-05 -7.330044775424E+03 -1.869695059216E+03  2.855429924642E+04 -4.187992582113E-02 -4.882812500000E-04   1   5
  1.680586024049E-05  8.368791253344E-04  2.467426349047E-04  4.381515565707E+02 -5.575531596960E+03 -1.051411797547E+05 -4.086950498631E-02 -4.882812500000E-04   1   5
  3.826370585295E-04  6.890778401854E-05 -5.291858111759E-04  5.459561286970E+03 -1.028946492099E+02  1.813198734479E+05 -4.347833322663E-02 -4.882812500000E-04   1   5
 -5.255976359332E-04 -7.677226072715E-04  6.272318340656E-04 -8.184059306735E+03  4.547636436349E+03 -2.655050778532E+05 -3.958857366074E-02 -4.882812500000E-04   1   5
 -3.034596889690E-04 -4.612741195266E-04 -5.282171743122E-04 -3.300796277343E+03  4.980901291470E+03  1.887037824645E+05 -4.347562915934E-02 -4.882812500000E-04   1   5
 -6.402486551898E-04  1.552439941545E-04  8.292776435480E-04 -1.105878488947E+04 -9.093499666987E+02 -3.238117977728E+05 -3.891030667574E-02 -4.882812500000E-04   1   5
  1.981573288486E-04  6.517966544433E-05  4.751801604012E-04  6.666215481541E+02 -1.769471602795E+03 -2.112373252720E+05 -4.009984103557E-02 -4.882812500000E-04   1   5
  5.777092900477E-05  7.783882793407E-04 -6.571737366233E-04  9.284464601104E+02 -3.863864175516E+03  2.079439882089E+05 -4.390707733628E-02 -4.882812500000E-04   1   5
 -7.407904660043E-04  9.733484085320E-05  3.868314378359E-04 -1.056911791819E+04 -1.078765712231E+03 -1.676162375208E+05 -4.039769633736E-02 -4.882812500000E-04   1   5
  1.423701978150E-04  8.282730389985E-04  6.619728127834E-04  1.760179933486E+03 -5.512798972704E+03 -2.779360041484E+05 -3.947181964508E-02 -4.882812500000E-04   1   5
 -7.524459251874E-04  1.231563702708E-04  1.121003996144E-04 -1.132805841496E+04 -8.564112434432E+02 -5.104495403317E+04 -4.132253814325E-02 -4.882812500000E-04   1   5
 -1.682448041791E-04 -4.681896357169E-04  5.613503753949E-04 -1.782570186731E+03  4.265911526696E+03 -2.440307029724E+05 -3.981001383652E-02 -4.882812500000E-04   1   5
  1.630412333169E-06  6.432577874995E-04  5.858121827039E-04 -7.219790717612E+01 -4.723006097282E+03 -2.514862507230E+05 -3.972784733518E-02 -4.882812500000E-04   1   5
  2.751059070651E-04  3.933554582709E-04 -1.530721020592E-04  3.207520349249E+03 -3.599890448752E+03  7.177274597378E+04 -4.221592962076E-02 -4.882812500000E-04   1   5
  4.735780636174E-04 -7.733040036269E-04  7.208215681589E-04  7.455047498917E+03  4.510531270097E+03 -2.950292251458E+05 -3.927421077695E-02 -4.882812500000E-04   1   5
 -6.548136165472E-04 -1.849787436588E-04 -3.608392483939E-04 -7.649680137715E+03  1.586482218024E+03  1.464868561691E+05 -4.291429657760E-02 -4.882812500000E-04   1   5
  1.112103282681E-04 -6.550439443587E-04 -3.564318706426E-04  1.161305636240E+03  4.709446580706E+03  1.424311040743E+05 -4.289928853684E-02 -4.882812500000E-04   1   5
 -3.591068961431E-04 -7.796763858258E-04  3.997445152093E-05 -5.675296128024E+03  5.118981099982E+03 -1.479360750452E+04 -4.156572383497E-02 -4.882812500000E-04   1   5
 -5.456890058984E-04 -2.338297518328E-05  6.992668338892E-04 -6.360511378333E+03 -2.652263820010E+02 -2.910616471444E+05 -3.934650522175E-02 -4.882812500000E-04   1   5
 -9.733325263142E-04 -1.408676725671E-04  1.853590999118E-04 -1.499742456541E+04  4.071973605572E+02 -7.936503173999E+04 -4.107606250192E-02 -4.882812500000E-04   1   5
  3.139615032370E-04 -8.152941214483E-04 -7.581871312959E-04  5.416993099076E+03  2.738376608507E+03  2.232961626298E+05 -4.424503298549E-02 -4.882812500000E-04   1   5
  5.442854379245E-04  7.741302470361E-05  3.967883105274E-05  5.172086539102E+03 -1.193991472267E+03 -1.378291577082E+04 -4.156684849930E-02 -4.882812500000E-04   1   5
  2.609461822414E-04  4.012848239076E-04  1.179871703269E-05  3.873566407318E+03 -3.126497290212E+03 -4.717840389468E+03 -4.166049138114E-02 -4.882812500000E-04   1   5
 -2.115477149826E-04 -6.797937199494E-06  2.493405079854E-04 -4.204514747581E+03 -2.569710220819E+02 -1.096102819485E+05 -4.086055636575E-02 -4.882812500000E-04   1   5
  5.293378546803E-04 -2.298381561969E-04  4.963185278591E-04  6.688685408845E+03  2.246832950523E+03 -2.190721500825E+05 -4.002876425557E-02 -4.882812500000E-04   1   5
  5.922518141750E-04 -1.507401462994E-04  7.893034327493E-04  1.132481996169E+04  2.993498642488E+02 -3.031941038859E+05 -3.904512339755E-02 -4.882812500000E-04   1   5
  4.082175975024E-04  6.389747712412E-04 -7.946062930054E-04  7.485650314518E+03 -1.703911856896E+03  2.254499304168E+05 -4.436669395861E-02 -4.882812500000E-04   1   5
 -4.919583082849E-04  1.051131199921E-03 -7.995020731564E-04 -8.713511622667E+03 -3.722827403518E+03  2.346706768304E+05 -4.438351348949E-02 -4.882812500000E-04   1   5
  1.851373363816E-04 -6.696454948831E-04 -6.207601742612E-04  2.742283802104E+03  4.466419934128E+03  2.049621376628E+05 -4.378545000834E-02 -4.882812500000E-04   1   5
  5.816281899829E-04 -3.191392234669E-04 -3.348285501447E-04  8.070452329668E+03  1.924463792820E+03  1.362156960772E+05 -4.282677902284E-02 -4.882812500000E-04   1   5
  5.354167496349E-04  5.193551382403E-04 -5.817667373924E-04  7.765091768949E+03 -4.023685474317E+03  1.992860925508E+05 -4.365497465515E-02 -4.882812500000E-04   1   5
  2.863150249326E-04 -6.077788289894E-04  6.494654985079E-04  4.539356667262E+03  2.968389746817E+03 -2.670364640421E+05 -3.951432068439E-02 -4.882812500000E-04   1   5
 -1.763687680841E-04  1.285807067447E-04  2.267884707970E-04 -3.446924233522E+03 -4.243959377599E+02 -9.992315616231E+04 -4.093648756596E-02 -4.882812500000E-04   1   5
  5.894409594493E-04 -4.508461402448E-04 -1.600547348466E-04  8.216744426359E+03  3.679149606429E+03  7.616909158780E+04 -4.223950814460E-02 -4.882812500000E-04   1   5
 -1.706644441125E-04 -7.138537545300E-04 -2.534846335190E-04 -2.052671841846E+03  5.952170915983E+03  1.120441366724E+05 -4.255373163592E-02 -4.882812500000E-04   1   5
  3.658937831662E-04  4.469002132901E-04 -3.049063491648E-04  3.607032165408E+03 -4.345861344774E+03  1.279882279847E+05 -4.272640933464E-02 -4.882812500000E-04   1   5
  3.216438449228E-04 -6.898512357320E-04 -6.232636270292E-05  3.927100345396E+03  5.439972376386E+03  3.514771392185E+04 -4.191059263829E-02 -4.882812500000E-04   1   5
  4.834829164249E-04  2.214361640685E-04  2.428791404215E-04  6.550472822774E+03 -1.420891623868E+03 -1.047484810700E+05 -4.088246371528E-02 -4.882812500000E-04   1   5
  7.234423373271E-04  4.827336431626E-04 -5.698582347528E-04  1.101046154357E+04 -3.091886223803E+03  1.955576095494E+05 -4.361494284434E-02 -4.882812500000E-04   1   5
  4.729660667913E-04 -4.051125756993E-04 -1.279604742553E-04  7.245149751976E+03  2.113596562943E+03  6.028929659343E+04 -4.213129879761E-02 -4.882812500000E-04   1   5
 -1.855903673109E-04 -3.850700583032E-04 -3.813324187121E-05 -1.522142128870E+03  4.240142233130E+03  2.201669181752E+04 -4.182897439114E-02 -4.882812500000E-04   1   5
 -1.283523693637E-05 -2.925888894014E-04  8.318600106215E-04  5.268976852645E+02  3.231630245492E+03 -3.348584939690E+05 -3.890097999047E-02 -4.882812500000E-04   1   5
 -3.155280046640E-04  3.919585411325E-04 -4.715458098361E-04 -4.348305614028E+03 -2.657384554915E+03  1.691679245807E+05 -4.328519159579E-02 -4.882812500000E-04   1   5
  7.718650489628E-04 -8.322610899481E-05  2.825949424501E-04  1.242179129121E+04  3.453648763643E+02 -1.207773405302E+05 -4.074874209219E-02 -4.882812500000E-04   1   5
  5.789897306956E-04  1.723498626113E-04  5.352651977581E-04  6.399296880109E+03 -1.119892232730E+03 -2.361127042540E+05 -3.989760711887E-02 -4.882812500000E-04   1   5
 -3.408817291770E-04 -6.131943463102E-04 -3.594858775247E-04 -4.914006592436E+03  4.448513641976E+03  1.433847079677E+05 -4.290953850363E-02 -4.882812500000E-04   1   5
  9.388401571511E-05 -2.992777980887E-04  4.422006639597E-04  1.407895419979E+03  1.865781825486E+03 -1.975173967417E+05 -4.021085816730E-02 -4.882812500000E-04   1   5
 -3.272311267226E-04 -2.293257959728E-04  5.587054781287E-04 -4.823634624388E+03  1.634479714061E+03 -2.426337643263E+05 -3.981892886057E-02 -4.882812500000E-04   1   5
  3.023434537187E-04 -7.610154718451E-05  9.069701763887E-04  7.482437720782E+03  1.070514120507E+02 -3.660237695342E+05 -3.864803762048E-02 -4.882812500000E-04   1   5
  6.161260907191E-04  4.874002456470E-04 -6.334606013727E-04  9.524954087503E+03 -2.531174584818E+03  2.052905511836E+05 -4.382779849717E-02 -4.882812500000E-04   1   5
  6.633875901443E-04 -2.863933456139E-04 -5.951944162470E-04  9.410272982982E+03  2.435969615033E+03  2.024296424115E+05 -4.369999115802E-02 -4.882812500000E-04   1   5
 -5.434809868349E-04  3.605128938900E-04  1.169704513991E-04 -7.160882225635E+03 -2.743272043977E+03 -5.252668948359E+04 -4.130622894286E-02 -4.882812500000E-04   1   5
 -8.470512496643E-04 -1.413743644913E-05  8.057806916999E-04 -1.376887324806E+04  9.690038226571E+01 -3.192570011985E+05 -3.898900260713E-02 -4.882812500000E-04   1   5
 -2.273549002919E-04  2.964106057346E-04 -8.390515976497E-05 -3.381667307989E+03 -1.967464865856E+03  4.040386464862E+04 -4.198296189215E-02 -4.882812500000E-04   1   5
  9.595233520173E-04  5.309066112788E-04  6.630213716433E-04  1.595234647776E+04 -2.201958991577E+03 -2.729945512137E+05 -3.946850476441E-02 -4.882812500000E-04   1   5
 -2.817119541896E-04  2.528263527473E-04  9.236068619561E-05 -3.688849221189E+03 -1.697096278277E+03 -4.325541218660E+04 -4.138899887883E-02 -4.882812500000E-04   1   5
  2.739629050828E-04  8.668017006098E-04  6.972754108228E-04  4.456631339489E+03 -5.326896732562E+03 -2.880159523838E+05 -3.935328261425E-02 -4.882812500000E-04   1   5
 -4.453539414375E-04  3.240456783092E-04 -1.579449655201E-05 -5.484378092989E+03 -2.970470404657E+03  1.091181722461E+04 -4.175366038720E-02 -4.882812500000E-04   1   5
 -5.424330462575E-04 -2.940098927862E-04  2.985302911726E-04 -8.126487333025E+03  2.009091678919E+03 -1.276471643440E+05 -4.069514754344E-02 -4.882812500000E-04   1   5
 -7.555411752694E-04  3.468616569001E-04  8.011723761265E-04 -1.338545082734E+04 -1.411972951964E+03 -3.119380793452E+05 -3.900485442513E-02 -4.882812500000E-04   1   5
  5.126810684906E-04 -4.469440371908E-04  1.481340404894E-04  7.299597429250E+03  3.415409804981E+03 -6.562477861486E+04 -4.120132089755E-02 -4.882812500000E-04   1   5
  7.133060476665E-04 -2.768274742519E-04  2.415478184734E-04  9.458049999958E+03  2.082328421692E+03 -1.030688976728E+05 -4.088701611054E-02 -4.882812500000E-04   1   5
 -5.828664767615E-04  5.988631683100E-04 -6.832770237242E-04 -9.327730881889E+03 -3.413696620458E+03  2.167887485682E+05 -4.399477476743E-02 -4.882812500000E-04   1   5
  1.030144606915E-05  6.829120024473E-04  5.079003067535E-04  2.735819640863E+02 -5.753906745575E+03 -2.239295564171E+05 -3.998976981419E-02 -4.882812500000E-04   1   5
 -4.576342367565E-04 -4.712014555445E-04  8.180320582086E-04 -7.195276898219E+03  3.273493260346E+03 -3.267810101969E+05 -3.894765743187E-02 -4.882812500000E-04   1   5
  6.171688282751E-04  5.768962095119E-04 -2.435012686579E-04  8.590927693643E+03 -4.806181149229E+03  1.082260205849E+05 -4.252014034078E-02 -4.882812500000E-04   1   5
 -5.289773719326E-04 -3.408158548742E-04 -3.670589908659E-04 -7.503001328959E+03  2.627306549786E+03  1.448704862479E+05 -4.293491316518E-02 -4.882812500000E-04   1   5
  2.453843019622E-04 -5.447477583288E-04  5.559613255871E-05  2.285774179181E+03  5.699260424450E+03 -2.142158936143E+04 -4.151320669897E-02 -4.882812500000E-04   1   5
 -2.928983066568E-04  9.451868195666E-04  6.853310287143E-04 -4.693232868104E+03 -4.959386399337E+03 -2.815228125839E+05 -3.939354750457E-02 -4.882812500000E-04   1   5
 -7.439815485573E-04  4.060835973268E-04  2.142475282892E-04 -1.089511130599E+04 -3.100860849336E+03 -9.158148676963E+04 -4.097888118133E-02 -4.882812500000E-04   1   5
  1.474636782201E-04  3.803337691520E-04  2.056505444711E-05  2.105858460658E+03 -3.073685717537E+03 -9.164396113284E+03 -4.163093767565E-02 -4.882812500000E-04   1   5
  4.812387018661E-04 -4.300101897361E-04 -3.724691674753E-04  5.537645329002E+03  4.271258416837E+03  1.497643272256E+05 -4.295332615886E-02 -4.882812500000E-04   1   5
  1.977294660516E-04 -2.992108803009E-04 -5.110022009761E-04  3.240958927457E+03  2.406041744382E+03  1.774871973782E+05 -4.341740743602E-02 -4.882812500000E-04   1   5
 -6.050524544672E-05  4.226542464708E-04 -1.707569676241E-04 -7.653991433887E+02 -2.442444981990E+03  7.645273067266E+04 -4.227523905431E-02 -4.882812500000E-04   1   5
  1.551004922438E-04 -6.843519094022E-04  1.390235823745E-05  2.034177837198E+03  5.200814564022E+03 -2.406278466158E+03 -4.165362708674E-02 -4.882812500000E-04   1   5
 -7.591219916902E-04 -2.009872904297E-04 -6.340845620564E-05 -1.068376610384E+04  1.896428126027E+03  3.534062883906E+04 -4.191419897964E-02 -4.882812500000E-04   1   5
  5.106681502768E-04  5.284599707834E-04 -6.474107008266E-04  7.956789101197E+03 -3.146157939751E+03  2.075357823579E+05 -4.387451010514E-02 -4.882812500000E-04   1   5
  2.019103903105E-04 -3.659934805970E-04 -8.896294030160E-04  3.274191954865E+03  1.775928294497E+03  2.539305615201E+05 -4.468581799825E-02 -4.882812500000E-04   1   5
 -3.292802163699E-04 -9.563158341273E-04  1.815320664041E-04 -4.992697878704E+03  5.118885404577E+03 -7.778593621242E+04 -4.108892399778E-02 -4.882812500000E-04   1   5
  6.034607382659E-05 -6.554738760735E-04 -1.977799613534E-04  1.114799793134E+03  5.004949641799E+03  9.031407254685E+04 -4.236636438545E-02 -4.882812500000E-04   1   5
  5.907723352818E-04  2.346550802119E-04  2.686988516737E-05  6.479253162315E+03 -2.194009415946E+03 -7.500434567399E+03 -4.161002671417E-02 -4.882812500000E-04   1   5
 -2.310695978085E-05 -8.088289399078E-04  4.015261281633E-04 -4.534799243838E+02  5.172028934849E+03 -1.746628605582E+05 -4.034814601484E-02 -4.882812500000E-04   1   5
 -5.252770990976E-04  4.720711432242E-04 -4.338372423608E-04 -6.810396085148E+03 -4.806144380554E+03  1.655502208092E+05 -4.315914879948E-02 -4.882812500000E-04   1   5
 -3.407762959379E-04 -2.236881604885E-04 -1.268595242080E-04 -3.277630085192E+03  2.353315010885E+03  6.109128585009E+04 -4.212773196316E-02 -4.882812500000E-04   1   5
 -7.655921860721E-04 -2.364840384194E-04 -3.157005966491E-04 -1.032373511127E+04  1.775406950532E+03  1.324776816110E+05 -4.276270553586E-02 -4.882812500000E-04   1   5
 -8.737228736562E-04 -6.376094567331E-04  7.743891478581E-04 -1.468474818907E+04  2.691892562226E+03 -3.072168600697E+05 -3.909448583681E-02 -4.882812500000E-04   1   5
  2.281265483908E-04  7.802894680659E-04  8.178567452004E-04  3.665587380461E+03 -3.763997505872E+03 -3.230821886088E+05 -3.894844449070E-02 -4.882812500000E-04   1   5
  4.041870299500E-04  9.428659616141E-04  6.853646801157E-04  6.531540423471E+03 -4.975045316920E+03 -2.820755501462E+05 -3.939338372840E-02 -4.882812500000E-04   1   5
 -8.081719859360E-05  7.680531275896E-04 -5.203733166265E-04 -1.267317462928E+03 -4.850524530452E+03  1.817610570773E+05 -4.344892187802E-02 -4.882812500000E-04   1   5
 -4.236754609690E-04  6.824621959449E-04 -4.562457476826E-04 -5.771303855771E+03 -4.668443429251E+03  1.686408862152E+05 -4.323408685732E-02 -4.882812500000E-04   1   5
  3.687485916716E-04 -4.588548189204E-04 -4.065055894478E-04  4.894913387301E+03  3.430487381841E+03  1.548180934829E+05 -4.306721274988E-02 -4.882812500000E-04   1   5
  7.753234414127E-04  3.003451667191E-04 -4.801479769975E-04  1.178073055024E+04 -1.482331787758E+03  1.727526286647E+05 -4.331407401648E-02 -4.882812500000E-04   1   5
 -1.293923037628E-04  6.808480034341E-04  8.330180567283E-04 -2.129486328340E+03 -3.852789815532E+03 -3.303853822514E+05 -3.889738349106E-02 -4.882812500000E-04   1   5
 -2.784223697296E-04 -7.111764823755E-05 -1.071272893123E-04 -3.726547593190E+03  3.077444046675E+02  5.034775763327E+04 -4.206114248884E-02 -4.882812500000E-04   1   5
  7.972364701707E-05  8.016055122617E-04 -3.588664423959E-04  9.075504753100E+02 -6.317936183361E+03  1.457690795546E+05 -4.290764407832E-02 -4.882812500000E-04   1   5
  8.138116919890E-04  3.103523133719E-04  4.616279796132E-05  1.198748716147E+04 -1.846834792378E+03 -1.783151318719E+04 -4.154486169560E-02 -4.882812500000E-04   1   5
 -6.132503764564E-04  8.251958669960E-04 -8.310058428266E-04 -1.073422644796E+04 -3.031267825900E+03  2.421942194986E+05 -4.448921196844E-02 -4.882812500000E-04   1   5
  3.861117938761E-04  4.622197554664E-04 -3.650651485118E-04  5.678103374166E+03 -3.600456194846E+03  1.442090083211E+05 -4.292821757468E-02 -4.882812500000E-04   1   5
 -3.685104250775E-04 -4.743889698755E-04 -6.176297236375E-04 -4.302137069766E+03  3.842355832190E+03  2.072466427228E+05 -4.377519566489E-02 -4.882812500000E-04   1   5
  1.908797398288E-04 -6.659061356811E-04 -4.387718278059E-04  2.436430300310E+03  4.408987107093E+03  1.627849516172E+05 -4.317539041187E-02 -4.882812500000E-04   1   5
  6.726225220808E-04  1.232834458828E-04 -6.337032226725E-04  9.273653268843E+03 -1.428226554152E+03  2.103468135000E+05 -4.382901612933E-02 -4.882812500000E-04   1   5
 -1.189674847114E-04  5.070579614207E-04 -1.719248588129E-04 -1.823852424378E+03 -4.419401032544E+03  7.943091347939E+04 -4.227935873634E-02 -4.882812500000E-04   1   5
 -3.338869018179E-04  6.470327529955E-04  2.726606799745E-04 -4.227187578237E+03 -5.105081300411E+03 -1.161755951475E+05 -4.078228818880E-02 -4.882812500000E-04   1   5
  8.921869340268E-04 -2.172773739682E-04  8.085382830764E-04  1.489534522997E+04  1.012051086575E+03 -3.191189013496E+05 -3.897977053190E-02 -4.882812500000E-04   1   5
 -7.539548165055E-04 -6.543187586485E-04  8.430304379356E-05 -1.167033641637E+04  3.812314785853E+03 -3.543386616473E+04 -4.141632252112E-02 -4.882812500000E-04   1   5
  7.562290641362E-04  4.037897931039E-04 -7.550159846068E-04  1.228438089007E+04 -1.781843555190E+03  2.299794444008E+05 -4.423498413620E-02 -4.882812500000E-04   1   5
  3.420535916950E-04 -5.984288035106E-04 -2.161183919777E-04  4.748714342791E+03  4.474614913758E+03  9.725378524255E+04 -4.242802632307E-02 -4.882812500000E-04   1   5
 -4.571445434891E-04  3.967818063216E-04 -1.081956568318E-04 -6.742001883635E+03 -2.380464972584E+03  5.188817445614E+04 -4.206478333266E-02 -4.882812500000E-04   1   5
  3.209691783323E-04 -5.160714139233E-04  3.455666265501E-06  4.670588051370E+03  3.188504234567E+03 -1.052368123308E+02 -4.168862956631E-02 -4.882812500000E-04   1   5
  2.836174532869E-04  7.448847834382E-04  6.386032575177E-04  4.344824907539E+03 -3.831608592499E+03 -2.652659939065E+05 -3.955066489990E-02 -4.882812500000E-04   1   5
  3.786167041035E-04  3.735276740452E-04 -6.259049042205E-04  5.947713452454E+03 -2.335018250221E+03  2.004770739657E+05 -4.380230602106E-02 -4.882812500000E-04   1   5
 -1.503029329753E-04  2.808202443790E-04 -7.085472347776E-04 -2.791779999347E+03 -3.608896328024E+02  2.097520006522E+05 -4.407864137929E-02 -4.882812500000E-04   1   5
 -2.863694835060E-04  2.890904496588E-04 -3.967914985123E-04 -4.377829847501E+03 -1.319083475125E+03  1.514570689486E+05 -4.303456357604E-02 -4.882812500000E-04   1   5
  9.398002833479E-05  3.414149241593E-04 -8.238486821183E-04  4.975092381018E+02 -3.256659580262E+03  2.450575532946E+05 -4.446578277381E-02 -4.882812500000E-04   1   5
  8.765267318495E-04 -1.476103706534E-04  3.978878070603E-04  1.238433416976E+04  1.023172602969E+03 -1.729047491885E+05 -4.036041694773E-02 -4.882812500000E-04   1   5
  7.941740828661E-06 -7.730826154813E-05 -9.376256250934E-04 -3.430451644856E+02 -3.371066403324E+02  2.731498205818E+05 -4.484728874061E-02 -4.882812500000E-04   1   5
  4.071717572322E-04  5.826107209554E-04  4.822226725483E-04  5.600063144163E+03 -4.453532563469E+03 -2.126057554583E+05 -4.007623754150E-02 -4.882812500000E-04   1   5
  4.111535518268E-04  6.026985297146E-04  8.980635833727E-05  6.167613179861E+03 -4.371228254520E+03 -4.048418754464E+04 -4.139768574054E-02 -4.882812500000E-04   1   5
  5.954754026827E-04 -3.604771303365E-04  1.138676946360E-04  8.141007007299E+03  2.545431028362E+03 -5.074368754242E+04 -4.131669715048E-02 -4.882812500000E-04   1   5
  2.412546156398E-05 -3.676609704814E-04 -8.029866100689E-05  3.523770478542E+02  4.807358516445E+03  4.149887946616E+04 -4.197101634409E-02 -4.882812500000E-04   1   5
 -8.563518417483E-04 -2.890852742009E-05 -2.656451714233E-04 -1.161864837718E+04  2.157204028996E+02  1.161623912057E+05 -4.259456748666E-02 -4.882812500000E-04   1   5
 -4.423398222731E-04  5.541474319872E-04 -2.183464699833E-04 -6.064659954489E+03 -3.862718108806E+03  9.790909505318E+04 -4.243549936823E-02 -4.882812500000E-04   1   5
  4.900960649718E-04  4.699571350006E-05  1.639876312993E-04  7.042964969915E+03 -4.050594054692E+02 -7.315683404133E+04 -4.114790528681E-02 -4.882812500000E-04   1   5
 -6.594352192427E-04  3.035896011387E-04  8.184801065416E-04 -1.138256863165E+04 -1.109174486053E+03 -3.193052326962E+05 -3.894663116282E-02 -4.882812500000E-04   1   5
  1.314130831843E-04 -2.437066427904E-04 -4.911877107345E-04  2.191340084801E+03  2.294858131066E+03  1.732465122381E+05 -4.335101581927E-02 -4.882812500000E-04   1   5
  4.855882530385E-04 -4.655952101093E-04 -4.106612718316E-05  6.359785430356E+03  3.382632834735E+03  2.442773513009E+04 -4.183890888013E-02 -4.882812500000E-04   1   5
  7.226194071651E-04  4.598791036146E-04  2.002785651420E-04  1.020017288628E+04 -3.376056275049E+03 -8.552842839116E+04 -4.102592392069E-02 -4.882812500000E-04   1   5
 -4.700455304039E-04 -5.691646541517E-04  1.629046176002E-04 -6.983864130431E+03  3.692616548381E+03 -7.199354251094E+04 -4.115156977990E-02 -4.882812500000E-04   1   5
  5.816283998065E-05  8.663278111049E-04 -2.596484284755E-04  4.866292262880E+02 -6.593495497069E+03  1.138733470093E+05 -4.257440165488E-02 -4.882812500000E-04   1   5
  1.017008310845E-03 -1.219731588018E-04 -8.134502174895E-04  1.869988499999E+04  3.617785533604E+02  2.321568044751E+05 -4.442987371274E-02 -4.882812500000E-04   1   5
 -3.000609045560E-04  4.496190866299E-04 -7.975367065658E-04 -4.432606990432E+03 -3.627975450380E+03  2.411268760750E+05 -4.437771917526E-02 -4.882812500000E-04   1   5
 -6.970026331426E-04  6.545870260397E-04  1.209101002179E-04 -1.027528940717E+04 -4.589448273116E+03 -5.125813518509E+04 -4.129311994822E-02 -4.882812500000E-04   1   5
  1.387575944931E-04  1.820437953664E-04  3.281069875308E-05  2.627241442971E+03 -2.030975616636E+00 -1.594929429978E+04 -4.158958597504E-02 -4.882812500000E-04   1   5
 -9.024459211223E-05 -3.529228579772E-04 -8.967024620737E-04 -1.688098980872E+03  1.833755288211E+03  2.564316866112E+05 -4.470959524569E-02 -4.882812500000E-04   1   5
  6.736367865431E-04  7.758179799856E-05 -3.456435670709E-04  8.868804740615E+03 -6.481074334057E+02  1.398212281974E+05 -4.286312391877E-02 -4.882812500000E-04   1   5
 -5.895234155905E-04 -7.475240392442E-04  1.677978753488E-04 -8.944346424074E+03  4.800530285463E+03 -7.168898050802E+04 -4.113522779113E-02 -4.882812500000E-04   1   5
 -5.485312489308E-04  3.919158816486E-04 -5.511001506820E-04 -7.800387429443E+03 -2.671843335189E+03  1.875836618967E+05 -4.355185654987E-02 -4.882812500000E-04   1   5
  6.417072306525E-04  5.598872555892E-04 -3.592810851430E-04  8.887304454737E+03 -4.534287050430E+03  1.459785662763E+05 -4.290903269247E-02 -4.882812500000E-04   1   5
  5.447432267455E-04 -1.959375738050E-04 -6.930679265632E-04  9.528403187365E+03  5.890544200566E+02  2.091813446960E+05 -4.402691909165E-02 -4.882812500000E-04   1   5
 -7.751548016971E-04  3.320572586286E-04 -7.876681775419E-04 -1.266288705769E+04 -1.564559320147E+03  2.364032280692E+05 -4.434436275125E-02 -4.882812500000E-04   1   5
  3.995631045924E-04  1.041825052688E-04 -4.329094134347E-04  8.191592436897E+03 -7.725396436090E+01  1.605714753625E+05 -4.315563214595E-02 -4.882812500000E-04   1   5
 -7.413299511169E-04 -1.255650588789E-04 -8.074932011775E-04 -1.368592569825E+04  3.643312045858E+02  2.280360205086E+05 -4.440986100809E-02 -4.882812500000E-04   1   5
 -4.895775300993E-04  5.374725542882E-04 -6.248797479982E-04 -6.952804287558E+03 -3.269764840169E+03  2.048594105737E+05 -4.379917769893E-02 -4.882812500000E-04   1   5
 -6.245056769583E-04 -5.536803750715E-04 -7.226142358244E-04 -9.923058476216E+03  2.486397505291E+03  2.234592636201E+05 -4.412645025690E-02 -4.882812500000E-04   1   5
 -4.988456900093E-04 -8.044438756090E-04  7.005726965242E-04 -8.068062526767E+03  4.780768227553E+03 -2.886707708125E+05 -3.934221246638E-02 -4.882812500000E-04   1   5
  6.330543042606E-04  2.257676930634E-04  7.266330164066E-04  8.504286405117E+03 -1.341911756489E+03 -2.996505860396E+05 -3.925456577007E-02 -4.882812500000E-04   1   5
 -7.666513979528E-05 -3.013731684579E-04 -1.905983880227E-05 -1.212024355550E+03  2.553895191996E+03  1.010887543204E+04 -4.176449920607E-02 -4.882812500000E-04   1   5
 -5.689615744172E-04 -2.667024766841E-04 -3.886600297327E-04 -6.855507977857E+03  2.802377845966E+03  1.518997879267E+05 -4.300748656797E-02 -4.882812500000E-04   1   5
 -2.922146284175E-04 -5.744801924901E-04 -1.713077025650E-04 -4.264425384506E+03  4.246940391925E+03  7.980814394680E+04 -4.227730815512E-02 -4.882812500000E-04   1   5
  6.533474127323E-04  5.553503526328E-04  2.671637874325E-04  9.139048104064E+03 -3.760843057157E+03 -1.138144089535E+05 -4.080076436187E-02 -4.882812500000E-04   1   5
  3.143404938189E-04 -1.421946820059E-04 -8.933765672081E-04  4.136269443364E+03  8.521716585838E+02  2.585732116414E+05 -4.469866326398E-02 -4.882812500000E-04   1   5
 -5.673377983933E-04 -2.113036186783E-04 -3.501346612909E-04 -7.584210743850E+03  1.672833030438E+03  1.404583080864E+05 -4.287815302564E-02 -4.882812500000E-04   1   5
 -6.555642010877E-04  1.563481283837E-05 -9.034098123131E-05 -1.044062925250E+04 -1.731520451507E+02  4.375471349603E+04 -4.200461712538E-02 -4.882812500000E-04   1   5
  1.519109954626E-04  5.669823743160E-04 -8.179067422814E-04  2.546944380342E+03 -3.182815546727E+03  2.372623345156E+05 -4.444537630759E-02 -4.882812500000E-04   1   5
  7.036007703823E-04 -2.618973679739E-04 -2.436654427478E-04  8.815304582690E+03  1.852778826205E+03  1.086121365916E+05 -4.252073219145E-02 -4.882812500000E-04   1   5
 -4.891932527263E-04  5.954609036403E-04  3.269777413351E-04 -6.516947938140E+03 -4.359449860416E+03 -1.398502062950E+05 -4.059937556047E-02 -4.882812500000E-04   1   5
 -4.217115787904E-04 -3.725587250694E-04  8.727277128278E-04 -8.652145524636E+03 -7.908819417111E+01 -3.389799064558E+05 -3.876417620538E-02 -4.882812500000E-04   1   5
  2.781381108841E-04  5.868774232461E-04 -5.730612285001E-05  3.380530187041E+03 -4.534584593680E+03  3.185950129326E+04 -4.189361689569E-02 -4.882812500000E-04   1   5
 -2.894800133985E-04 -3.841678700350E-04  3.744439240144E-06 -1.868940651109E+03  4.711479046325E+03  3.705774654813E+03 -4.168796314409E-02 -4.882812500000E-04   1   5
 -5.446826970521E-05 -7.054654236201E-04  2.400484951015E-05 -1.197141655890E+03  6.238160764811E+03 -6.085152110852E+03 -4.161967577708E-02 -4.882812500000E-04   1   5
 -1.278232289691E-04 -5.536840799700E-04  5.277556530897E-04 -1.228502832159E+03  5.093655541645E+03 -2.319950973791E+05 -3.992295736084E-02 -4.882812500000E-04   1   5
 -1.080428108911E-04 -9.943641548335E-04  6.970193697095E-04 -1.609210383551E+03  4.620534585968E+03 -2.831336849868E+05 -3.935440302301E-02 -4.882812500000E-04   1   5
  1.769946808348E-04 -7.115598515117E-04 -7.819139217497E-04  2.734802177390E+03  3.529376215629E+03  2.343798561058E+05 -4.432506476251E-02 -4.882812500000E-04   1   5
 -2.529459609491E-05  6.089592067912E-04 -2.554201252622E-04 -2.429631983117E+01 -4.227306780902E+03  1.106376820977E+05 -4.256007927751E-02 -4.882812500000E-04   1   5
  7.125828349849E-04  2.404085616112E-04  1.907023500566E-05  1.097640233032E+04 -1.779259631302E+03 -6.936543597504E+03 -4.163602393926E-02 -4.882812500000E-04   1   5
  4.004883058564E-04 -6.119480024727E-04  1.982563993222E-05  6.429554909303E+03  3.482240666590E+03 -7.827333942547E+03 -4.163343502963E-02 -4.882812500000E-04   1   5
 -4.862343583485E-04  2.952380637984E-04 -6.528413554953E-04 -7.443759006539E+03 -1.593962228184E+03  2.051977182387E+05 -4.389248885721E-02 -4.882812500000E-04   1   5
 -2.665918348764E-04  3.266722359719E-04 -2.355213252580E-04 -3.629225115494E+03 -2.164225727462E+03  1.018622650462E+05 -4.249309328779E-02 -4.882812500000E-04   1   5
  7.157657880556E-04  5.488808456403E-04  4.337817573919E-04  1.010999840945E+04 -3.883864399848E+03 -1.899954578926E+05 -4.023944072966E-02 -4.882812500000E-04   1   5
 -5.613108526343E-04  1.565358945518E-04  5.972147707667E-04 -8.302228682834E+03 -1.134461254221E+03 -2.539507056017E+05 -3.968962265936E-02 -4.882812500000E-04   1   5
 -3.816586105820E-04 -6.514993912537E-04 -4.606700900131E-04 -5.166619392818E+03  5.081062592393E+03  1.708147932653E+05 -4.324901664002E-02 -4.882812500000E-04   1   5
 -1.398321238545E-05  7.650037789721E-04  1.640313494902E-05 -2.957292770114E+02 -4.588509682395E+03 -5.514478932604E+03 -4.164502410744E-02 -4.882812500000E-04   1   5
 -3.342049645889E-04 -6.618204293336E-04 -7.221944614136E-05 -4.103982510372E+03  5.275873389591E+03  3.959827906921E+04 -4.194391354614E-02 -4.882812500000E-04   1   5
 -1.763237640454E-04  4.494062153737E-04 -2.686139074756E-04 -2.853599995694E+03 -3.648081437287E+03  1.147438100510E+05 -4.260439707126E-02 -4.882812500000E-04   1   5
 -2.682106610769E-04 -3.435665436820E-04 -1.351421012380E-05 -3.690951103761E+03  2.571267481934E+03  7.666382663503E+03 -4.174581853300E-02 -4.882812500000E-04   1   5
 -3.271453934503E-04  8.787637386077E-04  2.338187619264E-04 -5.398290959939E+03 -5.015183234602E+03 -9.973253476055E+04 -4.091295007896E-02 -4.882812500000E-04   1   5
 -5.238888177026E-05 -1.471374886200E-04  8.745396807677E-04 -9.086521555249E+02  1.449572821338E+03 -3.461249626578E+05 -3.875777809918E-02 -4.882812500000E-04   1   5
 -5.337248259258E-05 -6.040107188630E-04 -7.234792493442E-04 -5.716530662946E+02  4.402916186319E+03  2.275404168904E+05 -4.412971241426E-02 -4.882812500000E-04   1   5
  5.065835927227E-04  2.972798741701E-04  3.464384069532E-04  7.223071202288E+03 -2.547809071277E+03 -1.488631936257E+05 -4.053381681709E-02 -4.882812500000E-04   1   5
  1.092105506857E-04 -2.846451223076E-04  4.150792525711E-04  9.964422300581E+02  3.951628319024E+03 -1.825904561733E+05 -4.030241852440E-02 -4.882812500000E-04   1   5
 -1.866845729530E-04  8.103374752795E-04  5.720768479583E-05 -2.869707606687E+03 -4.464292133685E+03 -2.573440260615E+04 -4.150743470484E-02 -4.882812500000E-04   1   5
  1.215202563542E-05  4.024304233705E-04  5.362315576446E-04 -9.776898910941E+01 -4.877328528137E+03 -2.354183792163E+05 -3.989443628484E-02 -4.882812500000E-04   1   5
 -1.780315636950E-04 -1.975796422034E-04 -5.094204171071E-04 -3.687748826487E+03 -5.107883473039E+02  1.777524475261E+05 -4.341211103642E-02 -4.882812500000E-04   1   5
  2.932810330719E-04 -5.674730332010E-04 -1.184275953207E-04  4.714083189333E+03  3.002747716320E+03  5.614386060171E+04 -4.209919529359E-02 -4.882812500000E-04   1   5
  1.206022874290E-04 -6.109967959577E-04 -1.038954769327E-04  1.638629945664E+03  4.708844850210E+03  5.238391720159E+04 -4.205049112782E-02 -4.882812500000E-04   1   5
 -1.863314118370E-04  5.798544297590E-04 -3.669654672940E-04 -2.138839611864E+03 -4.768480153779E+03  1.451137519900E+05 -4.293463206027E-02 -4.882812500000E-04   1   5
 -9.402696131099E-05 -7.514353520584E-04  6.045565351869E-04 -1.745827719174E+03  4.673535416399E+03 -2.571312278655E+05 -3.966487048627E-02 -4.882812500000E-04   1   5
  4.407557397524E-06  7.988454376453E-04  1.197436653872E-04  1.091840146889E+02 -5.440997325245E+03 -5.263521533638E+04 -4.129693899988E-02 -4.882812500000E-04   1   5
 -6.104368115974E-04  1.589301748824E-04 -2.579609979863E-04 -7.234177844482E+03 -1.109903683946E+03  1.123650138186E+05 -4.256869660547E-02 -4.882812500000E-04   1   5
 -1.424422881009E-04 -2.879503196012E-04  1.855310926807E-05 -2.041373285559E+03  2.020283367660E+03 -8.585142971128E+03 -4.163769053160E-02 -4.882812500000E-04   1   5
 -1.820242693945E-04  7.334436793099E-04 -4.794575257263E-04 -2.105363585580E+03 -5.503047835255E+03  1.747675632321E+05 -4.331196554921E-02 -4.882812500000E-04   1   5
 -4.444348859153E-04  2.563461363844E-05 -2.948747330802E-04 -6.722300346946E+03  2.073030508183E+02  1.225002892529E+05 -4.269253838066E-02 -4.882812500000E-04   1   5
  6.807455981047E-04 -2.413501185626E-04 -2.333977288731E-04  8.715016384925E+03  2.616976458369E+03  1.048630680190E+05 -4.248621760595E-02 -4.882812500000E-04   1   5
 -7.756922877236E-05  4.737472308350E-04 -7.038190922039E-04 -1.238373140317E+03 -1.323400344347E+03  2.097392029602E+05 -4.406284057202E-02 -4.882812500000E-04   1   5
  5.563051808053E-04  8.003493411336E-04  7.149322401153E-04  9.187584795051E+03 -4.421954204274E+03 -2.910481791703E+05 -3.929410759094E-02 -4.882812500000E-04   1   5
 -6.218103672119E-04  8.231402492638E-04  6.847215968832E-04 -1.076929207124E+04 -3.499928322362E+03 -2.770655150733E+05 -3.939582120810E-02 -4.882812500000E-04   1   5
  4.762846972539E-04 -6.181120636775E-04  1.448927094223E-04  7.218424490592E+03  4.126396237993E+03 -6.377457491045E+04 -4.121223879103E-02 -4.882812500000E-04   1   5
  2.850488025810E-04 -5.081740277841E-04 -7.526687957586E-04  3.930720057240E+03  3.739756707328E+03  2.338748882636E+05 -4.422753183839E-02 -4.882812500000E-04   1   5
 -4.761289780494E-05 -2.756556896846E-04 -3.923698108408E-04 -6.357162600622E+02  9.507599424151E+02  1.502537659244E+05 -4.301973412569E-02 -4.882812500000E-04   1   5
  4.426872682933E-04 -3.309444598030E-04  7.620564070445E-04  5.713933182469E+03  2.832033206619E+03 -3.109406135947E+05 -3.913558492186E-02 -4.882812500000E-04   1   5
 -4.555543446500E-04  6.228990302767E-04 -3.027585155915E-05 -6.142729766538E+03 -4.485827936310E+03  1.960187165087E+04 -4.180255808105E-02 -4.882812500000E-04   1   5
 -8.357551587294E-04 -2.848957888705E-04  3.548503790657E-04 -1.190529383288E+04  1.807988218024E+03 -1.526068086949E+05 -4.050544757937E-02 -4.882812500000E-04   1   5
  6.204879546987E-04  3.766855280729E-04  4.836923610910E-04  7.874485583486E+03 -3.243353395516E+03 -2.137439780676E+05 -4.007126415780E-02 -4.882812500000E-04   1   5
  1.455718551325E-04 -7.987925249160E-05 -1.501404715867E-05  1.806455263155E+03  6.792915687233E+02  7.972585623689E+03 -4.175085349779E-02 -4.882812500000E-04   1   5
 -6.408829701369E-04 -3.446399731369E-04 -6.752306693491E-04 -9.341742186654E+03  2.031082621489E+03  2.166705254357E+05 -4.396797035179E-02 -4.882812500000E-04   1   5
 -2.381453973965E-06  5.693291667503E-04 -3.852289884998E-04  4.404776184604E+02 -6.459602713153E+03  1.517250752254E+05 -4.299603121284E-02 -4.882812500000E-04   1   5
  2.741582398304E-04 -5.799693565966E-04  6.086885182824E-05  3.713122667267E+03  4.320199130677E+03 -2.706290504295E+04 -4.149519523438E-02 -4.882812500000E-04   1   5
  4.807855511768E-05 -2.475256532670E-04 -2.232095545876E-04  3.092729711340E+02  2.869402815051E+03  9.789306883979E+04 -4.245175345111E-02 -4.882812500000E-04   1   5
 -6.825936315112E-04 -8.258272312237E-05  4.406791927997E-04 -9.629931093794E+03  5.320555303915E+02 -1.939584549156E+05 -4.021616835906E-02 -4.882812500000E-04   1   5
  4.868405607630E-04 -4.348539037016E-04 -3.267691059520E-04  5.834240873696E+03  4.460686459459E+03  1.366476309644E+05 -4.279994961216E-02 -4.882812500000E-04   1   5
  3.249508497711E-04 -2.561703440314E-04 -7.063331022201E-04  3.866821527769E+03  3.453686517923E+03  2.259109122841E+05 -4.407241671789E-02 -4.882812500000E-04   1   5
  2.921679176603E-04 -2.890481328838E-04  1.611130504811E-04  3.819427992573E+03  2.121465924411E+03 -7.211488250381E+04 -4.115758017483E-02 -4.882812500000E-04   1   5
  1.951093035042E-04  4.146912662120E-04 -8.300158381667E-04  2.373182660509E+03 -3.227901839656E+03  2.456877398799E+05 -4.448639438662E-02 -4.882812500000E-04   1   5
 -1.452374357058E-04  4.597961106567E-04 -7.890254578097E-04 -1.634982590716E+03 -3.842262652087E+03  2.396070627295E+05 -4.434922932489E-02 -4.882812500000E-04   1   5
  5.909463814599E-04  4.604099007439E-04  5.635598955535E-04  7.933479908854E+03 -3.345427884589E+03 -2.458238271472E+05 -3.980248720359E-02 -4.882812500000E-04   1   5
  6.220357372242E-04 -1.644393088832E-04  2.978036246057E-04  7.358438869194E+03  1.795601885751E+03 -1.271635743298E+05 -4.069763791170E-02 -4.882812500000E-04   1   5
 -7.659739363431E-04 -2.894369738838E-04 -3.427706648013E-05 -1.064362639413E+04  2.017837582552E+03  2.185137016939E+04 -4.181605812280E-02 -4.882812500000E-04   1   5
 -8.239807873268E-04  3.070917878760E-04  5.084486022091E-04 -1.184133512989E+04 -2.657633866607E+03 -2.242068344034E+05 -3.998787936930E-02 -4.882812500000E-04   1   5
  1.845399248894E-04  2.702330758284E-04  5.488256303725E-04  2.132617329882E+03 -3.163967202793E+03 -2.400170436640E+05 -3.985209033693E-02 -4.882812500000E-04   1   5
 -7.808784581615E-04  2.239368142348E-05  7.893796419173E-04 -1.403964976093E+04 -9.725264270068E+01 -3.059089394172E+05 -3.904463902377E-02 -4.882812500000E-04   1   5
  4.649821738805E-04 -3.127686437407E-04 -6.306197933570E-04  5.266638756872E+03  2.542592170761E+03  2.106140140556E+05 -4.381876978289E-02 -4.882812500000E-04   1   5
 -1.236051953544E-04 -7.252376561481E-04  8.574865981636E-05 -1.470207224784E+03  6.171099565702E+03 -3.550909374332E+04 -4.141160195120E-02 -4.882812500000E-04   1   5
  2.122849153032E-04 -5.568438128857E-04  1.410337116003E-05  3.219732560519E+03  3.583843535842E+03 -5.516335513391E+03 -4.165272695987E-02 -4.882812500000E-04   1   5
  5.333760693189E-04  1.347191663918E-05 -5.995372582626E-04  7.971729200108E+03  2.967162357596E+02  1.961444522368E+05 -4.371404419660E-02 -4.882812500000E-04   1   5
 -1.713464823927E-04 -4.797244349113E-04 -1.016161292955E-04 -2.642578778029E+03  3.436674890208E+03  4.902491554900E+04 -4.204264983011E-02 -4.882812500000E-04   1   5
 -3.913026121899E-04  4.303599111532E-04  2.391765705689E-04 -5.862707355063E+03 -3.142958866524E+03 -1.031872270823E+05 -4.089491686701E-02 -4.882812500000E-04   1   5
  1.154960220782E-04 -1.586072626049E-04  1.354053636416E-04  1.891238944302E+03  7.139626395664E+02 -6.202102585039E+04 -4.124406356841E-02 -4.882812500000E-04   1   5
 -7.796732470987E-04  1.832004453220E-04 -5.468796665849E-04 -1.111062894396E+04 -9.093523331829E+02  1.908595122401E+05 -4.353798877997E-02 -4.882812500000E-04   1   5
 -5.264069058418E-04  2.366259819411E-05 -2.154059861227E-04 -9.006098298140E+03  6.795971147165E+01  9.351268888915E+04 -4.242535158718E-02 -4.882812500000E-04   1   5
 -1.165226673843E-04 -3.555509921745E-05  6.664835342230E-04 -2.219368755895E+03 -6.116076321748E+01 -2.682493098349E+05 -3.945752850406E-02 -4.882812500000E-04   1   5
 -1.114685198134E-04  7.117692058136E-04 -2.806636810011E-04 -1.386035149755E+03 -5.203452622125E+03  1.198428162354E+05 -4.264493595514E-02 -4.882812500000E-04   1   5
  1.344331270758E-04  1.666642294558E-04 -6.206146839376E-04  2.920277213998E+03 -7.989353047147E+02  1.983405140885E+05 -4.378452614511E-02 -4.882812500000E-04   1   5
  4.575775456187E-04  5.107585401280E-04  2.093192388992E-04  6.423310566933E+03 -3.659540634203E+03 -9.059338806348E+04 -4.099541943495E-02 -4.882812500000E-04   1   5
  4.392883874880E-04 -3.669774497599E-04 -1.421172801864E-04  6.900787573282E+03  2.002016109583E+03  6.541048362434E+04 -4.217889372479E-02 -4.882812500000E-04   1   5
 -5.970974226973E-04  8.973698714925E-04 -7.977375301730E-04 -1.049558634963E+04 -2.920628110597E+03  2.330735295897E+05 -4.437754592459E-02 -4.882812500000E-04   1   5
 -3.810481318988E-04  3.503639651459E-04 -2.228820206632E-04 -5.099014254599E+03 -2.526721628678E+03  9.836744426560E+04 -4.245068058767E-02 -4.882812500000E-04   1   5
 -4.778918248615E-04  6.778744534608E-04  6.296469983073E-04 -7.160821488397E+03 -5.157886727934E+03 -2.684075665645E+05 -3.958036273477E-02 -4.882812500000E-04   1   5
  4.670590253959E-04 -4.665827212978E-04  2.780167382707E-04  7.482269034769E+03  2.638925175409E+03 -1.190945230533E+05 -4.076417055877E-02 -4.882812500000E-04   1   5
 -8.862688764645E-05 -2.709010134974E-04 -4.289353470467E-04 -1.358209061038E+03  1.462562125682E+03  1.594340078731E+05 -4.314236819644E-02 -4.882812500000E-04   1   5
  7.994339175950E-04  3.571324759891E-04 -7.917589516002E-04  1.390165445131E+04 -1.250824828257E+03  2.303761269386E+05 -4.435752936594E-02 -4.882812500000E-04   1   5
 -8.592897624126E-04 -8.146108421167E-06  3.237309749018E-04 -1.319401111899E+04 -1.675355770724E+02 -1.379373363362E+05 -4.061028667715E-02 -4.882812500000E-04   1   5
 -9.780347131228E-05  7.378845717358E-04  5.375305720769E-04 -9.452675283283E+02 -5.610933092638E+03 -2.359559379207E+05 -3.989003801251E-02 -4.882812500000E-04   1   5
  5.160529383457E-04  1.619392112996E-04 -2.290944912764E-04  7.180348867423E+03 -1.033785717528E+03  1.008762907305E+05 -4.247157720183E-02 -4.882812500000E-04   1   5
 -1.052940795396E-03  2.945181075144E-04  6.600856529156E-04 -1.783058128888E+04 -1.511896067689E+03 -2.715929643652E+05 -3.947838967458E-02 -4.882812500000E-04   1   5
 -8.681636110641E-04  6.509662667134E-04 -6.916333976213E-04 -1.560251413011E+04 -2.028699507464E+03  2.122264069795E+05 -4.402210457369E-02 -4.882812500000E-04   1   5
  5.562141031790E-04 -8.832837631594E-05 -6.617568236955E-04  6.707453521778E+03  7.667444386580E+02  2.168997207591E+05 -4.392308081137E-02 -4.882812500000E-04   1   5
 -9.032020232398E-04 -1.370699085577E-04  1.387039771720E-04 -1.304836098809E+04  8.519302492449E+02 -5.918894832674E+04 -4.123320036661E-02 -4.882812500000E-04   1   5
 -4.639927086545E-04 -4.167141866944E-04 -7.780041198045E-04 -7.174499969838E+03  3.048655131166E+03  2.368373110172E+05 -4.431223878605E-02 -4.882812500000E-04   1   5
  6.600004918899E-04  1.126083347445E-04  1.447202669324E-04  9.541505744262E+03 -8.807257961260E+02 -6.491662784100E+04 -4.121275290218E-02 -4.882812500000E-04   1   5
  6.018010059597E-04 -4.536991605785E-04 -6.303000175834E-04  9.216867932388E+03  2.291269700478E+03  2.045546370699E+05 -4.381721121661E-02 -4.882812500000E-04   1   5
  3.076979144417E-04 -2.135882969254E-04  2.636284100356E-04  4.443286327898E+03  1.348620518981E+03 -1.142726851630E+05 -4.081256525476E-02 -4.882812500000E-04   1   5
  7.304113989156E-04 -6.518741272758E-05 -1.432312342847E-04  1.038031951767E+04  2.279255611985E+02  6.899653960498E+04 -4.218286778731E-02 -4.882812500000E-04   1   5
  9.320174929735E-04  5.946612819516E-04 -7.865532276346E-04  1.659022978326E+04 -1.939281638050E+03  2.305412272690E+05 -4.434003440307E-02 -4.882812500000E-04   1   5
 -3.853854470024E-04  4.172488666470E-04 -6.294077348757E-04 -5.681040460484E+03 -2.510591306706E+03  2.017321262741E+05 -4.381407992175E-02 -4.882812500000E-04   1   5
  3.123334743500E-05 -3.455161430489E-04  1.017791219213E-04  3.390961385541E+02  2.756712829035E+03 -4.740363354298E+04 -4.135728644474E-02 -4.882812500000E-04   1   5
 -1.909889961753E-04 -3.771292173390E-04  6.138240735448E-05 -2.872246091070E+03  2.818806361959E+03 -2.894715475749E+04 -4.149335872908E-02 -4.882812500000E-04   1   5
 -2.945788573626E-04  6.600542017483E-04 -1.540525517699E-04 -3.721222701794E+03 -5.981973120338E+03  7.402046902891E+04 -4.221935239562E-02 -4.882812500000E-04   1   5
 -4.864898770064E-04  2.904082860120E-04  8.481979787919E-04 -7.733751938909E+03 -2.053076206898E+03 -3.355692780442E+05 -3.884638603054E-02 -4.882812500000E-04   1   5
 -5.171326982381E-04  4.621323303987E-04  2.268569549586E-04 -7.237553784795E+03 -3.545115057065E+03 -9.746418341953E+04 -4.093642452902E-02 -4.882812500000E-04   1   5
 -2.889113076682E-04  5.999526241899E-05 -8.513725505691E-04 -5.589734614193E+03 -3.133402077032E+02  2.382931870956E+05 -4.455710158773E-02 -4.882812500000E-04   1   5
 -6.458443901664E-04  6.144350348669E-04  1.896151744569E-04 -9.964705528890E+03 -3.814275793148E+03 -8.173401471291E+04 -4.106172729576E-02 -4.882812500000E-04   1   5
 -2.174025463518E-04 -6.764365982103E-04  1.413059418864E-06 -2.689931129987E+03  4.948343094542E+03  3.729232630968E+03 -4.169572373967E-02 -4.882812500000E-04   1   5
