 -2.7825E-12  1.1206E+01  2.2179E-02  4.6875E-01  6.0180E-02  7.9562E-01  5.4922E-02
  2.2432E-03  1.1213E+01  2.2189E-02  4.6887E-01  6.0184E-02  7.9561E-01  5.4930E-02
  4.4865E-03  1.1221E+01  2.2198E-02  4.6899E-01  6.0189E-02  7.9559E-01  5.4939E-02
  6.7297E-03  1.1228E+01  2.2208E-02  4.6912E-01  6.0193E-02  7.9558E-01  5.4947E-02
  8.9730E-03  1.1236E+01  2.2217E-02  4.6924E-01  6.0198E-02  7.9557E-01  5.4955E-02
  1.1216E-02  1.1243E+01  2.2226E-02  4.6936E-01  6.0202E-02  7.9555E-01  5.4963E-02
  1.3459E-02  1.1250E+01  2.2236E-02  4.6949E-01  6.0207E-02  7.9554E-01  5.4971E-02
  1.5703E-02  1.1258E+01  2.2245E-02  4.6961E-01  6.0211E-02  7.9552E-01  5.4979E-02
  1.7946E-02  1.1265E+01  2.2255E-02  4.6973E-01  6.0216E-02  7.9551E-01  5.4987E-02
  2.0189E-02  1.1273E+01  2.2264E-02  4.6986E-01  6.0220E-02  7.9549E-01  5.4995E-02
  2.2432E-02  1.1280E+01  2.2274E-02  4.6998E-01  6.0225E-02  7.9548E-01  5.5003E-02
  2.4676E-02  1.1288E+01  2.2283E-02  4.7010E-01  6.0229E-02  7.9547E-01  5.5011E-02
  2.6919E-02  1.1295E+01  2.2293E-02  4.7023E-01  6.0234E-02  7.9545E-01  5.5019E-02
  2.9162E-02  1.1303E+01  2.2302E-02  4.7035E-01  6.0238E-02  7.9544E-01  5.5027E-02
  3.1405E-02  1.1310E+01  2.2311E-02  4.7047E-01  6.0243E-02  7.9542E-01  5.5035E-02
  3.3649E-02  1.1318E+01  2.2321E-02  4.7060E-01  6.0247E-02  7.9541E-01  5.5043E-02
  3.5892E-02  1.1325E+01  2.2330E-02  4.7072E-01  6.0252E-02  7.9539E-01  5.5051E-02
  3.8135E-02  1.1333E+01  2.2340E-02  4.7085E-01  6.0256E-02  7.9538E-01  5.5059E-02
  4.0378E-02  1.1340E+01  2.2349E-02  4.7097E-01  6.0261E-02  7.9537E-01  5.5067E-02
  4.2622E-02  1.1348E+01  2.2359E-02  4.7109E-01  6.0265E-02  7.9535E-01  5.5074E-02
  4.4865E-02  1.1355E+01  2.2368E-02  4.7122E-01  6.0270E-02  7.9534E-01  5.5082E-02
  4.7108E-02  1.1363E+01  2.2378E-02  4.7134E-01  6.0274E-02  7.9532E-01  5.5090E-02
  4.9351E-02  1.1370E+01  2.2387E-02  4.7146E-01  6.0279E-02  7.9531E-01  5.5098E-02
  5.1594E-02  1.1378E+01  2.2397E-02  4.7159E-01  6.0283E-02  7.9529E-01  5.5106E-02
  5.3838E-02  1.1385E+01  2.2406E-02  4.7171E-01  6.0288E-02  7.9528E-01  5.5114E-02
  5.6081E-02  1.1393E+01  2.2415E-02  4.7183E-01  6.0292E-02  7.9527E-01  5.5122E-02
  5.8324E-02  1.1400E+01  2.2425E-02  4.7196E-01  6.0297E-02  7.9525E-01  5.5130E-02
  6.0567E-02  1.1408E+01  2.2434E-02  4.7208E-01  6.0301E-02  7.9524E-01  5.5138E-02
  6.2811E-02  1.1415E+01  2.2444E-02  4.7221E-01  6.0306E-02  7.9522E-01  5.5146E-02
  6.5054E-02  1.1423E+01  2.2453E-02  4.7233E-01  6.0310E-02  7.9521E-01  5.5154E-02
  6.7297E-02  1.1430E+01  2.2463E-02  4.7245E-01  6.0315E-02  7.9519E-01  5.5162E-02
  6.9540E-02  1.1438E+01  2.2472E-02  4.7258E-01  6.0319E-02  7.9518E-01  5.5170E-02
  7.1784E-02  1.1445E+01  2.2482E-02  4.7270E-01  6.0323E-02  7.9516E-01  5.5177E-02
  7.4027E-02  1.1453E+01  2.2491E-02  4.7283E-01  6.0328E-02  7.9515E-01  5.5185E-02
  7.6270E-02  1.1460E+01  2.2500E-02  4.7295E-01  6.0332E-02  7.9514E-01  5.5193E-02
  7.8513E-02  1.1467E+01  2.2510E-02  4.7307E-01  6.0337E-02  7.9512E-01  5.5201E-02
  8.0757E-02  1.1475E+01  2.2519E-02  4.7320E-01  6.0341E-02  7.9511E-01  5.5209E-02
  8.3000E-02  1.1482E+01  2.2529E-02  4.7332E-01  6.0346E-02  7.9509E-01  5.5217E-02
  8.5243E-02  1.1490E+01  2.2538E-02  4.7344E-01  6.0350E-02  7.9508E-01  5.5225E-02
  8.7486E-02  1.1497E+01  2.2548E-02  4.7357E-01  6.0355E-02  7.9506E-01  5.5233E-02
  8.9730E-02  1.1505E+01  2.2557E-02  4.7369E-01  6.0359E-02  7.9505E-01  5.5240E-02
  9.1973E-02  1.1512E+01  2.2567E-02  4.7382E-01  6.0355E-02  7.9502E-01  5.5239E-02
  9.4216E-02  1.1520E+01  2.2576E-02  4.7394E-01  6.0335E-02  7.9499E-01  5.5221E-02
  9.6459E-02  1.1527E+01  2.2585E-02  4.7406E-01  6.0281E-02  7.9494E-01  5.5165E-02
  9.8702E-02  1.1535E+01  2.2595E-02  4.7419E-01  6.0147E-02  7.9484E-01  5.5023E-02
  1.0095E-01  1.1542E+01  2.2604E-02  4.7431E-01  5.9834E-02  7.9466E-01  5.4686E-02
  1.0319E-01  1.1550E+01  2.2614E-02  4.7443E-01  5.9171E-02  7.9438E-01  5.3966E-02
  1.0543E-01  1.1557E+01  2.2623E-02  4.7455E-01  5.7956E-02  7.9410E-01  5.2638E-02
  1.0768E-01  1.1565E+01  2.2632E-02  4.7467E-01  5.6107E-02  7.9394E-01  5.0601E-02
  1.0992E-01  1.1572E+01  2.2641E-02  4.7478E-01  5.3753E-02  7.9389E-01  4.7980E-02
  1.1216E-01  1.1580E+01  2.2649E-02  4.7488E-01  5.1112E-02  7.9388E-01  4.5004E-02
  1.1441E-01  1.1587E+01  2.2657E-02  4.7498E-01  4.8356E-02  7.9388E-01  4.1852E-02
  1.1665E-01  1.1595E+01  2.2665E-02  4.7507E-01  4.5585E-02  7.9387E-01  3.8620E-02
  1.1889E-01  1.1602E+01  2.2673E-02  4.7516E-01  4.2851E-02  7.9385E-01  3.5353E-02
  1.2113E-01  1.1610E+01  2.2680E-02  4.7523E-01  4.0182E-02  7.9384E-01  3.2070E-02
  1.2338E-01  1.1617E+01  2.2687E-02  4.7530E-01  3.7606E-02  7.9383E-01  2.8780E-02
  1.2562E-01  1.1625E+01  2.2693E-02  4.7536E-01  3.5149E-02  7.9381E-01  2.5489E-02
  1.2786E-01  1.1632E+01  2.2699E-02  4.7541E-01  3.2838E-02  7.9380E-01  2.2198E-02
  1.3011E-01  1.1640E+01  2.2705E-02  4.7546E-01  3.0706E-02  7.9379E-01  1.8906E-02
  1.3235E-01  1.1647E+01  2.2710E-02  4.7550E-01  2.8795E-02  7.9377E-01  1.5614E-02
  1.3459E-01  1.1655E+01  2.2715E-02  4.7553E-01  2.7149E-02  7.9376E-01  1.2321E-02
  1.3684E-01  1.1662E+01  2.2720E-02  4.7555E-01  2.5820E-02  7.9374E-01  9.0289E-03
  1.3908E-01  1.1670E+01  2.2724E-02  4.7557E-01  2.4860E-02  7.9373E-01  5.7363E-03
  1.4132E-01  1.1677E+01  2.2728E-02  4.7558E-01  2.4311E-02  7.9371E-01  2.4436E-03
  1.4357E-01  1.1685E+01  2.2732E-02  4.7558E-01  2.4202E-02  7.9370E-01 -8.4922E-04
  1.4581E-01  1.1692E+01  2.2735E-02  4.7558E-01  2.4539E-02  7.9369E-01 -4.1420E-03
  1.4805E-01  1.1699E+01  2.2738E-02  4.7556E-01  2.5304E-02  7.9367E-01 -7.4347E-03
  1.5030E-01  1.1707E+01  2.2740E-02  4.7554E-01  2.6460E-02  7.9366E-01 -1.0727E-02
  1.5254E-01  1.1714E+01  2.2742E-02  4.7552E-01  2.7958E-02  7.9364E-01 -1.4020E-02
  1.5478E-01  1.1722E+01  2.2744E-02  4.7548E-01  2.9747E-02  7.9363E-01 -1.7312E-02
  1.5703E-01  1.1729E+01  2.2746E-02  4.7544E-01  3.1777E-02  7.9362E-01 -2.0604E-02
  1.5927E-01  1.1737E+01  2.2747E-02  4.7539E-01  3.4005E-02  7.9360E-01 -2.3895E-02
  1.6151E-01  1.1744E+01  2.2747E-02  4.7533E-01  3.6395E-02  7.9359E-01 -2.7187E-02
  1.6376E-01  1.1752E+01  2.2748E-02  4.7527E-01  3.8917E-02  7.9357E-01 -3.0478E-02
  1.6600E-01  1.1759E+01  2.2748E-02  4.7519E-01  4.1546E-02  7.9356E-01 -3.3768E-02
  1.6824E-01  1.1767E+01  2.2748E-02  4.7511E-01  4.4263E-02  7.9355E-01 -3.7058E-02
  1.7049E-01  1.1774E+01  2.2747E-02  4.7503E-01  4.7053E-02  7.9353E-01 -4.0347E-02
  1.7273E-01  1.1782E+01  2.2746E-02  4.7493E-01  4.9904E-02  7.9352E-01 -4.3636E-02
  1.7497E-01  1.1789E+01  2.2744E-02  4.7483E-01  5.2805E-02  7.9350E-01 -4.6924E-02
  1.7722E-01  1.1797E+01  2.2743E-02  4.7472E-01  5.5749E-02  7.9349E-01 -5.0211E-02
  1.7946E-01  1.1804E+01  2.2741E-02  4.7461E-01  5.8729E-02  7.9347E-01 -5.3497E-02
  1.8170E-01  1.1812E+01  2.2738E-02  4.7448E-01  6.1739E-02  7.9346E-01 -5.6783E-02
  1.8395E-01  1.1819E+01  2.2735E-02  4.7435E-01  6.4775E-02  7.9345E-01 -6.0068E-02
  1.8619E-01  1.1827E+01  2.2732E-02  4.7421E-01  6.7834E-02  7.9343E-01 -6.3351E-02
  1.8843E-01  1.1834E+01  2.2729E-02  4.7407E-01  7.0912E-02  7.9342E-01 -6.6634E-02
  1.9068E-01  1.1842E+01  2.2725E-02  4.7391E-01  7.4006E-02  7.9341E-01 -6.9916E-02
  1.9292E-01  1.1849E+01  2.2721E-02  4.7375E-01  7.7105E-02  7.9340E-01 -7.3186E-02
  1.9516E-01  1.1857E+01  2.2716E-02  4.7359E-01  8.0200E-02  7.9339E-01 -7.6436E-02
  1.9740E-01  1.1864E+01  2.2711E-02  4.7341E-01  8.3267E-02  7.9341E-01 -7.9645E-02
  1.9965E-01  1.1872E+01  2.2706E-02  4.7323E-01  8.6251E-02  7.9346E-01 -8.2757E-02
  2.0189E-01  1.1879E+01  2.2700E-02  4.7304E-01  8.9042E-02  7.9358E-01 -8.5658E-02
  2.0413E-01  1.1887E+01  2.2694E-02  4.7284E-01  9.1447E-02  7.9377E-01 -8.8151E-02
  2.0602E-01  1.1893E+01  2.2689E-02  4.7268E-01  9.3012E-02  7.9396E-01 -8.9769E-02
  2.0638E-01  1.1894E+01  2.2688E-02  4.7264E-01  9.3251E-02  7.9399E-01 -9.0017E-02
  2.0862E-01  1.1902E+01  2.2682E-02  4.7244E-01  9.4377E-02  7.9414E-01 -9.1179E-02
  2.1086E-01  1.1909E+01  2.2676E-02  4.7224E-01  9.4966E-02  7.9420E-01 -9.1785E-02
  2.1311E-01  1.1917E+01  2.2669E-02  4.7203E-01  9.5236E-02  7.9421E-01 -9.2061E-02
  2.1535E-01  1.1924E+01  2.2663E-02  4.7182E-01  9.5349E-02  7.9421E-01 -9.2175E-02
  2.1759E-01  1.1931E+01  2.2656E-02  4.7162E-01  9.5394E-02  7.9420E-01 -9.2219E-02
  2.1984E-01  1.1939E+01  2.2650E-02  4.7141E-01  9.5409E-02  7.9419E-01 -9.2232E-02
  2.2208E-01  1.1946E+01  2.2643E-02  4.7120E-01  9.5410E-02  7.9417E-01 -9.2230E-02
  2.2432E-01  1.1954E+01  2.2637E-02  4.7099E-01  9.5405E-02  7.9416E-01 -9.2222E-02
  2.2657E-01  1.1961E+01  2.2630E-02  4.7079E-01  9.5400E-02  7.9414E-01 -9.2215E-02
  2.2881E-01  1.1969E+01  2.2624E-02  4.7058E-01  9.5395E-02  7.9413E-01 -9.2207E-02
  2.3105E-01  1.1976E+01  2.2617E-02  4.7037E-01  9.5391E-02  7.9411E-01 -9.2199E-02
  2.3330E-01  1.1984E+01  2.2611E-02  4.7017E-01  9.5386E-02  7.9410E-01 -9.2191E-02
  2.3554E-01  1.1991E+01  2.2604E-02  4.6996E-01  9.5381E-02  7.9408E-01 -9.2184E-02
  2.3778E-01  1.1999E+01  2.2598E-02  4.6975E-01  9.5376E-02  7.9407E-01 -9.2176E-02
  2.4003E-01  1.2006E+01  2.2592E-02  4.6955E-01  9.5371E-02  7.9405E-01 -9.2168E-02
  2.4227E-01  1.2014E+01  2.2585E-02  4.6934E-01  9.5367E-02  7.9404E-01 -9.2161E-02
  2.4451E-01  1.2021E+01  2.2579E-02  4.6913E-01  9.5362E-02  7.9403E-01 -9.2153E-02
  2.4676E-01  1.2029E+01  2.2572E-02  4.6893E-01  9.5357E-02  7.9401E-01 -9.2145E-02
  2.4900E-01  1.2036E+01  2.2566E-02  4.6872E-01  9.5352E-02  7.9400E-01 -9.2137E-02
  2.5124E-01  1.2044E+01  2.2559E-02  4.6851E-01  9.5347E-02  7.9398E-01 -9.2130E-02
  2.5349E-01  1.2051E+01  2.2553E-02  4.6831E-01  9.5343E-02  7.9397E-01 -9.2122E-02
  2.5573E-01  1.2059E+01  2.2546E-02  4.6810E-01  9.5338E-02  7.9395E-01 -9.2114E-02
  2.5797E-01  1.2066E+01  2.2540E-02  4.6789E-01  9.5333E-02  7.9394E-01 -9.2106E-02
  2.6022E-01  1.2074E+01  2.2533E-02  4.6769E-01  9.5328E-02  7.9392E-01 -9.2099E-02
  2.6246E-01  1.2081E+01  2.2527E-02  4.6748E-01  9.5323E-02  7.9391E-01 -9.2091E-02
  2.6470E-01  1.2089E+01  2.2520E-02  4.6727E-01  9.5319E-02  7.9389E-01 -9.2083E-02
  2.6695E-01  1.2096E+01  2.2514E-02  4.6707E-01  9.5314E-02  7.9388E-01 -9.2075E-02
  2.6919E-01  1.2104E+01  2.2507E-02  4.6686E-01  9.5309E-02  7.9386E-01 -9.2068E-02
  2.7143E-01  1.2111E+01  2.2501E-02  4.6665E-01  9.5304E-02  7.9385E-01 -9.2060E-02
  2.7368E-01  1.2119E+01  2.2495E-02  4.6645E-01  9.5300E-02  7.9383E-01 -9.2052E-02
  2.7592E-01  1.2126E+01  2.2488E-02  4.6624E-01  9.5295E-02  7.9382E-01 -9.2045E-02
  2.7816E-01  1.2134E+01  2.2482E-02  4.6603E-01  9.5290E-02  7.9381E-01 -9.2037E-02
  2.8040E-01  1.2141E+01  2.2475E-02  4.6583E-01  9.5285E-02  7.9379E-01 -9.2029E-02
  2.8265E-01  1.2148E+01  2.2469E-02  4.6562E-01  9.5280E-02  7.9378E-01 -9.2021E-02
  2.8489E-01  1.2156E+01  2.2462E-02  4.6541E-01  9.5276E-02  7.9376E-01 -9.2014E-02
  2.8713E-01  1.2163E+01  2.2456E-02  4.6521E-01  9.5271E-02  7.9375E-01 -9.2006E-02
  2.8938E-01  1.2171E+01  2.2449E-02  4.6500E-01  9.5266E-02  7.9373E-01 -9.1998E-02
  2.9162E-01  1.2178E+01  2.2443E-02  4.6479E-01  9.5261E-02  7.9372E-01 -9.1990E-02
  2.9386E-01  1.2186E+01  2.2436E-02  4.6459E-01  9.5257E-02  7.9370E-01 -9.1983E-02
  2.9611E-01  1.2193E+01  2.2430E-02  4.6438E-01  9.5252E-02  7.9369E-01 -9.1975E-02
  2.9835E-01  1.2201E+01  2.2423E-02  4.6417E-01  9.5247E-02  7.9367E-01 -9.1967E-02
  3.0059E-01  1.2208E+01  2.2417E-02  4.6397E-01  9.5242E-02  7.9366E-01 -9.1959E-02
  3.0284E-01  1.2216E+01  2.2410E-02  4.6376E-01  9.5238E-02  7.9365E-01 -9.1952E-02
  3.0508E-01  1.2223E+01  2.2404E-02  4.6356E-01  9.5233E-02  7.9363E-01 -9.1944E-02
  3.0732E-01  1.2231E+01  2.2397E-02  4.6335E-01  9.5228E-02  7.9362E-01 -9.1936E-02
  3.0957E-01  1.2238E+01  2.2391E-02  4.6314E-01  9.5224E-02  7.9360E-01 -9.1928E-02
  3.1181E-01  1.2246E+01  2.2384E-02  4.6294E-01  9.5219E-02  7.9359E-01 -9.1920E-02
  3.1405E-01  1.2253E+01  2.2378E-02  4.6273E-01  9.5214E-02  7.9357E-01 -9.1913E-02
  3.1630E-01  1.2261E+01  2.2372E-02  4.6252E-01  9.5209E-02  7.9356E-01 -9.1905E-02
  3.1854E-01  1.2268E+01  2.2365E-02  4.6232E-01  9.5205E-02  7.9354E-01 -9.1897E-02
  3.2078E-01  1.2276E+01  2.2359E-02  4.6211E-01  9.5200E-02  7.9353E-01 -9.1889E-02
  3.2303E-01  1.2283E+01  2.2352E-02  4.6191E-01  9.5195E-02  7.9352E-01 -9.1882E-02
  3.2527E-01  1.2291E+01  2.2346E-02  4.6170E-01  9.5190E-02  7.9350E-01 -9.1874E-02
  3.2751E-01  1.2298E+01  2.2339E-02  4.6149E-01  9.5186E-02  7.9349E-01 -9.1866E-02
  3.2976E-01  1.2306E+01  2.2333E-02  4.6129E-01  9.5181E-02  7.9347E-01 -9.1858E-02
  3.3200E-01  1.2313E+01  2.2326E-02  4.6108E-01  9.5176E-02  7.9346E-01 -9.1850E-02
  3.3424E-01  1.2321E+01  2.2320E-02  4.6087E-01  9.5172E-02  7.9344E-01 -9.1843E-02
  3.3649E-01  1.2328E+01  2.2313E-02  4.6067E-01  9.5167E-02  7.9343E-01 -9.1835E-02
  3.3873E-01  1.2336E+01  2.2307E-02  4.6046E-01  9.5162E-02  7.9341E-01 -9.1827E-02
  3.4097E-01  1.2343E+01  2.2300E-02  4.6026E-01  9.5158E-02  7.9340E-01 -9.1819E-02
  3.4322E-01  1.2351E+01  2.2294E-02  4.6005E-01  9.5153E-02  7.9339E-01 -9.1812E-02
  3.4546E-01  1.2358E+01  2.2287E-02  4.5984E-01  9.5148E-02  7.9337E-01 -9.1804E-02
  3.4770E-01  1.2366E+01  2.2281E-02  4.5964E-01  9.5143E-02  7.9336E-01 -9.1796E-02
  3.4995E-01  1.2373E+01  2.2274E-02  4.5943E-01  9.5139E-02  7.9334E-01 -9.1788E-02
  3.5219E-01  1.2380E+01  2.2268E-02  4.5923E-01  9.5134E-02  7.9333E-01 -9.1780E-02
  3.5443E-01  1.2388E+01  2.2261E-02  4.5902E-01  9.5129E-02  7.9331E-01 -9.1773E-02
  3.5667E-01  1.2395E+01  2.2255E-02  4.5881E-01  9.5125E-02  7.9330E-01 -9.1765E-02
  3.5892E-01  1.2403E+01  2.2248E-02  4.5861E-01  9.5120E-02  7.9328E-01 -9.1757E-02
  3.6116E-01  1.2410E+01  2.2242E-02  4.5840E-01  9.5115E-02  7.9327E-01 -9.1749E-02
  3.6340E-01  1.2418E+01  2.2235E-02  4.5820E-01  9.5111E-02  7.9326E-01 -9.1741E-02
  3.6565E-01  1.2425E+01  2.2229E-02  4.5799E-01  9.5106E-02  7.9324E-01 -9.1733E-02
  3.6789E-01  1.2433E+01  2.2223E-02  4.5779E-01  9.5101E-02  7.9323E-01 -9.1726E-02
  3.7013E-01  1.2440E+01  2.2216E-02  4.5758E-01  9.5097E-02  7.9321E-01 -9.1718E-02
  3.7238E-01  1.2448E+01  2.2210E-02  4.5737E-01  9.5092E-02  7.9320E-01 -9.1710E-02
  3.7462E-01  1.2455E+01  2.2203E-02  4.5717E-01  9.5087E-02  7.9318E-01 -9.1702E-02
  3.7686E-01  1.2463E+01  2.2197E-02  4.5696E-01  9.5083E-02  7.9317E-01 -9.1694E-02
  3.7911E-01  1.2470E+01  2.2190E-02  4.5676E-01  9.5078E-02  7.9316E-01 -9.1687E-02
  3.8135E-01  1.2478E+01  2.2184E-02  4.5655E-01  9.5073E-02  7.9314E-01 -9.1679E-02
  3.8359E-01  1.2485E+01  2.2177E-02  4.5635E-01  9.5069E-02  7.9313E-01 -9.1671E-02
  3.8584E-01  1.2493E+01  2.2171E-02  4.5614E-01  9.5064E-02  7.9311E-01 -9.1663E-02
  3.8808E-01  1.2500E+01  2.2164E-02  4.5593E-01  9.5059E-02  7.9310E-01 -9.1655E-02
  3.9032E-01  1.2508E+01  2.2158E-02  4.5573E-01  9.5055E-02  7.9308E-01 -9.1647E-02
  3.9257E-01  1.2515E+01  2.2151E-02  4.5552E-01  9.5050E-02  7.9307E-01 -9.1640E-02
  3.9481E-01  1.2523E+01  2.2145E-02  4.5532E-01  9.5045E-02  7.9306E-01 -9.1632E-02
  3.9705E-01  1.2530E+01  2.2138E-02  4.5511E-01  9.5041E-02  7.9304E-01 -9.1624E-02
  3.9930E-01  1.2538E+01  2.2132E-02  4.5491E-01  9.5036E-02  7.9303E-01 -9.1616E-02
  4.0154E-01  1.2545E+01  2.2125E-02  4.5470E-01  9.5031E-02  7.9301E-01 -9.1608E-02
  4.0378E-01  1.2553E+01  2.2119E-02  4.5449E-01  9.5027E-02  7.9300E-01 -9.1600E-02
  4.0603E-01  1.2560E+01  2.2112E-02  4.5429E-01  9.5022E-02  7.9299E-01 -9.1593E-02
  4.0827E-01  1.2568E+01  2.2106E-02  4.5408E-01  9.5017E-02  7.9297E-01 -9.1585E-02
  4.1051E-01  1.2575E+01  2.2099E-02  4.5388E-01  9.5013E-02  7.9296E-01 -9.1577E-02
  4.1276E-01  1.2583E+01  2.2093E-02  4.5367E-01  9.5008E-02  7.9294E-01 -9.1569E-02
  4.1500E-01  1.2590E+01  2.2086E-02  4.5347E-01  9.5004E-02  7.9293E-01 -9.1561E-02
  4.1724E-01  1.2597E+01  2.2080E-02  4.5326E-01  9.4999E-02  7.9291E-01 -9.1553E-02
  4.1949E-01  1.2605E+01  2.2073E-02  4.5306E-01  9.4994E-02  7.9290E-01 -9.1545E-02
  4.2173E-01  1.2612E+01  2.2067E-02  4.5285E-01  9.4990E-02  7.9289E-01 -9.1538E-02
  4.2397E-01  1.2620E+01  2.2061E-02  4.5265E-01  9.4985E-02  7.9287E-01 -9.1530E-02
  4.2622E-01  1.2627E+01  2.2054E-02  4.5244E-01  9.4980E-02  7.9286E-01 -9.1522E-02
  4.2846E-01  1.2635E+01  2.2048E-02  4.5223E-01  9.4976E-02  7.9284E-01 -9.1514E-02
  4.3070E-01  1.2642E+01  2.2041E-02  4.5203E-01  9.4971E-02  7.9283E-01 -9.1506E-02
  4.3294E-01  1.2650E+01  2.2035E-02  4.5182E-01  9.4967E-02  7.9282E-01 -9.1498E-02
  4.3519E-01  1.2657E+01  2.2028E-02  4.5162E-01  9.4962E-02  7.9280E-01 -9.1490E-02
  4.3743E-01  1.2665E+01  2.2022E-02  4.5141E-01  9.4957E-02  7.9279E-01 -9.1483E-02
  4.3967E-01  1.2672E+01  2.2015E-02  4.5121E-01  9.4953E-02  7.9277E-01 -9.1475E-02
  4.4192E-01  1.2680E+01  2.2009E-02  4.5100E-01  9.4948E-02  7.9276E-01 -9.1467E-02
  4.4416E-01  1.2687E+01  2.2002E-02  4.5080E-01  9.4944E-02  7.9275E-01 -9.1459E-02
  4.4640E-01  1.2695E+01  2.1996E-02  4.5059E-01  9.4939E-02  7.9273E-01 -9.1451E-02
  4.4865E-01  1.2702E+01  2.1989E-02  4.5039E-01  9.4934E-02  7.9272E-01 -9.1443E-02
  4.5089E-01  1.2710E+01  2.1983E-02  4.5018E-01  9.4930E-02  7.9270E-01 -9.1435E-02
  4.5313E-01  1.2717E+01  2.1976E-02  4.4998E-01  9.4925E-02  7.9269E-01 -9.1427E-02
  4.5538E-01  1.2725E+01  2.1970E-02  4.4977E-01  9.4921E-02  7.9268E-01 -9.1420E-02
  4.5762E-01  1.2732E+01  2.1963E-02  4.4957E-01  9.4916E-02  7.9266E-01 -9.1412E-02
  4.5986E-01  1.2740E+01  2.1957E-02  4.4936E-01  9.4912E-02  7.9265E-01 -9.1404E-02
  4.6211E-01  1.2747E+01  2.1950E-02  4.4916E-01  9.4907E-02  7.9263E-01 -9.1396E-02
  4.6435E-01  1.2755E+01  2.1944E-02  4.4895E-01  9.4902E-02  7.9262E-01 -9.1388E-02
  4.6659E-01  1.2762E+01  2.1937E-02  4.4875E-01  9.4898E-02  7.9261E-01 -9.1380E-02
  4.6884E-01  1.2770E+01  2.1931E-02  4.4854E-01  9.4893E-02  7.9259E-01 -9.1372E-02
  4.7108E-01  1.2777E+01  2.1924E-02  4.4834E-01  9.4889E-02  7.9258E-01 -9.1364E-02
  4.7332E-01  1.2785E+01  2.1918E-02  4.4813E-01  9.4884E-02  7.9256E-01 -9.1356E-02
  4.7557E-01  1.2792E+01  2.1911E-02  4.4793E-01  9.4880E-02  7.9255E-01 -9.1348E-02
  4.7781E-01  1.2800E+01  2.1905E-02  4.4772E-01  9.4875E-02  7.9254E-01 -9.1341E-02
  4.8005E-01  1.2807E+01  2.1898E-02  4.4752E-01  9.4870E-02  7.9252E-01 -9.1333E-02
  4.8230E-01  1.2815E+01  2.1892E-02  4.4731E-01  9.4866E-02  7.9251E-01 -9.1325E-02
  4.8454E-01  1.2822E+01  2.1885E-02  4.4711E-01  9.4861E-02  7.9250E-01 -9.1317E-02
  4.8678E-01  1.2829E+01  2.1879E-02  4.4690E-01  9.4857E-02  7.9248E-01 -9.1309E-02
  4.8903E-01  1.2837E+01  2.1872E-02  4.4670E-01  9.4852E-02  7.9247E-01 -9.1301E-02
  4.9127E-01  1.2844E+01  2.1866E-02  4.4649E-01  9.4839E-02  7.9247E-01 -9.1284E-02
  4.9351E-01  1.2852E+01  2.1859E-02  4.4629E-01  9.4798E-02  7.9248E-01 -9.1238E-02
  4.9576E-01  1.2859E+01  2.1853E-02  4.4608E-01  9.4705E-02  7.9251E-01 -9.1137E-02
  4.9800E-01  1.2867E+01  2.1847E-02  4.4588E-01  9.4487E-02  7.9262E-01 -9.0907E-02
  5.0024E-01  1.2874E+01  2.1840E-02  4.4567E-01  9.3988E-02  7.9286E-01 -9.0382E-02
  5.0249E-01  1.2882E+01  2.1834E-02  4.4547E-01  9.2908E-02  7.9334E-01 -8.9250E-02
  5.0473E-01  1.2889E+01  2.1828E-02  4.4527E-01  9.0830E-02  7.9403E-01 -8.7075E-02
  5.0697E-01  1.2897E+01  2.1822E-02  4.4508E-01  8.7466E-02  7.9473E-01 -8.3550E-02
  5.0922E-01  1.2904E+01  2.1816E-02  4.4490E-01  8.2940E-02  7.9522E-01 -7.8791E-02
  5.1146E-01  1.2912E+01  2.1812E-02  4.4473E-01  7.7668E-02  7.9547E-01 -7.3214E-02
  5.1370E-01  1.2919E+01  2.1807E-02  4.4457E-01  7.2042E-02  7.9558E-01 -6.7211E-02
  5.1594E-01  1.2927E+01  2.1804E-02  4.4443E-01  6.6302E-02  7.9562E-01 -6.1014E-02
  5.1819E-01  1.2934E+01  2.1801E-02  4.4430E-01  6.0576E-02  7.9563E-01 -5.4735E-02
  5.2043E-01  1.2942E+01  2.1799E-02  4.4418E-01  5.4940E-02  7.9564E-01 -4.8420E-02
  5.2267E-01  1.2949E+01  2.1798E-02  4.4408E-01  4.9451E-02  7.9562E-01 -4.2086E-02
  5.2492E-01  1.2957E+01  2.1797E-02  4.4399E-01  4.4189E-02  7.9560E-01 -3.5752E-02
  5.2716E-01  1.2964E+01  2.1797E-02  4.4392E-01  3.9244E-02  7.9559E-01 -2.9418E-02
  5.2940E-01  1.2972E+01  2.1797E-02  4.4386E-01  3.4753E-02  7.9558E-01 -2.3086E-02
  5.3165E-01  1.2979E+01  2.1799E-02  4.4382E-01  3.0914E-02  7.9556E-01 -1.6755E-02
  5.3389E-01  1.2987E+01  2.1801E-02  4.4379E-01  2.7994E-02  7.9555E-01 -1.0424E-02
  5.3613E-01  1.2994E+01  2.1804E-02  4.4377E-01  2.6302E-02  7.9554E-01 -4.0936E-03
  5.3838E-01  1.3002E+01  2.1807E-02  4.4377E-01  2.6077E-02  7.9553E-01  2.2368E-03
  5.4062E-01  1.3009E+01  2.1811E-02  4.4378E-01  2.7356E-02  7.9551E-01  8.5673E-03
  5.4286E-01  1.3017E+01  2.1816E-02  4.4381E-01  2.9947E-02  7.9550E-01  1.4898E-02
  5.4511E-01  1.3024E+01  2.1822E-02  4.4385E-01  3.3547E-02  7.9549E-01  2.1229E-02
  5.4735E-01  1.3032E+01  2.1828E-02  4.4390E-01  3.7870E-02  7.9547E-01  2.7561E-02
  5.4959E-01  1.3039E+01  2.1835E-02  4.4397E-01  4.2698E-02  7.9546E-01  3.3894E-02
  5.5184E-01  1.3046E+01  2.1842E-02  4.4405E-01  4.7878E-02  7.9545E-01  4.0228E-02
  5.5408E-01  1.3054E+01  2.1851E-02  4.4415E-01  5.3308E-02  7.9544E-01  4.6563E-02
  5.5632E-01  1.3061E+01  2.1860E-02  4.4426E-01  5.8921E-02  7.9542E-01  5.2899E-02
  5.5857E-01  1.3069E+01  2.1870E-02  4.4439E-01  6.4669E-02  7.9541E-01  5.9238E-02
  5.6081E-01  1.3076E+01  2.1880E-02  4.4453E-01  7.0519E-02  7.9540E-01  6.5578E-02
  5.6305E-01  1.3084E+01  2.1891E-02  4.4468E-01  7.6449E-02  7.9538E-01  7.1920E-02
  5.6530E-01  1.3091E+01  2.1903E-02  4.4485E-01  8.2443E-02  7.9537E-01  7.8265E-02
  5.6754E-01  1.3099E+01  2.1916E-02  4.4504E-01  8.8488E-02  7.9536E-01  8.4612E-02
  5.6978E-01  1.3106E+01  2.1929E-02  4.4523E-01  9.4574E-02  7.9534E-01  9.0962E-02
  5.7203E-01  1.3114E+01  2.1943E-02  4.4544E-01  1.0070E-01  7.9533E-01  9.7314E-02
  5.7427E-01  1.3121E+01  2.1957E-02  4.4567E-01  1.0685E-01  7.9531E-01  1.0367E-01
  5.7651E-01  1.3129E+01  2.1973E-02  4.4591E-01  1.1302E-01  7.9530E-01  1.1003E-01
  5.7876E-01  1.3136E+01  2.1989E-02  4.4616E-01  1.1922E-01  7.9529E-01  1.1639E-01
  5.8100E-01  1.3144E+01  2.2006E-02  4.4643E-01  1.2544E-01  7.9527E-01  1.2276E-01
  5.8324E-01  1.3151E+01  2.2023E-02  4.4671E-01  1.3168E-01  7.9526E-01  1.2913E-01
  5.8549E-01  1.3159E+01  2.2041E-02  4.4701E-01  1.3793E-01  7.9524E-01  1.3550E-01
  5.8773E-01  1.3166E+01  2.2060E-02  4.4732E-01  1.4420E-01  7.9523E-01  1.4188E-01
  5.8997E-01  1.3174E+01  2.2080E-02  4.4765E-01  1.5048E-01  7.9521E-01  1.4826E-01
  5.9221E-01  1.3181E+01  2.2100E-02  4.4799E-01  1.5677E-01  7.9517E-01  1.5464E-01
  5.9446E-01  1.3189E+01  2.2121E-02  4.4834E-01  1.6303E-01  7.9512E-01  1.6099E-01
  5.9670E-01  1.3196E+01  2.2143E-02  4.4871E-01  1.6925E-01  7.9502E-01  1.6729E-01
  5.9894E-01  1.3204E+01  2.2165E-02  4.4909E-01  1.7533E-01  7.9480E-01  1.7344E-01
  6.0119E-01  1.3211E+01  2.2188E-02  4.4949E-01  1.8110E-01  7.9437E-01  1.7928E-01
  6.0343E-01  1.3219E+01  2.2212E-02  4.4990E-01  1.8623E-01  7.9365E-01  1.8447E-01
  6.0567E-01  1.3226E+01  2.2236E-02  4.5032E-01  1.9028E-01  7.9278E-01  1.8856E-01
  6.0792E-01  1.3234E+01  2.2260E-02  4.5074E-01  1.9296E-01  7.9214E-01  1.9127E-01
  6.1016E-01  1.3241E+01  2.2285E-02  4.5117E-01  1.9445E-01  7.9184E-01  1.9278E-01
  6.1240E-01  1.3249E+01  2.2310E-02  4.5161E-01  1.9516E-01  7.9174E-01  1.9350E-01
  6.1465E-01  1.3256E+01  2.2335E-02  4.5204E-01  1.9548E-01  7.9170E-01  1.9382E-01
  6.1689E-01  1.3264E+01  2.2360E-02  4.5248E-01  1.9561E-01  7.9168E-01  1.9396E-01
  6.1913E-01  1.3271E+01  2.2385E-02  4.5291E-01  1.9567E-01  7.9166E-01  1.9403E-01
  6.2138E-01  1.3278E+01  2.2410E-02  4.5335E-01  1.9570E-01  7.9163E-01  1.9405E-01
  6.2362E-01  1.3286E+01  2.2435E-02  4.5378E-01  1.9570E-01  7.9163E-01  1.9406E-01
  6.2586E-01  1.3293E+01  2.2460E-02  4.5422E-01  1.9571E-01  7.9161E-01  1.9407E-01
  6.2811E-01  1.3301E+01  2.2485E-02  4.5466E-01  1.9571E-01  7.9160E-01  1.9408E-01
  6.3035E-01  1.3308E+01  2.2510E-02  4.5509E-01  1.9572E-01  7.9158E-01  1.9409E-01
  6.3259E-01  1.3316E+01  2.2535E-02  4.5553E-01  1.9572E-01  7.9157E-01  1.9409E-01
  6.3484E-01  1.3323E+01  2.2560E-02  4.5596E-01  1.9572E-01  7.9155E-01  1.9410E-01
  6.3708E-01  1.3331E+01  2.2585E-02  4.5640E-01  1.9573E-01  7.9153E-01  1.9411E-01
  6.3932E-01  1.3338E+01  2.2610E-02  4.5683E-01  1.9573E-01  7.9152E-01  1.9412E-01
  6.4157E-01  1.3346E+01  2.2635E-02  4.5727E-01  1.9574E-01  7.9150E-01  1.9412E-01
  6.4381E-01  1.3353E+01  2.2660E-02  4.5771E-01  1.9574E-01  7.9149E-01  1.9413E-01
  6.4605E-01  1.3361E+01  2.2685E-02  4.5814E-01  1.9575E-01  7.9147E-01  1.9414E-01
  6.4830E-01  1.3368E+01  2.2710E-02  4.5858E-01  1.9575E-01  7.9146E-01  1.9415E-01
  6.5054E-01  1.3376E+01  2.2735E-02  4.5901E-01  1.9575E-01  7.9144E-01  1.9415E-01
  6.5278E-01  1.3383E+01  2.2760E-02  4.5945E-01  1.9576E-01  7.9143E-01  1.9416E-01
  6.5503E-01  1.3391E+01  2.2785E-02  4.5988E-01  1.9576E-01  7.9141E-01  1.9417E-01
  6.5727E-01  1.3398E+01  2.2810E-02  4.6032E-01  1.9577E-01  7.9139E-01  1.9418E-01
  6.5951E-01  1.3406E+01  2.2835E-02  4.6076E-01  1.9577E-01  7.9138E-01  1.9418E-01
  6.6176E-01  1.3413E+01  2.2860E-02  4.6119E-01  1.9578E-01  7.9136E-01  1.9419E-01
  6.6400E-01  1.3421E+01  2.2885E-02  4.6163E-01  1.9578E-01  7.9135E-01  1.9420E-01
  6.6624E-01  1.3428E+01  2.2910E-02  4.6206E-01  1.9579E-01  7.9133E-01  1.9421E-01
  6.6848E-01  1.3436E+01  2.2935E-02  4.6250E-01  1.9579E-01  7.9132E-01  1.9421E-01
  6.7073E-01  1.3443E+01  2.2960E-02  4.6294E-01  1.9579E-01  7.9130E-01  1.9422E-01
  6.7297E-01  1.3451E+01  2.2985E-02  4.6337E-01  1.9580E-01  7.9128E-01  1.9423E-01
  6.7521E-01  1.3458E+01  2.3010E-02  4.6381E-01  1.9580E-01  7.9127E-01  1.9424E-01
  6.7746E-01  1.3466E+01  2.3035E-02  4.6424E-01  1.9581E-01  7.9125E-01  1.9424E-01
  6.7970E-01  1.3473E+01  2.3060E-02  4.6468E-01  1.9581E-01  7.9124E-01  1.9425E-01
  6.8194E-01  1.3481E+01  2.3085E-02  4.6512E-01  1.9582E-01  7.9122E-01  1.9426E-01
  6.8419E-01  1.3488E+01  2.3110E-02  4.6555E-01  1.9582E-01  7.9121E-01  1.9426E-01
  6.8643E-01  1.3496E+01  2.3135E-02  4.6599E-01  1.9582E-01  7.9119E-01  1.9427E-01
  6.8867E-01  1.3503E+01  2.3160E-02  4.6642E-01  1.9583E-01  7.9117E-01  1.9428E-01
  6.9092E-01  1.3510E+01  2.3185E-02  4.6686E-01  1.9583E-01  7.9116E-01  1.9429E-01
  6.9316E-01  1.3518E+01  2.3210E-02  4.6730E-01  1.9584E-01  7.9114E-01  1.9429E-01
  6.9540E-01  1.3525E+01  2.3235E-02  4.6773E-01  1.9584E-01  7.9113E-01  1.9430E-01
  6.9765E-01  1.3533E+01  2.3260E-02  4.6817E-01  1.9585E-01  7.9111E-01  1.9431E-01
  6.9989E-01  1.3540E+01  2.3285E-02  4.6860E-01  1.9585E-01  7.9109E-01  1.9432E-01
  7.0213E-01  1.3548E+01  2.3310E-02  4.6904E-01  1.9585E-01  7.9108E-01  1.9432E-01
  7.0438E-01  1.3555E+01  2.3335E-02  4.6948E-01  1.9586E-01  7.9106E-01  1.9433E-01
  7.0662E-01  1.3563E+01  2.3360E-02  4.6991E-01  1.9586E-01  7.9105E-01  1.9434E-01
  7.0886E-01  1.3570E+01  2.3385E-02  4.7035E-01  1.9587E-01  7.9103E-01  1.9435E-01
  7.1111E-01  1.3578E+01  2.3410E-02  4.7079E-01  1.9587E-01  7.9102E-01  1.9435E-01
  7.1335E-01  1.3585E+01  2.3435E-02  4.7122E-01  1.9588E-01  7.9100E-01  1.9436E-01
  7.1559E-01  1.3593E+01  2.3460E-02  4.7166E-01  1.9588E-01  7.9098E-01  1.9437E-01
  7.1784E-01  1.3600E+01  2.3485E-02  4.7209E-01  1.9589E-01  7.9097E-01  1.9437E-01
  7.1836E-01  1.3602E+01  2.3490E-02  4.7220E-01  1.9589E-01  7.9096E-01  1.9438E-01
  7.2004E-01  1.3608E+01  2.3509E-02  4.7252E-01  1.9589E-01  7.9095E-01  1.9438E-01
  7.2232E-01  1.3615E+01  2.3535E-02  4.7297E-01  1.9589E-01  7.9094E-01  1.9439E-01
  7.2457E-01  1.3623E+01  2.3560E-02  4.7340E-01  1.9590E-01  7.9092E-01  1.9440E-01
  7.2681E-01  1.3630E+01  2.3584E-02  4.7384E-01  1.9590E-01  7.9090E-01  1.9440E-01
  7.2905E-01  1.3638E+01  2.3609E-02  4.7428E-01  1.9591E-01  7.9089E-01  1.9441E-01
  7.3130E-01  1.3645E+01  2.3634E-02  4.7471E-01  1.9591E-01  7.9087E-01  1.9442E-01
  7.3354E-01  1.3653E+01  2.3659E-02  4.7515E-01  1.9592E-01  7.9086E-01  1.9442E-01
  7.3578E-01  1.3660E+01  2.3684E-02  4.7558E-01  1.9592E-01  7.9084E-01  1.9443E-01
  7.3803E-01  1.3668E+01  2.3709E-02  4.7602E-01  1.9592E-01  7.9082E-01  1.9444E-01
  7.4027E-01  1.3675E+01  2.3734E-02  4.7646E-01  1.9593E-01  7.9081E-01  1.9445E-01
  7.4251E-01  1.3683E+01  2.3759E-02  4.7689E-01  1.9593E-01  7.9079E-01  1.9445E-01
  7.4476E-01  1.3690E+01  2.3784E-02  4.7733E-01  1.9594E-01  7.9078E-01  1.9446E-01
  7.4700E-01  1.3698E+01  2.3809E-02  4.7777E-01  1.9594E-01  7.9076E-01  1.9447E-01
  7.4924E-01  1.3705E+01  2.3834E-02  4.7820E-01  1.9595E-01  7.9074E-01  1.9447E-01
  7.5148E-01  1.3713E+01  2.3859E-02  4.7864E-01  1.9595E-01  7.9073E-01  1.9448E-01
  7.5373E-01  1.3720E+01  2.3884E-02  4.7908E-01  1.9595E-01  7.9071E-01  1.9449E-01
  7.5597E-01  1.3727E+01  2.3909E-02  4.7951E-01  1.9596E-01  7.9070E-01  1.9450E-01
  7.5821E-01  1.3735E+01  2.3934E-02  4.7995E-01  1.9596E-01  7.9068E-01  1.9450E-01
  7.6046E-01  1.3742E+01  2.3959E-02  4.8039E-01  1.9597E-01  7.9066E-01  1.9451E-01
  7.6270E-01  1.3750E+01  2.3984E-02  4.8082E-01  1.9597E-01  7.9065E-01  1.9452E-01
  7.6494E-01  1.3757E+01  2.4009E-02  4.8126E-01  1.9598E-01  7.9063E-01  1.9452E-01
  7.6719E-01  1.3765E+01  2.4034E-02  4.8170E-01  1.9598E-01  7.9061E-01  1.9453E-01
  7.6943E-01  1.3772E+01  2.4059E-02  4.8213E-01  1.9598E-01  7.9060E-01  1.9454E-01
  7.7167E-01  1.3780E+01  2.4084E-02  4.8257E-01  1.9599E-01  7.9058E-01  1.9455E-01
  7.7392E-01  1.3787E+01  2.4109E-02  4.8301E-01  1.9599E-01  7.9057E-01  1.9455E-01
  7.7616E-01  1.3795E+01  2.4134E-02  4.8344E-01  1.9600E-01  7.9055E-01  1.9456E-01
  7.7840E-01  1.3802E+01  2.4159E-02  4.8388E-01  1.9600E-01  7.9053E-01  1.9457E-01
  7.8065E-01  1.3810E+01  2.4184E-02  4.8432E-01  1.9601E-01  7.9052E-01  1.9457E-01
  7.8289E-01  1.3817E+01  2.4209E-02  4.8475E-01  1.9601E-01  7.9050E-01  1.9458E-01
  7.8513E-01  1.3825E+01  2.4234E-02  4.8519E-01  1.9601E-01  7.9048E-01  1.9459E-01
  7.8738E-01  1.3832E+01  2.4259E-02  4.8563E-01  1.9602E-01  7.9047E-01  1.9459E-01
  7.8962E-01  1.3840E+01  2.4284E-02  4.8606E-01  1.9602E-01  7.9045E-01  1.9460E-01
  7.9186E-01  1.3847E+01  2.4309E-02  4.8650E-01  1.9603E-01  7.9044E-01  1.9461E-01
  7.9411E-01  1.3855E+01  2.4334E-02  4.8694E-01  1.9603E-01  7.9042E-01  1.9462E-01
  7.9635E-01  1.3862E+01  2.4359E-02  4.8737E-01  1.9604E-01  7.9040E-01  1.9462E-01
  7.9859E-01  1.3870E+01  2.4384E-02  4.8781E-01  1.9604E-01  7.9039E-01  1.9463E-01
  8.0084E-01  1.3877E+01  2.4409E-02  4.8825E-01  1.9604E-01  7.9037E-01  1.9464E-01
  8.0308E-01  1.3885E+01  2.4434E-02  4.8868E-01  1.9605E-01  7.9035E-01  1.9464E-01
  8.0532E-01  1.3892E+01  2.4459E-02  4.8912E-01  1.9605E-01  7.9034E-01  1.9465E-01
  8.0757E-01  1.3900E+01  2.4484E-02  4.8956E-01  1.9606E-01  7.9032E-01  1.9466E-01
  8.0981E-01  1.3907E+01  2.4509E-02  4.8999E-01  1.9606E-01  7.9031E-01  1.9466E-01
  8.1205E-01  1.3915E+01  2.4534E-02  4.9043E-01  1.9607E-01  7.9029E-01  1.9467E-01
  8.1430E-01  1.3922E+01  2.4559E-02  4.9087E-01  1.9607E-01  7.9027E-01  1.9468E-01
  8.1654E-01  1.3930E+01  2.4584E-02  4.9131E-01  1.9607E-01  7.9026E-01  1.9468E-01
  8.1878E-01  1.3937E+01  2.4609E-02  4.9174E-01  1.9608E-01  7.9024E-01  1.9469E-01
  8.2103E-01  1.3945E+01  2.4634E-02  4.9218E-01  1.9608E-01  7.9022E-01  1.9470E-01
  8.2327E-01  1.3952E+01  2.4659E-02  4.9262E-01  1.9609E-01  7.9021E-01  1.9470E-01
  8.2551E-01  1.3959E+01  2.4684E-02  4.9305E-01  1.9609E-01  7.9019E-01  1.9471E-01
  8.2775E-01  1.3967E+01  2.4709E-02  4.9349E-01  1.9610E-01  7.9017E-01  1.9472E-01
  8.3000E-01  1.3974E+01  2.4734E-02  4.9393E-01  1.9610E-01  7.9016E-01  1.9473E-01
  8.3224E-01  1.3982E+01  2.4759E-02  4.9436E-01  1.9610E-01  7.9014E-01  1.9473E-01
  8.3448E-01  1.3989E+01  2.4784E-02  4.9480E-01  1.9611E-01  7.9012E-01  1.9474E-01
  8.3673E-01  1.3997E+01  2.4809E-02  4.9524E-01  1.9611E-01  7.9011E-01  1.9475E-01
  8.3897E-01  1.4004E+01  2.4834E-02  4.9568E-01  1.9612E-01  7.9009E-01  1.9475E-01
  8.4121E-01  1.4012E+01  2.4859E-02  4.9611E-01  1.9612E-01  7.9008E-01  1.9476E-01
  8.4346E-01  1.4019E+01  2.4884E-02  4.9655E-01  1.9613E-01  7.9006E-01  1.9477E-01
  8.4570E-01  1.4027E+01  2.4909E-02  4.9699E-01  1.9613E-01  7.9004E-01  1.9477E-01
  8.4794E-01  1.4034E+01  2.4934E-02  4.9742E-01  1.9613E-01  7.9003E-01  1.9478E-01
  8.5019E-01  1.4042E+01  2.4959E-02  4.9786E-01  1.9614E-01  7.9001E-01  1.9479E-01
  8.5243E-01  1.4049E+01  2.4984E-02  4.9830E-01  1.9614E-01  7.8999E-01  1.9479E-01
  8.5467E-01  1.4057E+01  2.5009E-02  4.9874E-01  1.9615E-01  7.8998E-01  1.9480E-01
  8.5692E-01  1.4064E+01  2.5034E-02  4.9917E-01  1.9615E-01  7.8996E-01  1.9481E-01
  8.5916E-01  1.4072E+01  2.5059E-02  4.9961E-01  1.9616E-01  7.8994E-01  1.9481E-01
  8.6140E-01  1.4079E+01  2.5084E-02  5.0005E-01  1.9616E-01  7.8993E-01  1.9482E-01
  8.6365E-01  1.4087E+01  2.5109E-02  5.0049E-01  1.9616E-01  7.8991E-01  1.9483E-01
  8.6589E-01  1.4094E+01  2.5134E-02  5.0092E-01  1.9617E-01  7.8989E-01  1.9483E-01
  8.6813E-01  1.4102E+01  2.5159E-02  5.0136E-01  1.9617E-01  7.8988E-01  1.9484E-01
  8.7038E-01  1.4109E+01  2.5184E-02  5.0180E-01  1.9618E-01  7.8986E-01  1.9485E-01
  8.7262E-01  1.4117E+01  2.5208E-02  5.0223E-01  1.9618E-01  7.8984E-01  1.9485E-01
  8.7486E-01  1.4124E+01  2.5233E-02  5.0267E-01  1.9619E-01  7.8983E-01  1.9486E-01
  8.7711E-01  1.4132E+01  2.5258E-02  5.0311E-01  1.9619E-01  7.8981E-01  1.9487E-01
  8.7935E-01  1.4139E+01  2.5283E-02  5.0355E-01  1.9619E-01  7.8979E-01  1.9487E-01
  8.8159E-01  1.4147E+01  2.5308E-02  5.0398E-01  1.9620E-01  7.8978E-01  1.9488E-01
  8.8384E-01  1.4154E+01  2.5333E-02  5.0442E-01  1.9620E-01  7.8976E-01  1.9489E-01
  8.8608E-01  1.4162E+01  2.5358E-02  5.0486E-01  1.9621E-01  7.8974E-01  1.9489E-01
  8.8832E-01  1.4169E+01  2.5383E-02  5.0530E-01  1.9621E-01  7.8973E-01  1.9490E-01
  8.9057E-01  1.4176E+01  2.5408E-02  5.0573E-01  1.9622E-01  7.8971E-01  1.9491E-01
  8.9281E-01  1.4184E+01  2.5433E-02  5.0617E-01  1.9622E-01  7.8969E-01  1.9491E-01
  8.9505E-01  1.4191E+01  2.5458E-02  5.0661E-01  1.9622E-01  7.8968E-01  1.9492E-01
  8.9730E-01  1.4199E+01  2.5483E-02  5.0705E-01  1.9623E-01  7.8966E-01  1.9493E-01
  8.9954E-01  1.4206E+01  2.5508E-02  5.0748E-01  1.9623E-01  7.8964E-01  1.9493E-01
  9.0178E-01  1.4214E+01  2.5533E-02  5.0792E-01  1.9624E-01  7.8963E-01  1.9494E-01
  9.0402E-01  1.4221E+01  2.5558E-02  5.0836E-01  1.9624E-01  7.8961E-01  1.9495E-01
  9.0627E-01  1.4229E+01  2.5583E-02  5.0880E-01  1.9625E-01  7.8959E-01  1.9495E-01
  9.0851E-01  1.4236E+01  2.5608E-02  5.0923E-01  1.9625E-01  7.8958E-01  1.9496E-01
  9.1075E-01  1.4244E+01  2.5633E-02  5.0967E-01  1.9625E-01  7.8956E-01  1.9497E-01
  9.1300E-01  1.4251E+01  2.5658E-02  5.1011E-01  1.9626E-01  7.8954E-01  1.9497E-01
  9.1524E-01  1.4259E+01  2.5683E-02  5.1055E-01  1.9626E-01  7.8953E-01  1.9498E-01
  9.1748E-01  1.4266E+01  2.5708E-02  5.1098E-01  1.9627E-01  7.8951E-01  1.9498E-01
  9.1973E-01  1.4274E+01  2.5733E-02  5.1142E-01  1.9627E-01  7.8949E-01  1.9499E-01
  9.2197E-01  1.4281E+01  2.5758E-02  5.1186E-01  1.9627E-01  7.8948E-01  1.9500E-01
  9.2421E-01  1.4289E+01  2.5783E-02  5.1230E-01  1.9628E-01  7.8946E-01  1.9500E-01
  9.2646E-01  1.4296E+01  2.5808E-02  5.1274E-01  1.9628E-01  7.8944E-01  1.9501E-01
  9.2870E-01  1.4304E+01  2.5833E-02  5.1317E-01  1.9629E-01  7.8943E-01  1.9502E-01
  9.3094E-01  1.4311E+01  2.5858E-02  5.1361E-01  1.9629E-01  7.8941E-01  1.9502E-01
  9.3319E-01  1.4319E+01  2.5883E-02  5.1405E-01  1.9630E-01  7.8939E-01  1.9503E-01
  9.3543E-01  1.4326E+01  2.5908E-02  5.1449E-01  1.9630E-01  7.8938E-01  1.9504E-01
  9.3767E-01  1.4334E+01  2.5933E-02  5.1492E-01  1.9630E-01  7.8936E-01  1.9504E-01
  9.3992E-01  1.4341E+01  2.5958E-02  5.1536E-01  1.9631E-01  7.8934E-01  1.9505E-01
  9.4216E-01  1.4349E+01  2.5983E-02  5.1580E-01  1.9631E-01  7.8932E-01  1.9506E-01
  9.4440E-01  1.4356E+01  2.6008E-02  5.1624E-01  1.9632E-01  7.8931E-01  1.9506E-01
  9.4665E-01  1.4364E+01  2.6033E-02  5.1668E-01  1.9632E-01  7.8929E-01  1.9507E-01
  9.4889E-01  1.4371E+01  2.6058E-02  5.1711E-01  1.9633E-01  7.8927E-01  1.9508E-01
  9.5113E-01  1.4379E+01  2.6083E-02  5.1755E-01  1.9633E-01  7.8926E-01  1.9508E-01
  9.5338E-01  1.4386E+01  2.6108E-02  5.1799E-01  1.9633E-01  7.8924E-01  1.9509E-01
  9.5562E-01  1.4394E+01  2.6133E-02  5.1843E-01  1.9634E-01  7.8922E-01  1.9509E-01
  9.5786E-01  1.4401E+01  2.6158E-02  5.1886E-01  1.9634E-01  7.8921E-01  1.9510E-01
  9.6011E-01  1.4408E+01  2.6183E-02  5.1930E-01  1.9635E-01  7.8919E-01  1.9511E-01
  9.6235E-01  1.4416E+01  2.6208E-02  5.1974E-01  1.9635E-01  7.8917E-01  1.9511E-01
  9.6459E-01  1.4423E+01  2.6233E-02  5.2018E-01  1.9635E-01  7.8916E-01  1.9512E-01
  9.6684E-01  1.4431E+01  2.6258E-02  5.2062E-01  1.9636E-01  7.8914E-01  1.9513E-01
  9.6908E-01  1.4438E+01  2.6283E-02  5.2105E-01  1.9636E-01  7.8912E-01  1.9513E-01
  9.7132E-01  1.4446E+01  2.6308E-02  5.2149E-01  1.9637E-01  7.8910E-01  1.9514E-01
  9.7357E-01  1.4453E+01  2.6333E-02  5.2193E-01  1.9637E-01  7.8909E-01  1.9515E-01
  9.7581E-01  1.4461E+01  2.6357E-02  5.2237E-01  1.9638E-01  7.8907E-01  1.9515E-01
  9.7805E-01  1.4468E+01  2.6382E-02  5.2281E-01  1.9638E-01  7.8905E-01  1.9516E-01
  9.8030E-01  1.4476E+01  2.6407E-02  5.2324E-01  1.9638E-01  7.8904E-01  1.9516E-01
  9.8254E-01  1.4483E+01  2.6432E-02  5.2368E-01  1.9639E-01  7.8902E-01  1.9517E-01
  9.8478E-01  1.4491E+01  2.6457E-02  5.2412E-01  1.9639E-01  7.8900E-01  1.9518E-01
  9.8702E-01  1.4498E+01  2.6482E-02  5.2456E-01  1.9640E-01  7.8899E-01  1.9518E-01
  9.8927E-01  1.4506E+01  2.6507E-02  5.2500E-01  1.9640E-01  7.8897E-01  1.9519E-01
  9.9151E-01  1.4513E+01  2.6532E-02  5.2543E-01  1.9640E-01  7.8895E-01  1.9520E-01
  9.9375E-01  1.4521E+01  2.6557E-02  5.2587E-01  1.9641E-01  7.8893E-01  1.9520E-01
  9.9600E-01  1.4528E+01  2.6582E-02  5.2631E-01  1.9641E-01  7.8892E-01  1.9521E-01
  9.9824E-01  1.4536E+01  2.6607E-02  5.2675E-01  1.9642E-01  7.8890E-01  1.9521E-01
  1.0005E+00  1.4543E+01  2.6632E-02  5.2719E-01  1.9642E-01  7.8888E-01  1.9522E-01
  1.0027E+00  1.4551E+01  2.6657E-02  5.2763E-01  1.9643E-01  7.8887E-01  1.9523E-01
  1.0050E+00  1.4558E+01  2.6682E-02  5.2806E-01  1.9643E-01  7.8885E-01  1.9523E-01
  1.0072E+00  1.4566E+01  2.6707E-02  5.2850E-01  1.9643E-01  7.8883E-01  1.9524E-01
  1.0095E+00  1.4573E+01  2.6732E-02  5.2894E-01  1.9644E-01  7.8881E-01  1.9525E-01
  1.0117E+00  1.4581E+01  2.6757E-02  5.2938E-01  1.9644E-01  7.8880E-01  1.9525E-01
  1.0139E+00  1.4588E+01  2.6782E-02  5.2982E-01  1.9645E-01  7.8878E-01  1.9526E-01
  1.0162E+00  1.4596E+01  2.6807E-02  5.3025E-01  1.9645E-01  7.8876E-01  1.9526E-01
  1.0184E+00  1.4603E+01  2.6832E-02  5.3069E-01  1.9646E-01  7.8875E-01  1.9527E-01
  1.0207E+00  1.4611E+01  2.6857E-02  5.3113E-01  1.9646E-01  7.8873E-01  1.9528E-01
  1.0229E+00  1.4618E+01  2.6882E-02  5.3157E-01  1.9646E-01  7.8871E-01  1.9528E-01
  1.0252E+00  1.4626E+01  2.6907E-02  5.3201E-01  1.9647E-01  7.8869E-01  1.9529E-01
  1.0274E+00  1.4633E+01  2.6932E-02  5.3245E-01  1.9647E-01  7.8868E-01  1.9530E-01
  1.0296E+00  1.4640E+01  2.6957E-02  5.3288E-01  1.9648E-01  7.8866E-01  1.9530E-01
  1.0319E+00  1.4648E+01  2.6982E-02  5.3332E-01  1.9648E-01  7.8864E-01  1.9531E-01
  1.0341E+00  1.4655E+01  2.7007E-02  5.3376E-01  1.9648E-01  7.8863E-01  1.9531E-01
  1.0364E+00  1.4663E+01  2.7032E-02  5.3420E-01  1.9649E-01  7.8861E-01  1.9532E-01
  1.0386E+00  1.4670E+01  2.7057E-02  5.3464E-01  1.9649E-01  7.8859E-01  1.9533E-01
  1.0409E+00  1.4678E+01  2.7082E-02  5.3508E-01  1.9650E-01  7.8857E-01  1.9533E-01
  1.0431E+00  1.4685E+01  2.7107E-02  5.3552E-01  1.9650E-01  7.8856E-01  1.9534E-01
  1.0453E+00  1.4693E+01  2.7132E-02  5.3595E-01  1.9651E-01  7.8854E-01  1.9534E-01
  1.0476E+00  1.4700E+01  2.7157E-02  5.3639E-01  1.9651E-01  7.8852E-01  1.9535E-01
  1.0498E+00  1.4708E+01  2.7182E-02  5.3683E-01  1.9651E-01  7.8851E-01  1.9536E-01
  1.0521E+00  1.4715E+01  2.7207E-02  5.3727E-01  1.9652E-01  7.8849E-01  1.9536E-01
  1.0543E+00  1.4723E+01  2.7232E-02  5.3771E-01  1.9652E-01  7.8847E-01  1.9537E-01
  1.0566E+00  1.4730E+01  2.7256E-02  5.3815E-01  1.9653E-01  7.8845E-01  1.9538E-01
  1.0588E+00  1.4738E+01  2.7281E-02  5.3858E-01  1.9653E-01  7.8844E-01  1.9538E-01
  1.0611E+00  1.4745E+01  2.7306E-02  5.3902E-01  1.9653E-01  7.8842E-01  1.9539E-01
  1.0633E+00  1.4753E+01  2.7331E-02  5.3946E-01  1.9654E-01  7.8840E-01  1.9539E-01
  1.0655E+00  1.4760E+01  2.7356E-02  5.3990E-01  1.9654E-01  7.8838E-01  1.9540E-01
  1.0678E+00  1.4768E+01  2.7381E-02  5.4034E-01  1.9655E-01  7.8837E-01  1.9541E-01
  1.0700E+00  1.4775E+01  2.7406E-02  5.4078E-01  1.9655E-01  7.8835E-01  1.9541E-01
  1.0723E+00  1.4783E+01  2.7431E-02  5.4122E-01  1.9655E-01  7.8833E-01  1.9542E-01
  1.0745E+00  1.4790E+01  2.7456E-02  5.4165E-01  1.9656E-01  7.8831E-01  1.9542E-01
  1.0768E+00  1.4798E+01  2.7481E-02  5.4209E-01  1.9656E-01  7.8830E-01  1.9543E-01
  1.0790E+00  1.4805E+01  2.7506E-02  5.4253E-01  1.9657E-01  7.8828E-01  1.9544E-01
  1.0812E+00  1.4813E+01  2.7531E-02  5.4297E-01  1.9657E-01  7.8826E-01  1.9544E-01
  1.0835E+00  1.4820E+01  2.7556E-02  5.4341E-01  1.9658E-01  7.8824E-01  1.9545E-01
  1.0857E+00  1.4828E+01  2.7581E-02  5.4385E-01  1.9658E-01  7.8823E-01  1.9545E-01
  1.0880E+00  1.4835E+01  2.7606E-02  5.4429E-01  1.9658E-01  7.8821E-01  1.9546E-01
  1.0902E+00  1.4843E+01  2.7631E-02  5.4473E-01  1.9659E-01  7.8819E-01  1.9547E-01
  1.0925E+00  1.4850E+01  2.7656E-02  5.4516E-01  1.9659E-01  7.8817E-01  1.9547E-01
  1.0947E+00  1.4857E+01  2.7681E-02  5.4560E-01  1.9660E-01  7.8816E-01  1.9548E-01
  1.0969E+00  1.4865E+01  2.7706E-02  5.4604E-01  1.9660E-01  7.8814E-01  1.9548E-01
  1.0992E+00  1.4872E+01  2.7731E-02  5.4648E-01  1.9660E-01  7.8812E-01  1.9549E-01
  1.1014E+00  1.4880E+01  2.7756E-02  5.4692E-01  1.9661E-01  7.8811E-01  1.9550E-01
  1.1037E+00  1.4887E+01  2.7781E-02  5.4736E-01  1.9661E-01  7.8809E-01  1.9550E-01
  1.1059E+00  1.4895E+01  2.7806E-02  5.4780E-01  1.9662E-01  7.8807E-01  1.9551E-01
  1.1082E+00  1.4902E+01  2.7831E-02  5.4824E-01  1.9662E-01  7.8805E-01  1.9551E-01
  1.1104E+00  1.4910E+01  2.7856E-02  5.4867E-01  1.9663E-01  7.8804E-01  1.9552E-01
  1.1126E+00  1.4917E+01  2.7881E-02  5.4911E-01  1.9663E-01  7.8802E-01  1.9553E-01
  1.1149E+00  1.4925E+01  2.7906E-02  5.4955E-01  1.9663E-01  7.8800E-01  1.9553E-01
  1.1171E+00  1.4932E+01  2.7931E-02  5.4999E-01  1.9664E-01  7.8798E-01  1.9554E-01
  1.1194E+00  1.4940E+01  2.7956E-02  5.5043E-01  1.9664E-01  7.8796E-01  1.9554E-01
  1.1216E+00  1.4947E+01  2.7981E-02  5.5087E-01  1.9665E-01  7.8795E-01  1.9555E-01
  1.1239E+00  1.4955E+01  2.8006E-02  5.5131E-01  1.9665E-01  7.8793E-01  1.9556E-01
  1.1261E+00  1.4962E+01  2.8030E-02  5.5175E-01  1.9665E-01  7.8791E-01  1.9556E-01
  1.1283E+00  1.4970E+01  2.8055E-02  5.5219E-01  1.9666E-01  7.8789E-01  1.9557E-01
  1.1306E+00  1.4977E+01  2.8080E-02  5.5262E-01  1.9666E-01  7.8788E-01  1.9557E-01
  1.1328E+00  1.4985E+01  2.8105E-02  5.5306E-01  1.9667E-01  7.8786E-01  1.9558E-01
  1.1351E+00  1.4992E+01  2.8130E-02  5.5350E-01  1.9667E-01  7.8784E-01  1.9559E-01
  1.1373E+00  1.5000E+01  2.8155E-02  5.5394E-01  1.9667E-01  7.8782E-01  1.9559E-01
  1.1396E+00  1.5007E+01  2.8180E-02  5.5438E-01  1.9668E-01  7.8781E-01  1.9560E-01
  1.1418E+00  1.5015E+01  2.8205E-02  5.5482E-01  1.9668E-01  7.8779E-01  1.9560E-01
  1.1441E+00  1.5022E+01  2.8230E-02  5.5526E-01  1.9669E-01  7.8777E-01  1.9561E-01
  1.1463E+00  1.5030E+01  2.8255E-02  5.5570E-01  1.9669E-01  7.8775E-01  1.9562E-01
  1.1485E+00  1.5037E+01  2.8280E-02  5.5614E-01  1.9670E-01  7.8774E-01  1.9562E-01
  1.1508E+00  1.5045E+01  2.8305E-02  5.5658E-01  1.9670E-01  7.8772E-01  1.9563E-01
  1.1530E+00  1.5052E+01  2.8330E-02  5.5702E-01  1.9670E-01  7.8770E-01  1.9563E-01
  1.1553E+00  1.5060E+01  2.8355E-02  5.5745E-01  1.9671E-01  7.8768E-01  1.9564E-01
  1.1575E+00  1.5067E+01  2.8380E-02  5.5789E-01  1.9671E-01  7.8766E-01  1.9564E-01
  1.1598E+00  1.5075E+01  2.8405E-02  5.5833E-01  1.9672E-01  7.8765E-01  1.9565E-01
  1.1620E+00  1.5082E+01  2.8430E-02  5.5877E-01  1.9672E-01  7.8763E-01  1.9566E-01
  1.1642E+00  1.5089E+01  2.8455E-02  5.5921E-01  1.9672E-01  7.8761E-01  1.9566E-01
  1.1665E+00  1.5097E+01  2.8480E-02  5.5965E-01  1.9673E-01  7.8759E-01  1.9567E-01
  1.1687E+00  1.5104E+01  2.8505E-02  5.6009E-01  1.9673E-01  7.8758E-01  1.9567E-01
  1.1710E+00  1.5112E+01  2.8530E-02  5.6053E-01  1.9674E-01  7.8756E-01  1.9568E-01
  1.1732E+00  1.5119E+01  2.8555E-02  5.6097E-01  1.9674E-01  7.8754E-01  1.9569E-01
  1.1755E+00  1.5127E+01  2.8580E-02  5.6141E-01  1.9674E-01  7.8752E-01  1.9569E-01
  1.1777E+00  1.5134E+01  2.8605E-02  5.6185E-01  1.9675E-01  7.8750E-01  1.9570E-01
  1.1799E+00  1.5142E+01  2.8630E-02  5.6229E-01  1.9675E-01  7.8749E-01  1.9570E-01
  1.1822E+00  1.5149E+01  2.8655E-02  5.6272E-01  1.9676E-01  7.8747E-01  1.9571E-01
  1.1844E+00  1.5157E+01  2.8680E-02  5.6316E-01  1.9676E-01  7.8745E-01  1.9571E-01
  1.1867E+00  1.5164E+01  2.8705E-02  5.6360E-01  1.9676E-01  7.8743E-01  1.9572E-01
  1.1889E+00  1.5172E+01  2.8729E-02  5.6404E-01  1.9677E-01  7.8741E-01  1.9573E-01
  1.1912E+00  1.5179E+01  2.8754E-02  5.6448E-01  1.9677E-01  7.8740E-01  1.9573E-01
  1.1934E+00  1.5187E+01  2.8779E-02  5.6492E-01  1.9678E-01  7.8738E-01  1.9574E-01
  1.1956E+00  1.5194E+01  2.8804E-02  5.6536E-01  1.9678E-01  7.8736E-01  1.9574E-01
  1.1979E+00  1.5202E+01  2.8829E-02  5.6580E-01  1.9679E-01  7.8734E-01  1.9575E-01
  1.2001E+00  1.5209E+01  2.8854E-02  5.6624E-01  1.9679E-01  7.8733E-01  1.9575E-01
  1.2024E+00  1.5217E+01  2.8879E-02  5.6668E-01  1.9679E-01  7.8731E-01  1.9576E-01
  1.2046E+00  1.5224E+01  2.8904E-02  5.6712E-01  1.9680E-01  7.8729E-01  1.9577E-01
  1.2069E+00  1.5232E+01  2.8929E-02  5.6756E-01  1.9680E-01  7.8727E-01  1.9577E-01
  1.2091E+00  1.5239E+01  2.8954E-02  5.6800E-01  1.9681E-01  7.8725E-01  1.9578E-01
  1.2113E+00  1.5247E+01  2.8979E-02  5.6844E-01  1.9681E-01  7.8724E-01  1.9578E-01
  1.2136E+00  1.5254E+01  2.9004E-02  5.6888E-01  1.9681E-01  7.8722E-01  1.9579E-01
  1.2158E+00  1.5262E+01  2.9029E-02  5.6932E-01  1.9682E-01  7.8720E-01  1.9579E-01
  1.2181E+00  1.5269E+01  2.9054E-02  5.6975E-01  1.9682E-01  7.8718E-01  1.9580E-01
  1.2203E+00  1.5277E+01  2.9079E-02  5.7019E-01  1.9683E-01  7.8716E-01  1.9581E-01
  1.2226E+00  1.5284E+01  2.9104E-02  5.7063E-01  1.9683E-01  7.8715E-01  1.9581E-01
  1.2248E+00  1.5292E+01  2.9129E-02  5.7107E-01  1.9683E-01  7.8713E-01  1.9582E-01
  1.2271E+00  1.5299E+01  2.9154E-02  5.7151E-01  1.9684E-01  7.8711E-01  1.9582E-01
  1.2293E+00  1.5306E+01  2.9179E-02  5.7195E-01  1.9684E-01  7.8709E-01  1.9583E-01
  1.2315E+00  1.5314E+01  2.9204E-02  5.7239E-01  1.9685E-01  7.8707E-01  1.9583E-01
  1.2338E+00  1.5321E+01  2.9229E-02  5.7283E-01  1.9685E-01  7.8706E-01  1.9584E-01
  1.2360E+00  1.5329E+01  2.9254E-02  5.7327E-01  1.9685E-01  7.8704E-01  1.9585E-01
  1.2383E+00  1.5336E+01  2.9279E-02  5.7371E-01  1.9686E-01  7.8702E-01  1.9585E-01
  1.2405E+00  1.5344E+01  2.9304E-02  5.7415E-01  1.9686E-01  7.8700E-01  1.9586E-01
  1.2428E+00  1.5351E+01  2.9329E-02  5.7459E-01  1.9687E-01  7.8698E-01  1.9586E-01
  1.2450E+00  1.5359E+01  2.9354E-02  5.7503E-01  1.9687E-01  7.8697E-01  1.9587E-01
  1.2472E+00  1.5366E+01  2.9378E-02  5.7547E-01  1.9687E-01  7.8695E-01  1.9587E-01
  1.2495E+00  1.5374E+01  2.9403E-02  5.7591E-01  1.9688E-01  7.8693E-01  1.9588E-01
  1.2517E+00  1.5381E+01  2.9428E-02  5.7635E-01  1.9688E-01  7.8691E-01  1.9589E-01
  1.2540E+00  1.5389E+01  2.9453E-02  5.7679E-01  1.9689E-01  7.8689E-01  1.9589E-01
  1.2562E+00  1.5396E+01  2.9478E-02  5.7723E-01  1.9689E-01  7.8688E-01  1.9590E-01
  1.2585E+00  1.5404E+01  2.9503E-02  5.7767E-01  1.9689E-01  7.8686E-01  1.9590E-01
  1.2607E+00  1.5411E+01  2.9528E-02  5.7811E-01  1.9690E-01  7.8684E-01  1.9591E-01
  1.2629E+00  1.5419E+01  2.9553E-02  5.7855E-01  1.9690E-01  7.8682E-01  1.9591E-01
  1.2652E+00  1.5426E+01  2.9578E-02  5.7899E-01  1.9691E-01  7.8680E-01  1.9592E-01
  1.2674E+00  1.5434E+01  2.9603E-02  5.7943E-01  1.9691E-01  7.8678E-01  1.9593E-01
  1.2697E+00  1.5441E+01  2.9628E-02  5.7987E-01  1.9692E-01  7.8677E-01  1.9593E-01
  1.2719E+00  1.5449E+01  2.9653E-02  5.8031E-01  1.9692E-01  7.8675E-01  1.9594E-01
  1.2742E+00  1.5456E+01  2.9678E-02  5.8075E-01  1.9692E-01  7.8673E-01  1.9594E-01
  1.2764E+00  1.5464E+01  2.9703E-02  5.8119E-01  1.9693E-01  7.8671E-01  1.9595E-01
  1.2786E+00  1.5471E+01  2.9728E-02  5.8163E-01  1.9693E-01  7.8669E-01  1.9595E-01
  1.2809E+00  1.5479E+01  2.9753E-02  5.8207E-01  1.9694E-01  7.8668E-01  1.9596E-01
  1.2831E+00  1.5486E+01  2.9778E-02  5.8251E-01  1.9694E-01  7.8666E-01  1.9596E-01
  1.2854E+00  1.5494E+01  2.9803E-02  5.8294E-01  1.9694E-01  7.8664E-01  1.9597E-01
  1.2876E+00  1.5501E+01  2.9828E-02  5.8338E-01  1.9695E-01  7.8662E-01  1.9598E-01
  1.2899E+00  1.5509E+01  2.9853E-02  5.8382E-01  1.9695E-01  7.8660E-01  1.9598E-01
  1.2921E+00  1.5516E+01  2.9878E-02  5.8426E-01  1.9696E-01  7.8658E-01  1.9599E-01
  1.2943E+00  1.5524E+01  2.9903E-02  5.8470E-01  1.9696E-01  7.8657E-01  1.9599E-01
  1.2966E+00  1.5531E+01  2.9928E-02  5.8514E-01  1.9696E-01  7.8655E-01  1.9600E-01
  1.2988E+00  1.5538E+01  2.9953E-02  5.8558E-01  1.9697E-01  7.8653E-01  1.9600E-01
  1.3011E+00  1.5546E+01  2.9978E-02  5.8602E-01  1.9697E-01  7.8651E-01  1.9601E-01
  1.3033E+00  1.5553E+01  3.0002E-02  5.8646E-01  1.9698E-01  7.8649E-01  1.9601E-01
  1.3056E+00  1.5561E+01  3.0027E-02  5.8690E-01  1.9698E-01  7.8647E-01  1.9602E-01
  1.3078E+00  1.5568E+01  3.0052E-02  5.8734E-01  1.9698E-01  7.8646E-01  1.9603E-01
  1.3101E+00  1.5576E+01  3.0077E-02  5.8778E-01  1.9699E-01  7.8644E-01  1.9603E-01
  1.3123E+00  1.5583E+01  3.0102E-02  5.8822E-01  1.9699E-01  7.8642E-01  1.9604E-01
  1.3145E+00  1.5591E+01  3.0127E-02  5.8866E-01  1.9700E-01  7.8640E-01  1.9604E-01
  1.3168E+00  1.5598E+01  3.0152E-02  5.8910E-01  1.9700E-01  7.8638E-01  1.9605E-01
  1.3190E+00  1.5606E+01  3.0177E-02  5.8954E-01  1.9700E-01  7.8636E-01  1.9605E-01
  1.3213E+00  1.5613E+01  3.0202E-02  5.8998E-01  1.9701E-01  7.8635E-01  1.9606E-01
  1.3235E+00  1.5621E+01  3.0227E-02  5.9042E-01  1.9701E-01  7.8633E-01  1.9606E-01
  1.3258E+00  1.5628E+01  3.0252E-02  5.9086E-01  1.9702E-01  7.8631E-01  1.9607E-01
  1.3280E+00  1.5636E+01  3.0277E-02  5.9130E-01  1.9702E-01  7.8629E-01  1.9608E-01
  1.3302E+00  1.5643E+01  3.0302E-02  5.9174E-01  1.9702E-01  7.8627E-01  1.9608E-01
  1.3325E+00  1.5651E+01  3.0327E-02  5.9218E-01  1.9703E-01  7.8625E-01  1.9609E-01
  1.3347E+00  1.5658E+01  3.0352E-02  5.9262E-01  1.9703E-01  7.8624E-01  1.9609E-01
  1.3370E+00  1.5666E+01  3.0377E-02  5.9307E-01  1.9704E-01  7.8622E-01  1.9610E-01
  1.3392E+00  1.5673E+01  3.0402E-02  5.9351E-01  1.9704E-01  7.8620E-01  1.9610E-01
  1.3415E+00  1.5681E+01  3.0427E-02  5.9395E-01  1.9704E-01  7.8618E-01  1.9611E-01
  1.3437E+00  1.5688E+01  3.0452E-02  5.9439E-01  1.9705E-01  7.8616E-01  1.9611E-01
  1.3459E+00  1.5696E+01  3.0477E-02  5.9483E-01  1.9705E-01  7.8614E-01  1.9612E-01
  1.3482E+00  1.5703E+01  3.0502E-02  5.9527E-01  1.9706E-01  7.8613E-01  1.9612E-01
  1.3504E+00  1.5711E+01  3.0527E-02  5.9571E-01  1.9706E-01  7.8611E-01  1.9613E-01
  1.3527E+00  1.5718E+01  3.0552E-02  5.9615E-01  1.9706E-01  7.8609E-01  1.9614E-01
  1.3549E+00  1.5726E+01  3.0576E-02  5.9659E-01  1.9707E-01  7.8607E-01  1.9614E-01
  1.3572E+00  1.5733E+01  3.0601E-02  5.9703E-01  1.9707E-01  7.8605E-01  1.9615E-01
  1.3594E+00  1.5741E+01  3.0626E-02  5.9747E-01  1.9708E-01  7.8603E-01  1.9615E-01
  1.3616E+00  1.5748E+01  3.0651E-02  5.9791E-01  1.9708E-01  7.8601E-01  1.9616E-01
  1.3639E+00  1.5755E+01  3.0676E-02  5.9835E-01  1.9708E-01  7.8600E-01  1.9616E-01
  1.3661E+00  1.5763E+01  3.0701E-02  5.9879E-01  1.9709E-01  7.8598E-01  1.9617E-01
  1.3684E+00  1.5770E+01  3.0726E-02  5.9923E-01  1.9709E-01  7.8596E-01  1.9617E-01
  1.3706E+00  1.5778E+01  3.0751E-02  5.9967E-01  1.9710E-01  7.8594E-01  1.9618E-01
  1.3729E+00  1.5785E+01  3.0776E-02  6.0011E-01  1.9710E-01  7.8592E-01  1.9618E-01
  1.3751E+00  1.5793E+01  3.0801E-02  6.0055E-01  1.9710E-01  7.8590E-01  1.9619E-01
  1.3773E+00  1.5800E+01  3.0826E-02  6.0099E-01  1.9711E-01  7.8588E-01  1.9620E-01
  1.3796E+00  1.5808E+01  3.0851E-02  6.0143E-01  1.9711E-01  7.8587E-01  1.9620E-01
  1.3818E+00  1.5815E+01  3.0876E-02  6.0187E-01  1.9712E-01  7.8585E-01  1.9621E-01
  1.3841E+00  1.5823E+01  3.0901E-02  6.0231E-01  1.9712E-01  7.8583E-01  1.9621E-01
  1.3863E+00  1.5830E+01  3.0926E-02  6.0275E-01  1.9712E-01  7.8581E-01  1.9622E-01
  1.3886E+00  1.5838E+01  3.0951E-02  6.0319E-01  1.9713E-01  7.8579E-01  1.9622E-01
  1.3908E+00  1.5845E+01  3.0976E-02  6.0363E-01  1.9713E-01  7.8577E-01  1.9623E-01
  1.3931E+00  1.5853E+01  3.1001E-02  6.0407E-01  1.9714E-01  7.8575E-01  1.9623E-01
  1.3953E+00  1.5860E+01  3.1026E-02  6.0451E-01  1.9714E-01  7.8574E-01  1.9624E-01
  1.3975E+00  1.5868E+01  3.1051E-02  6.0495E-01  1.9714E-01  7.8572E-01  1.9624E-01
  1.3998E+00  1.5875E+01  3.1076E-02  6.0539E-01  1.9715E-01  7.8570E-01  1.9625E-01
  1.4020E+00  1.5883E+01  3.1100E-02  6.0583E-01  1.9715E-01  7.8568E-01  1.9625E-01
  1.4043E+00  1.5890E+01  3.1125E-02  6.0628E-01  1.9716E-01  7.8566E-01  1.9626E-01
  1.4065E+00  1.5898E+01  3.1150E-02  6.0672E-01  1.9716E-01  7.8564E-01  1.9627E-01
  1.4088E+00  1.5905E+01  3.1175E-02  6.0716E-01  1.9716E-01  7.8562E-01  1.9627E-01
  1.4110E+00  1.5913E+01  3.1200E-02  6.0760E-01  1.9717E-01  7.8561E-01  1.9628E-01
  1.4132E+00  1.5920E+01  3.1225E-02  6.0804E-01  1.9717E-01  7.8559E-01  1.9628E-01
  1.4155E+00  1.5928E+01  3.1250E-02  6.0848E-01  1.9718E-01  7.8557E-01  1.9629E-01
  1.4177E+00  1.5935E+01  3.1275E-02  6.0892E-01  1.9718E-01  7.8555E-01  1.9629E-01
  1.4200E+00  1.5943E+01  3.1300E-02  6.0936E-01  1.9718E-01  7.8553E-01  1.9630E-01
  1.4222E+00  1.5950E+01  3.1325E-02  6.0980E-01  1.9719E-01  7.8551E-01  1.9630E-01
  1.4245E+00  1.5958E+01  3.1350E-02  6.1024E-01  1.9719E-01  7.8549E-01  1.9631E-01
  1.4267E+00  1.5965E+01  3.1375E-02  6.1068E-01  1.9720E-01  7.8547E-01  1.9631E-01
  1.4289E+00  1.5973E+01  3.1400E-02  6.1112E-01  1.9720E-01  7.8546E-01  1.9632E-01
  1.4312E+00  1.5980E+01  3.1425E-02  6.1156E-01  1.9720E-01  7.8544E-01  1.9632E-01
  1.4334E+00  1.5987E+01  3.1450E-02  6.1200E-01  1.9721E-01  7.8542E-01  1.9633E-01
  1.4357E+00  1.5995E+01  3.1475E-02  6.1244E-01  1.9721E-01  7.8540E-01  1.9633E-01
  1.4379E+00  1.6002E+01  3.1500E-02  6.1288E-01  1.9722E-01  7.8538E-01  1.9634E-01
  1.4402E+00  1.6010E+01  3.1525E-02  6.1332E-01  1.9722E-01  7.8536E-01  1.9635E-01
  1.4424E+00  1.6017E+01  3.1550E-02  6.1377E-01  1.9722E-01  7.8534E-01  1.9635E-01
  1.4446E+00  1.6025E+01  3.1575E-02  6.1421E-01  1.9723E-01  7.8532E-01  1.9636E-01
  1.4469E+00  1.6032E+01  3.1599E-02  6.1465E-01  1.9723E-01  7.8531E-01  1.9636E-01
  1.4491E+00  1.6040E+01  3.1624E-02  6.1509E-01  1.9724E-01  7.8529E-01  1.9637E-01
  1.4514E+00  1.6047E+01  3.1649E-02  6.1553E-01  1.9724E-01  7.8527E-01  1.9637E-01
  1.4536E+00  1.6055E+01  3.1674E-02  6.1597E-01  1.9724E-01  7.8525E-01  1.9638E-01
  1.4559E+00  1.6062E+01  3.1699E-02  6.1641E-01  1.9725E-01  7.8523E-01  1.9638E-01
  1.4581E+00  1.6070E+01  3.1724E-02  6.1685E-01  1.9725E-01  7.8521E-01  1.9639E-01
  1.4603E+00  1.6077E+01  3.1749E-02  6.1729E-01  1.9726E-01  7.8519E-01  1.9639E-01
  1.4626E+00  1.6085E+01  3.1774E-02  6.1773E-01  1.9726E-01  7.8517E-01  1.9640E-01
  1.4648E+00  1.6092E+01  3.1799E-02  6.1817E-01  1.9726E-01  7.8516E-01  1.9640E-01
  1.4671E+00  1.6100E+01  3.1824E-02  6.1861E-01  1.9727E-01  7.8514E-01  1.9641E-01
  1.4693E+00  1.6107E+01  3.1849E-02  6.1905E-01  1.9727E-01  7.8512E-01  1.9641E-01
  1.4716E+00  1.6115E+01  3.1874E-02  6.1950E-01  1.9728E-01  7.8510E-01  1.9642E-01
  1.4738E+00  1.6122E+01  3.1899E-02  6.1994E-01  1.9728E-01  7.8508E-01  1.9642E-01
  1.4761E+00  1.6130E+01  3.1924E-02  6.2038E-01  1.9728E-01  7.8506E-01  1.9643E-01
  1.4783E+00  1.6137E+01  3.1949E-02  6.2082E-01  1.9729E-01  7.8504E-01  1.9643E-01
  1.4805E+00  1.6145E+01  3.1974E-02  6.2126E-01  1.9729E-01  7.8502E-01  1.9644E-01
  1.4828E+00  1.6152E+01  3.1999E-02  6.2170E-01  1.9730E-01  7.8501E-01  1.9645E-01
  1.4850E+00  1.6160E+01  3.2024E-02  6.2214E-01  1.9730E-01  7.8499E-01  1.9645E-01
  1.4873E+00  1.6167E+01  3.2048E-02  6.2258E-01  1.9730E-01  7.8497E-01  1.9646E-01
  1.4895E+00  1.6175E+01  3.2073E-02  6.2302E-01  1.9731E-01  7.8495E-01  1.9646E-01
  1.4918E+00  1.6182E+01  3.2098E-02  6.2346E-01  1.9731E-01  7.8493E-01  1.9647E-01
  1.4940E+00  1.6190E+01  3.2123E-02  6.2391E-01  1.9732E-01  7.8491E-01  1.9647E-01
  1.4962E+00  1.6197E+01  3.2148E-02  6.2435E-01  1.9732E-01  7.8489E-01  1.9648E-01
  1.4985E+00  1.6205E+01  3.2173E-02  6.2479E-01  1.9732E-01  7.8487E-01  1.9648E-01
  1.5007E+00  1.6212E+01  3.2198E-02  6.2523E-01  1.9733E-01  7.8485E-01  1.9649E-01
  1.5030E+00  1.6219E+01  3.2223E-02  6.2567E-01  1.9733E-01  7.8483E-01  1.9649E-01
  1.5052E+00  1.6227E+01  3.2248E-02  6.2611E-01  1.9734E-01  7.8482E-01  1.9650E-01
  1.5075E+00  1.6234E+01  3.2273E-02  6.2655E-01  1.9734E-01  7.8480E-01  1.9650E-01
  1.5097E+00  1.6242E+01  3.2298E-02  6.2699E-01  1.9734E-01  7.8478E-01  1.9651E-01
  1.5119E+00  1.6249E+01  3.2323E-02  6.2743E-01  1.9735E-01  7.8476E-01  1.9651E-01
  1.5142E+00  1.6257E+01  3.2348E-02  6.2787E-01  1.9735E-01  7.8474E-01  1.9652E-01
  1.5164E+00  1.6264E+01  3.2373E-02  6.2832E-01  1.9735E-01  7.8472E-01  1.9652E-01
  1.5187E+00  1.6272E+01  3.2398E-02  6.2876E-01  1.9736E-01  7.8470E-01  1.9653E-01
  1.5209E+00  1.6279E+01  3.2423E-02  6.2920E-01  1.9736E-01  7.8468E-01  1.9653E-01
  1.5232E+00  1.6287E+01  3.2447E-02  6.2964E-01  1.9737E-01  7.8466E-01  1.9654E-01
  1.5254E+00  1.6294E+01  3.2472E-02  6.3008E-01  1.9737E-01  7.8465E-01  1.9654E-01
  1.5276E+00  1.6302E+01  3.2497E-02  6.3052E-01  1.9737E-01  7.8463E-01  1.9655E-01
  1.5299E+00  1.6309E+01  3.2522E-02  6.3096E-01  1.9738E-01  7.8461E-01  1.9655E-01
  1.5321E+00  1.6317E+01  3.2547E-02  6.3140E-01  1.9738E-01  7.8459E-01  1.9656E-01
  1.5344E+00  1.6324E+01  3.2572E-02  6.3184E-01  1.9739E-01  7.8457E-01  1.9656E-01
  1.5366E+00  1.6332E+01  3.2597E-02  6.3229E-01  1.9739E-01  7.8455E-01  1.9657E-01
  1.5389E+00  1.6339E+01  3.2622E-02  6.3273E-01  1.9739E-01  7.8453E-01  1.9657E-01
  1.5411E+00  1.6347E+01  3.2647E-02  6.3317E-01  1.9740E-01  7.8451E-01  1.9658E-01
  1.5433E+00  1.6354E+01  3.2672E-02  6.3361E-01  1.9740E-01  7.8449E-01  1.9658E-01
  1.5456E+00  1.6362E+01  3.2697E-02  6.3405E-01  1.9741E-01  7.8447E-01  1.9659E-01
  1.5478E+00  1.6369E+01  3.2722E-02  6.3449E-01  1.9741E-01  7.8445E-01  1.9659E-01
  1.5501E+00  1.6377E+01  3.2747E-02  6.3493E-01  1.9741E-01  7.8444E-01  1.9660E-01
  1.5523E+00  1.6384E+01  3.2772E-02  6.3537E-01  1.9742E-01  7.8442E-01  1.9661E-01
  1.5546E+00  1.6392E+01  3.2797E-02  6.3582E-01  1.9742E-01  7.8440E-01  1.9661E-01
  1.5568E+00  1.6399E+01  3.2822E-02  6.3626E-01  1.9743E-01  7.8438E-01  1.9662E-01
  1.5591E+00  1.6407E+01  3.2846E-02  6.3670E-01  1.9743E-01  7.8436E-01  1.9662E-01
  1.5613E+00  1.6414E+01  3.2871E-02  6.3714E-01  1.9743E-01  7.8434E-01  1.9663E-01
  1.5635E+00  1.6422E+01  3.2896E-02  6.3758E-01  1.9744E-01  7.8432E-01  1.9663E-01
  1.5658E+00  1.6429E+01  3.2921E-02  6.3802E-01  1.9744E-01  7.8430E-01  1.9664E-01
  1.5680E+00  1.6436E+01  3.2946E-02  6.3846E-01  1.9745E-01  7.8428E-01  1.9664E-01
  1.5703E+00  1.6444E+01  3.2971E-02  6.3891E-01  1.9745E-01  7.8426E-01  1.9665E-01
  1.5725E+00  1.6451E+01  3.2996E-02  6.3935E-01  1.9745E-01  7.8424E-01  1.9665E-01
  1.5748E+00  1.6459E+01  3.3021E-02  6.3979E-01  1.9746E-01  7.8423E-01  1.9666E-01
  1.5770E+00  1.6466E+01  3.3046E-02  6.4023E-01  1.9746E-01  7.8421E-01  1.9666E-01
  1.5792E+00  1.6474E+01  3.3071E-02  6.4067E-01  1.9746E-01  7.8419E-01  1.9667E-01
  1.5815E+00  1.6481E+01  3.3096E-02  6.4111E-01  1.9747E-01  7.8417E-01  1.9667E-01
  1.5837E+00  1.6489E+01  3.3121E-02  6.4155E-01  1.9747E-01  7.8415E-01  1.9668E-01
  1.5860E+00  1.6496E+01  3.3146E-02  6.4200E-01  1.9748E-01  7.8413E-01  1.9668E-01
  1.5882E+00  1.6504E+01  3.3171E-02  6.4244E-01  1.9748E-01  7.8411E-01  1.9669E-01
  1.5905E+00  1.6511E+01  3.3196E-02  6.4288E-01  1.9748E-01  7.8409E-01  1.9669E-01
  1.5927E+00  1.6519E+01  3.3220E-02  6.4332E-01  1.9749E-01  7.8407E-01  1.9670E-01
  1.5949E+00  1.6526E+01  3.3245E-02  6.4376E-01  1.9749E-01  7.8405E-01  1.9670E-01
  1.5972E+00  1.6534E+01  3.3270E-02  6.4420E-01  1.9750E-01  7.8403E-01  1.9671E-01
  1.5994E+00  1.6541E+01  3.3295E-02  6.4464E-01  1.9750E-01  7.8401E-01  1.9671E-01
  1.6017E+00  1.6549E+01  3.3320E-02  6.4509E-01  1.9750E-01  7.8400E-01  1.9672E-01
  1.6039E+00  1.6556E+01  3.3345E-02  6.4553E-01  1.9751E-01  7.8398E-01  1.9672E-01
  1.6062E+00  1.6564E+01  3.3370E-02  6.4597E-01  1.9751E-01  7.8396E-01  1.9673E-01
  1.6084E+00  1.6571E+01  3.3395E-02  6.4641E-01  1.9752E-01  7.8394E-01  1.9673E-01
  1.6106E+00  1.6579E+01  3.3420E-02  6.4685E-01  1.9752E-01  7.8392E-01  1.9674E-01
  1.6129E+00  1.6586E+01  3.3445E-02  6.4729E-01  1.9752E-01  7.8390E-01  1.9674E-01
  1.6151E+00  1.6594E+01  3.3470E-02  6.4774E-01  1.9753E-01  7.8388E-01  1.9675E-01
  1.6174E+00  1.6601E+01  3.3495E-02  6.4818E-01  1.9753E-01  7.8386E-01  1.9675E-01
  1.6196E+00  1.6609E+01  3.3520E-02  6.4862E-01  1.9753E-01  7.8384E-01  1.9676E-01
  1.6219E+00  1.6616E+01  3.3545E-02  6.4906E-01  1.9754E-01  7.8382E-01  1.9676E-01
  1.6241E+00  1.6624E+01  3.3569E-02  6.4950E-01  1.9754E-01  7.8380E-01  1.9677E-01
  1.6263E+00  1.6631E+01  3.3594E-02  6.4994E-01  1.9755E-01  7.8378E-01  1.9677E-01
  1.6286E+00  1.6639E+01  3.3619E-02  6.5039E-01  1.9755E-01  7.8376E-01  1.9678E-01
  1.6308E+00  1.6646E+01  3.3644E-02  6.5083E-01  1.9755E-01  7.8374E-01  1.9678E-01
  1.6331E+00  1.6654E+01  3.3669E-02  6.5127E-01  1.9756E-01  7.8372E-01  1.9679E-01
  1.6353E+00  1.6661E+01  3.3694E-02  6.5171E-01  1.9756E-01  7.8371E-01  1.9679E-01
  1.6376E+00  1.6668E+01  3.3719E-02  6.5215E-01  1.9757E-01  7.8369E-01  1.9680E-01
  1.6394E+00  1.6674E+01  3.3739E-02  6.5251E-01  1.9757E-01  7.8367E-01  1.9680E-01
  1.6398E+00  1.6676E+01  3.3744E-02  6.5259E-01  1.9757E-01  7.8367E-01  1.9680E-01
  1.6421E+00  1.6683E+01  3.3769E-02  6.5304E-01  1.9757E-01  7.8365E-01  1.9681E-01
  1.6443E+00  1.6691E+01  3.3794E-02  6.5348E-01  1.9758E-01  7.8363E-01  1.9681E-01
  1.6465E+00  1.6698E+01  3.3819E-02  6.5392E-01  1.9758E-01  7.8361E-01  1.9682E-01
  1.6488E+00  1.6706E+01  3.3844E-02  6.5436E-01  1.9759E-01  7.8359E-01  1.9682E-01
  1.6510E+00  1.6713E+01  3.3869E-02  6.5480E-01  1.9759E-01  7.8357E-01  1.9683E-01
  1.6533E+00  1.6721E+01  3.3894E-02  6.5524E-01  1.9759E-01  7.8355E-01  1.9683E-01
  1.6555E+00  1.6728E+01  3.3918E-02  6.5569E-01  1.9760E-01  7.8353E-01  1.9684E-01
  1.6578E+00  1.6736E+01  3.3943E-02  6.5613E-01  1.9760E-01  7.8351E-01  1.9684E-01
  1.6600E+00  1.6743E+01  3.3968E-02  6.5657E-01  1.9760E-01  7.8349E-01  1.9685E-01
  1.6622E+00  1.6751E+01  3.3993E-02  6.5701E-01  1.9761E-01  7.8347E-01  1.9685E-01
  1.6645E+00  1.6758E+01  3.4018E-02  6.5745E-01  1.9761E-01  7.8345E-01  1.9686E-01
  1.6667E+00  1.6766E+01  3.4043E-02  6.5790E-01  1.9762E-01  7.8343E-01  1.9686E-01
  1.6690E+00  1.6773E+01  3.4068E-02  6.5834E-01  1.9762E-01  7.8341E-01  1.9687E-01
  1.6712E+00  1.6781E+01  3.4093E-02  6.5878E-01  1.9762E-01  7.8340E-01  1.9687E-01
  1.6735E+00  1.6788E+01  3.4118E-02  6.5922E-01  1.9763E-01  7.8338E-01  1.9688E-01
  1.6757E+00  1.6796E+01  3.4143E-02  6.5966E-01  1.9763E-01  7.8336E-01  1.9688E-01
  1.6779E+00  1.6803E+01  3.4168E-02  6.6010E-01  1.9764E-01  7.8334E-01  1.9689E-01
  1.6802E+00  1.6811E+01  3.4193E-02  6.6055E-01  1.9764E-01  7.8332E-01  1.9689E-01
  1.6824E+00  1.6818E+01  3.4218E-02  6.6099E-01  1.9764E-01  7.8330E-01  1.9690E-01
  1.6847E+00  1.6826E+01  3.4242E-02  6.6143E-01  1.9765E-01  7.8328E-01  1.9690E-01
  1.6869E+00  1.6833E+01  3.4267E-02  6.6187E-01  1.9765E-01  7.8326E-01  1.9691E-01
  1.6892E+00  1.6841E+01  3.4292E-02  6.6231E-01  1.9765E-01  7.8324E-01  1.9691E-01
  1.6914E+00  1.6848E+01  3.4317E-02  6.6276E-01  1.9766E-01  7.8322E-01  1.9692E-01
  1.6936E+00  1.6856E+01  3.4342E-02  6.6320E-01  1.9766E-01  7.8320E-01  1.9692E-01
  1.6959E+00  1.6863E+01  3.4367E-02  6.6364E-01  1.9767E-01  7.8318E-01  1.9693E-01
  1.6981E+00  1.6871E+01  3.4392E-02  6.6408E-01  1.9767E-01  7.8316E-01  1.9693E-01
  1.7004E+00  1.6878E+01  3.4417E-02  6.6452E-01  1.9767E-01  7.8314E-01  1.9693E-01
  1.7026E+00  1.6885E+01  3.4442E-02  6.6497E-01  1.9768E-01  7.8312E-01  1.9694E-01
  1.7049E+00  1.6893E+01  3.4467E-02  6.6541E-01  1.9768E-01  7.8310E-01  1.9694E-01
  1.7071E+00  1.6900E+01  3.4492E-02  6.6585E-01  1.9769E-01  7.8308E-01  1.9695E-01
  1.7093E+00  1.6908E+01  3.4517E-02  6.6629E-01  1.9769E-01  7.8306E-01  1.9695E-01
  1.7116E+00  1.6915E+01  3.4542E-02  6.6673E-01  1.9769E-01  7.8304E-01  1.9696E-01
  1.7138E+00  1.6923E+01  3.4566E-02  6.6718E-01  1.9770E-01  7.8302E-01  1.9696E-01
  1.7161E+00  1.6930E+01  3.4591E-02  6.6762E-01  1.9770E-01  7.8300E-01  1.9697E-01
  1.7183E+00  1.6938E+01  3.4616E-02  6.6806E-01  1.9771E-01  7.8299E-01  1.9697E-01
  1.7206E+00  1.6945E+01  3.4641E-02  6.6850E-01  1.9771E-01  7.8297E-01  1.9698E-01
  1.7228E+00  1.6953E+01  3.4666E-02  6.6895E-01  1.9771E-01  7.8295E-01  1.9698E-01
  1.7251E+00  1.6960E+01  3.4691E-02  6.6939E-01  1.9772E-01  7.8293E-01  1.9699E-01
  1.7273E+00  1.6968E+01  3.4716E-02  6.6983E-01  1.9772E-01  7.8291E-01  1.9699E-01
  1.7295E+00  1.6975E+01  3.4741E-02  6.7027E-01  1.9772E-01  7.8289E-01  1.9700E-01
  1.7318E+00  1.6983E+01  3.4766E-02  6.7071E-01  1.9773E-01  7.8287E-01  1.9700E-01
  1.7340E+00  1.6990E+01  3.4791E-02  6.7116E-01  1.9773E-01  7.8285E-01  1.9701E-01
  1.7363E+00  1.6998E+01  3.4816E-02  6.7160E-01  1.9774E-01  7.8283E-01  1.9701E-01
  1.7385E+00  1.7005E+01  3.4841E-02  6.7204E-01  1.9774E-01  7.8281E-01  1.9702E-01
  1.7408E+00  1.7013E+01  3.4865E-02  6.7248E-01  1.9774E-01  7.8279E-01  1.9702E-01
  1.7430E+00  1.7020E+01  3.4890E-02  6.7292E-01  1.9775E-01  7.8277E-01  1.9703E-01
  1.7452E+00  1.7028E+01  3.4915E-02  6.7337E-01  1.9775E-01  7.8275E-01  1.9703E-01
  1.7475E+00  1.7035E+01  3.4940E-02  6.7381E-01  1.9776E-01  7.8273E-01  1.9704E-01
  1.7497E+00  1.7043E+01  3.4965E-02  6.7425E-01  1.9776E-01  7.8271E-01  1.9704E-01
  1.7520E+00  1.7050E+01  3.4990E-02  6.7469E-01  1.9776E-01  7.8269E-01  1.9705E-01
  1.7542E+00  1.7058E+01  3.5015E-02  6.7514E-01  1.9777E-01  7.8267E-01  1.9705E-01
  1.7565E+00  1.7065E+01  3.5040E-02  6.7558E-01  1.9777E-01  7.8265E-01  1.9706E-01
  1.7587E+00  1.7073E+01  3.5065E-02  6.7602E-01  1.9777E-01  7.8263E-01  1.9706E-01
  1.7609E+00  1.7080E+01  3.5090E-02  6.7646E-01  1.9778E-01  7.8261E-01  1.9707E-01
  1.7632E+00  1.7088E+01  3.5115E-02  6.7691E-01  1.9778E-01  7.8259E-01  1.9707E-01
  1.7654E+00  1.7095E+01  3.5140E-02  6.7735E-01  1.9779E-01  7.8257E-01  1.9708E-01
  1.7677E+00  1.7103E+01  3.5164E-02  6.7779E-01  1.9779E-01  7.8255E-01  1.9708E-01
  1.7699E+00  1.7110E+01  3.5189E-02  6.7823E-01  1.9779E-01  7.8253E-01  1.9709E-01
  1.7722E+00  1.7117E+01  3.5214E-02  6.7867E-01  1.9780E-01  7.8251E-01  1.9709E-01
  1.7744E+00  1.7125E+01  3.5239E-02  6.7912E-01  1.9780E-01  7.8249E-01  1.9709E-01
  1.7766E+00  1.7132E+01  3.5264E-02  6.7956E-01  1.9780E-01  7.8247E-01  1.9710E-01
  1.7789E+00  1.7140E+01  3.5289E-02  6.8000E-01  1.9781E-01  7.8245E-01  1.9710E-01
  1.7811E+00  1.7147E+01  3.5314E-02  6.8044E-01  1.9781E-01  7.8243E-01  1.9711E-01
  1.7834E+00  1.7155E+01  3.5339E-02  6.8089E-01  1.9782E-01  7.8241E-01  1.9711E-01
  1.7856E+00  1.7162E+01  3.5364E-02  6.8133E-01  1.9782E-01  7.8239E-01  1.9712E-01
  1.7879E+00  1.7170E+01  3.5389E-02  6.8177E-01  1.9782E-01  7.8237E-01  1.9712E-01
  1.7901E+00  1.7177E+01  3.5414E-02  6.8221E-01  1.9783E-01  7.8234E-01  1.9713E-01
  1.7923E+00  1.7185E+01  3.5438E-02  6.8266E-01  1.9781E-01  7.8231E-01  1.9711E-01
  1.7946E+00  1.7192E+01  3.5463E-02  6.8310E-01  1.9776E-01  7.8226E-01  1.9706E-01
  1.7968E+00  1.7200E+01  3.5488E-02  6.8354E-01  1.9762E-01  7.8217E-01  1.9692E-01
  1.7991E+00  1.7207E+01  3.5513E-02  6.8398E-01  1.9729E-01  7.8200E-01  1.9660E-01
  1.8013E+00  1.7215E+01  3.5538E-02  6.8442E-01  1.9655E-01  7.8173E-01  1.9585E-01
  1.8036E+00  1.7222E+01  3.5563E-02  6.8486E-01  1.9501E-01  7.8150E-01  1.9430E-01
  1.8058E+00  1.7230E+01  3.5587E-02  6.8529E-01  1.9225E-01  7.8166E-01  1.9154E-01
  1.8080E+00  1.7237E+01  3.5611E-02  6.8572E-01  1.8816E-01  7.8227E-01  1.8744E-01
  1.8103E+00  1.7245E+01  3.5635E-02  6.8614E-01  1.8304E-01  7.8291E-01  1.8229E-01
  1.8125E+00  1.7252E+01  3.5657E-02  6.8654E-01  1.7731E-01  7.8331E-01  1.7654E-01
  1.8148E+00  1.7260E+01  3.5680E-02  6.8693E-01  1.7128E-01  7.8350E-01  1.7048E-01
  1.8170E+00  1.7267E+01  3.5701E-02  6.8730E-01  1.6513E-01  7.8358E-01  1.6430E-01
  1.8193E+00  1.7275E+01  3.5722E-02  6.8767E-01  1.5891E-01  7.8360E-01  1.5805E-01
  1.8215E+00  1.7282E+01  3.5742E-02  6.8801E-01  1.5267E-01  7.8361E-01  1.5177E-01
  1.8238E+00  1.7290E+01  3.5761E-02  6.8835E-01  1.4642E-01  7.8360E-01  1.4548E-01
  1.8260E+00  1.7297E+01  3.5779E-02  6.8867E-01  1.4016E-01  7.8358E-01  1.3919E-01
  1.8282E+00  1.7305E+01  3.5797E-02  6.8897E-01  1.3391E-01  7.8356E-01  1.3289E-01
  1.8305E+00  1.7312E+01  3.5814E-02  6.8926E-01  1.2766E-01  7.8354E-01  1.2660E-01
  1.8327E+00  1.7320E+01  3.5831E-02  6.8954E-01  1.2142E-01  7.8353E-01  1.2029E-01
  1.8350E+00  1.7327E+01  3.5846E-02  6.8980E-01  1.1517E-01  7.8351E-01  1.1399E-01
  1.8372E+00  1.7334E+01  3.5861E-02  6.9005E-01  1.0893E-01  7.8349E-01  1.0768E-01
  1.8395E+00  1.7342E+01  3.5875E-02  6.9029E-01  1.0270E-01  7.8347E-01  1.0138E-01
  1.8417E+00  1.7349E+01  3.5888E-02  6.9051E-01  9.6477E-02  7.8346E-01  9.5065E-02
  1.8439E+00  1.7357E+01  3.5901E-02  6.9071E-01  9.0262E-02  7.8344E-01  8.8753E-02
  1.8462E+00  1.7364E+01  3.5913E-02  6.9090E-01  8.4060E-02  7.8342E-01  8.2438E-02
  1.8484E+00  1.7372E+01  3.5924E-02  6.9108E-01  7.7875E-02  7.8340E-01  7.6122E-02
  1.8507E+00  1.7379E+01  3.5934E-02  6.9125E-01  7.1711E-02  7.8339E-01  6.9805E-02
  1.8529E+00  1.7387E+01  3.5944E-02  6.9140E-01  6.5575E-02  7.8337E-01  6.3486E-02
  1.8552E+00  1.7394E+01  3.5953E-02  6.9153E-01  5.9476E-02  7.8335E-01  5.7166E-02
  1.8574E+00  1.7402E+01  3.5961E-02  6.9165E-01  5.3428E-02  7.8333E-01  5.0844E-02
  1.8596E+00  1.7409E+01  3.5969E-02  6.9176E-01  4.7450E-02  7.8332E-01  4.4522E-02
  1.8619E+00  1.7417E+01  3.5975E-02  6.9185E-01  4.1573E-02  7.8330E-01  3.8198E-02
  1.8641E+00  1.7424E+01  3.5981E-02  6.9193E-01  3.5849E-02  7.8328E-01  3.1874E-02
  1.8664E+00  1.7432E+01  3.5987E-02  6.9200E-01  3.0362E-02  7.8326E-01  2.5549E-02
  1.8686E+00  1.7439E+01  3.5991E-02  6.9205E-01  2.5271E-02  7.8324E-01  1.9224E-02
  1.8709E+00  1.7447E+01  3.5995E-02  6.9208E-01  2.0866E-02  7.8323E-01  1.2898E-02
  1.8731E+00  1.7454E+01  3.5998E-02  6.9210E-01  1.7669E-02  7.8321E-01  6.5721E-03
  1.8753E+00  1.7462E+01  3.6000E-02  6.9211E-01  1.6402E-02  7.8319E-01  2.4595E-04
  1.8776E+00  1.7469E+01  3.6002E-02  6.9210E-01  1.7491E-02  7.8317E-01 -6.0802E-03
  1.8798E+00  1.7477E+01  3.6002E-02  6.9208E-01  2.0564E-02  7.8315E-01 -1.2406E-02
  1.8821E+00  1.7484E+01  3.6002E-02  6.9205E-01  2.4897E-02  7.8314E-01 -1.8732E-02
  1.8843E+00  1.7492E+01  3.6002E-02  6.9200E-01  2.9948E-02  7.8312E-01 -2.5057E-02
  1.8866E+00  1.7499E+01  3.6000E-02  6.9194E-01  3.5410E-02  7.8310E-01 -3.1382E-02
  1.8888E+00  1.7507E+01  3.5998E-02  6.9186E-01  4.1120E-02  7.8308E-01 -3.7707E-02
  1.8910E+00  1.7514E+01  3.5995E-02  6.9177E-01  4.6985E-02  7.8308E-01 -4.4028E-02
  1.8933E+00  1.7522E+01  3.5992E-02  6.9166E-01  5.2933E-02  7.8304E-01 -5.0325E-02
  1.8955E+00  1.7529E+01  3.5987E-02  6.9154E-01  5.8914E-02  7.8300E-01 -5.6582E-02
  1.8978E+00  1.7537E+01  3.5982E-02  6.9141E-01  6.4858E-02  7.8295E-01 -6.2747E-02
  1.9000E+00  1.7544E+01  3.5976E-02  6.9126E-01  7.0633E-02  7.8286E-01 -6.8699E-02
  1.9023E+00  1.7552E+01  3.5970E-02  6.9110E-01  7.5986E-02  7.8268E-01 -7.4192E-02
  1.9045E+00  1.7559E+01  3.5963E-02  6.9093E-01  8.0517E-02  7.8240E-01 -7.8826E-02
  1.9068E+00  1.7566E+01  3.5955E-02  6.9075E-01  8.3820E-02  7.8204E-01 -8.2199E-02
  1.9090E+00  1.7574E+01  3.5947E-02  6.9056E-01  8.5821E-02  7.8172E-01 -8.4238E-02
  1.9112E+00  1.7581E+01  3.5939E-02  6.9037E-01  8.6843E-02  7.8151E-01 -8.5279E-02
  1.9135E+00  1.7589E+01  3.5931E-02  6.9018E-01  8.7306E-02  7.8139E-01 -8.5751E-02
  1.9157E+00  1.7596E+01  3.5923E-02  6.8998E-01  8.7503E-02  7.8133E-01 -8.5950E-02
  1.9180E+00  1.7604E+01  3.5915E-02  6.8979E-01  8.7583E-02  7.8129E-01 -8.6031E-02
  1.9202E+00  1.7611E+01  3.5907E-02  6.8960E-01  8.7613E-02  7.8126E-01 -8.6061E-02
  1.9225E+00  1.7619E+01  3.5898E-02  6.8941E-01  8.7616E-02  7.8123E-01 -8.6063E-02
  1.9247E+00  1.7626E+01  3.5890E-02  6.8921E-01  8.7612E-02  7.8122E-01 -8.6058E-02
  1.9269E+00  1.7634E+01  3.5882E-02  6.8902E-01  8.7608E-02  7.8120E-01 -8.6054E-02
  1.9292E+00  1.7641E+01  3.5874E-02  6.8883E-01  8.7604E-02  7.8118E-01 -8.6049E-02
  1.9314E+00  1.7649E+01  3.5866E-02  6.8863E-01  8.7601E-02  7.8116E-01 -8.6044E-02
  1.9337E+00  1.7656E+01  3.5857E-02  6.8844E-01  8.7597E-02  7.8114E-01 -8.6039E-02
  1.9359E+00  1.7664E+01  3.5849E-02  6.8825E-01  8.7593E-02  7.8112E-01 -8.6035E-02
  1.9382E+00  1.7671E+01  3.5841E-02  6.8805E-01  8.7589E-02  7.8110E-01 -8.6030E-02
  1.9404E+00  1.7679E+01  3.5833E-02  6.8786E-01  8.7585E-02  7.8108E-01 -8.6025E-02
  1.9426E+00  1.7686E+01  3.5824E-02  6.8767E-01  8.7581E-02  7.8107E-01 -8.6020E-02
  1.9449E+00  1.7694E+01  3.5816E-02  6.8747E-01  8.7578E-02  7.8105E-01 -8.6016E-02
  1.9471E+00  1.7701E+01  3.5808E-02  6.8728E-01  8.7574E-02  7.8103E-01 -8.6011E-02
  1.9494E+00  1.7709E+01  3.5800E-02  6.8709E-01  8.7570E-02  7.8101E-01 -8.6006E-02
  1.9516E+00  1.7716E+01  3.5792E-02  6.8690E-01  8.7566E-02  7.8099E-01 -8.6002E-02
  1.9539E+00  1.7724E+01  3.5783E-02  6.8670E-01  8.7562E-02  7.8097E-01 -8.5997E-02
  1.9561E+00  1.7731E+01  3.5775E-02  6.8651E-01  8.7558E-02  7.8095E-01 -8.5992E-02
  1.9583E+00  1.7739E+01  3.5767E-02  6.8632E-01  8.7555E-02  7.8093E-01 -8.5987E-02
  1.9606E+00  1.7746E+01  3.5759E-02  6.8612E-01  8.7551E-02  7.8092E-01 -8.5983E-02
  1.9628E+00  1.7754E+01  3.5751E-02  6.8593E-01  8.7547E-02  7.8090E-01 -8.5978E-02
  1.9651E+00  1.7761E+01  3.5742E-02  6.8574E-01  8.7543E-02  7.8088E-01 -8.5973E-02
  1.9673E+00  1.7769E+01  3.5734E-02  6.8554E-01  8.7539E-02  7.8086E-01 -8.5969E-02
  1.9696E+00  1.7776E+01  3.5726E-02  6.8535E-01  8.7535E-02  7.8084E-01 -8.5964E-02
  1.9718E+00  1.7784E+01  3.5718E-02  6.8516E-01  8.7531E-02  7.8082E-01 -8.5959E-02
  1.9740E+00  1.7791E+01  3.5710E-02  6.8497E-01  8.7528E-02  7.8080E-01 -8.5954E-02
  1.9763E+00  1.7798E+01  3.5701E-02  6.8477E-01  8.7524E-02  7.8079E-01 -8.5950E-02
  1.9785E+00  1.7806E+01  3.5693E-02  6.8458E-01  8.7520E-02  7.8077E-01 -8.5945E-02
  1.9808E+00  1.7813E+01  3.5685E-02  6.8439E-01  8.7516E-02  7.8075E-01 -8.5940E-02
  1.9830E+00  1.7821E+01  3.5677E-02  6.8419E-01  8.7512E-02  7.8073E-01 -8.5935E-02
  1.9853E+00  1.7828E+01  3.5668E-02  6.8400E-01  8.7508E-02  7.8071E-01 -8.5931E-02
  1.9875E+00  1.7836E+01  3.5660E-02  6.8381E-01  8.7505E-02  7.8069E-01 -8.5926E-02
  1.9898E+00  1.7843E+01  3.5652E-02  6.8362E-01  8.7501E-02  7.8067E-01 -8.5921E-02
  1.9920E+00  1.7851E+01  3.5644E-02  6.8342E-01  8.7497E-02  7.8065E-01 -8.5916E-02
  1.9942E+00  1.7858E+01  3.5636E-02  6.8323E-01  8.7493E-02  7.8064E-01 -8.5912E-02
  1.9965E+00  1.7866E+01  3.5627E-02  6.8304E-01  8.7489E-02  7.8062E-01 -8.5907E-02
  1.9987E+00  1.7873E+01  3.5619E-02  6.8284E-01  8.7485E-02  7.8060E-01 -8.5902E-02
  2.0010E+00  1.7881E+01  3.5611E-02  6.8265E-01  8.7481E-02  7.8058E-01 -8.5897E-02
  2.0032E+00  1.7888E+01  3.5603E-02  6.8246E-01  8.7478E-02  7.8056E-01 -8.5893E-02
  2.0055E+00  1.7896E+01  3.5595E-02  6.8227E-01  8.7474E-02  7.8054E-01 -8.5888E-02
  2.0077E+00  1.7903E+01  3.5586E-02  6.8207E-01  8.7470E-02  7.8052E-01 -8.5883E-02
  2.0099E+00  1.7911E+01  3.5578E-02  6.8188E-01  8.7466E-02  7.8050E-01 -8.5879E-02
  2.0122E+00  1.7918E+01  3.5570E-02  6.8169E-01  8.7462E-02  7.8049E-01 -8.5874E-02
  2.0144E+00  1.7926E+01  3.5562E-02  6.8149E-01  8.7458E-02  7.8047E-01 -8.5869E-02
  2.0167E+00  1.7933E+01  3.5553E-02  6.8130E-01  8.7455E-02  7.8045E-01 -8.5864E-02
  2.0189E+00  1.7941E+01  3.5545E-02  6.8111E-01  8.7451E-02  7.8043E-01 -8.5860E-02
  2.0212E+00  1.7948E+01  3.5537E-02  6.8092E-01  8.7447E-02  7.8041E-01 -8.5855E-02
  2.0234E+00  1.7956E+01  3.5529E-02  6.8072E-01  8.7443E-02  7.8039E-01 -8.5850E-02
  2.0256E+00  1.7963E+01  3.5521E-02  6.8053E-01  8.7439E-02  7.8037E-01 -8.5845E-02
  2.0279E+00  1.7971E+01  3.5512E-02  6.8034E-01  8.7435E-02  7.8036E-01 -8.5840E-02
  2.0301E+00  1.7978E+01  3.5504E-02  6.8015E-01  8.7431E-02  7.8034E-01 -8.5836E-02
  2.0324E+00  1.7986E+01  3.5496E-02  6.7995E-01  8.7428E-02  7.8032E-01 -8.5831E-02
  2.0346E+00  1.7993E+01  3.5488E-02  6.7976E-01  8.7424E-02  7.8030E-01 -8.5826E-02
  2.0369E+00  1.8001E+01  3.5480E-02  6.7957E-01  8.7420E-02  7.8028E-01 -8.5821E-02
  2.0391E+00  1.8008E+01  3.5471E-02  6.7938E-01  8.7416E-02  7.8026E-01 -8.5817E-02
  2.0413E+00  1.8015E+01  3.5463E-02  6.7918E-01  8.7412E-02  7.8024E-01 -8.5812E-02
  2.0436E+00  1.8023E+01  3.5455E-02  6.7899E-01  8.7408E-02  7.8022E-01 -8.5807E-02
  2.0458E+00  1.8030E+01  3.5447E-02  6.7880E-01  8.7405E-02  7.8021E-01 -8.5802E-02
  2.0481E+00  1.8038E+01  3.5438E-02  6.7861E-01  8.7401E-02  7.8019E-01 -8.5798E-02
  2.0503E+00  1.8045E+01  3.5430E-02  6.7841E-01  8.7397E-02  7.8017E-01 -8.5793E-02
  2.0526E+00  1.8053E+01  3.5422E-02  6.7822E-01  8.7393E-02  7.8015E-01 -8.5788E-02
  2.0548E+00  1.8060E+01  3.5414E-02  6.7803E-01  8.7389E-02  7.8013E-01 -8.5783E-02
  2.0570E+00  1.8068E+01  3.5406E-02  6.7784E-01  8.7385E-02  7.8011E-01 -8.5779E-02
  2.0593E+00  1.8075E+01  3.5397E-02  6.7764E-01  8.7381E-02  7.8009E-01 -8.5774E-02
  2.0615E+00  1.8083E+01  3.5389E-02  6.7745E-01  8.7378E-02  7.8008E-01 -8.5769E-02
  2.0638E+00  1.8090E+01  3.5381E-02  6.7726E-01  8.7374E-02  7.8006E-01 -8.5764E-02
  2.0660E+00  1.8098E+01  3.5373E-02  6.7707E-01  8.7370E-02  7.8004E-01 -8.5760E-02
  2.0683E+00  1.8105E+01  3.5364E-02  6.7687E-01  8.7366E-02  7.8002E-01 -8.5755E-02
  2.0705E+00  1.8113E+01  3.5356E-02  6.7668E-01  8.7362E-02  7.8000E-01 -8.5750E-02
  2.0728E+00  1.8120E+01  3.5348E-02  6.7649E-01  8.7358E-02  7.7998E-01 -8.5745E-02
  2.0750E+00  1.8128E+01  3.5340E-02  6.7630E-01  8.7354E-02  7.7996E-01 -8.5740E-02
  2.0772E+00  1.8135E+01  3.5332E-02  6.7610E-01  8.7351E-02  7.7995E-01 -8.5736E-02
  2.0795E+00  1.8143E+01  3.5323E-02  6.7591E-01  8.7347E-02  7.7993E-01 -8.5731E-02
  2.0817E+00  1.8150E+01  3.5315E-02  6.7572E-01  8.7343E-02  7.7991E-01 -8.5726E-02
  2.0840E+00  1.8158E+01  3.5307E-02  6.7553E-01  8.7339E-02  7.7989E-01 -8.5721E-02
  2.0862E+00  1.8165E+01  3.5299E-02  6.7533E-01  8.7335E-02  7.7987E-01 -8.5717E-02
  2.0885E+00  1.8173E+01  3.5291E-02  6.7514E-01  8.7331E-02  7.7985E-01 -8.5712E-02
  2.0907E+00  1.8180E+01  3.5282E-02  6.7495E-01  8.7328E-02  7.7983E-01 -8.5707E-02
  2.0929E+00  1.8188E+01  3.5274E-02  6.7476E-01  8.7324E-02  7.7981E-01 -8.5702E-02
  2.0952E+00  1.8195E+01  3.5266E-02  6.7456E-01  8.7320E-02  7.7980E-01 -8.5697E-02
  2.0974E+00  1.8203E+01  3.5258E-02  6.7437E-01  8.7316E-02  7.7978E-01 -8.5693E-02
  2.0997E+00  1.8210E+01  3.5249E-02  6.7418E-01  8.7312E-02  7.7976E-01 -8.5688E-02
  2.1019E+00  1.8218E+01  3.5241E-02  6.7399E-01  8.7308E-02  7.7974E-01 -8.5683E-02
  2.1042E+00  1.8225E+01  3.5233E-02  6.7379E-01  8.7304E-02  7.7972E-01 -8.5678E-02
  2.1064E+00  1.8233E+01  3.5225E-02  6.7360E-01  8.7301E-02  7.7970E-01 -8.5674E-02
  2.1086E+00  1.8240E+01  3.5217E-02  6.7341E-01  8.7297E-02  7.7969E-01 -8.5669E-02
  2.1109E+00  1.8247E+01  3.5208E-02  6.7322E-01  8.7293E-02  7.7967E-01 -8.5664E-02
  2.1131E+00  1.8255E+01  3.5200E-02  6.7303E-01  8.7289E-02  7.7965E-01 -8.5659E-02
  2.1154E+00  1.8262E+01  3.5192E-02  6.7283E-01  8.7285E-02  7.7963E-01 -8.5654E-02
  2.1176E+00  1.8270E+01  3.5184E-02  6.7264E-01  8.7281E-02  7.7961E-01 -8.5650E-02
  2.1199E+00  1.8277E+01  3.5175E-02  6.7245E-01  8.7277E-02  7.7959E-01 -8.5645E-02
  2.1221E+00  1.8285E+01  3.5167E-02  6.7226E-01  8.7274E-02  7.7957E-01 -8.5640E-02
  2.1243E+00  1.8292E+01  3.5159E-02  6.7206E-01  8.7270E-02  7.7956E-01 -8.5635E-02
  2.1266E+00  1.8300E+01  3.5151E-02  6.7187E-01  8.7266E-02  7.7954E-01 -8.5630E-02
  2.1288E+00  1.8307E+01  3.5143E-02  6.7168E-01  8.7262E-02  7.7952E-01 -8.5626E-02
  2.1311E+00  1.8315E+01  3.5134E-02  6.7149E-01  8.7258E-02  7.7950E-01 -8.5621E-02
  2.1333E+00  1.8322E+01  3.5126E-02  6.7130E-01  8.7254E-02  7.7948E-01 -8.5616E-02
  2.1356E+00  1.8330E+01  3.5118E-02  6.7110E-01  8.7251E-02  7.7946E-01 -8.5611E-02
  2.1378E+00  1.8337E+01  3.5110E-02  6.7091E-01  8.7247E-02  7.7944E-01 -8.5607E-02
  2.1400E+00  1.8345E+01  3.5101E-02  6.7072E-01  8.7243E-02  7.7943E-01 -8.5602E-02
  2.1423E+00  1.8352E+01  3.5093E-02  6.7053E-01  8.7239E-02  7.7941E-01 -8.5597E-02
  2.1445E+00  1.8360E+01  3.5085E-02  6.7034E-01  8.7235E-02  7.7939E-01 -8.5592E-02
  2.1468E+00  1.8367E+01  3.5077E-02  6.7014E-01  8.7231E-02  7.7937E-01 -8.5587E-02
  2.1490E+00  1.8375E+01  3.5069E-02  6.6995E-01  8.7227E-02  7.7935E-01 -8.5583E-02
  2.1513E+00  1.8382E+01  3.5060E-02  6.6976E-01  8.7224E-02  7.7933E-01 -8.5578E-02
  2.1535E+00  1.8390E+01  3.5052E-02  6.6957E-01  8.7220E-02  7.7932E-01 -8.5573E-02
  2.1558E+00  1.8397E+01  3.5044E-02  6.6937E-01  8.7216E-02  7.7930E-01 -8.5568E-02
  2.1580E+00  1.8405E+01  3.5036E-02  6.6918E-01  8.7212E-02  7.7928E-01 -8.5563E-02
  2.1602E+00  1.8412E+01  3.5027E-02  6.6899E-01  8.7208E-02  7.7926E-01 -8.5559E-02
  2.1625E+00  1.8420E+01  3.5019E-02  6.6880E-01  8.7204E-02  7.7924E-01 -8.5554E-02
  2.1647E+00  1.8427E+01  3.5011E-02  6.6861E-01  8.7200E-02  7.7922E-01 -8.5549E-02
  2.1670E+00  1.8435E+01  3.5003E-02  6.6841E-01  8.7197E-02  7.7920E-01 -8.5544E-02
  2.1692E+00  1.8442E+01  3.4994E-02  6.6822E-01  8.7193E-02  7.7919E-01 -8.5539E-02
  2.1715E+00  1.8450E+01  3.4986E-02  6.6803E-01  8.7189E-02  7.7917E-01 -8.5535E-02
  2.1737E+00  1.8457E+01  3.4978E-02  6.6784E-01  8.7185E-02  7.7915E-01 -8.5530E-02
  2.1759E+00  1.8464E+01  3.4970E-02  6.6765E-01  8.7181E-02  7.7913E-01 -8.5525E-02
  2.1782E+00  1.8472E+01  3.4962E-02  6.6746E-01  8.7177E-02  7.7911E-01 -8.5520E-02
  2.1804E+00  1.8479E+01  3.4953E-02  6.6726E-01  8.7173E-02  7.7909E-01 -8.5515E-02
  2.1827E+00  1.8487E+01  3.4945E-02  6.6707E-01  8.7170E-02  7.7908E-01 -8.5510E-02
  2.1849E+00  1.8494E+01  3.4937E-02  6.6688E-01  8.7166E-02  7.7906E-01 -8.5506E-02
  2.1872E+00  1.8502E+01  3.4929E-02  6.6669E-01  8.7162E-02  7.7904E-01 -8.5501E-02
  2.1894E+00  1.8509E+01  3.4920E-02  6.6650E-01  8.7158E-02  7.7902E-01 -8.5496E-02
  2.1916E+00  1.8517E+01  3.4912E-02  6.6630E-01  8.7167E-02  7.7899E-01 -8.5504E-02
  2.1939E+00  1.8524E+01  3.4904E-02  6.6611E-01  8.7204E-02  7.7895E-01 -8.5542E-02
  2.1961E+00  1.8532E+01  3.4896E-02  6.6592E-01  8.7302E-02  7.7888E-01 -8.5640E-02
  2.1984E+00  1.8539E+01  3.4887E-02  6.6573E-01  8.7540E-02  7.7875E-01 -8.5882E-02
  2.2006E+00  1.8547E+01  3.4879E-02  6.6553E-01  8.8093E-02  7.7853E-01 -8.6446E-02
  2.2029E+00  1.8554E+01  3.4871E-02  6.6534E-01  8.9282E-02  7.7830E-01 -8.7658E-02
  2.2051E+00  1.8562E+01  3.4862E-02  6.6514E-01  9.1524E-02  7.7831E-01 -8.9939E-02
  2.2073E+00  1.8569E+01  3.4853E-02  6.6493E-01  9.5055E-02  7.7879E-01 -9.3527E-02
  2.2096E+00  1.8577E+01  3.4844E-02  6.6472E-01  9.9702E-02  7.7942E-01 -9.8243E-02
  2.2118E+00  1.8584E+01  3.4834E-02  6.6449E-01  1.0506E-01  7.7987E-01 -1.0367E-01
  2.2141E+00  1.8592E+01  3.4823E-02  6.6425E-01  1.1078E-01  7.8009E-01 -1.0946E-01
  2.2163E+00  1.8599E+01  3.4812E-02  6.6400E-01  1.1666E-01  7.8019E-01 -1.1541E-01
  2.2186E+00  1.8607E+01  3.4799E-02  6.6374E-01  1.2262E-01  7.8022E-01 -1.2143E-01
  2.2208E+00  1.8614E+01  3.4787E-02  6.6346E-01  1.2861E-01  7.8022E-01 -1.2748E-01
  2.2230E+00  1.8622E+01  3.4773E-02  6.6316E-01  1.3463E-01  7.8021E-01 -1.3354E-01
  2.2253E+00  1.8629E+01  3.4759E-02  6.6286E-01  1.4064E-01  7.8020E-01 -1.3960E-01
  2.2275E+00  1.8637E+01  3.4744E-02  6.6254E-01  1.4665E-01  7.8018E-01 -1.4566E-01
  2.2298E+00  1.8644E+01  3.4728E-02  6.6220E-01  1.5267E-01  7.8016E-01 -1.5171E-01
  2.2320E+00  1.8652E+01  3.4712E-02  6.6186E-01  1.5868E-01  7.8014E-01 -1.5776E-01
  2.2343E+00  1.8659E+01  3.4695E-02  6.6149E-01  1.6470E-01  7.8012E-01 -1.6381E-01
  2.2365E+00  1.8667E+01  3.4677E-02  6.6112E-01  1.7071E-01  7.8011E-01 -1.6985E-01
  2.2388E+00  1.8674E+01  3.4658E-02  6.6073E-01  1.7673E-01  7.8009E-01 -1.7590E-01
  2.2410E+00  1.8682E+01  3.4639E-02  6.6033E-01  1.8274E-01  7.8007E-01 -1.8193E-01
  2.2432E+00  1.8689E+01  3.4619E-02  6.5992E-01  1.8874E-01  7.8005E-01 -1.8797E-01
  2.2455E+00  1.8696E+01  3.4599E-02  6.5949E-01  1.9475E-01  7.8004E-01 -1.9400E-01
  2.2477E+00  1.8704E+01  3.4577E-02  6.5904E-01  2.0076E-01  7.8002E-01 -2.0002E-01
  2.2500E+00  1.8711E+01  3.4555E-02  6.5859E-01  2.0676E-01  7.8000E-01 -2.0604E-01
  2.2522E+00  1.8719E+01  3.4532E-02  6.5812E-01  2.1275E-01  7.7998E-01 -2.1206E-01
  2.2545E+00  1.8726E+01  3.4509E-02  6.5764E-01  2.1875E-01  7.7997E-01 -2.1807E-01
  2.2567E+00  1.8734E+01  3.4485E-02  6.5714E-01  2.2474E-01  7.7995E-01 -2.2408E-01
  2.2589E+00  1.8741E+01  3.4460E-02  6.5663E-01  2.3073E-01  7.7993E-01 -2.3008E-01
  2.2612E+00  1.8749E+01  3.4434E-02  6.5611E-01  2.3671E-01  7.7991E-01 -2.3608E-01
  2.2634E+00  1.8756E+01  3.4408E-02  6.5557E-01  2.4269E-01  7.7990E-01 -2.4208E-01
  2.2657E+00  1.8764E+01  3.4381E-02  6.5502E-01  2.4867E-01  7.7988E-01 -2.4807E-01
  2.2679E+00  1.8771E+01  3.4353E-02  6.5446E-01  2.5464E-01  7.7986E-01 -2.5405E-01
  2.2702E+00  1.8779E+01  3.4324E-02  6.5388E-01  2.6060E-01  7.7984E-01 -2.6003E-01
  2.2724E+00  1.8786E+01  3.4295E-02  6.5329E-01  2.6657E-01  7.7983E-01 -2.6600E-01
  2.2746E+00  1.8794E+01  3.4265E-02  6.5269E-01  2.7252E-01  7.7981E-01 -2.7197E-01
  2.2769E+00  1.8801E+01  3.4235E-02  6.5207E-01  2.7847E-01  7.7979E-01 -2.7793E-01
  2.2791E+00  1.8809E+01  3.4204E-02  6.5144E-01  2.8442E-01  7.7977E-01 -2.8389E-01
  2.2814E+00  1.8816E+01  3.4172E-02  6.5079E-01  2.9036E-01  7.7976E-01 -2.8984E-01
  2.2836E+00  1.8824E+01  3.4139E-02  6.5014E-01  2.9630E-01  7.7974E-01 -2.9579E-01
  2.2859E+00  1.8831E+01  3.4105E-02  6.4947E-01  3.0223E-01  7.7972E-01 -3.0173E-01
  2.2881E+00  1.8839E+01  3.4071E-02  6.4878E-01  3.0815E-01  7.7971E-01 -3.0766E-01
  2.2903E+00  1.8846E+01  3.4037E-02  6.4809E-01  3.1407E-01  7.7969E-01 -3.1359E-01
  2.2926E+00  1.8854E+01  3.4001E-02  6.4738E-01  3.1997E-01  7.7966E-01 -3.1949E-01
  2.2948E+00  1.8861E+01  3.3965E-02  6.4665E-01  3.2583E-01  7.7964E-01 -3.2536E-01
  2.2971E+00  1.8869E+01  3.3928E-02  6.4592E-01  3.3162E-01  7.7960E-01 -3.3115E-01
  2.2993E+00  1.8876E+01  3.3891E-02  6.4517E-01  3.3725E-01  7.7953E-01 -3.3679E-01
  2.3016E+00  1.8884E+01  3.3852E-02  6.4440E-01  3.4253E-01  7.7939E-01 -3.4208E-01
  2.3038E+00  1.8891E+01  3.3814E-02  6.4363E-01  3.4714E-01  7.7915E-01 -3.4670E-01
  2.3060E+00  1.8899E+01  3.3774E-02  6.4285E-01  3.5067E-01  7.7878E-01 -3.5023E-01
  2.3083E+00  1.8906E+01  3.3735E-02  6.4206E-01  3.5294E-01  7.7839E-01 -3.5250E-01
  2.3105E+00  1.8914E+01  3.3695E-02  6.4127E-01  3.5415E-01  7.7809E-01 -3.5371E-01
  2.3128E+00  1.8921E+01  3.3655E-02  6.4047E-01  3.5472E-01  7.7792E-01 -3.5428E-01
  2.3150E+00  1.8928E+01  3.3615E-02  6.3968E-01  3.5496E-01  7.7782E-01 -3.5452E-01
  2.3173E+00  1.8936E+01  3.3575E-02  6.3888E-01  3.5506E-01  7.7776E-01 -3.5462E-01
  2.3195E+00  1.8943E+01  3.3535E-02  6.3808E-01  3.5510E-01  7.7772E-01 -3.5466E-01
  2.3218E+00  1.8951E+01  3.3495E-02  6.3729E-01  3.5511E-01  7.7769E-01 -3.5467E-01
  2.3240E+00  1.8958E+01  3.3455E-02  6.3649E-01  3.5510E-01  7.7767E-01 -3.5466E-01
  2.3262E+00  1.8966E+01  3.3415E-02  6.3570E-01  3.5510E-01  7.7764E-01 -3.5466E-01
  2.3285E+00  1.8973E+01  3.3375E-02  6.3490E-01  3.5510E-01  7.7762E-01 -3.5465E-01
  2.3307E+00  1.8981E+01  3.3335E-02  6.3410E-01  3.5509E-01  7.7760E-01 -3.5465E-01
  2.3330E+00  1.8988E+01  3.3295E-02  6.3331E-01  3.5509E-01  7.7757E-01 -3.5464E-01
  2.3352E+00  1.8996E+01  3.3255E-02  6.3251E-01  3.5509E-01  7.7755E-01 -3.5464E-01
  2.3375E+00  1.9003E+01  3.3215E-02  6.3172E-01  3.5508E-01  7.7752E-01 -3.5463E-01
  2.3397E+00  1.9011E+01  3.3175E-02  6.3092E-01  3.5508E-01  7.7750E-01 -3.5463E-01
  2.3419E+00  1.9018E+01  3.3135E-02  6.3012E-01  3.5507E-01  7.7748E-01 -3.5462E-01
  2.3442E+00  1.9026E+01  3.3095E-02  6.2933E-01  3.5507E-01  7.7745E-01 -3.5462E-01
  2.3464E+00  1.9033E+01  3.3055E-02  6.2853E-01  3.5507E-01  7.7743E-01 -3.5461E-01
  2.3487E+00  1.9041E+01  3.3015E-02  6.2774E-01  3.5506E-01  7.7741E-01 -3.5461E-01
  2.3509E+00  1.9048E+01  3.2975E-02  6.2694E-01  3.5506E-01  7.7738E-01 -3.5460E-01
  2.3554E+00  1.9063E+01  3.2895E-02  6.2535E-01  3.5505E-01  7.7734E-01 -3.5459E-01
