 -1.773550430234E-05  7.677924924950E-05  2.355401911407E+00 -3.468997195493E+02 -1.385789487474E+03  3.527214913303E+07  1.910479306067E+01 -4.882812500000E-04   1   5
 -7.556973215748E-05  4.326739784101E-04  2.181211575087E-04 -1.374356729426E+03 -8.045705924360E+03 -9.549324606851E+04 -4.096147648663E-02 -4.882812500000E-04   1   3
 -4.658248335025E-04 -8.689872698121E-05 -2.531695953847E-04 -8.633367051897E+03  1.590713599372E+03  1.064468404711E+05 -4.255680055860E-02 -4.882812500000E-04   1   3
 -3.884523153817E-05  3.085289491335E-04  4.356098832208E-04  5.899504378294E+01 -7.719568542152E+03 -1.922494716176E+05 -4.022478382945E-02 -4.882812500000E-04   1   3
 -2.406302134520E-04 -6.700498799294E-05 -5.280087115875E-04 -3.167817965942E+03  1.411083742714E+03  1.795962539059E+05 -4.348203765843E-02 -4.882812500000E-04   1   3
 -1.517742598920E-04  9.625709051518E-04  7.824372649439E-04 -2.336575358744E+03 -1.907380997565E+04 -3.121671768212E+05 -3.905346310174E-02 -4.882812500000E-04   1   3
 -7.046149923066E-04 -2.517324354560E-04 -7.299431112844E-04 -1.170498562949E+04  4.832075578378E+03  2.239208610778E+05 -4.416040884229E-02 -4.882812500000E-04   1   3
 -1.177366077290E-04  7.746489606396E-04 -4.266696209205E-04 -1.812735460220E+03 -1.592638866514E+04  1.584166507913E+05 -4.314142063720E-02 -4.882812500000E-04   1   5
 -7.979117817527E-04 -2.639786524848E-04 -8.515615785250E-04 -1.479944879542E+04  4.873271482753E+03  2.410095751419E+05 -4.456796104527E-02 -4.882812500000E-04   1   5
  4.495924894325E-04  1.126759900888E-03  6.894153264474E-04  7.073921447323E+03 -2.180397103457E+04 -2.822418037760E+05 -3.936704109589E-02 -4.882812500000E-04   1   5
 -2.563955197335E-04 -1.063761172399E-04 -5.372477928045E-05 -3.595234867250E+03  2.329486568297E+03  2.673570245167E+04 -4.188244531840E-02 -4.882812500000E-04   1   5
 -8.534509670302E-05 -7.242467823272E-04  4.286306170056E-04 -6.534611485838E+02  1.538807014134E+04 -1.874526498039E+05 -4.024849737955E-02 -4.882812500000E-04   1   5
 -3.962668462153E-04  6.069232777631E-04 -1.904816584046E-04 -5.130774813070E+03 -1.281253717202E+04  8.749710428781E+04 -4.234543171380E-02 -4.882812500000E-04   1   5
  4.552995993717E-04 -7.132812257490E-04  3.248393857049E-04  6.768945572849E+03  1.392394749251E+04 -1.379515366407E+05 -4.060032831095E-02 -4.882812500000E-04   1   5
  9.761701021668E-05 -5.861252512608E-04  3.827641905110E-04  1.439786875398E+03  1.183696326602E+04 -1.673820614102E+05 -4.040387481492E-02 -4.882812500000E-04   1   5
 -2.168273438848E-04 -3.982524445099E-04  4.204733275763E-04 -2.094052202568E+03  8.358556780557E+03 -1.850293368670E+05 -4.027606349186E-02 -4.882812500000E-04   1   5
  3.425217251252E-04 -5.041316484068E-04 -2.044315930561E-04  4.790587095641E+03  9.952777961848E+03  9.142923698898E+04 -4.239246715256E-02 -4.882812500000E-04   1   5
 -1.938937006085E-04  1.287820107995E-03  1.216567590210E-04 -3.203942640536E+03 -2.508035640163E+04 -5.265286265656E+04 -4.128768866030E-02 -4.882812500000E-04   1   5
 -3.456419655169E-04  6.434219188567E-04  2.153363588726E-04 -4.758396734048E+03 -1.332640531598E+04 -9.239710886773E+04 -4.097100487349E-02 -4.882812500000E-04   1   5
 -5.996742303750E-04 -1.933695984209E-04  7.066924300050E-04 -1.128857780262E+04  3.468860354197E+03 -2.776174015570E+05 -3.931029415547E-02 -4.882812500000E-04   1   5
 -2.997692493266E-04 -8.155918803254E-04  7.086769107318E-04 -5.840363617304E+03  1.487811680631E+04 -2.777625773836E+05 -3.930353708811E-02 -4.882812500000E-04   1   5
  3.939578014901E-04  3.135142780574E-04  5.228181003680E-05  4.458848024835E+03 -6.406854511790E+03 -2.239848727825E+04 -4.152307821272E-02 -4.882812500000E-04   1   5
  2.463680740862E-04  8.294713867961E-04  3.137793956132E-04  3.282119754333E+03 -1.660955342382E+04 -1.330195224254E+05 -4.063783094697E-02 -4.882812500000E-04   1   5
  4.051066834616E-04  5.717819356458E-04 -2.297879841398E-04  4.301224128269E+03 -1.213356514929E+04  1.028077867724E+05 -4.247828913558E-02 -4.882812500000E-04   1   5
  1.305317053862E-04  1.465152522963E-04  6.108759808270E-04 -1.867196072475E+03 -3.220278810447E+03 -2.623965988806E+05 -3.963186387722E-02 -4.882812500000E-04   1   5
 -3.104896248973E-04 -5.693243334846E-04  8.405847937407E-04 -5.140145728031E+03  1.145709687856E+04 -3.325559406329E+05 -3.885725463065E-02 -4.882812500000E-04   1   5
  1.719425412065E-05  7.759054647106E-04 -7.474437600132E-04 -2.389399555639E+02 -1.585387824509E+04  2.308147236749E+05 -4.421968125040E-02 -4.882812500000E-04   1   5
 -4.081796286766E-04  1.198551178054E-03  7.153235009585E-04 -6.499803099978E+03 -2.330301475181E+04 -2.911657746500E+05 -3.927953223135E-02 -4.882812500000E-04   1   5
 -3.604447809545E-04  1.873232238327E-05  4.819790265689E-04 -3.334999646596E+03 -6.900770293384E+02 -2.123104166532E+05 -4.006768881912E-02 -4.882812500000E-04   1   5
 -3.678201319820E-04  1.011680970151E-03  2.115355391559E-04 -5.623689633065E+03 -2.020815971664E+04 -8.993835761105E+04 -4.098374712021E-02 -4.882812500000E-04   1   5
  3.030925754741E-04  1.407564525433E-04 -5.017463471457E-04  6.875375543280E+03 -2.410821265855E+03  1.747735671532E+05 -4.339384120491E-02 -4.882812500000E-04   1   5
  1.532734418132E-04 -7.262423090297E-04 -3.425247122744E-04  1.979778122587E+03  1.533831124341E+04  1.379873020064E+05 -4.285842731349E-02 -4.882812500000E-04   1   5
  8.778223729316E-05 -9.015127342952E-04 -1.955925034918E-04  1.311241901287E+03  1.829786983197E+04  8.918259914339E+04 -4.236261555823E-02 -4.882812500000E-04   1   5
  1.110705858272E-04  9.342312054615E-04  3.926747970362E-04  1.563566767437E+03 -1.902662205138E+04 -1.699392439547E+05 -4.037034967521E-02 -4.882812500000E-04   1   5
  7.408791067073E-04 -5.228900895347E-04  2.206424850586E-04  1.168084714237E+04  1.006500307623E+04 -9.373535114557E+04 -4.095292961933E-02 -4.882812500000E-04   1   5
 -2.626834147078E-04 -8.404099779808E-04  4.411309098700E-04 -3.737847100788E+03  1.760537344083E+04 -1.933611762805E+05 -4.020601806048E-02 -4.882812500000E-04   1   5
  6.078381204190E-04  1.772182783296E-04  7.117498551428E-04  8.834856782760E+03 -3.869414869962E+03 -2.929284714218E+05 -3.929163805594E-02 -4.882812500000E-04   1   5
 -1.877253624675E-05  1.030459530209E-03 -3.282861666616E-04 -1.033047426112E+02 -2.126511048224E+04  1.357281798949E+05 -4.281051349285E-02 -4.882812500000E-04   1   5
  2.830739823840E-04  6.724416478392E-04  3.730712275445E-04  4.393314282229E+03 -1.327896704063E+04 -1.620306297267E+05 -4.043674411816E-02 -4.882812500000E-04   1   5
 -2.910268082749E-04 -3.982332316109E-04  5.311513946724E-04 -3.486824723445E+03  8.986277073069E+03 -2.326521818622E+05 -3.990129024154E-02 -4.882812500000E-04   1   5
  3.963873267024E-04 -3.974037320817E-04  2.149492745374E-04  5.748968177956E+03  8.218632990264E+03 -9.300375477374E+04 -4.097228323971E-02 -4.882812500000E-04   1   5
  4.762085797159E-04  2.957373537366E-05  3.064688655341E-04  5.247943698868E+03 -8.281176221274E+02 -1.304747535450E+05 -4.066261375026E-02 -4.882812500000E-04   1   5
  8.400205922801E-05  1.062088332147E-03  4.373287384518E-04  1.490557351272E+03 -2.152270309382E+04 -1.912809222655E+05 -4.021882827022E-02 -4.882812500000E-04   1   5
  4.154509119101E-04  4.128697503921E-04 -1.933826598104E-04  6.306357981082E+03 -8.568401763250E+03  8.727819454063E+04 -4.235514180175E-02 -4.882812500000E-04   1   5
 -4.643740450218E-04  2.171375034790E-05 -1.273395874031E-04 -4.771214351528E+03 -6.888622713400E+02  6.283202601583E+04 -4.213201789531E-02 -4.882812500000E-04   1   5
  1.870295839623E-04 -1.170609440006E-03  5.288807824799E-05  2.759805123712E+03  2.334504952567E+04 -2.008799487309E+04 -4.152097936388E-02 -4.882812500000E-04   1   5
 -8.700943070676E-05 -2.969262864459E-04  4.456210921040E-04 -3.582751758382E+02  7.339482707604E+03 -1.969210025155E+05 -4.019083986543E-02 -4.882812500000E-04   1   5
  5.247556942127E-04  1.331485900030E-04 -5.777121981603E-04  7.629899917036E+03 -2.407138338133E+03  1.919667975138E+05 -4.364910491972E-02 -4.882812500000E-04   1   5
  1.449668248887E-04  6.886025217579E-04 -1.547326971134E-04  2.499287558185E+03 -1.399105891747E+04  7.134325978409E+04 -4.222437870369E-02 -4.882812500000E-04   1   5
 -2.310781282064E-04 -3.573955666231E-04 -7.066650574972E-05 -2.535095528635E+03  8.414474735358E+03  3.741053690967E+04 -4.194014840789E-02 -4.882812500000E-04   1   5
  3.426034866344E-04 -4.730948304895E-04  3.314098180205E-04  4.778112809170E+03  9.542893654173E+03 -1.415147075479E+05 -4.057815610669E-02 -4.882812500000E-04   1   5
  4.798753616299E-04  8.948330796781E-04  5.493096829667E-05  7.298441124052E+03 -1.781472540949E+04 -2.186507255710E+04 -4.151403820237E-02 -4.882812500000E-04   1   5
  9.145565064992E-05  6.551556462078E-04  2.840641685400E-04  1.622249139393E+03 -1.325295689156E+04 -1.213226602827E+05 -4.073843569416E-02 -4.882812500000E-04   1   5
 -5.232478338853E-04 -7.474902328312E-04  4.612647668090E-04 -7.251210257645E+03  1.503310494122E+04 -2.026083059480E+05 -4.013767829163E-02 -4.882812500000E-04   1   5
 -4.995693165397E-04  1.205377517261E-04 -5.494827102264E-04 -7.008097508770E+03 -2.116725868949E+03  1.855409109161E+05 -4.355422130946E-02 -4.882812500000E-04   1   5
 -1.142104254889E-04 -7.996265325688E-04 -1.136669618496E-04 -1.417021690929E+03  1.643424638140E+04  5.657058600933E+04 -4.208565174213E-02 -4.882812500000E-04   1   5
 -3.516726820561E-04 -6.721769279846E-04 -6.825641347463E-05 -4.454198440286E+03  1.346921763454E+04  3.693250064707E+04 -4.193189735427E-02 -4.882812500000E-04   1   5
 -7.720489156177E-05 -2.331296019793E-05 -8.586638615475E-04  4.030122965133E+02  5.323341171821E+02  2.477820919131E+05 -4.459279629597E-02 -4.882812500000E-04   1   5
  1.051234458144E-04  7.901464800108E-04  5.982353083982E-04  1.681421879950E+03 -1.548156679534E+04 -2.525249934841E+05 -3.967505165024E-02 -4.882812500000E-04   1   5
  7.811408529501E-04 -1.735488915721E-04  7.187078531441E-04  1.265177762823E+04  3.260932861826E+03 -2.912225892035E+05 -3.926848933890E-02 -4.882812500000E-04   1   5
 -2.511387531052E-05  9.484352945010E-04 -1.352041986928E-04 -7.858367466262E+02 -1.957529505188E+04  6.591063928030E+04 -4.215849500170E-02 -4.882812500000E-04   1   5
 -7.740201943526E-04 -4.190569539094E-04  1.765121127737E-04 -1.217251581852E+04  7.937769346922E+03 -7.549950376108E+04 -4.110226168062E-02 -4.882812500000E-04   1   5
  1.101005741290E-04 -3.204966360475E-04 -4.639770913837E-04  1.924703457786E+03  6.874334842111E+03  1.660838341641E+05 -4.326690348013E-02 -4.882812500000E-04   1   5
 -9.899784999308E-07  1.335766424352E-03  6.639081313695E-04 -1.802456150496E+01 -2.573487876083E+04 -2.722989473200E+05 -3.945321545363E-02 -4.882812500000E-04   1   5
  3.179347151090E-04  3.572692234310E-04  4.253808040358E-04  4.067642778039E+03 -7.165078639983E+03 -1.877464476743E+05 -4.025935556421E-02 -4.882812500000E-04   1   5
  1.351602977961E-04  2.482844206098E-04 -8.828910129837E-04  4.523656211129E+03 -3.947007848727E+03  2.562633079744E+05 -4.467450919067E-02 -4.882812500000E-04   1   5
  6.092987722525E-04  7.878257307537E-04  6.966947687332E-04  9.697869158028E+03 -1.567177491288E+04 -2.865745015950E+05 -3.934241008207E-02 -4.882812500000E-04   1   5
  2.372371124601E-04 -7.408826063132E-04 -3.401733936155E-04  2.137446420107E+03  1.563280122533E+04  1.398767553620E+05 -4.285075507964E-02 -4.882812500000E-04   1   5
 -6.247915648086E-05 -1.269877575933E-03  2.166605626219E-04 -7.873615559228E+02  2.488936638076E+04 -9.187720091574E+04 -4.096627397661E-02 -4.882812500000E-04   1   5
  5.696823460137E-04 -9.436460724073E-04  1.868635727891E-04  9.363705771647E+03  1.824819696073E+04 -8.017940614551E+04 -4.106708842465E-02 -4.882812500000E-04   1   5
 -2.469506048716E-04 -5.307152136827E-04 -3.032225672852E-04 -2.067297399184E+03  1.143630845712E+04  1.264761019129E+05 -4.272604620469E-02 -4.882812500000E-04   1   5
 -6.062297956657E-04  5.671799714257E-05  8.080049764221E-04 -1.196665711347E+04 -9.599312854247E+02 -3.098665180870E+05 -3.896853606950E-02 -4.882812500000E-04   1   5
  9.515007224955E-06 -1.057034976038E-03  6.665632281289E-05  4.134913788196E+02  2.111562078251E+04 -2.805048454810E+04 -4.147424285833E-02 -4.882812500000E-04   1   5
 -6.422612749225E-04  1.825622839903E-05 -6.969477462859E-04 -9.907774908430E+03 -6.776677270315E+02  2.197704734463E+05 -4.404993383793E-02 -4.882812500000E-04   1   5
  4.379184113590E-04 -3.755388368054E-04  3.116304537998E-04  6.691583148355E+03  7.689127922219E+03 -1.327052853822E+05 -4.064514688314E-02 -4.882812500000E-04   1   5
 -5.486169778801E-04 -1.310252309317E-04  3.451116721194E-04 -7.643259514511E+03  2.783273003551E+03 -1.473876655160E+05 -4.053172636731E-02 -4.882812500000E-04   1   5
 -3.335787491737E-04 -3.384602884930E-04  4.828414197582E-04 -3.331151081302E+03  7.401732262307E+03 -2.126256119070E+05 -4.006476456700E-02 -4.882812500000E-04   1   5
 -1.937818711494E-04  2.694525294871E-04 -5.894745288422E-04 -2.332405998004E+03 -5.568132977258E+03  1.920499779647E+05 -4.368848291345E-02 -4.882812500000E-04   1   5
  1.589100855036E-04 -2.660907170910E-04 -3.885336027492E-04  3.021386735974E+03  4.567342008154E+03  1.479352269848E+05 -4.301315807742E-02 -4.882812500000E-04   1   5
  5.196671017234E-04 -5.803006140106E-04 -3.913015065433E-04  7.522619826862E+03  1.157377892162E+04  1.510565359134E+05 -4.302251898497E-02 -4.882812500000E-04   1   5
 -1.743612196194E-04 -9.425368783113E-04 -6.284688646154E-04 -3.171841786337E+03  1.866534084277E+04  2.041835738472E+05 -4.381965580401E-02 -4.882812500000E-04   1   5
 -1.234388122254E-04  8.122570344245E-04 -5.120689570064E-04 -1.811320116799E+03 -1.648403381946E+04  1.773460244024E+05 -4.342842422387E-02 -4.882812500000E-04   1   5
  1.814882090462E-04  4.054990536301E-04  2.551385622160E-04 -1.920502602752E+02 -9.390069653883E+03 -1.083564777766E+05 -4.083646152737E-02 -4.882812500000E-04   1   5
 -5.037916959769E-04 -6.513628949446E-04  1.406282531162E-04 -7.841569992230E+03  1.303535355701E+04 -6.229891526495E+04 -4.122362003052E-02 -4.882812500000E-04   1   5
 -6.631721704977E-04 -8.756973980621E-04  6.577738861133E-04 -1.079450365919E+04  1.682677584094E+04 -2.722270607962E+05 -3.947381319517E-02 -4.882812500000E-04   1   5
 -1.258364184170E-04 -5.733950585498E-04  4.727424202899E-05 -2.176857815554E+03  1.183214949875E+04 -2.182004694384E+04 -4.153988318737E-02 -4.882812500000E-04   1   5
 -4.515647039478E-04  2.239575385647E-04 -3.316586525366E-04 -5.160584137562E+03 -4.421538233539E+03  1.347967173914E+05 -4.282182661440E-02 -4.882812500000E-04   1   5
  4.233185781633E-04 -9.399101125821E-04 -7.760720012127E-04  7.144923139940E+03  1.773999950208E+04  2.311285117773E+05 -4.431496536474E-02 -4.882812500000E-04   1   5
 -4.254606495699E-05  2.596076238835E-04  6.186433202604E-06 -2.167869800393E+02 -4.848537409444E+03 -2.623638257913E+03 -4.167923469717E-02 -4.882812500000E-04   1   5
 -3.746003294601E-04  7.888332074009E-04 -6.476313286150E-04 -5.589658245082E+03 -1.558344093749E+04  2.081771096115E+05 -4.388405726898E-02 -4.882812500000E-04   1   5
 -5.648218194524E-04  3.958687190975E-05  7.673720342645E-04 -8.234541138098E+03 -5.948672189079E+02 -3.088055002733E+05 -3.910425568212E-02 -4.882812500000E-04   1   5
  7.740896393654E-05 -5.213393176688E-05 -8.724220701870E-04  3.663501948178E+03  6.382617555957E+02  2.540503456812E+05 -4.463937782232E-02 -4.882812500000E-04   1   5
 -3.909753480146E-04 -7.831937566194E-04 -2.452930183208E-04 -5.266650981371E+03  1.639450558689E+04  1.083712274599E+05 -4.253058737597E-02 -4.882812500000E-04   1   5
  3.188918721230E-04  6.293805303154E-04 -3.360100088217E-04  5.507054733547E+03 -1.171178644388E+04  1.340844159422E+05 -4.283620603917E-02 -4.882812500000E-04   1   5
  6.126002122278E-04  1.991381722498E-04  4.500898462156E-05  8.584158849265E+03 -4.157678814173E+03 -1.719105643910E+04 -4.154783839498E-02 -4.882812500000E-04   1   5
  4.278576658639E-04 -1.350195093011E-04 -4.461426644684E-04  4.309628589708E+03  2.750911960861E+03  1.659915786082E+05 -4.320727800968E-02 -4.882812500000E-04   1   5
  3.078258813738E-04 -5.065447657355E-04  8.812996914118E-04  6.857922843882E+03  8.611178515356E+03 -3.447501487997E+05 -3.871994475031E-02 -4.882812500000E-04   1   5
  5.221975002480E-04 -8.058604498634E-04  8.476077594066E-05  8.243889969629E+03  1.584336213331E+04 -3.698540323935E+04 -4.141281001769E-02 -4.882812500000E-04   1   5
  1.507002965603E-04  6.286937794246E-04 -4.170020277536E-04  1.752563049423E+03 -1.253427144748E+04  1.557219985284E+05 -4.310891175217E-02 -4.882812500000E-04   1   5
 -9.373501628076E-05  4.814907146120E-04  8.558237742298E-04 -1.960511340416E+03 -9.136458326386E+03 -3.342014777061E+05 -3.880628766667E-02 -4.882812500000E-04   1   5
  6.946405181003E-04  3.769944476393E-04  2.722475116208E-04  1.070132091646E+04 -7.680458696697E+03 -1.153817720335E+05 -4.077836356558E-02 -4.882812500000E-04   1   5
 -2.373905473966E-04 -3.359297828281E-04  1.082481975923E-05 -1.354347174130E+03  8.320742042515E+03  2.078611455783E+02 -4.166401079363E-02 -4.882812500000E-04   1   5
 -1.644323451315E-04  7.814080542811E-04  5.108559721725E-04 -2.626903228406E+03 -1.665296733784E+04 -2.245804850478E+05 -3.996984771323E-02 -4.882812500000E-04   1   5
  6.832105982770E-04 -4.385744299148E-04  2.418906786836E-04  1.090192627811E+04  8.690586562853E+03 -1.027720670744E+05 -4.088108462607E-02 -4.882812500000E-04   1   5
  2.638983028683E-05  6.639367049092E-04  2.889524044574E-04  7.590353822138E+02 -1.391256850581E+04 -1.228108296704E+05 -4.072196738190E-02 -4.882812500000E-04   1   5
  3.581934053917E-04  6.207279055589E-04 -3.238117239954E-04  6.691199578793E+03 -1.171249878524E+04  1.304065819813E+05 -4.279509083793E-02 -4.882812500000E-04   1   5
 -5.232521280614E-04  9.026766697447E-05 -1.969896981628E-04 -7.121775241001E+03 -2.073797938030E+03  8.939054756107E+04 -4.236739546170E-02 -4.882812500000E-04   1   5
  1.281794550904E-04  3.205464333207E-04 -5.891182633451E-04  1.882905522568E+03 -6.768968555216E+03  1.918378990900E+05 -4.368727791494E-02 -4.882812500000E-04   1   5
 -4.254666161137E-04 -6.265437764211E-04  2.960749880647E-04 -6.553888876658E+03  1.271418607335E+04 -1.254629356044E+05 -4.069780215855E-02 -4.882812500000E-04   1   5
  4.435257025136E-06 -8.148191702503E-04 -3.009615059244E-04  5.337667656098E+02  1.710183517165E+04  1.258852058249E+05 -4.271837107166E-02 -4.882812500000E-04   1   5
  4.006839496065E-04  1.031742859717E-03  6.336455080183E-04  6.609647833598E+03 -2.009790147153E+04 -2.638607323214E+05 -3.955534940282E-02 -4.882812500000E-04   1   5
  2.375786030142E-04  3.146926938895E-04  1.890671681832E-04  3.056866344008E+03 -6.547285040787E+03 -8.290297930693E+04 -4.105986984472E-02 -4.882812500000E-04   1   5
  4.002761574249E-04  6.252866285132E-04 -1.128710104510E-04  6.165681270233E+03 -1.232303564287E+04  5.482404086068E+04 -4.208277821603E-02 -4.882812500000E-04   1   5
  6.930291802573E-04 -4.318566485796E-05  4.490093388103E-04  9.817699679422E+03  9.706995196654E+02 -1.969536815906E+05 -4.017927903988E-02 -4.882812500000E-04   1   5
 -7.226857906534E-04 -4.370843478583E-04 -7.730844121254E-04 -1.254918363791E+04  8.121417957128E+03  2.296771021409E+05 -4.430490873801E-02 -4.882812500000E-04   1   5
  7.961975601923E-04 -2.005774106968E-05  7.648343995199E-04  1.530792992330E+04  2.771322275250E+02 -2.948159219706E+05 -3.911416496500E-02 -4.882812500000E-04   1   5
 -6.671824527138E-05  6.076368145935E-04 -8.314565707277E-04 -6.163981753683E+02 -1.216150165731E+04  2.395809724275E+05 -4.450100696506E-02 -4.882812500000E-04   1   5
 -8.872649947028E-04  5.002149611262E-04  6.666185033080E-04 -1.573724866380E+04 -9.591641991663E+03 -2.713235960380E+05 -3.944440205507E-02 -4.882812500000E-04   1   5
 -2.211950894586E-04 -3.046993877924E-04 -3.803060158898E-04 -3.136278181252E+03  5.985553810512E+03  1.463186272284E+05 -4.298551904287E-02 -4.882812500000E-04   1   5
  2.102935577688E-04 -9.360305509557E-04 -7.187056794722E-05  3.158994814766E+03  1.916110439715E+04  3.917593385880E+04 -4.194413834796E-02 -4.882812500000E-04   1   5
 -1.924489405752E-05  2.575838838527E-04 -4.735106093001E-04 -3.977266315097E+02 -5.434660529682E+03  1.683101990666E+05 -4.329897500223E-02 -4.882812500000E-04   1   5
 -4.573962886696E-04  2.343178454016E-04 -2.781268479461E-04 -8.584294473887E+03 -4.364307349704E+03  1.151254482901E+05 -4.264103015906E-02 -4.882812500000E-04   1   5
  3.332876876605E-04  1.145898929283E-03  1.148611510327E-04  5.449330968020E+03 -2.266086554671E+04 -4.917480840044E+04 -4.131086108549E-02 -4.882812500000E-04   1   5
 -2.766311536252E-04 -1.009881195794E-03  2.925233173516E-04 -4.039856237108E+03  1.979804881485E+04 -1.237460888824E+05 -4.070967374471E-02 -4.882812500000E-04   1   5
 -5.769602773215E-04 -8.842241443623E-05  6.514716924952E-04 -1.003470339755E+04  1.654738230165E+03 -2.651689765163E+05 -3.949600769601E-02 -4.882812500000E-04   1   5
  4.091649139335E-04  8.117521643628E-05 -1.173871937361E-04  3.842116645786E+03 -1.796312893550E+03  5.884227849639E+04 -4.209838632966E-02 -4.882812500000E-04   1   5
 -2.954747615443E-04 -4.333103669257E-04  1.614003939832E-05 -4.269488637354E+03  8.984794769488E+03 -6.557521653138E+03 -4.164549899923E-02 -4.882812500000E-04   1   5
  6.559125435832E-05  1.001327967563E-05  1.654715555999E-04  1.272934691477E+03 -4.115219099935E+02 -7.446833844422E+04 -4.113962381426E-02 -4.882812500000E-04   1   5
  1.519471091731E-04  1.269190124519E-04  4.091391820849E-04  1.920151216733E+02 -3.491548022230E+03 -1.791736741525E+05 -4.031459145363E-02 -4.882812500000E-04   1   5
  2.240569312623E-04 -3.923945285256E-04 -3.924373779749E-04  9.822770443551E+02  9.057694705015E+03  1.524789159514E+05 -4.302663578333E-02 -4.882812500000E-04   1   5
  1.728168140638E-04 -1.204272837555E-03  8.390495501986E-05  2.867355858085E+03  2.404051444042E+04 -3.454578061029E+04 -4.141582467638E-02 -4.882812500000E-04   1   5
 -8.573698507141E-05  7.224463908304E-04  8.201125154383E-04 -1.508359214604E+03 -1.489502809520E+04 -3.278158807181E+05 -3.892610754648E-02 -4.882812500000E-04   1   5
 -2.960814842481E-04  8.184887627545E-04  8.543655465409E-04 -6.331360841288E+03 -1.420130293479E+04 -3.284699569678E+05 -3.881151206517E-02 -4.882812500000E-04   1   5
 -4.856399268786E-04 -3.694275952800E-05  3.470112172423E-04 -6.931394086766E+03  9.502820882808E+02 -1.487923883696E+05 -4.052527350710E-02 -4.882812500000E-04   1   5
  3.613389953164E-05 -1.055495145598E-03  5.409584232052E-04  8.507866298886E+02  2.158184846847E+04 -2.369583955552E+05 -3.986782355346E-02 -4.882812500000E-04   1   5
  1.493785947712E-04 -4.382790977387E-04 -5.041736761724E-05  5.322046642387E+02  1.054684578705E+04  2.966597950238E+04 -4.187169764447E-02 -4.882812500000E-04   1   5
  6.379248634537E-05  5.720239287243E-04 -2.653960314789E-04  7.810369103120E+02 -1.137485546543E+04  1.119327857981E+05 -4.259822648444E-02 -4.882812500000E-04   1   5
 -2.957308935144E-04 -6.787283621087E-04  4.399373728514E-04 -3.352342958694E+03  1.393064472481E+04 -1.927700770869E+05 -4.021011325466E-02 -4.882812500000E-04   1   5
  1.631238919348E-04 -9.708307316512E-04 -6.640157686366E-05  2.415280264216E+03  1.869609760150E+04  3.466356817582E+04 -4.192531544097E-02 -4.882812500000E-04   1   5
 -3.907339745917E-04 -4.401374699738E-04 -8.286772429238E-04 -6.057722734583E+03  8.441876062498E+03  2.388512828235E+05 -4.449161796692E-02 -4.882812500000E-04   1   5
  2.685931211814E-04 -1.577787566646E-04 -5.844862593172E-04  4.181512816523E+03  3.327067645910E+03  1.910317197207E+05 -4.367172543671E-02 -4.882812500000E-04   1   5
  1.260767821621E-04  4.662807278515E-04 -3.741513665250E-04  1.647423603367E+03 -9.281548462328E+03  1.448047184556E+05 -4.296479379978E-02 -4.882812500000E-04   1   5
  5.419461003724E-04 -4.223991164066E-04 -2.492983774820E-04  7.190007243392E+03  8.727826226301E+03  1.094237925181E+05 -4.254410763555E-02 -4.882812500000E-04   1   5
  1.063697319944E-03 -4.150907056671E-04 -7.866766078193E-04  2.050064711772E+04  7.521905463240E+03  2.255104430137E+05 -4.434941288068E-02 -4.882812500000E-04   1   5
 -8.086135995597E-05 -5.167824847149E-04  4.982004421135E-04 -9.742146056487E+02  1.175687812187E+04 -2.194263609593E+05 -4.001278016113E-02 -4.882812500000E-04   1   5
  4.539080379968E-04 -1.258288201412E-04 -4.742032871397E-04  4.694086210117E+03  2.681682189438E+03  1.741869616491E+05 -4.330179787269E-02 -4.882812500000E-04   1   5
  2.814682995256E-05 -7.563811907629E-04  5.065789958314E-04  8.788647891763E+02  1.580684515719E+04 -2.229233454016E+05 -3.998432736977E-02 -4.882812500000E-04   1   5
  1.886101844401E-04 -9.701769467108E-04 -2.696385876542E-04  2.810092774604E+03  2.016176558984E+04  1.170771197776E+05 -4.261276557671E-02 -4.882812500000E-04   1   5
 -6.437620456280E-04  4.189738264809E-04  6.185052968593E-04 -9.472852160127E+03 -8.188759750457E+03 -2.621998890436E+05 -3.960622051261E-02 -4.882812500000E-04   1   5
  2.129961939585E-04  3.052038466153E-04  5.382868640456E-04  1.014576441280E+03 -7.045362851583E+03 -2.353102007944E+05 -3.987719511027E-02 -4.882812500000E-04   1   5
 -6.953136861128E-04  5.798632386274E-04  7.509694331143E-05 -1.060432160253E+04 -1.163678818970E+04 -3.082553650255E+04 -4.144574869502E-02 -4.882812500000E-04   1   5
  4.973223666987E-05 -4.757422773039E-05  4.663312231390E-04 -2.150237444573E+03  1.969964876615E+03 -2.063852077165E+05 -4.012063727957E-02 -4.882812500000E-04   1   5
  1.264126321583E-05  2.912161325319E-04 -6.003584642911E-04 -2.586269655644E+02 -5.407795534868E+03  1.935978104276E+05 -4.372497777529E-02 -4.882812500000E-04   1   5
  1.338516694011E-04  7.188275532318E-04 -2.630514880075E-04  1.928101884273E+03 -1.498243283177E+04  1.130241682917E+05 -4.259047337157E-02 -4.882812500000E-04   1   5
 -6.746903902542E-04 -2.194024396375E-05 -4.352133396237E-04 -1.020529596088E+04  4.794544559822E+02  1.614689335452E+05 -4.317019367597E-02 -4.882812500000E-04   1   5
  1.475677058978E-04  1.116069944684E-03  8.190262361221E-04  2.689400467958E+03 -2.115341836748E+04 -3.205838185477E+05 -3.893023988164E-02 -4.882812500000E-04   1   5
 -2.933155053423E-04  2.314536525726E-04 -5.270504121642E-04 -4.116481524354E+03 -4.517579864848E+03  1.794416682195E+05 -4.347879012945E-02 -4.882812500000E-04   1   5
 -5.785810716324E-04  5.182375119171E-04 -3.467947518661E-04 -7.829600830494E+03 -1.084012208630E+04  1.412401055475E+05 -4.287292118420E-02 -4.882812500000E-04   1   5
  2.936991596262E-04 -6.345861338109E-04  4.229271169733E-04  3.582952969468E+03  1.309168285219E+04 -1.847657074277E+05 -4.026781159040E-02 -4.882812500000E-04   1   5
  2.581610706973E-04  5.701101990770E-04 -4.573816152544E-04  2.430309666793E+03 -1.272634745074E+04  1.701165003781E+05 -4.324524332623E-02 -4.882812500000E-04   1   5
  1.488571237734E-04  3.575939373742E-05  5.300662232104E-04 -1.135314986867E+02 -8.034306740424E+02 -2.329106868709E+05 -3.990493640703E-02 -4.882812500000E-04   1   5
  2.164889353748E-04  7.021586094873E-04 -3.802186950965E-04  2.289076598461E+03 -1.508505182726E+04  1.487581141437E+05 -4.298538606897E-02 -4.882812500000E-04   1   5
 -2.550703101555E-04  7.467409104757E-04 -9.813165470440E-05 -2.630951152555E+03 -1.586496004779E+04  5.072768016580E+04 -4.203315486182E-02 -4.882812500000E-04   1   5
 -3.124043930197E-04 -1.680940215318E-04  1.804389200157E-04 -1.809244634283E+03  4.469012696192E+03 -7.703558070418E+04 -4.108927223255E-02 -4.882812500000E-04   1   5
  6.095411481054E-05 -8.809972539898E-04 -6.171825775234E-04  1.277086145976E+03  1.757864451417E+04  2.008684326259E+05 -4.378169074131E-02 -4.882812500000E-04   1   5
  4.734963997088E-04  2.781957126695E-04  8.037742627773E-04  9.575419612458E+03 -5.083650192649E+03 -3.077546836211E+05 -3.898294926497E-02 -4.882812500000E-04   1   5
  3.687363542973E-04 -8.176333588680E-05 -2.313922891117E-04  5.667394114376E+03  1.337856099442E+03  9.968881909565E+04 -4.248342675829E-02 -4.882812500000E-04   1   5
  3.250047420053E-04  6.326404175546E-04 -2.889192338720E-04  3.985142289394E+03 -1.332757660080E+04  1.219463215787E+05 -4.267776118974E-02 -4.882812500000E-04   1   5
 -7.577215793680E-05 -3.492186355250E-04  5.804778288829E-04 -1.263462699692E+03  6.752009968665E+03 -2.476340600474E+05 -3.973504108339E-02 -4.882812500000E-04   1   5
 -4.780924562207E-04  6.053754721054E-04 -1.959599751058E-04 -7.687848663848E+03 -1.187853446521E+04  8.837477916966E+04 -4.236375850475E-02 -4.882812500000E-04   1   5
 -1.917830343296E-04  3.622856017190E-04  2.459451205743E-04 -3.779839334065E+03 -6.732381357904E+03 -1.070496990541E+05 -4.086732266717E-02 -4.882812500000E-04   1   5
 -2.414987922653E-04 -4.298502238061E-04  3.910627135149E-04 -3.331005205928E+03  9.053924902990E+03 -1.708036823359E+05 -4.037582110514E-02 -4.882812500000E-04   1   5
 -9.115241409599E-05 -7.963260654252E-05  8.687558007185E-04 -1.462394537888E+03  8.734297551908E+02 -3.406125389614E+05 -3.876247711682E-02 -4.882812500000E-04   1   5
 -3.972434378573E-04  1.210730947251E-04  7.077444112267E-04 -4.153114442625E+03 -2.548500644645E+03 -2.933156154744E+05 -3.930505973331E-02 -4.882812500000E-04   1   5
 -3.821451841590E-04 -2.003393818726E-04  2.905167709395E-04 -3.267822754777E+03  4.625778812312E+03 -1.235389337304E+05 -4.071665496781E-02 -4.882812500000E-04   1   5
  6.624027897521E-04 -4.618298976308E-04  4.284910220096E-04  9.314211596256E+03  9.016661288352E+03 -1.871633257932E+05 -4.024881136219E-02 -4.882812500000E-04   1   5
  1.237868053262E-04 -4.012693917811E-04  2.169316033171E-04  2.515993013649E+03  7.648276873420E+03 -9.472641654886E+04 -4.096554191814E-02 -4.882812500000E-04   1   5
 -2.992543354187E-04 -7.764575531815E-04  3.974005986418E-04 -3.472157989336E+03  1.617466327446E+04 -1.724431329319E+05 -4.035433468687E-02 -4.882812500000E-04   1   5
  1.106686380364E-04  2.164003248665E-04 -1.098392304777E-04  1.195107149444E+03 -4.404499466169E+03  5.088360391659E+04 -4.207242087829E-02 -4.882812500000E-04   1   5
 -5.219819408903E-04 -3.979538636322E-04  2.440485948800E-04 -7.196481071932E+03  7.809492775985E+03 -1.038603955916E+05 -4.087387147111E-02 -4.882812500000E-04   1   5
 -5.676168666218E-04 -2.017699128263E-04 -2.715489921084E-04 -8.716496027770E+03  4.185058870685E+03  1.156452050680E+05 -4.261908751880E-02 -4.882812500000E-04   1   5
 -3.388099407408E-04  3.703486927717E-04 -2.212433405271E-04 -3.863841911879E+03 -7.816354977569E+03  9.820420240162E+04 -4.244936015930E-02 -4.882812500000E-04   1   5
 -5.830315819050E-04  3.159302677740E-04 -4.373027415649E-04 -8.148950041360E+03 -6.742314931115E+03  1.629962635797E+05 -4.317736609094E-02 -4.882812500000E-04   1   5
 -4.258771065756E-04 -9.730507052184E-04 -4.702975011135E-04 -6.725932200886E+03  1.897773333169E+04  1.698614733107E+05 -4.328800497948E-02 -4.882812500000E-04   1   5
  2.418099822136E-04  8.151135282905E-04 -9.499090463772E-05  3.938440361288E+03 -1.578316194758E+04  4.585747985845E+04 -4.202205992648E-02 -4.882812500000E-04   1   5
 -9.788811130871E-05  1.141845748993E-03  5.864362494679E-05 -1.033269793904E+03 -2.275469444072E+04 -2.360284557746E+04 -4.150141193927E-02 -4.882812500000E-04   1   5
  6.196635876416E-04  5.121569688124E-04  3.018358148847E-04  9.498852186580E+03 -1.030106307716E+04 -1.279669928630E+05 -4.067821632895E-02 -4.882812500000E-04   1   5
 -3.122471555680E-04  4.030061473716E-04 -5.544113912137E-04 -2.740529336536E+03 -8.872481677397E+03  1.932335671061E+05 -4.357155425778E-02 -4.882812500000E-04   1   5
 -2.434618534667E-04 -2.150528026426E-04  1.184844079694E-04 -4.230002212543E+03  4.266084496452E+03 -5.463387367343E+04 -4.129861414943E-02 -4.882812500000E-04   1   5
  2.586969497192E-04  7.557593944100E-04  6.172265067859E-04  3.676083398919E+03 -1.508320204344E+04 -2.587202431691E+05 -3.961096741793E-02 -4.882812500000E-04   1   5
 -5.016786347388E-04  3.831206906291E-04  5.475695792381E-04 -5.985041631296E+03 -7.940353835951E+03 -2.401153496527E+05 -3.984553433215E-02 -4.882812500000E-04   1   5
  4.497386160676E-04 -4.570013999232E-05 -2.903484960184E-04  6.281337384656E+03  7.229237938951E+02  1.215179228569E+05 -4.268254489025E-02 -4.882812500000E-04   1   5
 -1.819875196640E-05  1.123082357307E-03 -6.646398272467E-04 -6.516731714988E+01 -2.170695431413E+04  2.101343359719E+05 -4.394085293374E-02 -4.882812500000E-04   1   5
 -3.760285901916E-04 -7.197157409811E-04 -4.956098898741E-04 -5.274998315195E+03  1.503673621077E+04  1.782480870907E+05 -4.337359284113E-02 -4.882812500000E-04   1   5
 -1.248610791663E-04  3.612752479377E-04  8.518849773029E-04 -3.002956562037E+03 -6.655589676746E+03 -3.308944701597E+05 -3.881984346125E-02 -4.882812500000E-04   1   5
 -7.151833159595E-04 -1.050538441688E-04 -6.685119055359E-04 -1.225784570398E+04  2.136056939792E+03  2.082305208604E+05 -4.395372388871E-02 -4.882812500000E-04   1   5
  4.787023659808E-04 -2.033409665233E-04  5.383061159034E-04  6.266909036086E+03  4.422193351561E+03 -2.352592199612E+05 -3.987706240623E-02 -4.882812500000E-04   1   5
 -3.488709637174E-04 -2.985828223728E-04  6.203179758497E-04 -2.958619597621E+03  6.206431735805E+03 -2.654132204388E+05 -3.959996989091E-02 -4.882812500000E-04   1   5
 -3.221937556414E-04 -2.617047742576E-04  2.478131395689E-05 -3.284532008294E+03  5.786451172212E+03 -9.233420014516E+03 -4.161637305361E-02 -4.882812500000E-04   1   5
  2.650531476596E-04  6.972933441970E-04  3.179675073195E-05  3.845128325657E+03 -1.429673852995E+04 -1.321681079140E+04 -4.159241882803E-02 -4.882812500000E-04   1   5
  1.809692442350E-04  1.444320949046E-04 -6.095402201067E-05  2.763357506683E+02 -3.538823120327E+03  3.230708185697E+04 -4.190717725396E-02 -4.882812500000E-04   1   5
 -1.667619438753E-04  4.597469318911E-04 -5.981776611241E-05 -7.790949563472E+02 -1.006784904103E+04  3.238276927740E+04 -4.190336306697E-02 -4.882812500000E-04   1   5
 -6.683291490800E-04 -7.304409966731E-05  6.223850188305E-04 -1.030283205520E+04  1.318055384676E+03 -2.613189374359E+05 -3.959342658606E-02 -4.882812500000E-04   1   5
 -4.233598049653E-05  3.388271780161E-04 -6.725342592389E-04  8.035332297411E+01 -8.607014588035E+03  2.173480728308E+05 -4.396841664505E-02 -4.882812500000E-04   1   5
 -5.967166429696E-05 -6.120135853334E-04  5.039222155556E-05 -1.091441447611E+03  1.240733691227E+04 -2.346438085821E+04 -4.152928061596E-02 -4.882812500000E-04   1   5
  2.822863123052E-04  5.638022610924E-04 -3.442462318590E-04  4.225816439200E+03 -1.147935169191E+04  1.373730381154E+05 -4.286412610016E-02 -4.882812500000E-04   1   5
  4.757368150038E-04 -8.060530965821E-04  5.042724256592E-04  6.790850676685E+03  1.647466840479E+04 -2.218959422528E+05 -3.999197235322E-02 -4.882812500000E-04   1   5
  2.613899057734E-04  1.895168231644E-04 -2.458825668592E-04  3.092367811568E+03 -4.360608825815E+03  1.061454283272E+05 -4.253252591742E-02 -4.882812500000E-04   1   5
 -2.005832630705E-04 -4.960568394029E-04 -3.780529403268E-04 -1.275476228947E+03  1.133887183668E+04  1.485401288350E+05 -4.297820174609E-02 -4.882812500000E-04   1   5
  4.941125084855E-05  4.915205457590E-04 -1.210814075607E-04  7.281596298419E+02 -1.113550578988E+04  5.847979911724E+04 -4.211074591809E-02 -4.882812500000E-04   1   5
  9.693975195782E-05 -8.575140427104E-04 -8.652192542935E-04  1.787117365538E+03  1.651737839449E+04  2.484978946926E+05 -4.461448433758E-02 -4.882812500000E-04   1   5
  2.222639289265E-05  4.720904731926E-04 -2.904134708297E-04  4.101152933419E+02 -9.778321759344E+03  1.205688348029E+05 -4.268271211816E-02 -4.882812500000E-04   1   5
  2.704155127677E-04  5.529672298544E-04 -8.212736062507E-05  2.337378190076E+03 -1.207410496100E+04  4.391482855061E+04 -4.197904749676E-02 -4.882812500000E-04   1   5
 -5.784272845780E-04 -3.110413936483E-04 -5.260081400533E-04 -8.017097640829E+03  6.272718486264E+03  1.848416264494E+05 -4.347574963518E-02 -4.882812500000E-04   1   5
  4.416684327647E-04  1.137132330628E-04 -1.986428301852E-04  5.713161984803E+03 -2.595220286661E+03  8.979824732039E+04 -4.237299891199E-02 -4.882812500000E-04   1   5
  5.704669433586E-04  1.531796190894E-06  1.349737509582E-05  7.845387304448E+03 -4.147711357485E+02 -2.314753652148E+03 -4.165470548750E-02 -4.882812500000E-04   1   5
 -6.879702619432E-04  2.649983245429E-04  4.233213577227E-04 -1.003147981837E+04 -5.126533215059E+03 -1.847747166032E+05 -4.026637196397E-02 -4.882812500000E-04   1   5
 -3.193964102213E-04  2.287338834892E-04  5.233077524149E-04 -4.056467454429E+03 -4.663057537318E+03 -2.301484161328E+05 -3.992776757282E-02 -4.882812500000E-04   1   5
  3.373432594405E-04 -4.513471868150E-04  2.087446852608E-04  4.270409550625E+03  9.282556940671E+03 -9.014444565789E+04 -4.099331630292E-02 -4.882812500000E-04   1   5
  1.532707049347E-05  4.349851883880E-04  1.952762896877E-04  6.311748689976E+02 -8.738778840545E+03 -8.558957863024E+04 -4.103884908082E-02 -4.882812500000E-04   1   5
  4.727044266318E-04  4.155985355561E-04  2.736004142534E-04  6.461290727442E+03 -8.537697886905E+03 -1.159747364897E+05 -4.077391398096E-02 -4.882812500000E-04   1   5
  3.029226771310E-04 -6.287356875648E-04  3.397860511183E-04  2.844753897281E+03  1.307986368151E+04 -1.453393285497E+05 -4.054972008903E-02 -4.882812500000E-04   1   5
  1.491643194821E-04 -3.083272509294E-04  8.373782286610E-04  1.040474879391E+03  6.668869972190E+03 -3.354394558684E+05 -3.886772764231E-02 -4.882812500000E-04   1   5
 -2.002300403016E-04  2.028415077614E-04 -6.852940831865E-04 -1.509754654483E+03 -5.485175944792E+03  2.195257760652E+05 -4.401121432898E-02 -4.882812500000E-04   1   5
 -8.937075422981E-05  2.751510909811E-04 -9.903061138239E-06 -1.489518860215E+03 -5.122820866110E+03  5.150705173455E+03 -4.173379384193E-02 -4.882812500000E-04   1   5
 -1.331400040816E-04 -9.661669326704E-04  8.255251331573E-04 -2.005312860717E+03  1.882075788655E+04 -3.269021771747E+05 -3.890797458768E-02 -4.882812500000E-04   1   5
  8.764631357702E-05  1.956447961026E-04 -8.709324622713E-04  1.417010263014E+03 -4.844552075372E+03  2.513350363707E+05 -4.463412315508E-02 -4.882812500000E-04   1   5
  3.473244659083E-05  1.020697917328E-03  4.132315813972E-04  1.031788932905E+03 -2.076343974594E+04 -1.798421478135E+05 -4.030057642616E-02 -4.882812500000E-04   1   5
  2.441158216934E-04 -5.930760010008E-04  3.733311512168E-04  3.501714950373E+03  1.170193796040E+04 -1.623159431845E+05 -4.043588880439E-02 -4.882812500000E-04   1   5
  3.303378064138E-04 -5.797275808969E-04 -1.178899605181E-04  4.694672956485E+03  1.211339105453E+04  5.810730172692E+04 -4.209995643100E-02 -4.882812500000E-04   1   5
  2.332516148118E-04  4.794178296000E-04 -5.658673984565E-04  3.370912640742E+03 -9.267893033206E+03  1.875634293562E+05 -4.360915457019E-02 -4.882812500000E-04   1   5
  5.109421251233E-04  1.216358799040E-03  6.610361239994E-04  8.395379004211E+03 -2.340969240937E+04 -2.730308873700E+05 -3.946267329443E-02 -4.882812500000E-04   1   5
  3.654074090860E-04  9.481481954967E-04 -7.783260418330E-04  6.044696184249E+03 -1.821380002988E+04  2.333870356552E+05 -4.432277678288E-02 -4.882812500000E-04   1   5
 -2.126259408657E-04  9.497508816324E-04  6.922733616141E-04 -2.832877599971E+03 -1.931996364495E+04 -2.873235233204E+05 -3.935718261305E-02 -4.882812500000E-04   1   5
  1.776989455618E-04 -3.276081848208E-04 -2.869211385481E-04  3.203941000482E+03  5.961513568935E+03  1.172923365330E+05 -4.267069434852E-02 -4.882812500000E-04   1   5
 -5.976703363460E-04 -4.913509956173E-04 -3.288725866715E-04 -8.225889078775E+03  1.019142789068E+04  1.358106039752E+05 -4.281251438775E-02 -4.882812500000E-04   1   5
  9.537104134117E-05  4.018438600667E-04  5.556707914978E-04  2.303493037884E+02 -9.384990931867E+03 -2.413320652544E+05 -3.981852450408E-02 -4.882812500000E-04   1   5
 -5.186566913423E-04  8.237411621134E-05  3.222264586671E-04 -7.296443032179E+03 -1.987530257622E+03 -1.369439331126E+05 -4.060930186237E-02 -4.882812500000E-04   1   5
  4.703814077225E-04 -6.994774892481E-04 -6.943129516532E-04  7.461003648388E+03  1.388702001423E+04  2.194478451517E+05 -4.404105524097E-02 -4.882812500000E-04   1   5
  1.481802360826E-04 -1.124245027175E-03  2.101794735601E-04  1.658995225918E+03  2.253549334375E+04 -8.917131837994E+04 -4.098834454463E-02 -4.882812500000E-04   1   5
  6.544079096028E-04 -3.134513693739E-04  3.715290489761E-04  9.681655790019E+03  6.503391868926E+03 -1.600268182300E+05 -4.044204100025E-02 -4.882812500000E-04   1   5
 -7.460120604729E-04 -1.147486668202E-03  7.044589455507E-04 -1.308778073640E+04  2.152747789217E+04 -2.826968045392E+05 -3.931652794931E-02 -4.882812500000E-04   1   5
 -1.530591886983E-04 -5.995498981095E-04 -8.232789324110E-04 -1.778596590509E+03  1.206872181101E+04  2.422251962155E+05 -4.447401029406E-02 -4.882812500000E-04   1   5
  4.520390096053E-04 -6.809231273476E-04  1.552345338025E-04  6.209550717576E+03  1.424870874106E+04 -6.604186428255E+04 -4.117448161938E-02 -4.882812500000E-04   1   5
  2.423286542603E-04  8.326615918885E-04  2.718164119955E-04  3.742639382691E+03 -1.710556214888E+04 -1.151174817785E+05 -4.077990677062E-02 -4.882812500000E-04   1   5
 -2.229955311231E-04 -2.238364120391E-04 -4.382765611153E-04  4.103882630783E+02  4.841581210567E+03  1.657653720665E+05 -4.318103667058E-02 -4.882812500000E-04   1   5
  4.916343494870E-04 -8.143805586798E-06 -2.993741929425E-05  7.507329945735E+03  2.558256054197E+02  1.610505393445E+04 -4.180177608990E-02 -4.882812500000E-04   1   5
  5.819860442044E-04 -7.070638833628E-05 -2.951773652677E-04  8.298417990406E+03  1.337803494407E+03  1.237370955075E+05 -4.269882369268E-02 -4.882812500000E-04   1   5
 -5.947704396844E-06 -8.388420326467E-04  2.078572946651E-04  2.763790806634E+02  1.720536781980E+04 -8.935261432513E+04 -4.099628584722E-02 -4.882812500000E-04   1   5
 -9.858144200107E-04  4.964924064403E-04  7.199514660767E-04 -1.727597996540E+04 -9.594147899597E+03 -2.887372027035E+05 -3.926434035039E-02 -4.882812500000E-04   1   5
 -3.959705440198E-04  3.515537177504E-04 -5.294631353880E-05 -5.160043963067E+03 -7.094421026891E+03  2.827631848676E+04 -4.187992582103E-02 -4.882812500000E-04   1   5
  2.508877080879E-05  1.106357507086E-03  2.452995993374E-04  6.155201580151E+02 -2.218794276817E+04 -1.039474772667E+05 -4.086950498621E-02 -4.882812500000E-04   1   5
  2.974465215934E-04  1.115451006237E-04 -5.269105984618E-04  4.224899638869E+03 -1.970733053666E+03  1.794273375896E+05 -4.347833322653E-02 -4.882812500000E-04   1   5
 -4.432797138918E-04 -1.048663709651E-03  6.236942404594E-04 -7.022043007001E+03  2.066114414865E+04 -2.634678223709E+05 -3.958857366065E-02 -4.882812500000E-04   1   5
 -1.746710622392E-04 -4.965022199292E-04 -5.258642005121E-04 -1.164151045826E+03  1.137673660507E+04  1.868219554525E+05 -4.347562915924E-02 -4.882812500000E-04   1   5
 -6.047837255629E-04  2.126080384570E-04  8.250550136464E-04 -1.084523780223E+04 -4.189313147608E+03 -3.213909129908E+05 -3.891030667565E-02 -4.882812500000E-04   1   5
  2.232739253969E-05  6.948368814602E-06  4.724559165319E-04 -2.482458228688E+03 -1.155500135277E+03 -2.095550112887E+05 -4.009984103547E-02 -4.882812500000E-04   1   5
  5.091529410333E-05  1.101936813309E-03 -6.546528119933E-04  8.492759754692E+02 -2.111158615465E+04  2.060015921010E+05 -4.390707733618E-02 -4.882812500000E-04   1   5
 -5.697212967510E-04  1.031341608470E-04  3.846315346601E-04 -7.965348185948E+03 -2.399407302410E+03 -1.662330452747E+05 -4.039769633727E-02 -4.882812500000E-04   1   5
  9.286732311840E-05  1.095214461540E-03  6.582889673670E-04  9.426520511037E+02 -2.203565466158E+04 -2.758036050813E+05 -3.947181964499E-02 -4.882812500000E-04   1   5
 -6.166114498268E-04  1.605242709360E-04  1.113974251519E-04 -9.443298240190E+03 -3.248519256080E+03 -5.063582815232E+04 -4.132253814315E-02 -4.882812500000E-04   1   5
 -9.151290737053E-05 -5.516795808240E-04  5.581826282550E-04 -4.616113979254E+02  1.193580786701E+04 -2.421377766888E+05 -3.981001383643E-02 -4.882812500000E-04   1   5
 -4.214845112666E-06  8.247031293767E-04  5.825194235380E-04 -1.729395559229E+02 -1.690744999150E+04 -2.495236090416E+05 -3.972784733509E-02 -4.882812500000E-04   1   5
  1.707231754561E-04  4.621572466307E-04 -1.521854504540E-04  1.505725277642E+03 -9.984258780738E+03  7.109393716545E+04 -4.221592962066E-02 -4.882812500000E-04   1   5
  4.043199130746E-04 -1.060319732241E-03  7.169007986003E-04  6.505096757785E+03  2.085705307071E+04 -2.927880721257E+05 -3.927421077686E-02 -4.882812500000E-04   1   5
 -4.072790345860E-04 -2.236840135626E-04 -3.590353975418E-04 -3.599708716108E+03  4.730988753858E+03  1.448929900980E+05 -4.291429657750E-02 -4.882812500000E-04   1   5
  6.086453990726E-05 -8.442602985889E-04 -3.546882855665E-04  3.133364337100E+02  1.715492591180E+04  1.410495954657E+05 -4.289928853674E-02 -4.882812500000E-04   1   5
 -3.107748220700E-04 -1.034854536740E-03  3.968851640090E-05 -5.094152949467E+03  2.067091031500E+04 -1.449635859651E+04 -4.156572383487E-02 -4.882812500000E-04   1   5
 -3.310892136350E-04 -5.609847008157E-05  6.954805639028E-04 -2.719048678658E+03  8.025452693164E+02 -2.889395720799E+05 -3.934650522166E-02 -4.882812500000E-04   1   5
 -8.173710885396E-04 -2.178328524445E-04  1.842582140421E-04 -1.291423348721E+04  3.955005920667E+03 -7.867642079815E+04 -4.107606250182E-02 -4.882812500000E-04   1   5
  2.991780762185E-04 -1.230367691265E-03 -7.555142646609E-04  5.422170371220E+03  2.265314002701E+04  2.212221135558E+05 -4.424503298539E-02 -4.882812500000E-04   1   5
  2.655920406670E-04  6.213486387190E-05  3.946580017988E-05  4.109628368335E+02 -1.764019344112E+03 -1.370022214084E+04 -4.156684849920E-02 -4.882812500000E-04   1   5
  2.114762650811E-04  5.039132069163E-04  1.171314748660E-05  3.198210540379E+03 -1.042444993574E+04 -4.643711651661E+03 -4.166049138104E-02 -4.882812500000E-04   1   5
 -2.348718836731E-04 -2.711582270937E-05  2.479354460108E-04 -4.847762424071E+03  3.055251177081E+02 -1.085007674934E+05 -4.086055636565E-02 -4.882812500000E-04   1   5
  3.548536754096E-04 -2.620084621029E-04  4.934692960665E-04  3.844815170956E+03  5.787424446347E+03 -2.173865324539E+05 -4.002876425548E-02 -4.882812500000E-04   1   5
  6.266794829656E-04 -2.413724600451E-04  7.853523643071E-04  1.242459918578E+04  4.316617634234E+03 -3.008222080112E+05 -3.904512339746E-02 -4.882812500000E-04   1   5
  4.155360658515E-04  9.897927738167E-04 -7.918686025161E-04  8.001490128065E+03 -1.794091757699E+04  2.231923320172E+05 -4.436669395851E-02 -4.882812500000E-04   1   5
 -4.819031309317E-04  1.573573742431E-03 -7.967832658005E-04 -8.959476408599E+03 -2.913498294032E+04  2.326323024780E+05 -4.438351348939E-02 -4.882812500000E-04   1   5
  1.496110852795E-04 -8.817360473778E-04 -6.182394182410E-04  2.242185866727E+03  1.767862246812E+04  2.030284224064E+05 -4.378545000824E-02 -4.882812500000E-04   1   5
  4.380409280033E-04 -4.335846654649E-04 -3.331515327347E-04  5.924796368761E+03  8.505024410053E+03  1.347533667255E+05 -4.282677902274E-02 -4.882812500000E-04   1   5
  4.230411544952E-04  6.509765768003E-04 -5.793103602061E-04  6.147084709104E+03 -1.347864355604E+04  1.973375627671E+05 -4.365497465505E-02 -4.882812500000E-04   1   5
  2.472195292830E-04 -8.679705501148E-04  6.459532839673E-04  4.038820715188E+03  1.663039515903E+04 -2.649112331610E+05 -3.951432068430E-02 -4.882812500000E-04   1   5
 -1.922831677717E-04  1.955819676051E-04  2.255058780518E-04 -3.915829076789E+03 -3.593317023027E+03 -9.891097023676E+04 -4.093648756586E-02 -4.882812500000E-04   1   5
  4.452537129831E-04 -5.559208746027E-04 -1.591437094541E-04  6.052107993056E+03  1.162832917899E+04  7.545853322141E+04 -4.223950814450E-02 -4.882812500000E-04   1   5
 -1.096581326448E-04 -8.722050953732E-04 -2.521274351674E-04 -1.065277510964E+03  1.835836489344E+04  1.110202766566E+05 -4.255373163582E-02 -4.882812500000E-04   1   5
  1.880212196310E-04  5.097092014296E-04 -3.033231309999E-04  6.038055624937E+02 -1.122865958015E+04  1.266163838709E+05 -4.272640933454E-02 -4.882812500000E-04   1   5
  2.095376388118E-04 -8.617767148482E-04 -6.194777306501E-05  2.112064069638E+03  1.788944561076E+04  3.494301655332E+04 -4.191059263819E-02 -4.882812500000E-04   1   5
  3.526911992175E-04  2.961163212563E-04  2.415120266921E-04  4.531239539176E+03 -5.891575590438E+03 -1.037081911414E+05 -4.088246371518E-02 -4.882812500000E-04   1   5
  6.021245689298E-04  6.429717978205E-04 -5.674687875321E-04  9.391346305470E+03 -1.280049716532E+04  1.936508071407E+05 -4.361494284424E-02 -4.882812500000E-04   1   5
  3.965348876166E-04 -5.699792607611E-04 -1.272412838267E-04  6.260841190835E+03  1.095182317924E+04  5.976581804632E+04 -4.213129879751E-02 -4.882812500000E-04   1   5
 -7.632059122672E-05 -4.107964775268E-04 -3.787087238916E-05  3.695190159531E+02  9.468418452562E+03  2.184159322179E+04 -4.182897439104E-02 -4.882812500000E-04   1   5
  3.364431247351E-05 -3.111496611446E-04  8.275250318510E-04  1.408762310007E+03  7.221278347951E+03 -3.323641104317E+05 -3.890097999038E-02 -4.882812500000E-04   1   5
 -2.363760697677E-04  5.143178284709E-04 -4.694389291187E-04 -3.170491132796E+03 -1.032887752777E+04  1.674262496601E+05 -4.328519159569E-02 -4.882812500000E-04   1   5
  6.800191397172E-04 -1.226903825190E-04  2.809972528546E-04  1.137941102290E+04  2.291802566579E+03 -1.195945965669E+05 -4.074874209210E-02 -4.882812500000E-04   1   5
  3.322088034063E-04  2.295613085913E-04  5.321854905023E-04  2.218141877911E+03 -4.592090295361E+03 -2.343734274454E+05 -3.989760711878E-02 -4.882812500000E-04   1   5
 -2.680095298696E-04 -7.880620976892E-04 -3.577319458659E-04 -3.876420348411E+03  1.604039701519E+04  1.419612888943E+05 -4.290953850353E-02 -4.882812500000E-04   1   5
  7.679241131445E-05 -4.041067720530E-04  4.396506074578E-04  1.178353282075E+03  7.991428158835E+03 -1.958600340133E+05 -4.021085816721E-02 -4.882812500000E-04   1   5
 -2.604942807373E-04 -2.974889383734E-04  5.555666284076E-04 -3.831747308048E+03  6.040190332771E+03 -2.407504599915E+05 -3.981892886048E-02 -4.882812500000E-04   1   5
  4.231944562069E-04 -1.246230566499E-04  9.022181358058E-04  9.999286958472E+03  2.200403988610E+03 -3.633453327745E+05 -3.864803762039E-02 -4.882812500000E-04   1   5
  5.216824185064E-04  6.836119586997E-04 -6.309425776516E-04  8.313934527126E+03 -1.316978903249E+04  2.032663012423E+05 -4.382779849707E-02 -4.882812500000E-04   1   5
  5.115084256943E-04 -3.466603795983E-04 -5.926888424503E-04  7.162175598208E+03  7.335852889064E+03  2.004058708095E+05 -4.369999115792E-02 -4.882812500000E-04   1   5
 -3.843548660259E-04  4.566119879139E-04  1.162561594534E-04 -4.652872998066E+03 -9.399672294019E+03 -5.205490578872E+04 -4.130622894276E-02 -4.882812500000E-04   1   5
 -7.479791669399E-04 -1.866150148379E-05  8.015941027435E-04 -1.250126086705E+04  3.726076450876E+02 -3.169488915730E+05 -3.898900260704E-02 -4.882812500000E-04   1   5
 -1.847042731950E-04  3.921952187083E-04 -8.340825002140E-05 -2.800963701044E+03 -7.840857288295E+03  4.004138120895E+04 -4.198296189205E-02 -4.882812500000E-04   1   5
  8.704610704617E-04  7.805147512240E-04  6.593671561994E-04  1.499287275580E+04 -1.470862523163E+04 -2.709748426982E+05 -3.946850476432E-02 -4.882812500000E-04   1   5
 -1.982031075250E-04  3.336213829154E-04  9.179308187468E-05 -2.377690917627E+03 -6.688024651055E+03 -4.285222225633E+04 -4.138899887873E-02 -4.882812500000E-04   1   5
  2.429605582003E-04  1.172289254121E-03  6.934393830971E-04  4.087635379987E+03 -2.326088936932E+04 -2.857994041063E+05 -3.935328261416E-02 -4.882812500000E-04   1   5
 -2.928402432755E-04  3.805185557434E-04 -1.568625792014E-05 -3.025629803531E+03 -8.228621267108E+03  1.080051472489E+04 -4.175366038710E-02 -4.882812500000E-04   1   5
 -4.416496136842E-04 -3.864987308639E-04  2.968596696507E-04 -6.710010527567E+03  7.764656332607E+03 -1.263703095577E+05 -4.069514754335E-02 -4.882812500000E-04   1   5
 -7.341357247123E-04  5.119180713741E-04  7.970705466174E-04 -1.352339334680E+04 -9.627072669747E+03 -3.095741779398E+05 -3.900485442504E-02 -4.882812500000E-04   1   5
  3.953339207508E-04 -5.654244963875E-04  1.472479261455E-04  5.559019234941E+03  1.164541460392E+04 -6.497269914159E+04 -4.120132089745E-02 -4.882812500000E-04   1   5
  5.071377146458E-04 -3.524217985564E-04  2.401728177541E-04  6.205029459062E+03  7.227625523261E+03 -1.020894252298E+05 -4.088701611044E-02 -4.882812500000E-04   1   5
 -5.124246642545E-04  8.216752262028E-04 -6.806280880709E-04 -8.538399427965E+03 -1.605685565405E+04  2.146962562817E+05 -4.399477476733E-02 -4.882812500000E-04   1   5
  1.584835107928E-05  8.317610394488E-04  5.049660590988E-04  3.955459976365E+02 -1.761850776054E+04 -2.221460571977E+05 -3.998976981410E-02 -4.882812500000E-04   1   5
 -3.894113876477E-04 -6.152823766586E-04  8.137612695784E-04 -6.234133955899E+03  1.248192628002E+04 -3.243436169639E+05 -3.894765743178E-02 -4.882812500000E-04   1   5
  4.656537745884E-04  7.046823211605E-04 -2.422034308678E-04  6.313453351322E+03 -1.484156093473E+04  1.071637957781E+05 -4.252014034068E-02 -4.882812500000E-04   1   5
 -4.083314436130E-04 -4.293141264064E-04 -3.652666034442E-04 -5.743504292455E+03  8.843443576391E+03  1.433327571596E+05 -4.293491316508E-02 -4.882812500000E-04   1   5
  1.170941710371E-04 -5.983194861828E-04  5.528810257083E-05  9.186902818597E+01  1.353434224266E+04 -2.117492689910E+04 -4.151320669887E-02 -4.882812500000E-04   1   5
 -2.548231947153E-04  1.328608389042E-03  6.815425087217E-04 -4.187786731822E+03 -2.573356989470E+04 -2.793027345746E+05 -3.939354750448E-02 -4.882812500000E-04   1   5
 -5.906574436546E-04  5.136314628378E-04  2.130073809523E-04 -8.660461057304E+03 -1.059012152400E+04 -9.071192340583E+04 -4.097888118123E-02 -4.882812500000E-04   1   5
  1.145553587993E-04  4.711170288853E-04  2.042952148340E-05  1.631345271563E+03 -9.834196619995E+03 -9.051921568103E+03 -4.163093767555E-02 -4.882812500000E-04   1   5
  2.944727150861E-04 -4.852308283172E-04 -3.706180934646E-04  2.474292077606E+03  1.076041296020E+04  1.482002715833E+05 -4.295332615876E-02 -4.882812500000E-04   1   5
  1.787438642589E-04 -3.708175261251E-04 -5.087748264603E-04  3.077917269694E+03  7.721021836515E+03  1.756642453815E+05 -4.341740743592E-02 -4.882812500000E-04   1   5
 -4.112202871856E-05  5.804064551481E-04 -1.698148854272E-04 -4.586721827247E+02 -1.132623285849E+04  7.574564182520E+04 -4.227523905421E-02 -4.882812500000E-04   1   5
  1.094093307256E-04 -8.666846852049E-04  1.381061230132E-05  1.318041055646E+03  1.783773012319E+04 -2.259738454528E+03 -4.165362708664E-02 -4.882812500000E-04   1   5
 -5.786670071836E-04 -2.330162953065E-04 -6.301530693387E-05 -7.979158626999E+03  5.075170713500E+03  3.497319342061E+04 -4.191419897954E-02 -4.882812500000E-04   1   5
  4.362249194124E-04  7.176351466919E-04 -6.448574200939E-04  7.029400338822E+03 -1.411131843618E+04  2.054838604186E+05 -4.387451010504E-02 -4.882812500000E-04   1   5
  1.800661352626E-04 -5.203323527231E-04 -8.864593438043E-04  3.046777767432E+03  9.931586346798E+03  2.513234828651E+05 -4.468581799815E-02 -4.882812500000E-04   1   5
 -2.715834918025E-04 -1.338153068044E-03  1.803792583264E-04 -4.190542376157E+03  2.587695080130E+04 -7.678050467604E+04 -4.108892399768E-02 -4.882812500000E-04   1   5
  6.200766922723E-05 -8.281870945991E-04 -1.966888608416E-04  1.205595694087E+03  1.705409081741E+04  8.954066586577E+04 -4.236636438535E-02 -4.882812500000E-04   1   5
  3.401631096800E-04  2.728867244577E-04  2.673033191325E-05  2.292815389969E+03 -5.943096131536E+03 -7.468350977264E+03 -4.161002671407E-02 -4.882812500000E-04   1   5
 -2.499065878997E-05 -1.082597522543E-03  3.991895583284E-04 -5.021361742977E+02  2.155878611549E+04 -1.730396748060E+05 -4.034814601474E-02 -4.882812500000E-04   1   5
 -3.671739637136E-04  5.250439715251E-04 -4.317928819146E-04 -4.331195930857E+03 -1.177066495233E+04  1.638531458635E+05 -4.315914879938E-02 -4.882812500000E-04   1   5
 -1.696393754973E-04 -2.452451164707E-04 -1.261027465884E-04 -3.723945972844E+02  5.543081962327E+03  6.048976875609E+04 -4.212773196306E-02 -4.882812500000E-04   1   5
 -5.582878119864E-04 -3.007500935557E-04 -3.140859885145E-04 -7.140672302212E+03  6.156509309064E+03  1.310125894324E+05 -4.276270553576E-02 -4.882812500000E-04   1   5
 -8.004009106257E-04 -9.348683206213E-04  7.702781266428E-04 -1.391044982706E+04  1.765610991041E+04 -3.049396176598E+05 -3.909448583672E-02 -4.882812500000E-04   1   5
  1.993262064324E-04  1.116421720482E-03  8.135709160229E-04  3.296678635559E+03 -2.140941927005E+04 -3.206044928909E+05 -3.894844449061E-02 -4.882812500000E-04   1   5
  3.554159119588E-04  1.323529187869E-03  6.815632255512E-04  5.918516766078E+03 -2.565967692959E+04 -2.798698319394E+05 -3.939338372831E-02 -4.882812500000E-04   1   5
 -6.968007123333E-05  1.027492401349E-03 -5.181638213072E-04 -1.137979209397E+03 -2.039982665161E+04  1.800747169184E+05 -4.344892187792E-02 -4.882812500000E-04   1   5
 -3.126597166395E-04  8.923868685031E-04 -4.541950038104E-04 -4.080360643738E+03 -1.797619626314E+04  1.670196458639E+05 -4.323408685722E-02 -4.882812500000E-04   1   5
  2.647172461802E-04 -5.838232185915E-04 -4.045880376706E-04  3.290777344066E+03  1.195592518027E+04  1.532414084801E+05 -4.306721274978E-02 -4.882812500000E-04   1   5
  6.443348661702E-04  4.262395023698E-04 -4.780332551642E-04  1.003716380954E+04 -8.149352548781E+03  1.709988686988E+05 -4.331407401638E-02 -4.882812500000E-04   1   5
 -1.156122097486E-04  9.405400262561E-04  8.286729957909E-04 -1.954863542068E+03 -1.843177008114E+04 -3.278874796970E+05 -3.889738349097E-02 -4.882812500000E-04   1   5
 -2.014063306816E-04 -1.041077747728E-04 -1.064955778576E-04 -2.546012174867E+03  1.945174373975E+03  4.985549386741E+04 -4.206114248874E-02 -4.882812500000E-04   1   5
  4.810034527664E-05  9.998623506197E-04 -3.571018188162E-04  3.838653017544E+02 -2.076957801574E+04  1.444019049736E+05 -4.290764407822E-02 -4.882812500000E-04   1   5
  6.515367597993E-04  4.230265550381E-04  4.586244821514E-05  9.666094729398E+03 -8.310076233252E+03 -1.768880748420E+04 -4.154486169550E-02 -4.882812500000E-04   1   5
 -5.932708851221E-04  1.228676370009E-03 -8.281197976308E-04 -1.090464451614E+04 -2.282497600426E+04  2.399537671373E+05 -4.448921196834E-02 -4.882812500000E-04   1   5
  3.103220568179E-04  5.794456700083E-04 -3.632809634802E-04  4.633256529947E+03 -1.198715172866E+04  1.427112575476E+05 -4.292821757458E-02 -4.882812500000E-04   1   5
 -2.295340434620E-04 -5.852336733736E-04 -6.150559944054E-04 -2.031799102690E+03  1.223520684660E+04  2.052007344480E+05 -4.377519566479E-02 -4.882812500000E-04   1   5
  1.309987156856E-04 -8.799185555046E-04 -4.367800870781E-04  1.484546854481E+03  1.759667921680E+04  1.612403542823E+05 -4.317539041177E-02 -4.882812500000E-04   1   5
  5.026274537908E-04  1.265750564058E-04 -6.310924467146E-04  6.687290946354E+03 -3.004953722627E+03  2.082259751338E+05 -4.382901612923E-02 -4.882812500000E-04   1   5
 -9.996231967043E-05  6.085034294071E-04 -1.709469533080E-04 -1.583715415790E+03 -1.296272312399E+04  7.870270239687E+04 -4.227935873624E-02 -4.882812500000E-04   1   5
 -2.252763725118E-04  8.088259811611E-04  2.711127777624E-04 -2.473229853250E+03 -1.681103581287E+04 -1.149518680146E+05 -4.078228818870E-02 -4.882812500000E-04   1   5
  8.120631290911E-04 -3.132435695226E-04  8.043378133866E-04  1.403052880642E+04  5.972181884503E+03 -3.167924167901E+05 -3.897977053181E-02 -4.882812500000E-04   1   5
 -6.364387562720E-04 -8.966986873507E-04  8.373524660454E-05 -1.011321135535E+04  1.756135154655E+04 -3.503363515094E+04 -4.141632252102E-02 -4.882812500000E-04   1   5
  6.753847954586E-04  5.842877153501E-04 -7.521961624262E-04  1.144875607231E+04 -1.104028000282E+04  2.276964138319E+05 -4.423498413610E-02 -4.882812500000E-04   1   5
  2.576574598448E-04 -7.617398419795E-04 -2.149419015285E-04  3.487316858827E+03  1.560700483613E+04  9.637078825556E+04 -4.242802632297E-02 -4.882812500000E-04   1   5
 -3.676505013893E-04  5.398194010034E-04 -1.075786326123E-04 -5.494428989028E+03 -1.060025555116E+04  5.141852579212E+04 -4.206478333256E-02 -4.882812500000E-04   1   5
  2.542315313406E-04 -6.970864168122E-04  3.406037408116E-06  3.720538635527E+03  1.375827145408E+04 -2.660721761733E+01 -4.168862956621E-02 -4.882812500000E-04   1   5
  2.356028802884E-04  1.051792161489E-03  6.350840372900E-04  3.669913313986E+03 -2.030369987483E+04 -2.631624402351E+05 -3.955066489981E-02 -4.882812500000E-04   1   5
  3.267648642435E-04  5.011012500991E-04 -6.234084010748E-04  5.336480493781E+03 -9.925429622796E+03  1.984144075530E+05 -4.380230602096E-02 -4.882812500000E-04   1   5
 -1.555888113457E-04  4.582342336232E-04 -7.059243698588E-04 -3.045310285951E+03 -8.043240702769E+03  2.075199977415E+05 -4.407864137919E-02 -4.882812500000E-04   1   5
 -2.403624081537E-04  4.171623685733E-04 -3.948987075346E-04 -3.802923714458E+03 -7.887032660819E+03  1.498781976892E+05 -4.303456357594E-02 -4.882812500000E-04   1   5
  2.263125235948E-05  3.915102823119E-04 -8.207762254271E-04 -7.707710818429E+02 -8.605193908337E+03  2.425529593088E+05 -4.446578277371E-02 -4.882812500000E-04   1   5
  6.668128623317E-04 -1.930960536056E-04  3.955967486404E-04  9.167224649695E+03  3.895500407285E+03 -1.715227782261E+05 -4.036041694764E-02 -4.882812500000E-04   1   5
 -2.116950091587E-05 -1.517858137812E-04 -9.341924555941E-04 -8.933751283315E+02  2.389476429828E+03  2.703998685223E+05 -4.484728874051E-02 -4.882812500000E-04   1   5
  3.005901431783E-04  7.366443203178E-04  4.794315437859E-04  3.938907279195E+03 -1.522373437865E+04 -2.108969171607E+05 -4.007623754141E-02 -4.882812500000E-04   1   5
  3.362088767622E-04  7.755674840273E-04  8.922762138353E-05  5.141170862258E+03 -1.580810280041E+04 -4.004502153658E+04 -4.139768574044E-02 -4.882812500000E-04   1   5
  4.389613423574E-04 -4.684828555929E-04  1.131705036079E-04  5.735168292240E+03  9.477138113218E+03 -5.027013136687E+04 -4.131669715038E-02 -4.882812500000E-04   1   5
  1.927156061379E-05 -3.475344245045E-04 -7.978132396058E-05  2.860615097808E+02  8.719093457920E+03  4.113702876721E+04 -4.197101634399E-02 -4.882812500000E-04   1   5
 -6.281696393251E-04 -3.706803624332E-05 -2.642421099401E-04 -8.117647024908E+03  7.500026741263E+02  1.148868602390E+05 -4.259456748656E-02 -4.882812500000E-04   1   5
 -3.285193280805E-04  7.215434177635E-04 -2.171649264087E-04 -4.342697609958E+03 -1.457307181153E+04  9.697948792060E+04 -4.243549936813E-02 -4.882812500000E-04   1   5
  3.820274536161E-04  5.652131903768E-05  1.630324645840E-04  5.463771863170E+03 -1.208686562025E+03 -7.246760464390E+04 -4.114790528671E-02 -4.882812500000E-04   1   5
 -6.225210534438E-04  4.556184813654E-04  8.142993937228E-04 -1.115708254614E+04 -8.482724153195E+03 -3.168940350249E+05 -3.894663116273E-02 -4.882812500000E-04   1   5
  1.209964909714E-04 -2.824523423134E-04 -4.890070554016E-04  2.124009575129E+03  6.148347302952E+03  1.714575206715E+05 -4.335101581917E-02 -4.882812500000E-04   1   5
  3.420413906049E-04 -5.989685587328E-04 -4.080581080590E-05  4.108118526250E+03  1.219210972133E+04  2.425480593473E+04 -4.183890888003E-02 -4.882812500000E-04   1   5
  5.509988096538E-04  5.894998354463E-04  1.991112326012E-04  7.607151033687E+03 -1.205083191614E+04 -8.470219475126E+04 -4.102592392059E-02 -4.882812500000E-04   1   5
 -3.795368371986E-04 -7.586133323669E-04  1.619195747629E-04 -5.698464849281E+03  1.511668584393E+04 -7.124198802348E+04 -4.115156977980E-02 -4.882812500000E-04   1   5
  2.455723345398E-05  1.094791384365E-03 -2.583009755392E-04 -9.570003266085E+01 -2.255394877216E+04  1.128863992913E+05 -4.257440165478E-02 -4.882812500000E-04   1   5
  1.037506445201E-03 -1.869689750475E-04 -8.106224940447E-04  2.000610207211E+04  3.405817094593E+03  2.298140583781E+05 -4.442987371264E-02 -4.882812500000E-04   1   5
 -2.423624265476E-04  5.544077713154E-04 -7.945314443241E-04 -3.633998088104E+03 -1.160526455876E+04  2.386879566161E+05 -4.437771917516E-02 -4.882812500000E-04   1   5
 -5.575469658499E-04  8.512541065943E-04  1.201549483110E-04 -8.255980213755E+03 -1.724428664222E+04 -5.073577540842E+04 -4.129311994812E-02 -4.882812500000E-04   1   5
  1.466016294367E-04  3.120680155437E-04  3.259671935307E-05  2.918759204323E+03 -5.332130865315E+03 -1.578116148225E+04 -4.158958597494E-02 -4.882812500000E-04   1   5
 -9.414061736531E-05 -4.946683546262E-04 -8.934960695264E-04 -1.853935734014E+03  9.525578579060E+03  2.538014282651E+05 -4.470959524559E-02 -4.882812500000E-04   1   5
  4.785028744385E-04  9.446367874245E-05 -3.439185668119E-04  5.828391788214E+03 -1.997151477178E+03  1.382861240101E+05 -4.286312391867E-02 -4.882812500000E-04   1   5
 -4.864641256328E-04 -9.986352225691E-04  1.667709971156E-04 -7.510681477179E+03  1.988275951151E+04 -7.089569500455E+04 -4.113522779103E-02 -4.882812500000E-04   1   5
 -4.244521996614E-04  5.128777152459E-04 -5.487800210973E-04 -5.982030869797E+03 -1.032267457242E+04  1.856669201665E+05 -4.355185654977E-02 -4.882812500000E-04   1   5
  4.818041613790E-04  6.911948210934E-04 -3.575097254971E-04  6.476076150001E+03 -1.445292512629E+04  1.444927611898E+05 -4.290903269237E-02 -4.882812500000E-04   1   5
  5.273769370632E-04 -3.003066067340E-04 -6.904642345451E-04  9.714890077760E+03  5.466748282104E+03  2.069951900528E+05 -4.402691909155E-02 -4.882812500000E-04   1   5
 -6.967372435580E-04  4.745182889383E-04 -7.847607151628E-04 -1.189592465179E+04 -9.038063158777E+03  2.340334337965E+05 -4.434436275115E-02 -4.882812500000E-04   1   5
  4.593772882687E-04  1.734917725582E-04 -4.308996248166E-04  9.730230136361E+03 -3.011026290131E+03  1.589399138667E+05 -4.315563214585E-02 -4.882812500000E-04   1   5
 -7.600918200670E-04 -1.930776148446E-04 -8.046735729770E-04 -1.472742436383E+04  3.508455955165E+03  2.256482001708E+05 -4.440986100798E-02 -4.882812500000E-04   1   5
 -3.781830620304E-04  7.258776702959E-04 -6.223595578163E-04 -5.311501260510E+03 -1.432281423645E+04  2.028404190306E+05 -4.379917769883E-02 -4.882812500000E-04   1   5
 -5.446490430148E-04 -7.990546492897E-04 -7.198851269741E-04 -8.988219712167E+03  1.511975816856E+04  2.213044296025E+05 -4.412645025680E-02 -4.882812500000E-04   1   5
 -4.383865677194E-04 -1.097811058482E-03  6.967262847031E-04 -7.287259070783E+03  2.165505269577E+04 -2.864718772464E+05 -3.934221246629E-02 -4.882812500000E-04   1   5
  4.523298133526E-04  3.080807509076E-04  7.227205006219E-04  5.577329214763E+03 -6.078589094065E+03 -2.974829474302E+05 -3.925456576998E-02 -4.882812500000E-04   1   5
 -6.648410149891E-05 -3.667556321222E-04 -1.894161753446E-05 -1.093741220396E+03  7.733539919905E+03  1.004085898692E+04 -4.176449920597E-02 -4.882812500000E-04   1   5
 -3.665588009908E-04 -2.921159994055E-04 -3.867790815297E-04 -3.581225968882E+03  6.607703120713E+03  1.502666315946E+05 -4.300748656787E-02 -4.882812500000E-04   1   5
 -2.325084842032E-04 -7.343052832650E-04 -1.703452097672E-04 -3.422895176976E+03  1.500495771964E+04  7.911510547160E+04 -4.227730815502E-02 -4.882812500000E-04   1   5
  4.927474896836E-04  7.305995808859E-04  2.656264362373E-04  6.685022566851E+03 -1.469636242655E+04 -1.126684143793E+05 -4.080076436177E-02 -4.882812500000E-04   1   5
  2.232941947357E-04 -1.928478924369E-04 -8.901346334871E-04  2.704674364826E+03  3.788338887713E+03  2.559074468339E+05 -4.469866326388E-02 -4.882812500000E-04   1   5
 -4.101931029579E-04 -2.637404244778E-04 -3.483936873021E-04 -5.168792372326E+03  5.463139107432E+03  1.389268049878E+05 -4.287815302554E-02 -4.882812500000E-04   1   5
 -5.728207551114E-04  1.634779256249E-05 -8.982211497921E-05 -9.498368845895E+03 -3.880268914792E+02  4.331663272327E+04 -4.200461712528E-02 -4.882812500000E-04   1   5
  1.404047149112E-04  7.803632209206E-04 -8.149702183515E-04  2.468473017902E+03 -1.521894663364E+04  2.348610317554E+05 -4.444537630749E-02 -4.882812500000E-04   1   5
  4.725344871474E-04 -3.398150368256E-04 -2.423471999808E-04  5.117955847025E+03  6.867682260073E+03  1.074701781011E+05 -4.252073219135E-02 -4.882812500000E-04   1   5
 -3.489389803315E-04  7.643434807736E-04  3.251179923236E-04 -4.293022571880E+03 -1.562234120064E+04 -1.384946780297E+05 -4.059937556038E-02 -4.882812500000E-04   1   5
 -4.810454859337E-04 -6.449140694329E-04  8.682861451472E-04 -1.006872212346E+04  1.104556399465E+04 -3.363677684130E+05 -3.876417620529E-02 -4.882812500000E-04   1   5
  1.804357463285E-04  7.385324358220E-04 -5.695134746109E-05  1.801618127576E+03 -1.526045584369E+04  3.165052209494E+04 -4.189361689559E-02 -4.882812500000E-04   1   5
 -8.855436696771E-05 -3.815059861458E-04  3.765776770415E-06  1.662074358547E+03  9.243859057723E+03  3.686390141234E+03 -4.168796314399E-02 -4.882812500000E-04   1   5
 -6.729740950974E-05 -8.417431709915E-04  2.387248381863E-05 -1.490897770758E+03  1.801638143975E+04 -5.915823854871E+03 -4.161967577698E-02 -4.882812500000E-04   1   5
 -6.189889451245E-05 -6.493885106218E-04  5.247363350955E-04 -7.886297035342E+01  1.409387881622E+04 -2.301772364740E+05 -3.992295736075E-02 -4.882812500000E-04   1   5
 -8.635074041056E-05 -1.433378536257E-03  6.931886830821E-04 -1.270617100888E+03  2.733113577116E+04 -2.808415115323E+05 -3.935440302292E-02 -4.882812500000E-04   1   5
  1.496492871068E-04 -1.007003711748E-03 -7.790483276642E-04  2.376832401642E+03  1.929148902089E+04  2.321535535897E+05 -4.432506476241E-02 -4.882812500000E-04   1   5
  4.739633258057E-07  7.938403259284E-04 -2.540691323643E-04  4.388981485098E+02 -1.602026477815E+04  1.095989799501E+05 -4.256007927741E-02 -4.882812500000E-04   1   5
  5.996659205732E-04  3.071052059900E-04  1.893038155210E-05  9.505344111755E+03 -6.288745929353E+03 -6.891656772301E+03 -4.163602393916E-02 -4.882812500000E-04   1   5
  3.529348040153E-04 -8.439149800554E-04  1.965355924893E-05  5.912087206336E+03  1.644683218106E+04 -7.641664863996E+03 -4.163343502953E-02 -4.882812500000E-04   1   5
 -4.078720222701E-04  4.106042968762E-04 -6.502876162742E-04 -6.429961853638E+03 -7.951206153291E+03  2.030688655549E+05 -4.389248885711E-02 -4.882812500000E-04   1   5
 -1.968532983813E-04  4.322460446728E-04 -2.342521665049E-04 -2.580396838388E+03 -8.635221492412E+03  1.008248935007E+05 -4.249309328769E-02 -4.882812500000E-04   1   5
  5.438682234435E-04  7.121489329637E-04  4.312545332041E-04  7.461336543607E+03 -1.447410223776E+04 -1.884619542884E+05 -4.023944072956E-02 -4.882812500000E-04   1   5
 -4.478288861350E-04  2.015514966172E-04  5.939134519504E-04 -6.602381101934E+03 -4.121856805535E+03 -2.520426570046E+05 -3.968962265927E-02 -4.882812500000E-04   1   5
 -2.798752307857E-04 -8.157112983670E-04 -4.585774036570E-04 -3.613656514032E+03  1.689314095393E+04  1.691703291253E+05 -4.324901663992E-02 -4.882812500000E-04   1   5
 -1.651397617690E-05  1.040524816634E-03  1.624435263237E-05 -3.549074134117E+02 -2.046893346463E+04 -5.306700293921E+03 -4.164502410734E-02 -4.882812500000E-04   1   5
 -2.191179861115E-04 -8.234598364067E-04 -7.178005169850E-05 -2.243962811894E+03  1.713605278138E+04  3.933353597828E+04 -4.194391354604E-02 -4.882812500000E-04   1   5
 -1.573742712165E-04  5.550728104270E-04 -2.671876034239E-04 -2.677504687635E+03 -1.159533487165E+04  1.135825374534E+05 -4.260439707116E-02 -4.882812500000E-04   1   5
 -1.997886659750E-04 -4.380787640108E-04 -1.343790727804E-05 -2.658626828293E+03  8.961015700602E+03  7.619031524375E+03 -4.174581853290E-02 -4.882812500000E-04   1   5
 -2.962022287541E-04  1.211208714050E-03  2.324130034190E-04 -5.104136898092E+03 -2.365746299232E+04 -9.856253925021E+04 -4.091295007886E-02 -4.882812500000E-04   1   5
 -4.934890187348E-05 -1.669531475399E-04  8.700629581524E-04 -8.783236853985E+02  3.708076337979E+03 -3.435408822395E+05 -3.875777809909E-02 -4.882812500000E-04   1   5
 -3.031256892922E-05 -7.728930804220E-04 -7.206586485040E-04 -1.905247247331E+02  1.578666700558E+04  2.253501213687E+05 -4.412971241416E-02 -4.882812500000E-04   1   5
  3.904766751464E-04  3.597504726778E-04  3.444987126970E-04  5.489956406420E+03 -7.639722549654E+03 -1.474869817866E+05 -4.053381681700E-02 -4.882812500000E-04   1   5
  5.059153914277E-05 -2.554144720704E-04  4.127291807268E-04 -6.732310412178E+00  6.659496295076E+03 -1.810303624886E+05 -4.030241852431E-02 -4.882812500000E-04   1   5
 -1.566297502328E-04  1.125670920556E-03  5.677135140392E-05 -2.472176823934E+03 -2.185789669128E+04 -2.532796984737E+04 -4.150743470474E-02 -4.882812500000E-04   1   5
 -6.717063443987E-06  4.023576380651E-04  5.331896406138E-04 -4.355760630777E+02 -9.735469165324E+03 -2.335905388960E+05 -3.989443628475E-02 -4.882812500000E-04   1   5
 -2.071726999008E-04 -3.682529448086E-04 -5.071931908223E-04 -4.427731812112E+03  5.971393443861E+03  1.759537456635E+05 -4.341211103632E-02 -4.882812500000E-04   1   5
  2.592447565472E-04 -7.956390971213E-04 -1.177744508185E-04  4.358585132478E+03  1.533086431491E+04  5.572857394545E+04 -4.209919529349E-02 -4.882812500000E-04   1   5
  8.862330213024E-05 -7.697620426047E-04 -1.032775724017E-04  1.150878525800E+03  1.588497509794E+04  5.200280527331E+04 -4.205049112772E-02 -4.882812500000E-04   1   5
 -1.138586255884E-04  7.118880138542E-04 -3.651735247399E-04 -9.538518945264E+02 -1.493618636907E+04  1.436421467828E+05 -4.293463206017E-02 -4.882812500000E-04   1   5
 -9.617725880027E-05 -1.013489118973E-03  6.011590031703E-04 -1.852883726678E+03  2.011985408983E+04 -2.551011901022E+05 -3.966487048618E-02 -4.882812500000E-04   1   5
  6.316709743382E-06  1.048635868629E-03  1.189838318525E-04  1.529791662808E+02 -2.111236606217E+04 -5.199722840590E+04 -4.129693899978E-02 -4.882812500000E-04   1   5
 -3.854855540611E-04  2.066787625882E-04 -2.565796918397E-04 -3.567991709360E+03 -4.179342418663E+03  1.111445503443E+05 -4.256869660537E-02 -4.882812500000E-04   1   5
 -1.108863848222E-04 -3.752439862289E-04  1.843128726664E-05 -1.582006189721E+03  7.568286387318E+03 -8.483701501101E+03 -4.163769053150E-02 -4.882812500000E-04   1   5
 -1.121184327579E-04  9.304176790262E-04 -4.773213891061E-04 -9.604010243354E+02 -1.911590771834E+04  1.731178781060E+05 -4.331196554911E-02 -4.882812500000E-04   1   5
 -3.682399444399E-04  5.581861175413E-05 -2.933419020086E-04 -5.728459060147E+03 -8.389753965495E+02  1.211686301092E+05 -4.269253838056E-02 -4.882812500000E-04   1   5
  4.683061931087E-04 -2.596989352677E-04 -2.321189310242E-04  5.349471540550E+03  5.947672417939E+03  1.037609406659E+05 -4.248621760585E-02 -4.882812500000E-04   1   5
 -6.826909960976E-05  7.310384431492E-04 -7.012227820193E-04 -1.142117975027E+03 -1.327393304402E+04  2.075804407060E+05 -4.406284057192E-02 -4.882812500000E-04   1   5
  5.007605569390E-04  1.111558131396E-03  7.110455043993E-04  8.552991398172E+03 -2.169912865771E+04 -2.888348556446E+05 -3.929410759085E-02 -4.882812500000E-04   1   5
 -5.895484471543E-04  1.205333371238E-03  6.809872345932E-04 -1.061021885648E+04 -2.276996600616E+04 -2.748923754173E+05 -3.939582120801E-02 -4.882812500000E-04   1   5
  3.933458842682E-04 -8.167606673297E-04  1.440053270652E-04  6.089223401329E+03  1.636715424317E+04 -6.308235139225E+04 -4.121223879093E-02 -4.882812500000E-04   1   5
  2.131332257303E-04 -6.481986216686E-04 -7.497622796975E-04  2.835804573736E+03  1.326468238482E+04  2.315823650450E+05 -4.422753183828E-02 -4.882812500000E-04   1   5
 -3.454507572962E-05 -4.163866576747E-04 -3.904855762054E-04 -4.399236810367E+02  7.640894100193E+03  1.487048668778E+05 -4.301973412559E-02 -4.882812500000E-04   1   5
  3.024705554353E-04 -4.008168059416E-04  7.580107664280E-04  3.415054095650E+03  8.525450209546E+03 -3.086329501401E+05 -3.913558492177E-02 -4.882812500000E-04   1   5
 -3.311777991002E-04  8.030204819992E-04 -3.009680335708E-05 -4.217078151332E+03 -1.633950884753E+04  1.949990030586E+04 -4.180255808095E-02 -4.882812500000E-04   1   5
 -6.419448656645E-04 -3.824559958851E-04  3.528196206015E-04 -8.958126008860E+03  7.589551979471E+03 -1.513005832048E+05 -4.050544757927E-02 -4.882812500000E-04   1   5
  4.177938695123E-04  4.547941233653E-04  4.808908180549E-04  4.567762983997E+03 -9.684007244514E+03 -2.121084760316E+05 -4.007126415771E-02 -4.882812500000E-04   1   5
  9.676211876119E-05 -9.725888710242E-05 -1.491482781013E-05  1.028076417571E+03  2.045999108918E+03  7.904215312660E+03 -4.175085349769E-02 -4.882812500000E-04   1   5
 -5.092153327904E-04 -4.696004066188E-04 -6.725527672859E-04 -7.454738956160E+03  9.203972058899E+03  2.145031229427E+05 -4.396797035169E-02 -4.882812500000E-04   1   5
  2.643703286946E-05  5.945319263559E-04 -3.833390012549E-04  9.834707815104E+02 -1.391942802304E+04  1.501745561645E+05 -4.299603121274E-02 -4.882812500000E-04   1   5
  2.003912170135E-04 -7.399635350647E-04  6.047402944365E-05  2.580750515589E+03  1.515599845449E+04 -2.673881804530E+04 -4.149519523428E-02 -4.882812500000E-04   1   5
  1.479140845946E-05 -2.556698443872E-04 -2.219743799738E-04 -2.747686190148E+02  6.021182376284E+03  9.690248790870E+04 -4.245175345101E-02 -4.882812500000E-04   1   5
 -5.178840607627E-04 -1.105566803270E-04  4.381451789008E-04 -7.087020417701E+03  2.195726547831E+03 -1.924369875786E+05 -4.021616835896E-02 -4.882812500000E-04   1   5
  3.117459855810E-04 -4.825481338203E-04 -3.250826800203E-04  3.000462508629E+03  1.082269194331E+04  1.351804257432E+05 -4.279994961206E-02 -4.882812500000E-04   1   5
  2.065991861075E-04 -2.352735056787E-04 -7.035013500536E-04  1.935904057781E+03  6.030641318480E+03  2.236312128339E+05 -4.407241671779E-02 -4.882812500000E-04   1   5
  2.053562459717E-04 -3.713232948349E-04  1.601740913957E-04  2.463443453719E+03  7.564133799353E+03 -7.139127021327E+04 -4.115758017473E-02 -4.882812500000E-04   1   5
  1.269875508002E-04  5.181688102650E-04 -8.269468441751E-04  1.263934874802E+03 -1.075328034744E+04  2.431824389413E+05 -4.448639438652E-02 -4.882812500000E-04   1   5
 -8.698448633680E-05  5.592397965785E-04 -7.860337833807E-04 -6.754901535398E+02 -1.181323596741E+04  2.371936180697E+05 -4.434922932479E-02 -4.882812500000E-04   1   5
  4.233300675219E-04  5.923886865173E-04  5.603340285090E-04  5.250532646638E+03 -1.211247680961E+04 -2.439863457946E+05 -3.980248720350E-02 -4.882812500000E-04   1   5
  3.885793093750E-04 -1.764729870273E-04  2.961344053367E-04  3.507371548581E+03  4.053088474663E+03 -1.259587195425E+05 -4.069763791161E-02 -4.882812500000E-04   1   5
 -5.754762005593E-04 -3.775066214604E-04 -3.406379297211E-05 -7.751650877506E+03  7.612604758923E+03  2.162063694595E+04 -4.181605812270E-02 -4.882812500000E-04   1   5
 -6.370846331933E-04  3.698381771444E-04  5.054925417305E-04 -8.972127124150E+03 -7.892056870544E+03 -2.225701409742E+05 -3.998787936921E-02 -4.882812500000E-04   1   5
  1.119357554935E-04  2.766939006340E-04  5.457276479333E-04  9.258914512038E+02 -6.587290181575E+03 -2.381651091292E+05 -3.985209033684E-02 -4.882812500000E-04   1   5
 -7.712916236663E-04  3.256105325871E-05  7.853759724412E-04 -1.442214332491E+04 -6.211305692709E+02 -3.035969285507E+05 -3.904463902368E-02 -4.882812500000E-04   1   5
  2.796475142148E-04 -3.855388885353E-04 -6.279978964669E-04  2.202974162191E+03  8.059032901026E+03  2.084966444532E+05 -4.381876978279E-02 -4.882812500000E-04   1   5
 -7.783561112771E-05 -8.797272262059E-04  8.523445458186E-05 -7.153923517336E+02  1.863071507858E+04 -3.506721700951E+04 -4.141160195110E-02 -4.882812500000E-04   1   5
  1.759742698558E-04 -7.436386478184E-04  1.398485859339E-05  2.739762264286E+03  1.478678562844E+04 -5.376580786578E+03 -4.165272695977E-02 -4.882812500000E-04   1   5
  4.356395626333E-04  4.018235252681E-05 -5.970872414154E-04  6.632609914123E+03 -5.200581110600E+02  1.941088264074E+05 -4.371404419650E-02 -4.882812500000E-04   1   5
 -1.447791969342E-04 -6.200155285827E-04 -1.010260514001E-04 -2.308897908415E+03  1.257833732517E+04  4.862743023483E+04 -4.204264983001E-02 -4.882812500000E-04   1   5
 -3.191425902229E-04  5.532185239335E-04  2.378204223401E-04 -4.863507321934E+03 -1.128239759023E+04 -1.021182057795E+05 -4.089491686691E-02 -4.882812500000E-04   1   5
  1.042582902117E-04 -2.304419254881E-04  1.346089690024E-04  1.796937285968E+03  4.339914096789E+03 -6.140607903883E+04 -4.124406356831E-02 -4.882812500000E-04   1   5
 -6.041848725973E-04  2.594437335413E-04 -5.445302668479E-04 -8.527870051330E+03 -4.969376147188E+03  1.889203094008E+05 -4.353798877987E-02 -4.882812500000E-04   1   5
 -4.980064651572E-04  4.427042957170E-05 -2.142450663909E-04 -8.988370441342E+03 -7.236454189172E+02  9.255252321007E+04 -4.242535158708E-02 -4.882812500000E-04   1   5
 -1.226775404763E-04 -6.493120213138E-05  6.630266713632E-04 -2.421610818481E+03  1.071596738188E+03 -2.661259708282E+05 -3.945752850397E-02 -4.882812500000E-04   1   5
 -7.437841544354E-05  9.121707910281E-04 -2.792134380210E-04 -7.944302957669E+02 -1.861522603389E+04  1.187171356063E+05 -4.264493595504E-02 -4.882812500000E-04   1   5
  1.641829133284E-04  2.377083565860E-04 -6.181191047294E-04  3.615606988180E+03 -4.531797114523E+03  1.962779701356E+05 -4.378452614501E-02 -4.882812500000E-04   1   5
  3.472631976363E-04  6.603010377789E-04  2.081084437853E-04  4.765805996704E+03 -1.342217392446E+04 -8.965963695334E+04 -4.099541943485E-02 -4.882812500000E-04   1   5
  3.787934696123E-04 -5.113129421250E-04 -1.413251145417E-04  6.191653441506E+03  9.881120500641E+03  6.481773826420E+04 -4.217889372469E-02 -4.882812500000E-04   1   5
 -5.801829322468E-04  1.358437510642E-03 -7.949950872845E-04 -1.070753147965E+04 -2.498104106148E+04  2.309577823976E+05 -4.437754592449E-02 -4.882812500000E-04   1   5
 -2.759451876195E-04  4.515225135722E-04 -2.216650190086E-04 -3.493985689470E+03 -9.175512095457E+03  9.737023768143E+04 -4.245068058757E-02 -4.882812500000E-04   1   5
 -3.863881618847E-04  8.581723977710E-04  6.261084550747E-04 -5.798495264147E+03 -1.774569425166E+04 -2.663946033774E+05 -3.958036273468E-02 -4.882812500000E-04   1   5
  4.098900137924E-04 -6.452447471310E-04  2.764406048099E-04  6.834853167260E+03  1.256476977308E+04 -1.178294305656E+05 -4.076417055867E-02 -4.882812500000E-04   1   5
 -7.467337967848E-05 -3.780559123307E-04 -4.269328544657E-04 -1.188104775859E+03  7.288352681930E+03  1.577944484660E+05 -4.314236819634E-02 -4.882812500000E-04   1   5
  7.683411379446E-04  5.356871674353E-04 -7.889374360421E-04  1.404323801944E+04 -9.901204791907E+03  2.280374299709E+05 -4.435752936584E-02 -4.882812500000E-04   1   5
 -7.178435561091E-04 -2.409286711361E-05  3.219000564254E-04 -1.126660749578E+04  3.078938145251E+02 -1.367051029094E+05 -4.061028667705E-02 -4.882812500000E-04   1   5
 -4.759108934746E-05  9.344947912402E-04  5.344232545554E-04 -6.769874891207E+01 -1.930609509419E+04 -2.340993252323E+05 -3.989003801242E-02 -4.882812500000E-04   1   5
  3.896742186221E-04  2.163781781978E-04 -2.278440613810E-04  5.297250542596E+03 -4.299532567046E+03  9.983249870691E+04 -4.247157720173E-02 -4.882812500000E-04   1   5
 -9.747940804077E-04  4.159300524015E-04  6.564716495725E-04 -1.714766966488E+04 -8.030598687659E+03 -2.696215101404E+05 -3.947838967449E-02 -4.882812500000E-04   1   5
 -8.642327544126E-04  9.912314733674E-04 -6.891115716239E-04 -1.631574261606E+04 -1.816314045336E+04  2.102389628228E+05 -4.402210457359E-02 -4.882812500000E-04   1   5
  3.585724111190E-04 -1.061534343007E-04 -6.590538223996E-04  3.491886893076E+03  2.253223011806E+03  2.147023144740E+05 -4.392308081127E-02 -4.882812500000E-04   1   5
 -7.067195628538E-04 -1.850576185483E-04  1.378728211150E-04 -1.014273101592E+04  3.652023253057E+03 -5.871339699007E+04 -4.123320036651E-02 -4.882812500000E-04   1   5
 -3.933378569393E-04 -5.325879224484E-04 -7.750613406010E-04 -6.277657893897E+03  1.088307383894E+04  2.344684553537E+05 -4.431223878595E-02 -4.882812500000E-04   1   5
  5.173708983346E-04  1.410176640150E-04  1.438515336138E-04  7.452848831404E+03 -2.929352329189E+03 -6.434279834874E+04 -4.121275290208E-02 -4.882812500000E-04   1   5
  5.043602271940E-04 -6.405427718816E-04 -6.277850666536E-04  7.934758990168E+03  1.228143617022E+04  2.025413138569E+05 -4.381721121651E-02 -4.882812500000E-04   1   5
  2.413973437562E-04 -2.874905296753E-04  2.621529509654E-04  3.490309084123E+03  5.685317511755E+03 -1.130964876503E+05 -4.081256525466E-02 -4.882812500000E-04   1   5
  5.634120539233E-04 -9.851062703552E-05 -1.424040625406E-04  7.913991655176E+03  1.805861142262E+03  6.830504306483E+04 -4.218286778721E-02 -4.882812500000E-04   1   5
  9.179032672936E-04  8.999065198449E-04 -7.837967792317E-04  1.715382573838E+04 -1.655347433049E+04  2.283361884758E+05 -4.434003440297E-02 -4.882812500000E-04   1   5
 -3.104899926746E-04  5.653991936565E-04 -6.269018642597E-04 -4.643054181106E+03 -1.112741452141E+04  1.996641115058E+05 -4.381407992165E-02 -4.882812500000E-04   1   5
  1.793844651911E-05 -4.306397543571E-04  1.011605166856E-04  1.216946142541E+02  8.945593345214E+03 -4.692462978547E+04 -4.135728644464E-02 -4.882812500000E-04   1   5
 -1.567061699663E-04 -4.810802228955E-04  6.099248606350E-05 -2.407187535503E+03  9.844447568371E+03 -2.864822387152E+04 -4.149335872898E-02 -4.882812500000E-04   1   5
 -1.996853873232E-04  7.783383978629E-04 -1.531684381413E-04 -2.211826739965E+03 -1.678363569339E+04  7.337345321066E+04 -4.221935239552E-02 -4.882812500000E-04   1   5
 -4.190420320649E-04  3.770183955249E-04  8.438292103805E-04 -6.807336087342E+03 -7.680727309980E+03 -3.330743113047E+05 -3.884638603045E-02 -4.882812500000E-04   1   5
 -3.906351620867E-04  5.837540473774E-04  2.255605327939E-04 -5.314910903222E+03 -1.204359890351E+04 -9.648480905505E+04 -4.093642452892E-02 -4.882812500000E-04   1   5
 -3.120545713151E-04  8.373823856252E-05 -8.483803253343E-04 -6.312106425242E+03 -1.622718544080E+03  2.357264322379E+05 -4.455710158762E-02 -4.882812500000E-04   1   5
 -5.430617808332E-04  8.285202594769E-04  1.884786560429E-04 -8.592395043499E+03 -1.640326558906E+04 -8.089172087164E+04 -4.106172729566E-02 -4.882812500000E-04   1   5
 -1.435073729676E-04 -8.679865768365E-04  1.396471343451E-06 -1.494322293034E+03  1.771115049806E+04  3.816625693783E+03 -4.169572373957E-02 -4.882812500000E-04   1   5
