 -1.637764477586E-05  7.733426219419E-05  1.639361833712E+00  1.267332683530E+02  9.684954401648E+02  3.527213118575E+07  1.671608981562E+01 -4.882812500000E-04   1   5
 -7.207907858399E-05  4.403688986488E-04  2.185350340906E-04  6.703244928086E+02  5.265608761933E+03 -9.581040440741E+04 -4.096147648663E-02 -4.882812500000E-04   1   3
 -4.411397826703E-04 -8.798846285968E-05 -2.536171935741E-04  3.942402413329E+03 -1.071739218752E+03  1.068081916284E+05 -4.255680055860E-02 -4.882812500000E-04   1   3
 -5.419702472106E-05  3.506908784698E-04  4.364407366384E-04  1.304573539955E+03  2.251260171656E+03 -1.927729666780E+05 -4.022478382945E-02 -4.882812500000E-04   1   3
 -2.566481092124E-04 -7.121457570952E-05 -5.287678982042E-04  3.658923834678E+03 -6.847179490479E+02  1.802200445135E+05 -4.348203765843E-02 -4.882812500000E-04   1   3
 -1.540861062848E-04  1.001556266996E-03  7.838123643735E-04  1.868017742051E+03  1.086815450059E+04 -3.129094766333E+05 -3.905346310174E-02 -4.882812500000E-04   1   3
 -6.974950090743E-04 -2.587787809108E-04 -7.308783328259E-04  7.643069885954E+03 -2.943224179847E+03  2.246644766322E+05 -4.416040884229E-02 -4.882812500000E-04   1   3
 -1.197374940926E-04  8.158795578443E-04 -4.273243010622E-04  1.461016565413E+03  8.256712030505E+03  1.589713872418E+05 -4.314142063720E-02 -4.882812500000E-04   1   5
 -7.556649148236E-04 -2.677766051556E-04 -8.525647927735E-04  6.713897248846E+03 -3.236035275663E+03  2.418188640222E+05 -4.456796104527E-02 -4.882812500000E-04   1   5
  4.531368089280E-04  1.162607090599E-03  6.906716942576E-04 -5.351317455975E+03  1.311589559187E+04 -2.829023355407E+05 -3.936704109589E-02 -4.882812500000E-04   1   5
 -2.685389204907E-04 -1.147503967976E-04 -5.383704058781E-05  3.623319922978E+03 -1.021376729661E+03  2.681991119054E+04 -4.188244531840E-02 -4.882812500000E-04   1   5
 -1.015169767566E-04 -7.726933194641E-04  4.294524889497E-04  1.883777165230E+03 -7.362325225251E+03 -1.879463960705E+05 -4.024849737955E-02 -4.882812500000E-04   1   5
 -4.244867529940E-04  6.455585837137E-04 -1.908391953476E-04  6.130367075392E+03  6.213709980862E+03  8.779878325069E+04 -4.234543171380E-02 -4.882812500000E-04   1   5
  4.680757758208E-04 -7.381830574382E-04  3.254492720901E-04 -5.937442768628E+03 -8.182973840678E+03 -1.383754035443E+05 -4.060032831095E-02 -4.882812500000E-04   1   5
  1.006406217003E-04 -6.139488236283E-04  3.834929446449E-04 -1.290333562687E+03 -6.422310689789E+03 -1.678597400031E+05 -4.040387481492E-02 -4.882812500000E-04   1   5
 -2.482378304308E-04 -4.230432038515E-04  4.212751450068E-04  4.246635268518E+03 -4.120922540340E+03 -1.855371880809E+05 -4.027606349186E-02 -4.882812500000E-04   1   5
  3.590363318973E-04 -5.236093326755E-04 -2.048109767212E-04 -4.856075198793E+03 -5.681693561222E+03  9.173896697917E+04 -4.239246715256E-02 -4.882812500000E-04   1   5
 -1.921551453920E-04  1.331337768887E-03  1.219263807242E-04  2.123413837710E+03  1.482112327496E+04 -5.278850202693E+04 -4.128768866030E-02 -4.882812500000E-04   1   5
 -3.638976955751E-04  6.799685418333E-04  2.157465783499E-04  4.988419728935E+03  6.794102866427E+03 -9.268759640501E+04 -4.097100487349E-02 -4.882812500000E-04   1   5
 -5.626741443730E-04 -1.945109684089E-04  7.078993711671E-04  4.805950334888E+03 -2.453921351095E+03 -2.783436432570E+05 -3.931029415547E-02 -4.882812500000E-04   1   5
 -2.768232537299E-04 -8.248619362227E-04  7.098947722157E-04  2.153385146553E+03 -1.017435951919E+04 -2.784721147105E+05 -3.930353708811E-02 -4.882812500000E-04   1   5
  4.363725780583E-04  3.296619739038E-04  5.238475498159E-05 -6.902232803321E+03  3.375184405977E+03 -2.245810820646E+04 -4.152307821272E-02 -4.882812500000E-04   1   5
  2.618448777380E-04  8.660934852785E-04  3.143703520314E-04 -3.694757708480E+03  9.201182193708E+03 -1.334318234272E+05 -4.063783094697E-02 -4.882812500000E-04   1   5
  4.549738002313E-04  6.093177918989E-04 -2.302099780855E-04 -7.453185995709E+03  5.804227404971E+03  1.031713364997E+05 -4.247828913558E-02 -4.882812500000E-04   1   5
  2.198538240839E-04  1.583029595396E-04  6.120144870820E-04 -6.493683451132E+03  1.412141030675E+03 -2.630420870214E+05 -3.963186387722E-02 -4.882812500000E-04   1   5
 -3.071129905805E-04 -5.957206569317E-04  8.420343899411E-04  3.370719805537E+03 -6.291218325958E+03 -3.333680386052E+05 -3.885725463065E-02 -4.882812500000E-04   1   5
  2.862330461874E-05  8.150622886119E-04 -7.484025914626E-04 -8.420991337075E+02  8.349405410884E+03  2.315886394567E+05 -4.421968125040E-02 -4.882812500000E-04   1   5
 -4.095885307313E-04  1.238738631917E-03  7.166227711517E-04  4.755448934048E+03  1.386958754983E+04 -2.918379616474E+05 -3.927953223135E-02 -4.882812500000E-04   1   5
 -4.159308156120E-04  2.536272270670E-05  4.828979493761E-04  7.239548089873E+03 -2.907782421569E+01 -2.128559899711E+05 -4.006768881912E-02 -4.882812500000E-04   1   5
 -3.746633391859E-04  1.055297238593E-03  2.119512943117E-04  4.599520798016E+03  1.125898540009E+04 -9.020707414129E+04 -4.098374712021E-02 -4.882812500000E-04   1   5
  2.592029965048E-04  1.393684536263E-04 -5.024833481755E-04 -9.876729408141E+02  1.871161573806E+03  1.753617810908E+05 -4.339384120491E-02 -4.882812500000E-04   1   5
  1.642928376322E-04 -7.724867759038E-04 -3.430944683382E-04 -2.376548729353E+03 -7.424703342283E+03  1.384866251814E+05 -4.285842731349E-02 -4.882812500000E-04   1   5
  9.013918009814E-05 -9.454066500045E-04 -1.959493009340E-04 -1.137960586698E+03 -9.790765694659E+03  8.948518449994E+04 -4.236261555823E-02 -4.882812500000E-04   1   5
  1.161639334505E-04  9.814058817381E-04  3.934296285606E-04 -1.559973197397E+03  1.012808943660E+04 -1.703999682342E+05 -4.037034967521E-02 -4.882812500000E-04   1   5
  7.467658456025E-04 -5.384869123798E-04  2.210622515093E-04 -8.821886392685E+03 -6.103570894448E+03 -9.404056741957E+04 -4.095292961933E-02 -4.882812500000E-04   1   5
 -2.737441878983E-04 -8.919761969027E-04  4.419845369366E-04  3.630772444310E+03 -8.737076835236E+03 -1.938533730134E+05 -4.020601806048E-02 -4.882812500000E-04   1   5
  6.290674375975E-04  1.910098733567E-04  7.130238992143E-04 -8.155343543575E+03  1.729315361846E+03 -2.936378198950E+05 -3.929163805594E-02 -4.882812500000E-04   1   5
 -2.322390759171E-05  1.086849703344E-03 -3.288324868722E-04  4.666022546991E+02  1.092577036327E+04  1.362184297945E+05 -4.281051349285E-02 -4.882812500000E-04   1   5
  2.869023572723E-04  6.987418489819E-04  3.737810037006E-04 -3.462990215860E+03  7.601877935120E+03 -1.625009703952E+05 -4.043674411816E-02 -4.882812500000E-04   1   5
 -3.179880935236E-04 -4.346773142833E-04  5.321611402220E-04  4.846381920669E+03 -3.647217096640E+03 -2.332380022941E+05 -3.990129024154E-02 -4.882812500000E-04   1   5
  4.108419669633E-04 -4.198113519450E-04  2.153554659443E-04 -5.358757497544E+03 -4.199581628302E+03 -9.330803977405E+04 -4.097228323971E-02 -4.882812500000E-04   1   5
  5.306588436921E-04  3.520788372093E-05  3.070357466497E-04 -8.516492772997E+03  1.510232449787E+02 -1.308859231422E+05 -4.066261375026E-02 -4.882812500000E-04   1   5
  8.093561819427E-05  1.113735079360E-03  4.381828359223E-04 -7.921538532013E+02  1.160226783717E+04 -1.917640252777E+05 -4.021882827022E-02 -4.882812500000E-04   1   5
  4.244273883144E-04  4.364420612363E-04 -1.937454394403E-04 -5.265758143023E+03  4.339528434250E+03  8.756724369169E+04 -4.235514180175E-02 -4.882812500000E-04   1   5
 -5.250700058574E-04  2.730223536157E-05 -1.275996389645E-04  8.740115617502E+03  4.948610551442E+01  6.304390395255E+04 -4.213201789531E-02 -4.882812500000E-04   1   5
  1.927699913113E-04 -1.220229547383E-03  5.301151775350E-05 -2.465533686624E+03 -1.304599641252E+04 -2.012590047060E+04 -4.152097936388E-02 -4.882812500000E-04   1   5
 -1.104194744311E-04 -3.359055224865E-04  4.464721630819E-04  2.308385883969E+03 -2.229540427560E+03 -1.974507282519E+05 -4.019083986543E-02 -4.882812500000E-04   1   5
  5.435516755999E-04  1.341400205823E-04 -5.785185146332E-04 -7.060194898732E+03  1.673893804172E+03  1.926177172085E+05 -4.364910491972E-02 -4.882812500000E-04   1   5
  1.414430533399E-04  7.224334590975E-04 -1.550228762275E-04 -1.462434178779E+03  7.468251254344E+03  7.158020040791E+04 -4.222437870369E-02 -4.882812500000E-04   1   5
 -2.577421676924E-04 -3.962550087004E-04 -7.081979251078E-05  4.151144867929E+03 -2.990224927728E+03  3.753231755535E+04 -4.194014840789E-02 -4.882812500000E-04   1   5
  3.593565660862E-04 -4.953549942935E-04  3.320259849271E-04 -4.871357730916E+03 -5.187673414492E+03 -1.419578068458E+05 -4.057815610669E-02 -4.882812500000E-04   1   5
  4.897481331165E-04  9.321784934406E-04  5.505061623867E-05 -6.053000873760E+03  9.998534471843E+03 -2.192133220604E+04 -4.151403820237E-02 -4.882812500000E-04   1   5
  8.817516612523E-05  6.865771384734E-04  2.845964544009E-04 -8.659386904444E+02  7.160866292969E+03 -1.217234089547E+05 -4.073843569416E-02 -4.882812500000E-04   1   5
 -5.495990275547E-04 -7.817820365695E-04  4.621580828079E-04  7.472174874078E+03 -8.249578015695E+03 -2.031126508942E+05 -4.013767829163E-02 -4.882812500000E-04   1   5
 -5.231500533099E-04  1.202923830884E-04 -5.502624663463E-04  7.044432776874E+03  1.563357855966E+03  1.861763858154E+05 -4.355422130946E-02 -4.882812500000E-04   1   5
 -1.237177452599E-04 -8.424017263528E-04 -1.138896958672E-04  1.844329663860E+03 -8.528836340255E+03  5.675696462355E+04 -4.208565174213E-02 -4.882812500000E-04   1   5
 -3.789091475825E-04 -7.018317914997E-04 -6.839847262663E-05  5.563176693796E+03 -7.432695119998E+03  3.705467538036E+04 -4.193189735427E-02 -4.882812500000E-04   1   5
 -1.137749946533E-04 -2.553929817465E-05 -8.597091785831E-04  2.951548944269E+03 -2.050617898377E+02  2.486382443340E+05 -4.459279629597E-02 -4.882812500000E-04   1   5
  1.053947949390E-04  8.188530317797E-04  5.993410172513E-04 -1.221953420588E+03  9.041894983660E+03 -2.531512332748E+05 -3.967505165024E-02 -4.882812500000E-04   1   5
  7.791464467317E-04 -1.773053056400E-04  7.199785494292E-04 -8.843236541437E+03 -2.090860108377E+03 -2.919381629148E+05 -3.926848933890E-02 -4.882812500000E-04   1   5
 -1.664469066829E-05  1.000595773692E-03 -1.354594474208E-04 -1.895717215064E+02  1.005932297072E+04  6.613027792411E+04 -4.215849500170E-02 -4.882812500000E-04   1   5
 -7.808946641427E-04 -4.291957533599E-04  1.768518782490E-04  9.256461002903E+03 -4.986466127599E+03 -7.573743987615E+04 -4.110226168062E-02 -4.882812500000E-04   1   5
  1.068595251888E-04 -3.428327907562E-04 -4.646777199071E-04 -1.076424071074E+03 -3.191427797972E+03  1.666616790844E+05 -4.326690348013E-02 -4.882812500000E-04   1   5
 -9.206485862266E-07  1.376147121323E-03  6.651304692538E-04  6.549315881288E+00  1.563213585043E+04 -2.729295741330E+05 -3.945321545363E-02 -4.882812500000E-04   1   5
  3.416731792081E-04  3.732862253572E-04  4.261940971211E-04 -4.978699083482E+03  3.956671503051E+03 -1.882606918656E+05 -4.025935556421E-02 -4.882812500000E-04   1   5
  8.337103298175E-05  2.401762292035E-04 -8.839692287550E-04  1.389130844851E+03  3.534208920774E+03  2.571289992705E+05 -4.467450919067E-02 -4.882812500000E-04   1   5
  6.116023773980E-04  8.208121400891E-04  6.979566221010E-04 -7.113055181607E+03  8.845609053464E+03 -2.872573260782E+05 -3.934241008207E-02 -4.882812500000E-04   1   5
  2.748890750024E-04 -7.877856547670E-04 -3.407488098073E-04 -4.841640754921E+03 -7.585885484755E+03  1.403805923476E+05 -4.285075507964E-02 -4.882812500000E-04   1   5
 -6.738392887950E-05 -1.315869392633E-03  2.170970812678E-04  9.908729471775E+02 -1.449323358407E+04 -9.213958371279E+04 -4.096627397661E-02 -4.882812500000E-04   1   5
  5.656471232457E-04 -9.732404493812E-04  1.872366401832E-04 -6.300260841356E+03 -1.095730595005E+04 -8.042520574692E+04 -4.106708842465E-02 -4.882812500000E-04   1   5
 -2.897011403996E-04 -5.687568014942E-04 -3.037484847401E-04  5.242498800058E+03 -5.247589691060E+03  1.269450202663E+05 -4.272604620469E-02 -4.882812500000E-04   1   5
 -5.561726512139E-04  5.595715666849E-05  8.093528927724E-04  4.153250274062E+03  7.667245086235E+02 -3.106681237972E+05 -3.896853606950E-02 -4.882812500000E-04   1   5
  3.715323474771E-06 -1.102528724733E-03  6.680629913336E-05  2.169022952396E+02 -1.175214388129E+04 -2.811400263821E+04 -4.147424285833E-02 -4.882812500000E-04   1   5
 -6.526437629332E-04  2.472811935572E-05 -6.978685544310E-04  7.922694032005E+03 -3.377945984366E+01  2.204988168362E+05 -4.404993383793E-02 -4.882812500000E-04   1   5
  4.462104090263E-04 -3.953193971682E-04  3.122077245474E-04 -5.489017777577E+03 -4.029544871795E+03 -1.331369893327E+05 -4.064514688314E-02 -4.882812500000E-04   1   5
 -5.754636919663E-04 -1.398018693797E-04  3.457516851211E-04  7.795338977740E+03 -1.328207035393E+03 -1.478299706224E+05 -4.053172636731E-02 -4.882812500000E-04   1   5
 -3.794389817418E-04 -3.650599663275E-04  4.837640999704E-04  6.392905945736E+03 -3.277344252773E+03 -2.131712922680E+05 -4.006476456700E-02 -4.882812500000E-04   1   5
 -2.115308779268E-04  2.842543972848E-04 -5.902845002059E-04  3.220108918223E+03  2.851153922710E+03  1.927174679465E+05 -4.368848291345E-02 -4.882812500000E-04   1   5
  1.488297884744E-04 -2.637697881241E-04 -3.891588302538E-04 -1.249923651301E+03 -3.519676377417E+03  1.484530074816E+05 -4.301315807742E-02 -4.882812500000E-04   1   5
  5.390061290870E-04 -6.047128003718E-04 -3.919273062361E-04 -7.037780280664E+03 -6.453294546173E+03  1.515828487193E+05 -4.302251898497E-02 -4.882812500000E-04   1   5
 -1.665084885483E-04 -9.794072438935E-04 -6.293086285309E-04  1.549162826639E+03 -1.059236533560E+04  2.048682774314E+05 -4.381965580401E-02 -4.882812500000E-04   1   5
 -1.275167396582E-04  8.514393727856E-04 -5.128018809759E-04  1.642919383101E+03  8.823941618006E+03  1.779580864713E+05 -4.342842422387E-02 -4.882812500000E-04   1   5
  2.513592293304E-04  4.468505537296E-04  2.556129514959E-04 -6.005274103620E+03  3.526441716439E+03 -1.087062649728E+05 -4.083646152737E-02 -4.882812500000E-04   1   5
 -5.101042651690E-04 -6.799168010974E-04  1.409113488449E-04  6.127754889254E+03 -7.222275526836E+03 -6.248144337341E+04 -4.122362003052E-02 -4.882812500000E-04   1   5
 -6.602617594186E-04 -9.013806345904E-04  6.589776480481E-04  7.435688821940E+03 -1.027820333304E+04 -2.728720332719E+05 -3.947381319517E-02 -4.882812500000E-04   1   5
 -1.225699010456E-04 -6.050931573150E-04  4.737684725353E-05  1.258772446652E+03 -6.079492363196E+03 -2.187574076128E+04 -4.153988318737E-02 -4.882812500000E-04   1   5
 -4.989842869684E-04  2.325422803753E-04 -3.322234018595E-04  7.846999863332E+03  2.527632134657E+03  1.352919964888E+05 -4.282182661440E-02 -4.882812500000E-04   1   5
  4.165251433217E-04 -9.605172341529E-04 -7.770229128339E-04 -4.446932691220E+03 -1.123413094949E+04  2.319016464063E+05 -4.431496536474E-02 -4.882812500000E-04   1   5
 -5.303025461570E-05  2.645597115041E-04  6.199312560629E-06  1.077624455639E+03  3.142798899672E+03 -2.631388504192E+03 -4.167923469717E-02 -4.882812500000E-04   1   5
 -3.848597868030E-04  8.189536678215E-04 -6.484926221713E-04  4.860485368249E+03  8.896811122879E+03  2.088791903765E+05 -4.388405726898E-02 -4.882812500000E-04   1   5
 -5.838939861835E-04  3.765489181061E-05  7.687134849481E-04  7.539355759991E+03  5.928447880423E+02 -3.095582820103E+05 -3.910425568212E-02 -4.882812500000E-04   1   5
  2.399310592477E-05 -4.698079984888E-05 -8.734925435043E-04  2.140193931213E+03 -8.844192043355E+02  2.549116612420E+05 -4.463937782232E-02 -4.882812500000E-04   1   5
 -4.142462032676E-04 -8.304399298284E-04 -2.457323678688E-04  5.789177239237E+03 -8.123078409153E+03  1.087531765443E+05 -4.253058737597E-02 -4.882812500000E-04   1   5
  3.110120951452E-04  6.404639617049E-04 -3.365671227347E-04 -3.207270033777E+03  7.642995358475E+03  1.345640517115E+05 -4.283620603917E-02 -4.882812500000E-04   1   5
  6.415972026525E-04  2.109961274086E-04  4.509185185975E-05 -8.650423278317E+03  2.078460498170E+03 -1.724169781169E+04 -4.154783839498E-02 -4.882812500000E-04   1   5
  4.856395554359E-04 -1.417874062183E-04 -4.468392098291E-04 -8.159363275675E+03 -1.453854041851E+03  1.665677589451E+05 -4.320727800968E-02 -4.882812500000E-04   1   5
  2.647962295282E-04 -5.006736519508E-04  8.828012722881E-04 -1.130875718825E+03 -6.800119376946E+03 -3.456123808344E+05 -3.871994475031E-02 -4.882812500000E-04   1   5
  5.261779838404E-04 -8.358745305198E-04  8.494151864236E-05 -6.206417515072E+03 -9.153661147496E+03 -3.708939428093E+04 -4.141281001769E-02 -4.882812500000E-04   1   5
  1.658466047728E-04  6.550154232980E-04 -4.176510930993E-04 -2.580114022415E+03  6.997606429734E+03  1.562683586540E+05 -4.310891175217E-02 -4.882812500000E-04   1   5
 -8.347504703097E-05  4.935306544378E-04  8.572759592240E-04  5.008827378036E+02  5.743421694453E+03 -3.350352780431E+05 -3.880628766667E-02 -4.882812500000E-04   1   5
  7.057566262835E-04  3.960467274801E-04  2.727560864240E-04 -8.587413173447E+03  4.081475402027E+03 -1.157614815947E+05 -4.077836356558E-02 -4.882812500000E-04   1   5
 -2.926825739966E-04 -3.800809973309E-04  1.083181992101E-05  5.833740859958E+03 -2.497903279622E+03  2.181137063876E+02 -4.166401079363E-02 -4.882812500000E-04   1   5
 -1.648860085191E-04  8.346203584636E-04  5.118418536465E-04  1.910185930528E+03  7.915059105555E+03 -2.251334718721E+05 -3.996984771323E-02 -4.882812500000E-04   1   5
  6.857411516896E-04 -4.562781283924E-04  2.423456440792E-04 -7.974373060054E+03 -4.927670408788E+03 -1.031131583156E+05 -4.088108462607E-02 -4.882812500000E-04   1   5
  1.893921991612E-05  7.046777009949E-04  2.894919030327E-04  1.145493749072E+02  6.890048068022E+03 -1.232141848480E+05 -4.072196738190E-02 -4.882812500000E-04   1   5
  3.381106868969E-04  6.346356215431E-04 -3.243528140364E-04 -2.968967559289E+03  7.414112499950E+03  1.308746232847E+05 -4.279509083793E-02 -4.882812500000E-04   1   5
 -5.527743642432E-04  9.907483588835E-05 -1.973631791465E-04  7.657258371237E+03  7.984258623638E+02  8.969129777369E+04 -4.236739546170E-02 -4.882812500000E-04   1   5
  1.323473361151E-04  3.408151383112E-04 -5.899270905516E-04 -1.700725637576E+03  3.280476522083E+03  1.925017140207E+05 -4.368727791494E-02 -4.882812500000E-04   1   5
 -4.322801012790E-04 -6.573592896888E-04  2.966277052070E-04  5.260343069725E+03 -6.815789747551E+03 -1.258662685438E+05 -4.069780215855E-02 -4.882812500000E-04   1   5
 -5.845780165076E-06 -8.647625370168E-04 -3.014769200747E-04  5.299867798242E+02 -8.414228000156E+03  1.263410757945E+05 -4.271837107166E-02 -4.882812500000E-04   1   5
  3.970411552066E-04  1.067016663071E-03  6.348153935165E-04 -4.390132652978E+03  1.190329812369E+04 -2.644925245151E+05 -3.955534940282E-02 -4.882812500000E-04   1   5
  2.549618828999E-04  3.330984377253E-04  1.894262827180E-04 -3.702482228453E+03  3.300444079281E+03 -8.317358987544E+04 -4.105986984472E-02 -4.882812500000E-04   1   5
  4.068987479226E-04  6.490284328572E-04 -1.130908399909E-04 -4.959776838173E+03  7.073092300762E+03  5.499762684929E+04 -4.208277821603E-02 -4.882812500000E-04   1   5
  7.232128477051E-04 -4.708517614134E-05  4.498672384394E-04 -9.635755247132E+03 -3.960182450535E+02 -1.974667806522E+05 -4.017927903988E-02 -4.882812500000E-04   1   5
 -7.033408136051E-04 -4.443620709041E-04 -7.740400323568E-04  7.155744906299E+03 -5.318297961541E+03  2.304462744577E+05 -4.430490873801E-02 -4.882812500000E-04   1   5
  7.397769692880E-04 -1.866454630737E-05  7.661219971704E-04 -5.975325640845E+03 -3.154586046977E+02 -2.955868146224E+05 -3.911416496500E-02 -4.882812500000E-04   1   5
 -7.696761068207E-05  6.336100939951E-04 -8.324587158079E-04  1.342410487871E+03  6.732297249911E+03  2.404185285641E+05 -4.450100696506E-02 -4.882812500000E-04   1   5
 -8.542785713242E-04  5.145130939671E-04  6.678119458789E-04  8.325008793026E+03  5.886696794146E+03 -2.720047750906E+05 -3.944440205507E-02 -4.882812500000E-04   1   5
 -2.309466587645E-04 -3.158948670902E-04 -3.809231869476E-04  3.084460735958E+03 -3.453309234233E+03  1.468391825853E+05 -4.298551904287E-02 -4.882812500000E-04   1   5
  2.155335468923E-04 -9.847051201075E-04 -7.201227686804E-05 -2.704180757357E+03 -1.004685918808E+04  3.930609043232E+04 -4.194413834796E-02 -4.882812500000E-04   1   5
 -1.733506124072E-05  2.738215867795E-04 -4.742219469445E-04  1.130107748254E+02  2.639734092185E+03  1.688914873667E+05 -4.329897500223E-02 -4.882812500000E-04   1   5
 -4.307967599026E-04  2.385108603496E-04 -2.786100465995E-04  3.737273444562E+03  2.844528860144E+03  1.155224116796E+05 -4.264103015906E-02 -4.882812500000E-04   1   5
  3.316359052642E-04  1.190969485344E-03  1.151087562141E-04 -3.726589413111E+03  1.292391164661E+04 -4.930768717836E+04 -4.131086108549E-02 -4.882812500000E-04   1   5
 -2.860071182235E-04 -1.046645235543E-03  2.930828859677E-04  3.697101783413E+03 -1.152192674088E+04 -1.241289052271E+05 -4.070967374471E-02 -4.882812500000E-04   1   5
 -5.600271509135E-04 -9.022713206962E-05  6.526224540484E-04  5.667016674380E+03 -1.068303160198E+03 -2.658497025776E+05 -3.949600769601E-02 -4.882812500000E-04   1   5
  4.707420255968E-04  8.784264526523E-05 -1.176310680822E-04 -8.158310864275E+03  7.707920098262E+02  5.903490663873E+04 -4.209838632966E-02 -4.882812500000E-04   1   5
 -3.066384657007E-04 -4.580860534194E-04  1.617508843355E-05  4.016090055693E+03 -4.556701356940E+03 -6.568192145348E+03 -4.164549899923E-02 -4.882812500000E-04   1   5
  6.080630638483E-05  1.431430896312E-05  1.657902704268E-04 -4.841801183986E+02 -4.681028499915E+01 -7.471181909239E+04 -4.113962381426E-02 -4.882812500000E-04   1   5
  2.026242930326E-04  1.500799937541E-04  4.099125149954E-04 -4.584241606448E+03  6.869785573134E+02 -1.796766188311E+05 -4.031459145363E-02 -4.882812500000E-04   1   5
  2.826468532059E-04 -4.315304892343E-04 -3.930751513574E-04 -5.874261387395E+03 -3.417560700517E+03  1.530242959584E+05 -4.302663578333E-02 -4.882812500000E-04   1   5
  1.710295523584E-04 -1.255797634665E-03  8.409231628215E-05 -1.879476588400E+03 -1.340466392321E+04 -3.462532479040E+04 -4.141582467638E-02 -4.882812500000E-04   1   5
 -8.277839392690E-05  7.624957023662E-04  8.215454978102E-04  8.166660804229E+02  7.716669429555E+03 -3.286035042126E+05 -3.892610754648E-02 -4.882812500000E-04   1   5
 -2.606177151697E-04  8.142469774627E-04  8.558056195158E-04  1.414018416110E+03  1.077633278319E+04 -3.292938290190E+05 -3.881151206517E-02 -4.882812500000E-04   1   5
 -5.057039624308E-04 -4.249675582787E-05  3.476552190507E-04  6.693432102372E+03 -2.463209371848E+02 -1.492429486167E+05 -4.052527350710E-02 -4.882812500000E-04   1   5
  3.011128796254E-05 -1.110497423313E-03  5.420108098051E-04 -7.833938106351E+01 -1.138882827955E+04 -2.375100717192E+05 -3.986782355346E-02 -4.882812500000E-04   1   5
  1.912915535508E-04 -4.901258192865E-04 -5.053495460494E-05 -4.073160280349E+03 -3.495058481364E+03  2.976231614748E+04 -4.187169764447E-02 -4.882812500000E-04   1   5
  6.933695109182E-05  5.955473746002E-04 -2.658627242622E-04 -1.043452675604E+03  6.388207442398E+03  1.123291361567E+05 -4.259822648444E-02 -4.882812500000E-04   1   5
 -3.274133232088E-04 -7.150811196382E-04  4.407820154160E-04  5.165500984055E+03 -7.272388384967E+03 -1.932721848700E+05 -4.021011325466E-02 -4.882812500000E-04   1   5
  1.679699042810E-04 -9.996707577099E-04 -6.652431391152E-05 -2.141563050520E+03 -1.131936822819E+04  3.477620566629E+04 -4.192531544097E-02 -4.882812500000E-04   1   5
 -3.964303108170E-04 -4.522822602637E-04 -8.296783460082E-04  4.783086524023E+03 -5.152356820928E+03  2.396838612710E+05 -4.449161796692E-02 -4.882812500000E-04   1   5
  2.721129912652E-04 -1.677135076570E-04 -5.852928355499E-04 -3.270014739863E+03 -1.613793047679E+03  1.916909711774E+05 -4.367172543671E-02 -4.882812500000E-04   1   5
  1.347288903807E-04  4.855667363748E-04 -3.747594775869E-04 -1.931931851024E+03  5.200092321291E+03  1.453184697959E+05 -4.296479379978E-02 -4.882812500000E-04   1   5
  5.766774120178E-04 -4.458372217156E-04 -2.497512327708E-04 -8.164912002778E+03 -4.462871856029E+03  1.098059830895E+05 -4.254410763555E-02 -4.882812500000E-04   1   5
  9.901498714716E-04 -4.184812994210E-04 -7.876009572698E-04 -7.978094557102E+03 -5.198975611588E+03  2.262415910739E+05 -4.434941288068E-02 -4.882812500000E-04   1   5
 -8.820947216636E-05 -5.657932340891E-04  4.991542265389E-04  1.337724810555E+03 -4.661990125051E+03 -2.199842709131E+05 -4.001278016113E-02 -4.882812500000E-04   1   5
  5.124768544555E-04 -1.342939791394E-04 -4.749337682712E-04 -8.501159018943E+03 -1.264679509311E+03  1.747827023372E+05 -4.330179787269E-02 -4.882812500000E-04   1   5
  1.861288882149E-05 -8.021313582500E-04  5.075555259095E-04  2.096929877945E+02 -7.895960713593E+03 -2.234745167087E+05 -3.998432736977E-02 -4.882812500000E-04   1   5
  1.938433337938E-04 -1.025956179696E-03 -2.701085156567E-04 -2.454243573716E+03 -1.017611095402E+04  1.174909438974E+05 -4.261276557671E-02 -4.882812500000E-04   1   5
 -6.636739805069E-04  4.338235374029E-04  6.196497428981E-04  8.492293205004E+03  4.810584451491E+03 -2.628353958465E+05 -3.960622051261E-02 -4.882812500000E-04   1   5
  2.673372401941E-04  3.360136416585E-04  5.393069876198E-04 -5.485633501096E+03  2.680166082984E+03 -2.359007867162E+05 -3.987719511027E-02 -4.882812500000E-04   1   5
 -7.089430147944E-04  6.058094693214E-04  7.524768061784E-05  8.732630302085E+03  6.406404102902E+03 -3.091160366686E+04 -4.144574869502E-02 -4.882812500000E-04   1   5
  1.160517957946E-04 -6.853414085329E-05  4.672228114293E-04 -4.285546476493E+03  2.493318877031E+02 -2.069329122318E+05 -4.012063727957E-02 -4.882812500000E-04   1   5
  2.289082500051E-05  2.960386520282E-04 -6.011757828417E-04 -7.231479506547E+02  3.547643312122E+03  1.942675306407E+05 -4.372497777529E-02 -4.882812500000E-04   1   5
  1.390512967638E-04  7.609802530766E-04 -2.635165776128E-04 -1.826360078762E+03  7.505781427573E+03  1.134218908453E+05 -4.259047337157E-02 -4.882812500000E-04   1   5
 -6.900607076470E-04 -2.365825180631E-05 -4.358883719975E-04  8.585849420745E+03 -2.090318937423E+02  1.620193414713E+05 -4.317019367597E-02 -4.882812500000E-04   1   5
  1.404439484458E-04  1.143422720316E-03  8.204455988086E-04 -1.295017002190E+03  1.333681394758E+04 -3.213467675490E+05 -3.893023988164E-02 -4.882812500000E-04   1   5
 -3.071685457991E-04  2.393227107585E-04 -5.278071584294E-04  4.138955394162E+03  2.652043524615E+03  1.800642150130E+05 -4.347879012945E-02 -4.882812500000E-04   1   5
 -6.122482065572E-04  5.492827957479E-04 -3.473785517374E-04  8.523119087087E+03  5.380907048807E+03  1.417476759049E+05 -4.287292118420E-02 -4.882812500000E-04   1   5
  3.195316999137E-04 -6.698115624476E-04  4.237352269640E-04 -4.817301195122E+03 -6.746924626413E+03 -1.852614676272E+05 -4.026781159040E-02 -4.882812500000E-04   1   5
  2.968060370592E-04  6.188778811599E-04 -4.580896026036E-04 -5.137630619998E+03  5.305799259519E+03  1.707055749347E+05 -4.324524332623E-02 -4.882812500000E-04   1   5
  2.053345405498E-04  3.893541668693E-05  5.310723474043E-04 -4.869588097339E+03  3.332423477604E+02 -2.335027420567E+05 -3.990493640703E-02 -4.882812500000E-04   1   5
  2.433283166347E-04  7.514826773556E-04 -3.808334801914E-04 -3.993785490746E+03  6.986896086382E+03  1.492880469599E+05 -4.298538606897E-02 -4.882812500000E-04   1   5
 -2.882054178550E-04  7.961911334435E-04 -9.832918460528E-05  4.789977065291E+03  7.572633023857E+03  5.090010798132E+04 -4.203315486182E-02 -4.882812500000E-04   1   5
 -3.846600198152E-04 -1.958906451203E-04  1.807759632830E-04  7.641279385611E+03 -1.017438929896E+03 -7.727224561422E+04 -4.108927223255E-02 -4.882812500000E-04   1   5
  5.445588981576E-05 -9.178962231720E-04 -6.180117646408E-04 -3.284647325000E+02 -9.799130209323E+03  2.015467488999E+05 -4.378169074131E-02 -4.882812500000E-04   1   5
  4.293258990801E-04  2.815096191914E-04  8.051117457013E-04 -2.963634191600E+03  3.467193733315E+03 -3.085584102660E+05 -3.898294926497E-02 -4.882812500000E-04   1   5
  3.751755197631E-04 -7.987791498206E-05 -2.318130723400E-04 -4.588013634446E+03 -1.129401671343E+03  1.000282344879E+05 -4.248342675829E-02 -4.882812500000E-04   1   5
  3.531387111788E-04  6.723334767003E-04 -2.894227293835E-04 -5.310649901895E+03  6.495714265518E+03  1.223883467425E+05 -4.267776118974E-02 -4.882812500000E-04   1   5
 -7.476479282236E-05 -3.602993476399E-04  5.815485225642E-04  8.115506318456E+02 -4.057879257166E+03 -2.482692684106E+05 -3.973504108339E-02 -4.882812500000E-04   1   5
 -4.787952074862E-04  6.273528562032E-04 -1.963215519984E-04  5.515080990340E+03  6.886387792049E+03  8.866852384434E+04 -4.236375850475E-02 -4.882812500000E-04   1   5
 -1.764023655299E-04  3.686498800790E-04  2.464080523119E-04  1.336325958594E+03  4.413128113271E+03 -1.074100836366E+05 -4.086732266717E-02 -4.882812500000E-04   1   5
 -2.540813616148E-04 -4.571920974120E-04  3.918033214139E-04  3.475194519199E+03 -4.422380158403E+03 -1.712916215568E+05 -4.037582110514E-02 -4.882812500000E-04   1   5
 -9.118293734573E-05 -6.981748842218E-05  8.702301394803E-04  1.045563329995E+03 -1.431682152360E+03 -3.414602887571E+05 -3.876247711682E-02 -4.882812500000E-04   1   5
 -4.476030866348E-04  1.287316406671E-04  7.090168894133E-04  7.367770390085E+03  1.253864930841E+03 -2.940265154964E+05 -3.930505973331E-02 -4.882812500000E-04   1   5
 -4.469610047447E-04 -2.205767788816E-04  2.910542950845E-04  8.019316981048E+03 -1.748586172546E+03 -1.239344445416E+05 -4.071665496781E-02 -4.882812500000E-04   1   5
  6.928382625047E-04 -4.780252531160E-04  4.293112864233E-04 -9.299402666763E+03 -5.298793896790E+03 -1.876583284406E+05 -4.024881136219E-02 -4.882812500000E-04   1   5
  1.121912730783E-04 -4.119063866152E-04  2.173418437119E-04 -7.698205784633E+02 -4.735332025940E+03 -9.504361675816E+04 -4.096554191814E-02 -4.882812500000E-04   1   5
 -3.295187585152E-04 -8.224048309579E-04  3.981615476689E-04  5.126997995983E+03 -8.137243338750E+03 -1.729047292656E+05 -4.035433468687E-02 -4.882812500000E-04   1   5
  1.238619916663E-04  2.271741335749E-04 -1.100543295158E-04 -2.011972588831E+03  2.342468818420E+03  5.104657527959E+04 -4.207242087829E-02 -4.882812500000E-04   1   5
 -5.492779510221E-04 -4.126347317462E-04  2.445040955272E-04  7.516624204346E+03 -4.527282092849E+03 -1.041938642527E+05 -4.087387147111E-02 -4.882812500000E-04   1   5
 -5.776277209078E-04 -2.132699611872E-04 -2.720324633376E-04  7.063931058674E+03 -2.117811181191E+03  1.160467640560E+05 -4.261908751880E-02 -4.882812500000E-04   1   5
 -3.746001063694E-04  3.938763674702E-04 -2.216534072694E-04  5.900412621310E+03  3.792643813125E+03  9.854525755135E+04 -4.244936015930E-02 -4.882812500000E-04   1   5
 -6.111981757826E-04  3.372576974882E-04 -4.379830792871E-04  8.260693484919E+03  3.179670348018E+03  1.635579697720E+05 -4.317736609094E-02 -4.882812500000E-04   1   5
 -4.292487420207E-04 -1.005937890288E-03 -4.709889027239E-04  5.059880696498E+03 -1.115806723833E+04  1.704353823803E+05 -4.328800497948E-02 -4.882812500000E-04   1   5
  2.410387586740E-04  8.408757506721E-04 -9.516779270191E-05 -2.727376651328E+03  9.438693867046E+03  4.600529305666E+04 -4.202205992648E-02 -4.882812500000E-04   1   5
 -1.100683368592E-04  1.189906573971E-03  5.877985777891E-05  1.806345412964E+03  1.274241922164E+04 -2.365258707521E+04 -4.150141193927E-02 -4.882812500000E-04   1   5
  6.306401640950E-04  5.356155281522E-04  3.023998805225E-04 -7.720998473829E+03  5.645211058780E+03 -1.283803141065E+05 -4.067821632895E-02 -4.882812500000E-04   1   5
 -3.633888414172E-04  4.351447699520E-04 -5.552202636436E-04  6.462288380999E+03  3.846432300634E+03  1.938894265549E+05 -4.357155425778E-02 -4.882812500000E-04   1   5
 -2.367218723939E-04 -2.238329622502E-04  1.187203381050E-04  2.413241856641E+03 -2.408029743641E+03 -5.480633335490E+04 -4.129861414943E-02 -4.882812500000E-04   1   5
  2.697044350822E-04  7.883251162841E-04  6.183593789739E-04 -3.583731751589E+03  8.439854022038E+03 -2.593590795533E+05 -3.961096741793E-02 -4.882812500000E-04   1   5
 -5.486762412687E-04  4.050697968183E-04  5.486154722423E-04  8.380388217215E+03  4.052271624217E+03 -2.406968060600E+05 -3.984553433215E-02 -4.882812500000E-04   1   5
  4.716031731704E-04 -4.420236705490E-05 -2.908599305105E-04 -6.384132794936E+03 -6.488698696914E+02  1.219474100626E+05 -4.268254489025E-02 -4.882812500000E-04   1   5
 -2.328710275861E-05  1.157127440270E-03 -6.654960469286E-04  4.962479259311E+02  1.303689109169E+04  2.108373591771E+05 -4.394085293374E-02 -4.882812500000E-04   1   5
 -3.937750537091E-04 -7.623745690493E-04 -4.963470654731E-04  5.303317358981E+03 -7.485326753374E+03  1.788534552756E+05 -4.337359284113E-02 -4.882812500000E-04   1   5
 -1.023832530736E-04  3.665964972995E-04  8.533203014649E-04  1.757786255131E+02  4.461592594688E+03 -3.317281723502E+05 -3.881984346125E-02 -4.882812500000E-04   1   5
 -6.995738690728E-04 -1.102060625415E-04 -6.693823974191E-04  7.286883081544E+03 -1.135168795692E+03  2.089268743207E+05 -4.395372388871E-02 -4.882812500000E-04   1   5
  5.111180020812E-04 -2.188782577477E-04  5.393265268456E-04 -7.304039334124E+03 -1.988446409861E+03 -2.358466148962E+05 -3.987706240623E-02 -4.882812500000E-04   1   5
 -4.086256680720E-04 -3.160915408366E-04  6.214707385712E-04  7.341003583198E+03 -3.140926766886E+03 -2.660584634982E+05 -3.959996989091E-02 -4.882812500000E-04   1   5
 -3.649541105655E-04 -2.833072936088E-04  2.482634662604E-05  6.099459561106E+03 -2.476541958144E+03 -9.250370308474E+03 -4.161637305361E-02 -4.882812500000E-04   1   5
  2.747203319975E-04  7.340631647666E-04  3.186814671374E-05 -3.582819742954E+03  7.469756856647E+03 -1.324633045389E+04 -4.159241882803E-02 -4.882812500000E-04   1   5
  2.399550071817E-04  1.626358885473E-04 -6.108769663959E-05 -5.397023564864E+03  1.107627774958E+03  3.240826245600E+04 -4.190717725396E-02 -4.882812500000E-04   1   5
 -2.094185238946E-04  4.957608634953E-04 -5.994738977799E-05  4.314251674850E+03  4.431536070503E+03  3.248864999739E+04 -4.190336306697E-02 -4.882812500000E-04   1   5
 -6.784576898043E-04 -7.363151705002E-05  6.235213709780E-04  8.226895756145E+03 -9.192824334858E+02 -2.619638569440E+05 -3.959342658606E-02 -4.882812500000E-04   1   5
 -5.929953647029E-05  3.867851476380E-04 -6.734482599278E-04  1.444041731473E+03  2.357600433211E+03  2.180769190744E+05 -4.396841664505E-02 -4.882812500000E-04   1   5
 -5.679567386468E-05 -6.417552409165E-04  5.050266243845E-05  5.220976162729E+02 -6.659164124777E+03 -2.352462197720E+04 -4.152928061596E-02 -4.882812500000E-04   1   5
  2.897394660143E-04  5.918553661397E-04 -3.448188253032E-04 -3.653742564737E+03  6.090915424502E+03  1.378697050692E+05 -4.286412610016E-02 -4.882812500000E-04   1   5
  4.952712973510E-04 -8.479243044034E-04  5.052511376045E-04 -6.547298272492E+03 -8.699033398587E+03 -2.224331782624E+05 -3.999197235322E-02 -4.882812500000E-04   1   5
  2.865328981206E-04  2.081581613563E-04 -2.463304767542E-04 -4.413485446695E+03  1.666616336147E+03  1.065124831481E+05 -4.253252591742E-02 -4.882812500000E-04   1   5
 -2.442616002574E-04 -5.434732799577E-04 -3.786725283728E-04  4.764181380590E+03 -4.408096416455E+03  1.490767802809E+05 -4.297820174609E-02 -4.882812500000E-04   1   5
  5.096650949854E-05  5.368161635943E-04 -1.213224727328E-04 -6.539944893590E+02  4.452529898723E+03  5.867024935654E+04 -4.211074591809E-02 -4.882812500000E-04   1   5
  9.203537420062E-05 -8.823232414394E-04 -8.662495845653E-04 -8.278216883672E+02 -9.994834448604E+03  2.493411454343E+05 -4.461448433758E-02 -4.882812500000E-04   1   5
  2.108474768041E-05  4.986580322439E-04 -2.909192451865E-04 -1.898383915033E+02  4.973665964172E+03  1.210012949187E+05 -4.268271211816E-02 -4.882812500000E-04   1   5
  3.156392731254E-04  5.956202154835E-04 -8.230200187276E-05 -5.647778891155E+03  5.356195480493E+03  4.406029757109E+04 -4.197904749676E-02 -4.882812500000E-04   1   5
 -6.078702608690E-04 -3.253647250225E-04 -5.267806763862E-04  8.277569377445E+03 -3.404050550063E+03  1.854656086880E+05 -4.347574963518E-02 -4.882812500000E-04   1   5
  4.732565704307E-04  1.245014700321E-04 -1.990193866155E-04 -6.840575276868E+03  1.017915923599E+03  9.009827271578E+04 -4.237299891199E-02 -4.882812500000E-04   1   5
  6.008018240932E-04  8.637500355073E-06  1.351465993737E-05 -8.243485749440E+03 -2.729796674737E+02 -2.321691003077E+03 -4.165470548750E-02 -4.882812500000E-04   1   5
 -7.115154249874E-04  2.733807566206E-04  4.241277859494E-04  9.205124606608E+03  3.079863326913E+03 -1.852668221508E+05 -4.026637196397E-02 -4.882812500000E-04   1   5
 -3.438227719249E-04  2.403946334659E-04  5.243030828164E-04  5.029755544500E+03  2.478264198698E+03 -2.307344939488E+05 -3.992776757282E-02 -4.882812500000E-04   1   5
  3.635894748297E-04 -4.758347510911E-04  2.091393533710E-04 -5.344454879622E+03 -4.809417636699E+03 -9.043522011115E+04 -4.099331630292E-02 -4.882812500000E-04   1   5
  6.752875963685E-06  4.547032355001E-04  1.956479163663E-04  3.051096077543E+02  4.798012663178E+03 -8.587062183498E+04 -4.103884908082E-02 -4.882812500000E-04   1   5
  4.987144473214E-04  4.379310809319E-04  2.741076994877E-04 -6.881302169532E+03  4.443414842044E+03 -1.163566550739E+05 -4.077391398096E-02 -4.882812500000E-04   1   5
  3.486514745585E-04 -6.656141556113E-04  3.404248029846E-04 -6.040283285129E+03 -6.596880193103E+03 -1.457679183069E+05 -4.054972008903E-02 -4.882812500000E-04   1   5
  1.798265807334E-04 -3.312610882507E-04  8.388336048637E-04 -3.424081782518E+03 -3.052099246193E+03 -3.362574126716E+05 -3.886772764231E-02 -4.882812500000E-04   1   5
 -2.385076642996E-04  2.376214684504E-04 -6.862182825762E-04  4.454087291972E+03  1.158392157682E+03  2.202660436125E+05 -4.401121432898E-02 -4.882812500000E-04   1   5
 -8.832384899634E-05  2.801039242756E-04 -9.923102274101E-06  9.656060475020E+02  3.342817082051E+03  5.166320821658E+03 -4.173379384193E-02 -4.882812500000E-04   1   5
 -1.361466782324E-04 -9.993296653674E-04  8.269644569814E-04  1.692729166422E+03 -1.115544973899E+04 -3.276728031138E+05 -3.890797458768E-02 -4.882812500000E-04   1   5
  8.761846127332E-05  2.209662288638E-04 -8.719920836242E-04 -9.980645423224E+02  1.458997550013E+03  2.521974612312E+05 -4.463412315508E-02 -4.882812500000E-04   1   5
  2.415534733690E-05  1.071792151788E-03  4.140337963132E-04  1.935803880964E+02  1.108691440575E+04 -1.803108926256E+05 -4.030057642616E-02 -4.882812500000E-04   1   5
  2.538586721358E-04 -6.161346606938E-04  3.740390887319E-04 -3.347638621083E+03 -6.707844729931E+03 -1.627868134577E+05 -4.043588880439E-02 -4.882812500000E-04   1   5
  3.445848486131E-04 -6.144253766829E-04 -1.181254003024E-04 -4.588618169448E+03 -6.027915856752E+03  5.829522655147E+04 -4.209995643100E-02 -4.882812500000E-04   1   5
  2.420810210258E-04  4.940844192653E-04 -5.666544658272E-04 -3.166222233916E+03  5.558881829808E+03  1.882117583365E+05 -4.360915457019E-02 -4.882812500000E-04   1   5
  5.069495527228E-04  1.252650476986E-03  6.622587817366E-04 -5.631958289514E+03  1.425540097364E+04 -2.736650533547E+05 -3.946267329443E-02 -4.882812500000E-04   1   5
  3.622777641248E-04  9.747250635392E-04 -7.792865652143E-04 -3.994072462442E+03  1.109242763792E+04  2.341687044422E+05 -4.432277678288E-02 -4.882812500000E-04   1   5
 -2.258297296537E-04  9.974546794768E-04  6.935404029451E-04  3.174571948440E+03  1.033679689805E+04 -2.879968268895E+05 -3.935718261305E-02 -4.882812500000E-04   1   5
  1.702966809046E-04 -3.309786753550E-04 -2.874160460233E-04 -1.617852777098E+03 -4.075460759980E+03  1.177129708038E+05 -4.267069434852E-02 -4.882812500000E-04   1   5
 -6.293779881735E-04 -5.192591380910E-04 -3.294340139794E-04  8.631023655725E+03 -5.163033252359E+03  1.363049884726E+05 -4.281251438775E-02 -4.882812500000E-04   1   5
  1.247554247182E-04  4.444400426678E-04  5.567172675982E-04 -2.739409532863E+03  3.445731186768E+03 -2.419387907584E+05 -3.981852450408E-02 -4.882812500000E-04   1   5
 -5.424751084411E-04  9.223359602910E-05  3.228203559471E-04  7.282675009812E+03  6.583936220578E+02 -1.373729072115E+05 -4.060930186237E-02 -4.882812500000E-04   1   5
  4.734344255706E-04 -7.274402650313E-04 -6.952234303088E-04 -5.544342162235E+03 -7.833058197269E+03  2.201764992619E+05 -4.404105524097E-02 -4.882812500000E-04   1   5
  1.645274144130E-04 -1.174201380241E-03  2.105964615398E-04 -2.616699231618E+03 -1.244809077577E+04 -8.942882736736E+04 -4.098834454463E-02 -4.882812500000E-04   1   5
  6.737668553877E-04 -3.315404092857E-04  3.722282727183E-04 -8.588488127838E+03 -3.301192495155E+03 -1.604888653460E+05 -4.044204100025E-02 -4.882812500000E-04   1   5
 -7.213557614590E-04 -1.171445155018E-03  7.057248878002E-04  7.167554614863E+03 -1.387263173010E+04 -2.833628851756E+05 -3.931652794931E-02 -4.882812500000E-04   1   5
 -1.684698165959E-04 -6.264774420444E-04 -8.242918036954E-04  2.620210414349E+03 -6.586170062634E+03  2.430552610086E+05 -4.447401029406E-02 -4.882812500000E-04   1   5
  4.762172659652E-04 -7.222398519202E-04  1.555350809337E-04 -6.539961244517E+03 -7.076871588895E+03 -6.623844506855E+04 -4.117448161938E-02 -4.882812500000E-04   1   5
  2.460386409801E-04  8.773737790501E-04  2.723306841506E-04 -2.988219925188E+03  8.905263669873E+03 -1.154851981164E+05 -4.077990677062E-02 -4.882812500000E-04   1   5
 -3.121228106139E-04 -2.401972020758E-04 -4.389706659764E-04  7.588564284824E+03 -2.196582013244E+03  1.663461181423E+05 -4.318103667058E-02 -4.882812500000E-04   1   5
  5.011715797816E-04 -1.023895835546E-05 -3.000121364427E-05 -6.170663371749E+03 -1.626682187190E+01  1.615086921186E+04 -4.180177608990E-02 -4.882812500000E-04   1   5
  6.064502766443E-04 -7.239179302409E-05 -2.956952060245E-04 -8.043134797816E+03 -8.384858187011E+02  1.241729931942E+05 -4.269882369268E-02 -4.882812500000E-04   1   5
 -1.426348902160E-05 -8.833640125289E-04  2.082596791397E-04  5.346105067353E+02 -8.986248426614E+03 -8.962510082653E+04 -4.099628584722E-02 -4.882812500000E-04   1   5
 -9.537504515469E-04  5.120561120879E-04  7.212245884110E-04  9.506413680127E+03  5.789336773860E+03 -2.894509525522E+05 -3.926434035039E-02 -4.882812500000E-04   1   5
 -4.234252553709E-04  3.679722244230E-04 -5.305969984537E-05  6.083562904144E+03  3.851200418594E+03  2.836856028900E+04 -4.187992582103E-02 -4.882812500000E-04   1   5
  2.037702230983E-05  1.155719371244E-03  2.457784985261E-04 -2.364393995938E+01  1.224721910252E+04 -1.042606949929E+05 -4.086950498621E-02 -4.882812500000E-04   1   5
  3.103505128521E-04  1.115395205921E-04 -5.276683452478E-04 -4.131556275973E+03  1.437500767767E+03  1.800461672417E+05 -4.347833322653E-02 -4.882812500000E-04   1   5
 -4.457079866665E-04 -1.088875852431E-03  6.248644128162E-04  5.214627834779E+03 -1.191692855963E+04 -2.640794304829E+05 -3.958857366065E-02 -4.882812500000E-04   1   5
 -2.114833635244E-04 -5.443399361658E-04 -5.266453649839E-04  4.079587620011E+03 -4.392084166236E+03  1.874585864151E+05 -4.347562915924E-02 -4.882812500000E-04   1   5
 -5.794375167918E-04  2.207796686521E-04  8.264534844873E-04  5.516973143205E+03  2.419502962104E+03 -3.221960169218E+05 -3.891030667565E-02 -4.882812500000E-04   1   5
  8.619671080636E-05  2.603034452649E-05  4.733608344569E-04 -3.833626869020E+03 -6.934894926956E+02 -2.101099681160E+05 -4.009984103547E-02 -4.882812500000E-04   1   5
  5.030539431047E-05  1.131938957726E-03 -6.554931455580E-04 -5.464701984755E+02  1.293390551994E+04  2.066964475186E+05 -4.390707733618E-02 -4.882812500000E-04   1   5
 -5.969362504901E-04  1.138498732385E-04  3.853533457721E-04  8.056828704995E+03  8.920525380029E+02 -1.667030243829E+05 -4.039769633727E-02 -4.882812500000E-04   1   5
  1.053026463487E-04  1.145672308287E-03  6.595128121454E-04 -1.760738378995E+03  1.210410995143E+04 -2.764419828154E+05 -3.947181964499E-02 -4.882812500000E-04   1   5
 -6.278194783731E-04  1.681949236608E-04  1.116223533919E-04  7.695960348756E+03  1.754842868118E+03 -5.078546322784E+04 -4.132253814315E-02 -4.882812500000E-04   1   5
 -1.142356521598E-04 -5.926344595971E-04  5.592359476012E-04  2.319676490518E+03 -5.448615207807E+03 -2.427390989669E+05 -3.981001383643E-02 -4.882812500000E-04   1   5
 -1.824489332379E-06  8.685224572552E-04  5.836143143656E-04 -8.649627973467E+01  8.867481890298E+03 -2.501300977148E+05 -3.972784733509E-02 -4.882812500000E-04   1   5
  1.985919530583E-04  4.957946146013E-04 -1.524803851107E-04 -3.527732081332E+03  4.557209050019E+03  7.132979366702E+04 -4.221592962066E-02 -4.882812500000E-04   1   5
  4.042745762202E-04 -1.100393894566E-03  7.181990378946E-04 -4.632451627960E+03 -1.208259471954E+04 -2.934695254444E+05 -3.927421077686E-02 -4.882812500000E-04   1   5
 -4.734810423936E-04 -2.380881761803E-04 -3.596417419971E-04  8.400904968007E+03 -2.277414599030E+03  1.454163692934E+05 -4.291429657750E-02 -4.882812500000E-04   1   5
  7.573453638103E-05 -8.855864103203E-04 -3.552670084344E-04 -1.535715159587E+03 -9.150003926707E+03  1.415536615389E+05 -4.289928853674E-02 -4.882812500000E-04   1   5
 -3.089637055723E-04 -1.079339063565E-03  3.978118436621E-05  3.458470747952E+03 -1.150516225746E+04 -1.452179689308E+04 -4.156572383487E-02 -4.882812500000E-04   1   5
 -3.897903109461E-04 -5.267222349580E-05  6.967332141716E-04  7.076212094087E+03 -8.648453784764E+02 -2.896452822310E+05 -3.934650522166E-02 -4.882812500000E-04   1   5
 -8.232747210102E-04 -2.199592674149E-04  1.846096584190E-04  9.698544989798E+03 -2.721433790248E+03 -7.892721031876E+04 -4.107606250182E-02 -4.882812500000E-04   1   5
  2.860986260909E-04 -1.246931644970E-03 -7.564100805759E-04 -2.674367073031E+03 -1.514342513568E+04  2.219697691582E+05 -4.424503298539E-02 -4.882812500000E-04   1   5
  3.521377216710E-04  7.440806754547E-05  3.953148077174E-05 -7.915054630381E+03  2.944039174342E+02 -1.373414614351E+04 -4.156684849920E-02 -4.882812500000E-04   1   5
  2.162962412433E-04  5.322029522846E-04  1.174092913359E-05 -2.696359178343E+03  5.324796336335E+03 -4.652254562236E+03 -4.166049138104E-02 -4.882812500000E-04   1   5
 -2.111422545573E-04 -2.396537975540E-05  2.484018488003E-04  1.362132058714E+03 -4.781043193923E+02 -1.088681199816E+05 -4.086055636565E-02 -4.882812500000E-04   1   5
  3.969350120363E-04 -2.836726377591E-04  4.944113211314E-04 -6.427364357817E+03 -2.493082686138E+03 -2.179436693545E+05 -4.002876425548E-02 -4.882812500000E-04   1   5
  5.738090247021E-04 -2.425427468342E-04  7.866627747097E-04 -4.232242522723E+03 -3.075508494609E+03 -3.016119103209E+05 -3.904512339746E-02 -4.882812500000E-04   1   5
  3.869857715961E-04  9.978859058942E-04 -7.927842625832E-04 -3.127912453326E+03  1.240132081872E+04  2.239685884804E+05 -4.436669395851E-02 -4.882812500000E-04   1   5
 -4.558192073134E-04  1.597564421265E-03 -7.976996073498E-04  4.021170627353E+03  1.925396890851E+04  2.333885634861E+05 -4.438351348939E-02 -4.882812500000E-04   1   5
  1.534727239705E-04 -9.202230382527E-04 -6.190771357570E-04 -1.927272379423E+03 -9.742232820138E+03  2.037081139388E+05 -4.378545000824E-02 -4.882812500000E-04   1   5
  4.636404688896E-04 -4.492905340745E-04 -3.337140394599E-04 -6.460710299923E+03 -4.925709025127E+03  1.352444396719E+05 -4.282677902274E-02 -4.882812500000E-04   1   5
  4.382924713043E-04  6.872327066742E-04 -5.801298403478E-04 -5.697905794357E+03  6.866675864725E+03  1.979985619328E+05 -4.365497465505E-02 -4.882812500000E-04   1   5
  2.458860949421E-04 -8.925713559777E-04  6.471170878919E-04 -2.761384968633E+03 -1.021955302012E+04 -2.655648269508E+05 -3.951432068430E-02 -4.882812500000E-04   1   5
 -1.740486969568E-04  1.982402346156E-04  2.259314495130E-04  1.181607502865E+03  2.415168914526E+03 -9.924327332643E+04 -4.093648756586E-02 -4.882812500000E-04   1   5
  4.705645495690E-04 -5.893893782923E-04 -1.594513323595E-04 -6.526940692042E+03 -5.770615831315E+03  7.570911236408E+04 -4.223950814450E-02 -4.882812500000E-04   1   5
 -1.253569791019E-04 -9.266571073517E-04 -2.525767563364E-04  2.141863782665E+03 -8.969494475847E+03  1.114108814539E+05 -4.255373163582E-02 -4.882812500000E-04   1   5
  2.421224776101E-04  5.506994314279E-04 -3.038497215522E-04 -5.207562660124E+03  4.856864285796E+03  1.270822090777E+05 -4.272640933454E-02 -4.882812500000E-04   1   5
  2.378465499425E-04 -9.111777228774E-04 -6.207416582416E-05 -3.995113347178E+03 -9.059550053183E+03  3.506220231668E+04 -4.191059263819E-02 -4.882812500000E-04   1   5
  3.786345204353E-04  3.084816850983E-04  2.419619112435E-04 -5.503124874230E+03  3.311751686890E+03 -1.040521142016E+05 -4.088246371518E-02 -4.882812500000E-04   1   5
  6.095376598108E-04  6.693928652893E-04 -5.682701514207E-04 -7.300159545636E+03  7.175357844818E+03  1.942916773190E+05 -4.361494284424E-02 -4.882812500000E-04   1   5
  3.996954061375E-04 -5.864874982738E-04 -1.274841933965E-04 -4.721503215115E+03 -6.657555667593E+03  5.995693992156E+04 -4.213129879751E-02 -4.882812500000E-04   1   5
 -1.120371376716E-04 -4.517412823684E-04 -3.795731919465E-05  2.886082692660E+03 -3.593473654541E+03  2.191324217124E+04 -4.182897439104E-02 -4.882812500000E-04   1   5
  1.411901031118E-05 -3.434098842292E-04  8.289664687868E-04  7.023976118826E+02 -2.706434664556E+03 -3.331777309086E+05 -3.890097999038E-02 -4.882812500000E-04   1   5
 -2.508089965292E-04  5.372011462911E-04 -4.701400346647E-04  3.521386208984E+03  5.666620521148E+03  1.680133160621E+05 -4.328519159569E-02 -4.882812500000E-04   1   5
  6.706749405829E-04 -1.250970472440E-04  2.815197169017E-04 -7.272360835646E+03 -1.482708179906E+03 -1.200030122128E+05 -4.074874209210E-02 -4.882812500000E-04   1   5
  4.026517014173E-04  2.396356476370E-04  5.332027003668E-04 -7.753475417371E+03  2.554614744199E+03 -2.349527486964E+05 -3.989760711878E-02 -4.882812500000E-04   1   5
 -2.780901795212E-04 -8.271503940254E-04 -3.583156875422E-04  3.637906753025E+03 -8.518672733081E+03  1.424709000772E+05 -4.290953850353E-02 -4.882812500000E-04   1   5
  7.815094917048E-05 -4.202035944537E-04  4.404974966532E-04 -9.583616887078E+02 -4.555488795817E+03 -1.963910398729E+05 -4.021085816721E-02 -4.882812500000E-04   1   5
 -2.686363319791E-04 -3.122697747687E-04  5.566079263459E-04  3.442750680139E+03 -3.236360780383E+03 -2.413648089937E+05 -3.981892886048E-02 -4.882812500000E-04   1   5
  3.510613685348E-04 -1.247172943510E-04  9.037990893221E-04 -8.310322570946E+02 -1.609205109052E+03 -3.642294903953E+05 -3.864803762039E-02 -4.882812500000E-04   1   5
  5.241934211113E-04  7.036005533179E-04 -6.317851732567E-04 -6.102012796384E+03  7.965586817496E+03  2.039495932363E+05 -4.382779849707E-02 -4.882812500000E-04   1   5
  5.359328749370E-04 -3.689076537918E-04 -5.935275790288E-04 -7.226811025226E+03 -3.530679432623E+03  2.010753873195E+05 -4.369999115792E-02 -4.882812500000E-04   1   5
 -4.189451606181E-04  4.814420798023E-04  1.164885320191E-04  6.350280263725E+03  4.863017097431E+03 -5.220331920074E+04 -4.130622894276E-02 -4.882812500000E-04   1   5
 -7.372029065960E-04 -1.949217127244E-05  8.029755548837E-04  7.971139518828E+03 -2.064476054881E+02 -3.177262015191E+05 -3.898900260704E-02 -4.882812500000E-04   1   5
 -1.887514546159E-04  4.091555215320E-04 -8.357408662651E-05  2.345349932245E+03  4.351126870469E+03  4.016920277339E+04 -4.198296189205E-02 -4.882812500000E-04   1   5
  8.481385903103E-04  7.980011502574E-04  6.605675250775E-04 -8.727816172550E+03  9.385338095915E+03 -2.716364225929E+05 -3.946850476432E-02 -4.882812500000E-04   1   5
 -2.165412220754E-04  3.484391796659E-04  9.198021574619E-05  3.303761199209E+03  3.690211820059E+03 -4.297938902164E+04 -4.138899887873E-02 -4.882812500000E-04   1   5
  2.389374135675E-04  1.220275158271E-03  6.947120835854E-04 -2.561189668348E+03  1.320727721136E+04 -2.864600014514E+05 -3.935328261416E-02 -4.882812500000E-04   1   5
 -3.308032351360E-04  4.084277835615E-04 -1.572514447723E-05  5.494118960341E+03  3.748781933556E+03  1.084207024717E+04 -4.175366038710E-02 -4.882812500000E-04   1   5
 -4.508334846056E-04 -4.041053754636E-04  2.974098315816E-04  5.579994640560E+03 -4.259943432954E+03 -1.267862488719E+05 -4.069514754335E-02 -4.882812500000E-04   1   5
 -6.953283729358E-04  5.230803846250E-04  7.984267521630E-04  6.246997681591E+03  6.171775553907E+03 -3.103554850041E+05 -3.900485442504E-02 -4.882812500000E-04   1   5
  4.136506186849E-04 -5.963263411025E-04  1.475383055896E-04 -5.562320232474E+03 -6.015232158730E+03 -6.516926183119E+04 -4.120132089745E-02 -4.882812500000E-04   1   5
  5.513130497419E-04 -3.711745132609E-04  2.406206619516E-04 -8.295414594339E+03 -3.771590649361E+03 -1.024148966433E+05 -4.088701611044E-02 -4.882812500000E-04   1   5
 -5.066497636432E-04  8.497863946504E-04 -6.815132577471E-04  5.525961132976E+03  9.403574890395E+03  2.154095864591E+05 -4.399477476733E-02 -4.882812500000E-04   1   5
  1.272059008171E-05  8.863978835401E-04  5.059430608712E-04 -7.709240677349E+00  8.507452576407E+03 -2.226915337676E+05 -3.998976981410E-02 -4.882812500000E-04   1   5
 -3.899785182653E-04 -6.456439317075E-04  8.151775913579E-04  4.495141003071E+03 -6.723078565322E+03 -3.251276479758E+05 -3.894765743178E-02 -4.882812500000E-04   1   5
  4.924723031605E-04  7.488315298709E-04 -2.426393956130E-04 -6.844632076452E+03  7.242504352295E+03  1.075375920929E+05 -4.252014034068E-02 -4.882812500000E-04   1   5
 -4.272964398637E-04 -4.525893228030E-04 -3.658658686096E-04  5.745844508081E+03 -4.554777294640E+03  1.438488408138E+05 -4.293491316508E-02 -4.882812500000E-04   1   5
  1.572489870217E-04 -6.532597923674E-04  5.539163965773E-05 -3.601443398698E+03 -5.439079312084E+03 -2.122880277875E+04 -4.151320669887E-02 -4.882812500000E-04   1   5
 -2.527881898136E-04  1.371318285463E-03  6.827964780449E-04  2.805772472352E+03  1.544592686942E+04 -2.799445822960E+05 -3.939354750448E-02 -4.882812500000E-04   1   5
 -6.099610895620E-04  5.419075518195E-04  2.134107730321E-04  7.854318264938E+03  5.461009739639E+03 -9.099629059190E+04 -4.097888118123E-02 -4.882812500000E-04   1   5
  1.194257951196E-04  4.991927276301E-04  2.047465298638E-05 -1.587881100762E+03  4.911318679266E+03 -9.073934951283E+03 -4.163093767555E-02 -4.882812500000E-04   1   5
  3.452010444182E-04 -5.255476554868E-04 -3.712355197891E-04 -6.236529893015E+03 -4.564720123614E+03  1.487316166047E+05 -4.295332615876E-02 -4.882812500000E-04   1   5
  1.745310538990E-04 -3.923666454383E-04 -5.095145085570E-04 -1.806523215007E+03 -3.871298373847E+03  1.762737245082E+05 -4.341740743592E-02 -4.882812500000E-04   1   5
 -4.570032973933E-05  6.003710293811E-04 -1.701283080329E-04  7.295371445921E+02  6.648179368278E+03  7.600153820346E+04 -4.227523905421E-02 -4.882812500000E-04   1   5
  1.193995604487E-04 -9.136196240829E-04  1.384153289452E-05 -1.816081455607E+03 -9.231244143416E+03 -2.253212923892E+03 -4.165362708664E-02 -4.882812500000E-04   1   5
 -6.089708917003E-04 -2.507937047140E-04 -6.315510015420E-05  8.335519722246E+03 -2.263708802592E+03  3.508532429551E+04 -4.191419897954E-02 -4.882812500000E-04   1   5
  4.366269798453E-04  7.438476495641E-04 -6.457094820043E-04 -5.006738084863E+03  8.143210419666E+03  2.061805967885E+05 -4.387451010504E-02 -4.882812500000E-04   1   5
  1.770264011427E-04 -5.337519771194E-04 -8.875130673223E-04 -1.882220910294E+03 -6.130366153496E+03  2.521947865893E+05 -4.468581799815E-02 -4.882812500000E-04   1   5
 -2.757630421347E-04 -1.380106697404E-03  1.807563941421E-04  3.345798932249E+03 -1.553822809632E+04 -7.699054437029E+04 -4.108892399768E-02 -4.882812500000E-04   1   5
  5.745673902200E-05 -8.730123057920E-04 -1.970503758528E-04 -4.532963140230E+02 -8.806457920165E+03  8.984466896226E+04 -4.236636438535E-02 -4.882812500000E-04   1   5
  4.115523256927E-04  2.936770910781E-04  2.677071262225E-05 -7.917009451812E+03  2.658165145374E+03 -7.481723487988E+03 -4.161002671407E-02 -4.882812500000E-04   1   5
 -2.273537704643E-05 -1.128244105898E-03  3.999650311681E-04  1.592559606634E+02 -1.210749063196E+04 -1.734928280677E+05 -4.034814601474E-02 -4.882812500000E-04   1   5
 -4.027293101361E-04  5.708969989840E-04 -4.324747645743E-04  6.210769192740E+03  4.847977837950E+03  1.644255593779E+05 -4.315914879938E-02 -4.882812500000E-04   1   5
 -2.223696332517E-04 -2.676548806311E-04 -1.263556713424E-04  4.916480710010E+03 -2.226407357817E+03  6.069011727323E+04 -4.212773196306E-02 -4.882812500000E-04   1   5
 -5.999926228291E-04 -3.163666587581E-04 -3.146317716249E-04  8.745536297841E+03 -3.220128555616E+03  1.314918387893E+05 -4.276270553576E-02 -4.882812500000E-04   1   5
 -7.768304061880E-04 -9.565983570929E-04  7.716316222830E-04  7.853499631580E+03 -1.121598609983E+04 -3.056626589824E+05 -3.909448583672E-02 -4.882812500000E-04   1   5
  1.972688305022E-04  1.148405620948E-03  8.149910442050E-04 -2.171209000097E+03  1.315137234713E+04 -3.213612427840E+05 -3.894844449061E-02 -4.882812500000E-04   1   5
  3.508803199334E-04  1.366518873103E-03  6.828205996419E-04 -3.820423119914E+03  1.536935227927E+04 -2.805127786065E+05 -3.939338372831E-02 -4.882812500000E-04   1   5
 -6.941999711709E-05  1.068729410324E-03 -5.188983453130E-04  7.826402744338E+02  1.151090958262E+04  1.806854306577E+05 -4.344892187792E-02 -4.882812500000E-04   1   5
 -3.342084150720E-04  9.330296162265E-04 -4.548788781067E-04  4.794285585295E+03  9.797520283087E+03  1.675953340714E+05 -4.323408685722E-02 -4.882812500000E-04   1   5
  2.866166068724E-04 -6.141095434125E-04 -4.052266331409E-04 -4.266671470368E+03 -6.252495192146E+03  1.537826579364E+05 -4.306721274978E-02 -4.882812500000E-04   1   5
  6.525420001757E-04  4.376416334712E-04 -4.787447424095E-04 -7.831491851769E+03  5.013086925221E+03  1.715743592821E+05 -4.331407401638E-02 -4.882812500000E-04   1   5
 -1.134117467898E-04  9.748418728806E-04  8.301153857857E-04  1.201434078212E+03  1.077869042833E+04 -3.286667490882E+05 -3.889738349097E-02 -4.882812500000E-04   1   5
 -2.171499092082E-04 -1.061459481379E-04 -1.067066795626E-04  3.195879569427E+03 -1.254650128344E+03  5.001636008938E+04 -4.206114248874E-02 -4.882812500000E-04   1   5
  5.682115933449E-05  1.057032280820E-03 -3.576861047174E-04 -1.042494505128E+03  1.049754928429E+04  1.449119277819E+05 -4.290764407822E-02 -4.882812500000E-04   1   5
  6.703892462465E-04  4.386364455942E-04  4.595161272714E-05 -8.525480603562E+03  4.810292050796E+03 -1.774230632421E+04 -4.154486169550E-02 -4.882812500000E-04   1   5
 -5.639821203587E-04  1.248761042813E-03 -8.290884604014E-04  5.110098922590E+03  1.497577850359E+04  2.407372793637E+05 -4.448921196834E-02 -4.882812500000E-04   1   5
  3.187857947126E-04  6.117281759229E-04 -3.638750205550E-04 -4.031426329188E+03  6.115926413998E+03  1.432226631121E+05 -4.292821757458E-02 -4.882812500000E-04   1   5
 -2.667430494310E-04 -6.200067097129E-04 -6.159122796181E-04  4.728663656681E+03 -6.078166340311E+03  2.058947880915E+05 -4.377519566479E-02 -4.882812500000E-04   1   5
  1.450079416245E-04 -9.177027840471E-04 -4.374423144717E-04 -2.289364414379E+03 -9.754221526143E+03  1.617981469549E+05 -4.317539041177E-02 -4.882812500000E-04   1   5
  5.343951827166E-04  1.406286654977E-04 -6.319666907759E-04 -7.539298336619E+03  1.043617734336E+03  2.089196117760E+05 -4.382901612923E-02 -4.882812500000E-04   1   5
 -1.006513914870E-04  6.494107468317E-04 -1.712707164554E-04  1.184546356222E+03  6.140089790636E+03  7.896755797740E+04 -4.227935873624E-02 -4.882812500000E-04   1   5
 -2.512260852666E-04  8.558695624222E-04  2.716259126050E-04  4.039526696860E+03  8.500767866205E+03 -1.153125092868E+05 -4.078228818870E-02 -4.882812500000E-04   1   5
  7.900727916977E-04 -3.216114886640E-04  8.057232885521E-04 -8.081113342028E+03 -3.712307693390E+03 -3.175744601744E+05 -3.897977053181E-02 -4.882812500000E-04   1   5
 -6.397516999549E-04 -9.288115233522E-04  8.391432080823E-05  7.474954292298E+03 -1.024020222501E+04 -3.512640072314E+04 -4.141632252102E-02 -4.882812500000E-04   1   5
  6.634534774479E-04  5.973344249247E-04 -7.531409649792E-04 -7.034829090320E+03  6.974648251942E+03  2.284541042114E+05 -4.423498413610E-02 -4.882812500000E-04   1   5
  2.726421047024E-04 -8.015180103948E-04 -2.153339373541E-04 -3.796174608832E+03 -8.158488072695E+03  9.670095158294E+04 -4.242802632297E-02 -4.882812500000E-04   1   5
 -3.774848205398E-04  5.596278950872E-04 -1.077871350390E-04  4.767002233045E+03  6.134305030870E+03  5.158720898572E+04 -4.206478333256E-02 -4.882812500000E-04   1   5
  2.627773195358E-04 -7.240239498024E-04  3.420354891981E-06 -3.395139605584E+03 -7.870753966631E+03 -1.777550319582E+01 -4.168862956621E-02 -4.882812500000E-04   1   5
  2.383538008181E-04  1.084337483456E-03  6.362496523535E-04 -2.855978591379E+03  1.227427114047E+04 -2.637962819763E+05 -3.955066489981E-02 -4.882812500000E-04   1   5
  3.255191421270E-04  5.207601176301E-04 -6.242393830169E-04 -3.664914307365E+03  5.628699390666E+03  1.991025477621E+05 -4.380230602096E-02 -4.882812500000E-04   1   5
 -1.438444452076E-04  4.572508998419E-04 -7.067966882905E-04  1.114766783538E+03  5.938111149957E+03  2.082633922192E+05 -4.407864137919E-02 -4.882812500000E-04   1   5
 -2.421839648347E-04  4.267626293447E-04 -3.955288008270E-04  2.855772803096E+03  4.971097556223E+03  1.504056588442E+05 -4.303456357594E-02 -4.882812500000E-04   1   5
  4.777811668817E-05  4.223174821703E-04 -8.217956356675E-04 -1.680390093998E+03  3.749565047168E+03  2.433833174565E+05 -4.446578277371E-02 -4.882812500000E-04   1   5
  7.021671294869E-04 -2.022049074142E-04  3.963450410180E-04 -9.626439286097E+03 -2.117466824188E+03 -1.719954453546E+05 -4.036041694764E-02 -4.882812500000E-04   1   5
 -8.995927765866E-06 -1.464357612052E-04 -9.353325934689E-04 -4.467618919494E+02 -2.174322715429E+03  2.713061661271E+05 -4.484728874051E-02 -4.882812500000E-04   1   5
  3.209042220538E-04  7.780007904665E-04  4.803569085652E-04 -4.586182541994E+03  7.820847114289E+03 -2.114309272458E+05 -4.007623754141E-02 -4.882812500000E-04   1   5
  3.425552639721E-04  8.147749990964E-04  8.941768645654E-05 -4.211640227634E+03  8.383079109708E+03 -4.015493201327E+04 -4.139768574044E-02 -4.882812500000E-04   1   5
  4.690736492211E-04 -4.909273054986E-04  1.133961028295E-04 -6.725190761798E+03 -5.112016869469E+03 -5.041708149643E+04 -4.131669715038E-02 -4.882812500000E-04   1   5
  1.983418365226E-05 -3.951839214127E-04 -7.995170491837E-05 -2.526559481871E+02 -2.498004289740E+03  4.126653945994E+04 -4.197101634399E-02 -4.882812500000E-04   1   5
 -6.732163290245E-04 -3.885948632500E-05 -2.647202606278E-04  9.733431546742E+03 -4.009763808599E+02  1.152927553823E+05 -4.259456748656E-02 -4.882812500000E-04   1   5
 -3.499420379893E-04  7.553349320161E-04 -2.175603973771E-04  4.971376323979E+03  7.891308540065E+03  9.731500075119E+04 -4.243549936813E-02 -4.882812500000E-04   1   5
  3.976928614099E-04  6.040257106348E-05  1.633458082984E-04 -5.261904143105E+03  5.703955774761E+02 -7.270205324036E+04 -4.114790528671E-02 -4.882812500000E-04   1   5
 -5.965854112287E-04  4.639716540402E-04  8.156827724020E-04  5.687154405187E+03  5.558329701220E+03 -3.176889780247E+05 -3.894663116273E-02 -4.882812500000E-04   1   5
  1.172406824596E-04 -3.037789034145E-04 -4.897308532004E-04 -1.171783353819E+03 -2.743625252406E+03  1.720520969038E+05 -4.335101581917E-02 -4.882812500000E-04   1   5
  3.735662024689E-04 -6.289208290187E-04 -4.089616924441E-05 -5.695543644051E+03 -6.477268281140E+03  2.433477424037E+04 -4.183890888003E-02 -4.882812500000E-04   1   5
  5.795998235201E-04  6.200293051589E-04  1.994905359306E-04 -7.922858654598E+03  6.346748943362E+03 -8.496614588195E+04 -4.102592392059E-02 -4.882812500000E-04   1   5
 -3.889693498046E-04 -7.906798586501E-04  1.622429322774E-04  4.879787688660E+03 -8.462339927221E+03 -7.145185549527E+04 -4.115156977980E-02 -4.882812500000E-04   1   5
  3.549503368427E-05  1.154062424435E-03 -2.587469366913E-04 -8.979744311927E+02  1.164078459618E+04  1.132841909725E+05 -4.257440165478E-02 -4.882812500000E-04   1   5
  9.655624036353E-04 -1.888292424182E-04 -8.115694394222E-04 -7.767996596033E+03 -2.326928000147E+03  2.305640543958E+05 -4.442987371264E-02 -4.882812500000E-04   1   5
 -2.486558781261E-04  5.874514714908E-04 -7.955299332247E-04  3.124835323064E+03  5.751839753468E+03  2.395050550651E+05 -4.437771917516E-02 -4.882812500000E-04   1   5
 -5.739498035975E-04  8.923071488399E-04  1.203983640101E-04  7.309125279857E+03  9.287637560384E+03 -5.087524920157E+04 -4.129311994812E-02 -4.882812500000E-04   1   5
  1.342786570408E-04  3.088972988219E-04  3.266684467240E-05 -9.881405480313E+02  4.156053499605E+03 -1.583172808818E+04 -4.158958597494E-02 -4.882812500000E-04   1   5
 -8.680510222797E-05 -5.089613301960E-04 -8.945611934910E-04  6.601593970930E+02 -5.763266279103E+03  2.546804666244E+05 -4.470959524559E-02 -4.882812500000E-04   1   5
  5.207453973101E-04  1.004890534184E-04 -3.444989376580E-04 -7.862487746177E+03  9.670053408927E+02  1.387843116661E+05 -4.286312391867E-02 -4.882812500000E-04   1   5
 -4.938622802535E-04 -1.040474523399E-03  1.671061273016E-04  5.988117971246E+03 -1.115906697144E+04 -7.109685883058E+04 -4.113522779103E-02 -4.882812500000E-04   1   5
 -4.438874443379E-04  5.360437529424E-04 -5.495551396413E-04  5.952029926888E+03  5.635570774430E+03  1.863077209995E+05 -4.355185654977E-02 -4.882812500000E-04   1   5
  5.108121516162E-04  7.324852276498E-04 -3.581036261182E-04 -7.151785351825E+03  7.181958712589E+03  1.450047756488E+05 -4.290903269237E-02 -4.882812500000E-04   1   5
  5.008982248170E-04 -3.032845442025E-04 -6.913320162680E-04 -4.526916321908E+03 -3.738045489584E+03  2.077130860778E+05 -4.402691909155E-02 -4.882812500000E-04   1   5
 -6.825799684969E-04  4.864059300598E-04 -7.857343625273E-04  7.152340872727E+03  5.610211916857E+03  2.348129583119E+05 -4.434436275115E-02 -4.882812500000E-04   1   5
  4.081224727926E-04  1.725229390655E-04 -4.315670766555E-04 -2.361963301482E+03  2.275297139606E+03  1.594670448132E+05 -4.315563214585E-02 -4.882812500000E-04   1   5
 -7.058754127976E-04 -1.948511304796E-04 -8.056138489769E-04  5.608923997694E+03 -2.408616112124E+03  2.264223467295E+05 -4.440986100798E-02 -4.882812500000E-04   1   5
 -3.958982696334E-04  7.533153395781E-04 -6.232007563145E-04  5.323749297379E+03  8.198645743649E+03  2.035284277474E+05 -4.379917769883E-02 -4.882812500000E-04   1   5
 -5.404355818288E-04 -8.173264927668E-04 -7.207987461868E-04  5.980147416617E+03 -9.520283153253E+03  2.220387454023E+05 -4.412645025680E-02 -4.882812500000E-04   1   5
 -4.330101316394E-04 -1.140412632325E-03  6.979997327774E-04  4.722157810062E+03 -1.246237026235E+04 -2.871329775283E+05 -3.934221246629E-02 -4.882812500000E-04   1   5
  4.906180944082E-04  3.200693672376E-04  7.240135193183E-04 -7.326747477958E+03  3.496716723863E+03 -2.982030586407E+05 -3.925456576998E-02 -4.882812500000E-04   1   5
 -6.602509439722E-05 -3.900851573372E-04 -1.898060498884E-05  7.363120192806E+02 -3.757441231500E+03  1.007554358380E+04 -4.176449920597E-02 -4.882812500000E-04   1   5
 -4.185647728702E-04 -3.187792138604E-04 -3.874087026015E-04  7.133371895041E+03 -2.647043826328E+03  1.508070624352E+05 -4.300748656787E-02 -4.882812500000E-04   1   5
 -2.398941499731E-04 -7.719621175739E-04 -1.706657320786E-04  3.080304232749E+03 -7.895386008449E+03  7.938130315692E+04 -4.227730815502E-02 -4.882812500000E-04   1   5
  5.209460726922E-04  7.640549896283E-04  2.661297589408E-04 -7.232151531243E+03  8.052112642969E+03 -1.130233527038E+05 -4.080076436177E-02 -4.882812500000E-04   1   5
  2.432953990144E-04 -1.998074311924E-04 -8.912126882914E-04 -3.679705748558E+03 -2.187588893406E+03  2.567852343740E+05 -4.469866326388E-02 -4.882812500000E-04   1   5
 -4.425931212346E-04 -2.786143126208E-04 -3.489769379443E-04  6.525879115886E+03 -2.773624130739E+03  1.394312126035E+05 -4.287815302554E-02 -4.882812500000E-04   1   5
 -5.671796594803E-04  1.814944581390E-05 -9.000018844540E-05  6.243825723200E+03  1.377170323639E+02  4.344733544785E+04 -4.200461712528E-02 -4.882812500000E-04   1   5
  1.359670421846E-04  8.063993012728E-04 -8.159464232085E-04 -1.351096883692E+03  8.953972321027E+03  2.356767019421E+05 -4.444537630749E-02 -4.882812500000E-04   1   5
  5.284369408615E-04 -3.558626400810E-04 -2.427935633023E-04 -8.565274049688E+03 -3.706717337242E+03  1.078480565504E+05 -4.252073219135E-02 -4.882812500000E-04   1   5
 -3.787679943506E-04  8.039595662410E-04  3.257319384005E-04  5.673940448072E+03  8.237167897621E+03 -1.389082634929E+05 -4.059937556038E-02 -4.882812500000E-04   1   5
 -4.283027693056E-04 -6.389290233175E-04  8.697581244321E-04  2.569736368764E+03 -8.598009851488E+03 -3.372069561774E+05 -3.876417620529E-02 -4.882812500000E-04   1   5
  2.052109218921E-04  7.795659035597E-04 -5.706979744091E-05 -3.463381234366E+03  7.819192973059E+03  3.175386078812E+04 -4.189361689559E-02 -4.882812500000E-04   1   5
 -1.575330918508E-04 -4.278496371265E-04  3.759048244678E-06  4.897629470571E+03 -2.994136514144E+03  3.702289742082E+03 -4.168796314399E-02 -4.882812500000E-04   1   5
 -5.825303179057E-05 -9.000781027059E-04  2.391880978836E-05  2.621709191310E+02 -8.437671041059E+03 -5.919251330413E+03 -4.161967577698E-02 -4.882812500000E-04   1   5
 -8.250141630308E-05 -6.983739160696E-04  5.257411040944E-04  1.861700584375E+03 -6.380422973180E+03 -2.307457944800E+05 -3.992295736075E-02 -4.882812500000E-04   1   5
 -8.897756970790E-05 -1.471497266615E-03  6.944552032395E-04  1.135133911966E+03 -1.698979683227E+04 -2.814829079787E+05 -3.935440302292E-02 -4.882812500000E-04   1   5
  1.505376831906E-04 -1.034293812674E-03 -7.800029886469E-04 -1.757687679364E+03 -1.181816566185E+04  2.329328561595E+05 -4.432506476241E-02 -4.882812500000E-04   1   5
 -9.122834210723E-06  8.307403286132E-04 -2.545175847462E-04  5.363376283353E+02  8.691904072161E+03  1.099812355323E+05 -4.256007927741E-02 -4.882812500000E-04   1   5
  6.034583954120E-04  3.231350542017E-04  1.896956643765E-05 -7.084345304750E+03  3.297143161302E+03 -6.915823418304E+03 -4.163602393916E-02 -4.882812500000E-04   1   5
  3.480980186220E-04 -8.726513280419E-04  1.970728785849E-05 -3.772625336632E+03 -9.692206159439E+03 -7.656206555963E+03 -4.163343502953E-02 -4.882812500000E-04   1   5
 -4.114401639747E-04  4.233611748593E-04 -6.511391893602E-04  4.863159124911E+03  4.752437894957E+03  2.037731575813E+05 -4.389248885711E-02 -4.882812500000E-04   1   5
 -2.102035178736E-04  4.507624746123E-04 -2.346747528923E-04  3.009145609574E+03  4.797563050841E+03  1.011764591704E+05 -4.249309328769E-02 -4.882812500000E-04   1   5
  5.730350692825E-04  7.475829284077E-04  4.320858914766E-04 -7.869246716453E+03  7.745223842841E+03 -1.889511419617E+05 -4.023944072956E-02 -4.882812500000E-04   1   5
 -4.614346127659E-04  2.120669032949E-04  5.950054509314E-04  5.895146250905E+03  2.175652407996E+03 -2.526766095729E+05 -3.968962265927E-02 -4.882812500000E-04   1   5
 -3.000377151182E-04 -8.613639937728E-04 -4.592736734275E-04  4.341418032892E+03 -8.597859163467E+03  1.697528480973E+05 -4.324901663992E-02 -4.882812500000E-04   1   5
 -1.453548449358E-05  1.079382452336E-03  1.629569067840E-05  7.773696800709E+01  1.181221552865E+04 -5.306265497938E+03 -4.164502410734E-02 -4.882812500000E-04   1   5
 -2.479320261263E-04 -8.714397860316E-04 -7.192678646528E-05  4.133617960480E+03 -8.623167772533E+03  3.946818126453E+04 -4.194391354604E-02 -4.882812500000E-04   1   5
 -1.543846402230E-04  5.881325859513E-04 -2.676608595342E-04  1.634797895077E+03  5.772706221960E+03  1.139852230322E+05 -4.260439707116E-02 -4.882812500000E-04   1   5
 -2.124321659228E-04 -4.608532321458E-04 -1.346426737237E-05  3.002325288828E+03 -4.699958615881E+03  7.649968706928E+03 -4.174581853290E-02 -4.882812500000E-04   1   5
 -2.888213588313E-04  1.253541379646E-03  2.328759762047E-04  2.980094420968E+03  1.389063610717E+04 -9.885651450681E+04 -4.091295007886E-02 -4.882812500000E-04   1   5
 -4.739388424698E-05 -1.811859476183E-04  8.715507212076E-04  4.552613998208E+02 -1.578383269933E+03 -3.443881914604E+05 -3.875777809909E-02 -4.882812500000E-04   1   5
 -3.696173676450E-05 -8.118553616783E-04 -7.215947941730E-04  7.231285641066E+02 -8.317381812061E+03  2.261037641794E+05 -4.412971241416E-02 -4.882812500000E-04   1   5
  4.085488097432E-04  3.837077213392E-04  3.451390921159E-04 -5.493515880780E+03  3.658273950821E+03 -1.479397821958E+05 -4.053381681700E-02 -4.882812500000E-04   1   5
  6.907015943358E-05 -2.953338790767E-04  4.135105835066E-04 -1.617021046627E+03 -1.653002422445E+03 -1.815375962631E+05 -4.030241852431E-02 -4.882812500000E-04   1   5
 -1.578387508674E-04  1.162476070796E-03  5.691322630774E-05  1.862392940897E+03  1.299964513053E+04 -2.538255397458E+04 -4.150743470474E-02 -4.882812500000E-04   1   5
  6.715423692355E-07  4.512665047968E-04  5.342020965655E-04 -3.376336948049E+02  3.191670237173E+03 -2.341819895531E+05 -3.989443628475E-02 -4.882812500000E-04   1   5
 -1.832336819800E-04 -3.585791647625E-04 -5.079341261653E-04  1.018682036870E+03 -5.140524798884E+03  1.765537689899E+05 -4.341211103632E-02 -4.882812500000E-04   1   5
  2.553850474527E-04 -8.194264554845E-04 -1.179940265437E-04 -2.752542835923E+03 -9.265953966476E+03  5.590845663279E+04 -4.209919529349E-02 -4.882812500000E-04   1   5
  9.485813885655E-05 -8.121376355718E-04 -1.034822655814E-04 -1.366633588311E+03 -8.161051555973E+03  5.217207244360E+04 -4.205049112772E-02 -4.882812500000E-04   1   5
 -1.335478725204E-04  7.553532841182E-04 -3.657678680298E-04  2.415949944410E+03  7.356807203398E+03  1.441585107019E+05 -4.293463206017E-02 -4.882812500000E-04   1   5
 -8.928619303692E-05 -1.055172819911E-03  6.022871429450E-04  7.160136324677E+02 -1.139814153629E+04 -2.557050319431E+05 -3.966487048618E-02 -4.882812500000E-04   1   5
  5.182972818610E-06  1.096811299657E-03  1.192361696012E-04 -9.003950861821E+00  1.153987272921E+04 -5.213625969133E+04 -4.129693899978E-02 -4.882812500000E-04   1   5
 -4.446037453398E-04  2.164314792471E-04 -2.570448830290E-04  7.750754374637E+03  2.257475164565E+03  1.115419223074E+05 -4.256869660537E-02 -4.882812500000E-04   1   5
 -1.155237787401E-04 -3.927937079313E-04  1.847145493272E-05  1.532248123536E+03 -4.107746670825E+03 -8.504549417078E+03 -4.163769053150E-02 -4.882812500000E-04   1   5
 -1.310154922424E-04  9.796053551412E-04 -4.780302948724E-04  2.350701111320E+03  9.930102750886E+03  1.737088581789E+05 -4.331196554911E-02 -4.882812500000E-04   1   5
 -3.731474125236E-04  5.311086278756E-05 -2.938536463715E-04  4.494917135961E+03  8.333553909221E+02  1.216004380797E+05 -4.269253838056E-02 -4.882812500000E-04   1   5
  5.175437087790E-04 -2.848061773910E-04 -2.325511240213E-04 -8.140867920834E+03 -2.298230888189E+03  1.041217533326E+05 -4.248621760585E-02 -4.882812500000E-04   1   5
 -6.742531977042E-05  7.375466118283E-04 -7.020876952220E-04  7.330668027529E+02  9.137133167585E+03  2.083152759670E+05 -4.406284057192E-02 -4.882812500000E-04   1   5
  4.895037554297E-04  1.150435588156E-03  7.123310045178E-04 -5.110335710940E+03  1.279715656642E+04 -2.895124133245E+05 -3.929410759085E-02 -4.882812500000E-04   1   5
 -5.640903031245E-04  1.233383734389E-03  6.822186932549E-04  5.330900282197E+03  1.445238291584E+04 -2.755459551238E+05 -3.939582120801E-02 -4.882812500000E-04   1   5
  3.990562577960E-04 -8.529464169876E-04  1.442964227509E-04 -4.829675539353E+03 -9.041931646472E+03 -6.326792188589E+04 -4.121223879093E-02 -4.882812500000E-04   1   5
  2.265931338166E-04 -6.813237262338E-04 -7.507283234731E-04 -3.194856722010E+03 -6.954979649201E+03  2.323590113901E+05 -4.422753183828E-02 -4.882812500000E-04   1   5
 -3.718693909921E-05 -4.217906105586E-04 -3.911119740572E-04  5.454031255625E+02 -5.132156114495E+03  1.492290981721E+05 -4.301973412559E-02 -4.882812500000E-04   1   5
  3.351956550805E-04 -4.279342607323E-04  7.593521285811E-04 -5.298918247516E+03 -4.074735133441E+03 -3.093873346655E+05 -3.913558492177E-02 -4.882812500000E-04   1   5
 -3.563236327644E-04  8.429873245553E-04 -3.015944653595E-05  5.210330973012E+03  8.697515707040E+03  1.957067751138E+04 -4.180255808095E-02 -4.882812500000E-04   1   5
 -6.730098783269E-04 -3.981365772783E-04  3.534824909082E-04  9.100987359143E+03 -4.290602185099E+03 -1.517380451716E+05 -4.050544757927E-02 -4.882812500000E-04   1   5
  4.663814845345E-04  4.856134688589E-04  4.818154273472E-04 -7.512590837905E+03  4.610602449281E+03 -2.126449535266E+05 -4.007126415771E-02 -4.882812500000E-04   1   5
  1.086843296657E-04 -1.033803096450E-04 -1.494810729508E-05 -1.780748776072E+03 -9.977994391294E+02  7.927326086044E+03 -4.175085349769E-02 -4.882812500000E-04   1   5
 -5.263422333084E-04 -4.862396080897E-04 -6.734486623150E-04  6.786082080654E+03 -5.346277342666E+03  2.152254704268E+05 -4.396797035169E-02 -4.882812500000E-04   1   5
  1.407051951500E-05  6.573352725171E-04 -3.839634865170E-04  3.961978055747E+02  5.038023122672E+03  1.507086821870E+05 -4.299603121274E-02 -4.882812500000E-04   1   5
  2.149781508538E-04 -7.787442472651E-04  6.060439103583E-05 -3.117729563831E+03 -7.937080316264E+03 -2.680515946336E+04 -4.149519523428E-02 -4.882812500000E-04   1   5
  2.621554660540E-05 -2.834465779227E-04 -2.223839183342E-04 -8.136309546417E+02 -2.135038875122E+03  9.723408603755E+04 -4.245175345101E-02 -4.882812500000E-04   1   5
 -5.460445492837E-04 -1.151500490367E-04  4.389792688693E-04  7.514675684093E+03 -1.237570263284E+03 -1.929490078937E+05 -4.021616835896E-02 -4.882812500000E-04   1   5
  3.570054374311E-04 -5.249139423090E-04 -3.256453336757E-04 -6.125839214959E+03 -4.446031071918E+03  1.356799832518E+05 -4.279994961206E-02 -4.882812500000E-04   1   5
  2.376733838886E-04 -2.695988231069E-04 -7.044427186464E-04 -4.117723904778E+03 -1.590873538259E+03  2.243829472674E+05 -4.407241671779E-02 -4.882812500000E-04   1   5
  2.243869338993E-04 -3.901238672895E-04  1.604844906200E-04 -3.425522542678E+03 -4.010063712728E+03 -7.161829493029E+04 -4.115758017473E-02 -4.882812500000E-04   1   5
  1.444285548692E-04  5.473177544326E-04 -8.279659716914E-04 -2.435969412707E+03  5.448013744440E+03  2.440189450644E+05 -4.448639438652E-02 -4.882812500000E-04   1   5
 -1.031810434932E-04  5.945307191382E-04 -7.870266021623E-04  1.910603540238E+03  5.720328911155E+03  2.380042373398E+05 -4.434922932479E-02 -4.882812500000E-04   1   5
  4.585484770086E-04  6.232827494103E-04  5.614001883689E-04 -6.825645186789E+03  6.391135313422E+03 -2.445814739545E+05 -3.980248720350E-02 -4.882812500000E-04   1   5
  4.504063676732E-04 -1.939047566178E-04  2.966818696373E-04 -7.927046919750E+03 -1.556554177486E+03 -1.263628182955E+05 -4.069763791161E-02 -4.882812500000E-04   1   5
 -6.096979217342E-04 -3.950922793873E-04 -3.414437663030E-05  8.519501868117E+03 -4.134876097485E+03  2.169474180417E+04 -4.181605812270E-02 -4.882812500000E-04   1   5
 -6.659467161518E-04  3.952086819681E-04  5.064640672865E-04  8.918071590490E+03  3.738511305810E+03 -2.231186837876E+05 -3.998787936921E-02 -4.882812500000E-04   1   5
  1.316805493565E-04  3.083295250818E-04  5.467571566027E-04 -2.390223135685E+03  2.278005915715E+03 -2.387701877566E+05 -3.985209033684E-02 -4.882812500000E-04   1   5
 -7.257185714154E-04  3.341378855350E-05  7.867005948341E-04  6.294635137305E+03  3.877787414591E+02 -3.043750714624E+05 -3.904463902368E-02 -4.882812500000E-04   1   5
  3.309887119860E-04 -4.084471997607E-04 -6.288720002134E-04 -6.099593975129E+03 -4.002119324365E+03  2.092019810827E+05 -4.381876978279E-02 -4.882812500000E-04   1   5
 -8.989591032626E-05 -9.371014416538E-04  8.540708060689E-05  1.569912466090E+03 -8.972982244643E+03 -3.515576602782E+04 -4.141160195110E-02 -4.882812500000E-04   1   5
  1.782164292883E-04 -7.743923129117E-04  1.402316185395E-05 -2.143302538090E+03 -8.314007134631E+03 -5.381711104959E+03 -4.165272695977E-02 -4.882812500000E-04   1   5
  4.446497044886E-04  3.668157341652E-05 -5.979049577565E-04 -5.488998297651E+03  6.649460431052E+02  1.947737682227E+05 -4.371404419650E-02 -4.882812500000E-04   1   5
 -1.454196693912E-04 -6.502058434994E-04 -1.012222773979E-04  1.695354687038E+03 -6.735487041523E+03  4.878785704148E+04 -4.204264983001E-02 -4.882812500000E-04   1   5
 -3.254936790287E-04  5.814354368827E-04  2.382685880340E-04  4.017149652032E+03  5.973799747847E+03 -1.024526932748E+05 -4.089491686691E-02 -4.882812500000E-04   1   5
  1.017122459392E-04 -2.355841421862E-04  1.348730852246E-04 -1.053336962124E+03 -2.757301985174E+03 -6.160340983864E+04 -4.124406356831E-02 -4.882812500000E-04   1   5
 -6.315184208821E-04  2.665179119988E-04 -5.453203008356E-04  8.451888566161E+03  3.045850585016E+03  1.895523521588E+05 -4.353798877987E-02 -4.882812500000E-04   1   5
 -4.769446142282E-04  4.318589864559E-05 -2.146334696107E-04  4.515845257037E+03  6.172083399817E+02  9.285750908413E+04 -4.242535158708E-02 -4.882812500000E-04   1   5
 -1.125842154646E-04 -6.360874035499E-05  6.641751183927E-04  8.414968720140E+02 -8.926087519488E+02 -2.668238423828E+05 -3.945752850397E-02 -4.882812500000E-04   1   5
 -8.343215656666E-05  9.583227681987E-04 -2.796945196499E-04  1.362980034190E+03  9.830799010192E+03  1.191394414440E+05 -4.264493595504E-02 -4.882812500000E-04   1   5
  1.428289626494E-04  2.437879556779E-04 -6.189476467322E-04 -6.694344509138E+02  2.806577843678E+03  1.969573365882E+05 -4.378452614501E-02 -4.882812500000E-04   1   5
  3.659840604653E-04  6.931130030520E-04  2.085072591160E-04 -5.034771789069E+03  7.166144202714E+03 -8.994368442089E+04 -4.099541943485E-02 -4.882812500000E-04   1   5
  3.771371381743E-04 -5.271730156906E-04 -1.415914012601E-04 -4.247338386238E+03 -5.927170358691E+03  6.502790009128E+04 -4.217889372469E-02 -4.882812500000E-04   1   5
 -5.505459192523E-04  1.376028020503E-03 -7.959182658088E-04  4.941969142372E+03  1.675221054138E+04  2.317135007506E+05 -4.437754592449E-02 -4.882812500000E-04   1   5
 -2.973949492653E-04  4.737202721010E-04 -2.220713986689E-04  4.372331879642E+03  4.893001811604E+03  9.770830810577E+04 -4.245068058757E-02 -4.882812500000E-04   1   5
 -3.957922150376E-04  9.065987203677E-04  6.272819115676E-04  4.954432367333E+03  9.115845554583E+03 -2.670223110653E+05 -3.958036273468E-02 -4.882812500000E-04   1   5
  4.048510085193E-04 -6.672033667052E-04  2.769602003345E-04 -4.418596178109E+03 -7.421771077041E+03 -1.182209370529E+05 -4.076417055867E-02 -4.882812500000E-04   1   5
 -7.510273917574E-05 -3.893799670302E-04 -4.275980748822E-04  8.798230379319E+02 -4.391669679725E+03  1.583457955406E+05 -4.314236819634E-02 -4.882812500000E-04   1   5
  7.321954644857E-04  5.435805209775E-04 -7.898820919661E-04 -6.724092488271E+03  6.564428408680E+03  2.288065366752E+05 -4.435752936584E-02 -4.882812500000E-04   1   5
 -7.245993904729E-04 -2.196277408791E-05  3.224971442788E-04  8.607881947558E+03 -3.973217395875E+02 -1.371329733917E+05 -4.061028667705E-02 -4.882812500000E-04   1   5
 -6.326858635144E-05  9.868410918048E-04  5.354569350207E-04  1.421926042941E+03  9.933663021816E+03 -2.346594639297E+05 -3.989003801242E-02 -4.882812500000E-04   1   5
  4.118575843432E-04  2.252035963100E-04 -2.282636046764E-04 -5.715429930277E+03  2.421295975529E+03  1.001722739093E+05 -4.247157720173E-02 -4.882812500000E-04   1   5
 -9.417639885784E-04  4.288299580409E-04  6.576588861100E-04  9.325373555281E+03  4.853481077035E+03 -2.702935810358E+05 -3.947838967449E-02 -4.882812500000E-04   1   5
 -8.119447145927E-04  1.002979022254E-03 -6.899605648008E-04  6.909656343603E+03  1.227280815036E+04  2.109132007875E+05 -4.402210457359E-02 -4.882812500000E-04   1   5
  4.096059327942E-04 -1.131037667516E-04 -6.599567603791E-04 -6.983600124064E+03 -1.073747592086E+03  2.154250796105E+05 -4.392308081127E-02 -4.882812500000E-04   1   5
 -7.347480066741E-04 -1.922506794260E-04  1.381357001971E-04  9.673534756056E+03 -2.088185496454E+03 -5.888849896676E+04 -4.123320036651E-02 -4.882812500000E-04   1   5
 -3.950828198882E-04 -5.595142508147E-04 -7.760412509827E-04  4.590402832452E+03 -5.725440849957E+03  2.352615940324E+05 -4.431223878595E-02 -4.882812500000E-04   1   5
  5.373298043674E-04  1.491514247836E-04  1.441331093635E-04 -7.052538949795E+03  1.484414920309E+03 -6.454335095286E+04 -4.121275290208E-02 -4.882812500000E-04   1   5
  5.090715928301E-04 -6.582391041007E-04 -6.286264649260E-04 -6.028384051009E+03 -7.504510165844E+03  2.032221990674E+05 -4.381721121651E-02 -4.882812500000E-04   1   5
  2.504581394278E-04 -2.989264037073E-04  2.626412309930E-04 -3.279294416540E+03 -3.235567301865E+03 -1.134777437058E+05 -4.081256525466E-02 -4.882812500000E-04   1   5
  5.897153036749E-04 -9.979267819187E-05 -1.426874338990E-04 -7.935545805720E+03 -1.214191059371E+03  6.852142604423E+04 -4.218286778721E-02 -4.882812500000E-04   1   5
  8.662846184538E-04  9.116507031428E-04 -7.847240847896E-04 -7.552387160502E+03  1.109433772002E+04  2.290739612134E+05 -4.434003440297E-02 -4.882812500000E-04   1   5
 -3.188108387764E-04  5.862713506819E-04 -6.277364395950E-04  4.020447263699E+03  6.405379529089E+03  2.003596959793E+05 -4.381407992165E-02 -4.882812500000E-04   1   5
  2.170080595009E-05 -4.556026049243E-04  1.013662652212E-04 -4.176849833152E+02 -4.518036437150E+03 -4.706522127031E+04 -4.135728644464E-02 -4.882812500000E-04   1   5
 -1.594242246006E-04 -5.061851363124E-04  6.112165840455E-05  1.949574314933E+03 -5.161562022832E+03 -2.872734859642E+04 -4.149335872898E-02 -4.882812500000E-04   1   5
 -2.222318748761E-04  8.343654166667E-04 -1.534612745564E-04  3.559004522288E+03  7.703226334092E+03  7.362413616183E+04 -4.221935239552E-02 -4.882812500000E-04   1   5
 -4.174138471435E-04  3.962109533067E-04  8.452776751693E-04  4.712807743284E+03  4.097522653559E+03 -3.338934739793E+05 -3.884638603045E-02 -4.882812500000E-04   1   5
 -4.126678849870E-04  6.160607421446E-04  2.259870205867E-04  5.716180725091E+03  6.199243703357E+03 -9.679108125278E+04 -4.093642452892E-02 -4.882812500000E-04   1   5
 -2.839754781569E-04  8.631970562932E-05 -8.493739371447E-04  1.974770553351E+03  9.708820826039E+02  2.365668676984E+05 -4.455710158762E-02 -4.882812500000E-04   1   5
 -5.466922698015E-04  8.615292958114E-04  1.888493309659E-04  6.426632334433E+03  9.330960066396E+03 -8.113742877317E+04 -4.106172729566E-02 -4.882812500000E-04   1   5
 -1.618304292834E-04 -9.121606386201E-04  1.401650000732E-06  2.675546475760E+03 -9.361292030601E+03  3.842241802491E+03 -4.169572373957E-02 -4.882812500000E-04   1   5
