 -2.7825E-12  1.1206E+01 -9.9893E-03  4.6193E-01  6.2371E-02  9.0154E-01  5.5588E-02
  2.2432E-03  1.1213E+01 -9.9949E-03  4.6205E-01  6.2375E-02  9.0153E-01  5.5597E-02
  4.4865E-03  1.1221E+01 -1.0001E-02  4.6218E-01  6.2380E-02  9.0151E-01  5.5606E-02
  6.7297E-03  1.1228E+01 -1.0006E-02  4.6230E-01  6.2384E-02  9.0150E-01  5.5615E-02
  8.9730E-03  1.1236E+01 -1.0012E-02  4.6243E-01  6.2388E-02  9.0148E-01  5.5624E-02
  1.1216E-02  1.1243E+01 -1.0018E-02  4.6255E-01  6.2393E-02  9.0147E-01  5.5633E-02
  1.3459E-02  1.1250E+01 -1.0023E-02  4.6268E-01  6.2397E-02  9.0145E-01  5.5642E-02
  1.5703E-02  1.1258E+01 -1.0029E-02  4.6280E-01  6.2401E-02  9.0144E-01  5.5651E-02
  1.7946E-02  1.1265E+01 -1.0035E-02  4.6293E-01  6.2406E-02  9.0142E-01  5.5660E-02
  2.0189E-02  1.1273E+01 -1.0040E-02  4.6305E-01  6.2410E-02  9.0140E-01  5.5669E-02
  2.2432E-02  1.1280E+01 -1.0046E-02  4.6317E-01  6.2415E-02  9.0139E-01  5.5678E-02
  2.4676E-02  1.1288E+01 -1.0051E-02  4.6330E-01  6.2419E-02  9.0137E-01  5.5687E-02
  2.6919E-02  1.1295E+01 -1.0057E-02  4.6342E-01  6.2423E-02  9.0136E-01  5.5696E-02
  2.9162E-02  1.1303E+01 -1.0063E-02  4.6355E-01  6.2428E-02  9.0134E-01  5.5705E-02
  3.1405E-02  1.1310E+01 -1.0068E-02  4.6368E-01  6.2432E-02  9.0133E-01  5.5714E-02
  3.3649E-02  1.1318E+01 -1.0074E-02  4.6380E-01  6.2436E-02  9.0131E-01  5.5723E-02
  3.5892E-02  1.1325E+01 -1.0080E-02  4.6393E-01  6.2441E-02  9.0130E-01  5.5732E-02
  3.8135E-02  1.1333E+01 -1.0085E-02  4.6405E-01  6.2445E-02  9.0128E-01  5.5741E-02
  4.0378E-02  1.1340E+01 -1.0091E-02  4.6418E-01  6.2449E-02  9.0126E-01  5.5750E-02
  4.2622E-02  1.1348E+01 -1.0097E-02  4.6430E-01  6.2454E-02  9.0125E-01  5.5759E-02
  4.4865E-02  1.1355E+01 -1.0102E-02  4.6443E-01  6.2458E-02  9.0123E-01  5.5768E-02
  4.7108E-02  1.1363E+01 -1.0108E-02  4.6455E-01  6.2462E-02  9.0122E-01  5.5777E-02
  4.9351E-02  1.1370E+01 -1.0114E-02  4.6468E-01  6.2467E-02  9.0120E-01  5.5786E-02
  5.1594E-02  1.1378E+01 -1.0119E-02  4.6480E-01  6.2471E-02  9.0119E-01  5.5795E-02
  5.3838E-02  1.1385E+01 -1.0125E-02  4.6493E-01  6.2475E-02  9.0117E-01  5.5803E-02
  5.6081E-02  1.1393E+01 -1.0131E-02  4.6505E-01  6.2480E-02  9.0116E-01  5.5812E-02
  5.8324E-02  1.1400E+01 -1.0136E-02  4.6518E-01  6.2484E-02  9.0114E-01  5.5821E-02
  6.0567E-02  1.1408E+01 -1.0142E-02  4.6530E-01  6.2488E-02  9.0112E-01  5.5830E-02
  6.2811E-02  1.1415E+01 -1.0148E-02  4.6543E-01  6.2493E-02  9.0111E-01  5.5839E-02
  6.5054E-02  1.1423E+01 -1.0153E-02  4.6555E-01  6.2497E-02  9.0109E-01  5.5848E-02
  6.7297E-02  1.1430E+01 -1.0159E-02  4.6568E-01  6.2501E-02  9.0108E-01  5.5857E-02
  6.9540E-02  1.1438E+01 -1.0165E-02  4.6580E-01  6.2506E-02  9.0106E-01  5.5866E-02
  7.1784E-02  1.1445E+01 -1.0170E-02  4.6593E-01  6.2510E-02  9.0105E-01  5.5875E-02
  7.4027E-02  1.1453E+01 -1.0176E-02  4.6605E-01  6.2514E-02  9.0103E-01  5.5883E-02
  7.6270E-02  1.1460E+01 -1.0182E-02  4.6618E-01  6.2519E-02  9.0101E-01  5.5892E-02
  7.8513E-02  1.1467E+01 -1.0187E-02  4.6631E-01  6.2523E-02  9.0100E-01  5.5901E-02
  8.0757E-02  1.1475E+01 -1.0193E-02  4.6643E-01  6.2527E-02  9.0098E-01  5.5910E-02
  8.3000E-02  1.1482E+01 -1.0199E-02  4.6656E-01  6.2532E-02  9.0097E-01  5.5919E-02
  8.5243E-02  1.1490E+01 -1.0204E-02  4.6668E-01  6.2536E-02  9.0095E-01  5.5928E-02
  8.7486E-02  1.1497E+01 -1.0210E-02  4.6681E-01  6.2540E-02  9.0094E-01  5.5937E-02
  8.9730E-02  1.1505E+01 -1.0216E-02  4.6693E-01  6.2545E-02  9.0092E-01  5.5945E-02
  9.1973E-02  1.1512E+01 -1.0221E-02  4.6706E-01  6.2557E-02  9.0091E-01  5.5963E-02
  9.4216E-02  1.1520E+01 -1.0227E-02  4.6718E-01  6.2585E-02  9.0091E-01  5.5998E-02
  9.6459E-02  1.1527E+01 -1.0233E-02  4.6731E-01  6.2645E-02  9.0093E-01  5.6069E-02
  9.8702E-02  1.1535E+01 -1.0238E-02  4.6744E-01  6.2783E-02  9.0098E-01  5.6226E-02
  1.0095E-01  1.1542E+01 -1.0244E-02  4.6756E-01  6.3094E-02  9.0110E-01  5.6575E-02
  1.0319E-01  1.1550E+01 -1.0250E-02  4.6769E-01  6.3745E-02  9.0131E-01  5.7300E-02
  1.0543E-01  1.1557E+01 -1.0255E-02  4.6782E-01  6.4938E-02  9.0154E-01  5.8625E-02
  1.0768E-01  1.1565E+01 -1.0261E-02  4.6795E-01  6.6770E-02  9.0170E-01  6.0649E-02
  1.0992E-01  1.1572E+01 -1.0267E-02  4.6809E-01  6.9136E-02  9.0176E-01  6.3248E-02
  1.1216E-01  1.1580E+01 -1.0273E-02  4.6824E-01  7.1841E-02  9.0177E-01  6.6198E-02
  1.1441E-01  1.1587E+01 -1.0280E-02  4.6839E-01  7.4727E-02  9.0176E-01  6.9323E-02
  1.1665E-01  1.1595E+01 -1.0286E-02  4.6855E-01  7.7705E-02  9.0175E-01  7.2526E-02
  1.1889E-01  1.1602E+01 -1.0293E-02  4.6872E-01  8.0732E-02  9.0173E-01  7.5764E-02
  1.2113E-01  1.1610E+01 -1.0299E-02  4.6889E-01  8.3791E-02  9.0172E-01  7.9019E-02
  1.2338E-01  1.1617E+01 -1.0306E-02  4.6907E-01  8.6871E-02  9.0170E-01  8.2283E-02
  1.2562E-01  1.1625E+01 -1.0313E-02  4.6926E-01  8.9966E-02  9.0169E-01  8.5548E-02
  1.2786E-01  1.1632E+01 -1.0321E-02  4.6946E-01  9.3074E-02  9.0167E-01  8.8814E-02
  1.3011E-01  1.1640E+01 -1.0328E-02  4.6966E-01  9.6193E-02  9.0165E-01  9.2081E-02
  1.3235E-01  1.1647E+01 -1.0336E-02  4.6987E-01  9.9323E-02  9.0164E-01  9.5350E-02
  1.3459E-01  1.1655E+01 -1.0343E-02  4.7009E-01  1.0246E-01  9.0162E-01  9.8620E-02
  1.3684E-01  1.1662E+01 -1.0351E-02  4.7031E-01  1.0561E-01  9.0161E-01  1.0189E-01
  1.3908E-01  1.1670E+01 -1.0359E-02  4.7054E-01  1.0877E-01  9.0159E-01  1.0517E-01
  1.4132E-01  1.1677E+01 -1.0368E-02  4.7078E-01  1.1194E-01  9.0157E-01  1.0844E-01
  1.4357E-01  1.1685E+01 -1.0376E-02  4.7103E-01  1.1511E-01  9.0156E-01  1.1172E-01
  1.4581E-01  1.1692E+01 -1.0384E-02  4.7129E-01  1.1829E-01  9.0154E-01  1.1500E-01
  1.4805E-01  1.1699E+01 -1.0393E-02  4.7155E-01  1.2148E-01  9.0152E-01  1.1828E-01
  1.5030E-01  1.1707E+01 -1.0402E-02  4.7182E-01  1.2467E-01  9.0151E-01  1.2156E-01
  1.5254E-01  1.1714E+01 -1.0411E-02  4.7209E-01  1.2787E-01  9.0149E-01  1.2484E-01
  1.5478E-01  1.1722E+01 -1.0420E-02  4.7238E-01  1.3108E-01  9.0147E-01  1.2813E-01
  1.5703E-01  1.1729E+01 -1.0430E-02  4.7267E-01  1.3429E-01  9.0146E-01  1.3142E-01
  1.5927E-01  1.1737E+01 -1.0439E-02  4.7297E-01  1.3751E-01  9.0144E-01  1.3471E-01
  1.6151E-01  1.1744E+01 -1.0449E-02  4.7327E-01  1.4073E-01  9.0142E-01  1.3800E-01
  1.6376E-01  1.1752E+01 -1.0459E-02  4.7359E-01  1.4396E-01  9.0140E-01  1.4129E-01
  1.6600E-01  1.1759E+01 -1.0469E-02  4.7391E-01  1.4719E-01  9.0139E-01  1.4459E-01
  1.6824E-01  1.1767E+01 -1.0479E-02  4.7423E-01  1.5043E-01  9.0137E-01  1.4789E-01
  1.7049E-01  1.1774E+01 -1.0489E-02  4.7457E-01  1.5367E-01  9.0135E-01  1.5119E-01
  1.7273E-01  1.1782E+01 -1.0500E-02  4.7491E-01  1.5692E-01  9.0133E-01  1.5449E-01
  1.7497E-01  1.1789E+01 -1.0510E-02  4.7526E-01  1.6017E-01  9.0132E-01  1.5780E-01
  1.7722E-01  1.1797E+01 -1.0521E-02  4.7562E-01  1.6343E-01  9.0130E-01  1.6110E-01
  1.7946E-01  1.1804E+01 -1.0532E-02  4.7599E-01  1.6669E-01  9.0128E-01  1.6441E-01
  1.8170E-01  1.1812E+01 -1.0543E-02  4.7636E-01  1.6995E-01  9.0126E-01  1.6773E-01
  1.8395E-01  1.1819E+01 -1.0555E-02  4.7674E-01  1.7322E-01  9.0124E-01  1.7104E-01
  1.8619E-01  1.1827E+01 -1.0566E-02  4.7713E-01  1.7650E-01  9.0123E-01  1.7436E-01
  1.8843E-01  1.1834E+01 -1.0578E-02  4.7752E-01  1.7978E-01  9.0121E-01  1.7768E-01
  1.9068E-01  1.1842E+01 -1.0590E-02  4.7793E-01  1.8306E-01  9.0118E-01  1.8101E-01
  1.9292E-01  1.1849E+01 -1.0602E-02  4.7834E-01  1.8633E-01  9.0116E-01  1.8432E-01
  1.9516E-01  1.1857E+01 -1.0614E-02  4.7875E-01  1.8960E-01  9.0112E-01  1.8762E-01
  1.9740E-01  1.1864E+01 -1.0626E-02  4.7918E-01  1.9282E-01  9.0106E-01  1.9088E-01
  1.9965E-01  1.1872E+01 -1.0639E-02  4.7961E-01  1.9595E-01  9.0094E-01  1.9405E-01
  2.0189E-01  1.1879E+01 -1.0651E-02  4.8005E-01  1.9888E-01  9.0072E-01  1.9701E-01
  2.0413E-01  1.1887E+01 -1.0664E-02  4.8049E-01  2.0140E-01  9.0041E-01  1.9956E-01
  2.0602E-01  1.1893E+01 -1.0675E-02  4.8087E-01  2.0304E-01  9.0016E-01  2.0122E-01
  2.0638E-01  1.1894E+01 -1.0677E-02  4.8094E-01  2.0329E-01  9.0012E-01  2.0147E-01
  2.0862E-01  1.1902E+01 -1.0690E-02  4.8140E-01  2.0448E-01  8.9998E-01  2.0267E-01
  2.1086E-01  1.1909E+01 -1.0703E-02  4.8185E-01  2.0510E-01  8.9995E-01  2.0331E-01
  2.1311E-01  1.1917E+01 -1.0716E-02  4.8231E-01  2.0540E-01  8.9995E-01  2.0361E-01
  2.1535E-01  1.1924E+01 -1.0729E-02  4.8277E-01  2.0552E-01  8.9994E-01  2.0374E-01
  2.1759E-01  1.1931E+01 -1.0742E-02  4.8322E-01  2.0558E-01  8.9993E-01  2.0380E-01
  2.1984E-01  1.1939E+01 -1.0755E-02  4.8368E-01  2.0561E-01  8.9991E-01  2.0383E-01
  2.2208E-01  1.1946E+01 -1.0768E-02  4.8414E-01  2.0562E-01  8.9990E-01  2.0385E-01
  2.2432E-01  1.1954E+01 -1.0781E-02  4.8460E-01  2.0562E-01  8.9988E-01  2.0385E-01
  2.2657E-01  1.1961E+01 -1.0794E-02  4.8505E-01  2.0563E-01  8.9986E-01  2.0386E-01
  2.2881E-01  1.1969E+01 -1.0807E-02  4.8551E-01  2.0563E-01  8.9984E-01  2.0387E-01
  2.3105E-01  1.1976E+01 -1.0820E-02  4.8597E-01  2.0564E-01  8.9982E-01  2.0388E-01
  2.3330E-01  1.1984E+01 -1.0833E-02  4.8643E-01  2.0564E-01  8.9981E-01  2.0389E-01
  2.3554E-01  1.1991E+01 -1.0846E-02  4.8688E-01  2.0565E-01  8.9979E-01  2.0390E-01
  2.3778E-01  1.1999E+01 -1.0859E-02  4.8734E-01  2.0565E-01  8.9977E-01  2.0390E-01
  2.4003E-01  1.2006E+01 -1.0872E-02  4.8780E-01  2.0566E-01  8.9975E-01  2.0391E-01
  2.4227E-01  1.2014E+01 -1.0885E-02  4.8826E-01  2.0566E-01  8.9973E-01  2.0392E-01
  2.4451E-01  1.2021E+01 -1.0898E-02  4.8872E-01  2.0567E-01  8.9971E-01  2.0393E-01
  2.4676E-01  1.2029E+01 -1.0911E-02  4.8917E-01  2.0567E-01  8.9969E-01  2.0394E-01
  2.4900E-01  1.2036E+01 -1.0924E-02  4.8963E-01  2.0568E-01  8.9968E-01  2.0394E-01
  2.5124E-01  1.2044E+01 -1.0937E-02  4.9009E-01  2.0568E-01  8.9966E-01  2.0395E-01
  2.5349E-01  1.2051E+01 -1.0950E-02  4.9055E-01  2.0568E-01  8.9964E-01  2.0396E-01
  2.5573E-01  1.2059E+01 -1.0963E-02  4.9100E-01  2.0569E-01  8.9962E-01  2.0397E-01
  2.5797E-01  1.2066E+01 -1.0976E-02  4.9146E-01  2.0569E-01  8.9960E-01  2.0398E-01
  2.6022E-01  1.2074E+01 -1.0989E-02  4.9192E-01  2.0570E-01  8.9958E-01  2.0398E-01
  2.6246E-01  1.2081E+01 -1.1002E-02  4.9238E-01  2.0570E-01  8.9957E-01  2.0399E-01
  2.6470E-01  1.2089E+01 -1.1015E-02  4.9284E-01  2.0571E-01  8.9955E-01  2.0400E-01
  2.6695E-01  1.2096E+01 -1.1028E-02  4.9329E-01  2.0571E-01  8.9953E-01  2.0401E-01
  2.6919E-01  1.2104E+01 -1.1041E-02  4.9375E-01  2.0572E-01  8.9951E-01  2.0402E-01
  2.7143E-01  1.2111E+01 -1.1054E-02  4.9421E-01  2.0572E-01  8.9949E-01  2.0402E-01
  2.7368E-01  1.2119E+01 -1.1067E-02  4.9467E-01  2.0573E-01  8.9947E-01  2.0403E-01
  2.7592E-01  1.2126E+01 -1.1080E-02  4.9513E-01  2.0573E-01  8.9945E-01  2.0404E-01
  2.7816E-01  1.2134E+01 -1.1093E-02  4.9558E-01  2.0574E-01  8.9944E-01  2.0405E-01
  2.8040E-01  1.2141E+01 -1.1106E-02  4.9604E-01  2.0574E-01  8.9942E-01  2.0406E-01
  2.8265E-01  1.2148E+01 -1.1119E-02  4.9650E-01  2.0575E-01  8.9940E-01  2.0406E-01
  2.8489E-01  1.2156E+01 -1.1132E-02  4.9696E-01  2.0575E-01  8.9938E-01  2.0407E-01
  2.8713E-01  1.2163E+01 -1.1145E-02  4.9742E-01  2.0576E-01  8.9936E-01  2.0408E-01
  2.8938E-01  1.2171E+01 -1.1158E-02  4.9787E-01  2.0576E-01  8.9934E-01  2.0409E-01
  2.9162E-01  1.2178E+01 -1.1171E-02  4.9833E-01  2.0577E-01  8.9932E-01  2.0410E-01
  2.9386E-01  1.2186E+01 -1.1184E-02  4.9879E-01  2.0577E-01  8.9931E-01  2.0410E-01
  2.9611E-01  1.2193E+01 -1.1197E-02  4.9925E-01  2.0577E-01  8.9929E-01  2.0411E-01
  2.9835E-01  1.2201E+01 -1.1210E-02  4.9971E-01  2.0578E-01  8.9927E-01  2.0412E-01
  3.0059E-01  1.2208E+01 -1.1223E-02  5.0016E-01  2.0578E-01  8.9925E-01  2.0413E-01
  3.0284E-01  1.2216E+01 -1.1236E-02  5.0062E-01  2.0579E-01  8.9923E-01  2.0414E-01
  3.0508E-01  1.2223E+01 -1.1249E-02  5.0108E-01  2.0579E-01  8.9921E-01  2.0414E-01
  3.0732E-01  1.2231E+01 -1.1262E-02  5.0154E-01  2.0580E-01  8.9919E-01  2.0415E-01
  3.0957E-01  1.2238E+01 -1.1275E-02  5.0200E-01  2.0580E-01  8.9917E-01  2.0416E-01
  3.1181E-01  1.2246E+01 -1.1288E-02  5.0245E-01  2.0581E-01  8.9916E-01  2.0417E-01
  3.1405E-01  1.2253E+01 -1.1301E-02  5.0291E-01  2.0581E-01  8.9914E-01  2.0417E-01
  3.1630E-01  1.2261E+01 -1.1314E-02  5.0337E-01  2.0582E-01  8.9912E-01  2.0418E-01
  3.1854E-01  1.2268E+01 -1.1327E-02  5.0383E-01  2.0582E-01  8.9910E-01  2.0419E-01
  3.2078E-01  1.2276E+01 -1.1340E-02  5.0429E-01  2.0583E-01  8.9908E-01  2.0420E-01
  3.2303E-01  1.2283E+01 -1.1353E-02  5.0475E-01  2.0583E-01  8.9906E-01  2.0421E-01
  3.2527E-01  1.2291E+01 -1.1366E-02  5.0520E-01  2.0584E-01  8.9904E-01  2.0421E-01
  3.2751E-01  1.2298E+01 -1.1379E-02  5.0566E-01  2.0584E-01  8.9902E-01  2.0422E-01
  3.2976E-01  1.2306E+01 -1.1392E-02  5.0612E-01  2.0585E-01  8.9901E-01  2.0423E-01
  3.3200E-01  1.2313E+01 -1.1405E-02  5.0658E-01  2.0585E-01  8.9899E-01  2.0424E-01
  3.3424E-01  1.2321E+01 -1.1418E-02  5.0704E-01  2.0585E-01  8.9897E-01  2.0424E-01
  3.3649E-01  1.2328E+01 -1.1431E-02  5.0750E-01  2.0586E-01  8.9895E-01  2.0425E-01
  3.3873E-01  1.2336E+01 -1.1444E-02  5.0795E-01  2.0586E-01  8.9893E-01  2.0426E-01
  3.4097E-01  1.2343E+01 -1.1457E-02  5.0841E-01  2.0587E-01  8.9891E-01  2.0427E-01
  3.4322E-01  1.2351E+01 -1.1470E-02  5.0887E-01  2.0587E-01  8.9889E-01  2.0428E-01
  3.4546E-01  1.2358E+01 -1.1483E-02  5.0933E-01  2.0588E-01  8.9887E-01  2.0428E-01
  3.4770E-01  1.2366E+01 -1.1496E-02  5.0979E-01  2.0588E-01  8.9885E-01  2.0429E-01
  3.4995E-01  1.2373E+01 -1.1509E-02  5.1025E-01  2.0589E-01  8.9884E-01  2.0430E-01
  3.5219E-01  1.2380E+01 -1.1522E-02  5.1071E-01  2.0589E-01  8.9882E-01  2.0431E-01
  3.5443E-01  1.2388E+01 -1.1535E-02  5.1116E-01  2.0590E-01  8.9880E-01  2.0431E-01
  3.5667E-01  1.2395E+01 -1.1548E-02  5.1162E-01  2.0590E-01  8.9878E-01  2.0432E-01
  3.5892E-01  1.2403E+01 -1.1561E-02  5.1208E-01  2.0591E-01  8.9876E-01  2.0433E-01
  3.6116E-01  1.2410E+01 -1.1574E-02  5.1254E-01  2.0591E-01  8.9874E-01  2.0434E-01
  3.6340E-01  1.2418E+01 -1.1587E-02  5.1300E-01  2.0592E-01  8.9872E-01  2.0434E-01
  3.6565E-01  1.2425E+01 -1.1600E-02  5.1346E-01  2.0592E-01  8.9870E-01  2.0435E-01
  3.6789E-01  1.2433E+01 -1.1613E-02  5.1392E-01  2.0592E-01  8.9868E-01  2.0436E-01
  3.7013E-01  1.2440E+01 -1.1626E-02  5.1437E-01  2.0593E-01  8.9866E-01  2.0437E-01
  3.7238E-01  1.2448E+01 -1.1639E-02  5.1483E-01  2.0593E-01  8.9864E-01  2.0437E-01
  3.7462E-01  1.2455E+01 -1.1652E-02  5.1529E-01  2.0594E-01  8.9863E-01  2.0438E-01
  3.7686E-01  1.2463E+01 -1.1665E-02  5.1575E-01  2.0594E-01  8.9861E-01  2.0439E-01
  3.7911E-01  1.2470E+01 -1.1678E-02  5.1621E-01  2.0595E-01  8.9859E-01  2.0440E-01
  3.8135E-01  1.2478E+01 -1.1691E-02  5.1667E-01  2.0595E-01  8.9857E-01  2.0440E-01
  3.8359E-01  1.2485E+01 -1.1704E-02  5.1713E-01  2.0596E-01  8.9855E-01  2.0441E-01
  3.8584E-01  1.2493E+01 -1.1717E-02  5.1759E-01  2.0596E-01  8.9853E-01  2.0442E-01
  3.8808E-01  1.2500E+01 -1.1730E-02  5.1804E-01  2.0597E-01  8.9851E-01  2.0443E-01
  3.9032E-01  1.2508E+01 -1.1743E-02  5.1850E-01  2.0597E-01  8.9849E-01  2.0443E-01
  3.9257E-01  1.2515E+01 -1.1756E-02  5.1896E-01  2.0598E-01  8.9847E-01  2.0444E-01
  3.9481E-01  1.2523E+01 -1.1769E-02  5.1942E-01  2.0598E-01  8.9845E-01  2.0445E-01
  3.9705E-01  1.2530E+01 -1.1782E-02  5.1988E-01  2.0598E-01  8.9843E-01  2.0446E-01
  3.9930E-01  1.2538E+01 -1.1795E-02  5.2034E-01  2.0599E-01  8.9841E-01  2.0446E-01
  4.0154E-01  1.2545E+01 -1.1808E-02  5.2080E-01  2.0599E-01  8.9840E-01  2.0447E-01
  4.0378E-01  1.2553E+01 -1.1821E-02  5.2126E-01  2.0600E-01  8.9838E-01  2.0448E-01
  4.0603E-01  1.2560E+01 -1.1834E-02  5.2172E-01  2.0600E-01  8.9836E-01  2.0449E-01
  4.0827E-01  1.2568E+01 -1.1847E-02  5.2217E-01  2.0601E-01  8.9834E-01  2.0449E-01
  4.1051E-01  1.2575E+01 -1.1860E-02  5.2263E-01  2.0601E-01  8.9832E-01  2.0450E-01
  4.1276E-01  1.2583E+01 -1.1873E-02  5.2309E-01  2.0602E-01  8.9830E-01  2.0451E-01
  4.1500E-01  1.2590E+01 -1.1886E-02  5.2355E-01  2.0602E-01  8.9828E-01  2.0452E-01
  4.1724E-01  1.2597E+01 -1.1899E-02  5.2401E-01  2.0603E-01  8.9826E-01  2.0452E-01
  4.1949E-01  1.2605E+01 -1.1912E-02  5.2447E-01  2.0603E-01  8.9824E-01  2.0453E-01
  4.2173E-01  1.2612E+01 -1.1925E-02  5.2493E-01  2.0604E-01  8.9822E-01  2.0454E-01
  4.2397E-01  1.2620E+01 -1.1938E-02  5.2539E-01  2.0604E-01  8.9820E-01  2.0454E-01
  4.2622E-01  1.2627E+01 -1.1951E-02  5.2585E-01  2.0604E-01  8.9818E-01  2.0455E-01
  4.2846E-01  1.2635E+01 -1.1964E-02  5.2631E-01  2.0605E-01  8.9816E-01  2.0456E-01
  4.3070E-01  1.2642E+01 -1.1977E-02  5.2677E-01  2.0605E-01  8.9814E-01  2.0457E-01
  4.3294E-01  1.2650E+01 -1.1990E-02  5.2722E-01  2.0606E-01  8.9813E-01  2.0457E-01
  4.3519E-01  1.2657E+01 -1.2003E-02  5.2768E-01  2.0606E-01  8.9811E-01  2.0458E-01
  4.3743E-01  1.2665E+01 -1.2016E-02  5.2814E-01  2.0607E-01  8.9809E-01  2.0459E-01
  4.3967E-01  1.2672E+01 -1.2029E-02  5.2860E-01  2.0607E-01  8.9807E-01  2.0460E-01
  4.4192E-01  1.2680E+01 -1.2042E-02  5.2906E-01  2.0608E-01  8.9805E-01  2.0460E-01
  4.4416E-01  1.2687E+01 -1.2055E-02  5.2952E-01  2.0608E-01  8.9803E-01  2.0461E-01
  4.4640E-01  1.2695E+01 -1.2068E-02  5.2998E-01  2.0609E-01  8.9801E-01  2.0462E-01
  4.4865E-01  1.2702E+01 -1.2081E-02  5.3044E-01  2.0609E-01  8.9799E-01  2.0462E-01
  4.5089E-01  1.2710E+01 -1.2094E-02  5.3090E-01  2.0609E-01  8.9797E-01  2.0463E-01
  4.5313E-01  1.2717E+01 -1.2107E-02  5.3136E-01  2.0610E-01  8.9795E-01  2.0464E-01
  4.5538E-01  1.2725E+01 -1.2120E-02  5.3182E-01  2.0610E-01  8.9793E-01  2.0465E-01
  4.5762E-01  1.2732E+01 -1.2133E-02  5.3228E-01  2.0611E-01  8.9791E-01  2.0465E-01
  4.5986E-01  1.2740E+01 -1.2146E-02  5.3274E-01  2.0611E-01  8.9789E-01  2.0466E-01
  4.6211E-01  1.2747E+01 -1.2159E-02  5.3319E-01  2.0612E-01  8.9787E-01  2.0467E-01
  4.6435E-01  1.2755E+01 -1.2172E-02  5.3365E-01  2.0612E-01  8.9785E-01  2.0467E-01
  4.6659E-01  1.2762E+01 -1.2185E-02  5.3411E-01  2.0613E-01  8.9783E-01  2.0468E-01
  4.6884E-01  1.2770E+01 -1.2198E-02  5.3457E-01  2.0613E-01  8.9781E-01  2.0469E-01
  4.7108E-01  1.2777E+01 -1.2211E-02  5.3503E-01  2.0614E-01  8.9779E-01  2.0470E-01
  4.7332E-01  1.2785E+01 -1.2224E-02  5.3549E-01  2.0614E-01  8.9778E-01  2.0470E-01
  4.7557E-01  1.2792E+01 -1.2237E-02  5.3595E-01  2.0614E-01  8.9776E-01  2.0471E-01
  4.7781E-01  1.2800E+01 -1.2250E-02  5.3641E-01  2.0615E-01  8.9774E-01  2.0472E-01
  4.8005E-01  1.2807E+01 -1.2263E-02  5.3687E-01  2.0615E-01  8.9772E-01  2.0472E-01
  4.8230E-01  1.2815E+01 -1.2276E-02  5.3733E-01  2.0616E-01  8.9770E-01  2.0473E-01
  4.8454E-01  1.2822E+01 -1.2289E-02  5.3779E-01  2.0616E-01  8.9768E-01  2.0474E-01
  4.8678E-01  1.2829E+01 -1.2302E-02  5.3825E-01  2.0617E-01  8.9766E-01  2.0475E-01
  4.8903E-01  1.2837E+01 -1.2315E-02  5.3871E-01  2.0617E-01  8.9764E-01  2.0475E-01
  4.9127E-01  1.2844E+01 -1.2328E-02  5.3917E-01  2.0617E-01  8.9760E-01  2.0475E-01
  4.9351E-01  1.2852E+01 -1.2341E-02  5.3963E-01  2.0612E-01  8.9756E-01  2.0471E-01
  4.9576E-01  1.2859E+01 -1.2354E-02  5.4009E-01  2.0602E-01  8.9748E-01  2.0460E-01
  4.9800E-01  1.2867E+01 -1.2367E-02  5.4055E-01  2.0575E-01  8.9734E-01  2.0434E-01
  5.0024E-01  1.2874E+01 -1.2380E-02  5.4100E-01  2.0513E-01  8.9708E-01  2.0372E-01
  5.0249E-01  1.2882E+01 -1.2393E-02  5.4146E-01  2.0378E-01  8.9673E-01  2.0236E-01
  5.0473E-01  1.2889E+01 -1.2405E-02  5.4191E-01  2.0117E-01  8.9655E-01  1.9974E-01
  5.0697E-01  1.2897E+01 -1.2418E-02  5.4235E-01  1.9693E-01  8.9684E-01  1.9546E-01
  5.0922E-01  1.2904E+01 -1.2430E-02  5.4279E-01  1.9118E-01  8.9742E-01  1.8968E-01
  5.1146E-01  1.2912E+01 -1.2442E-02  5.4321E-01  1.8445E-01  8.9788E-01  1.8289E-01
  5.1370E-01  1.2919E+01 -1.2454E-02  5.4361E-01  1.7719E-01  8.9813E-01  1.7557E-01
  5.1594E-01  1.2927E+01 -1.2465E-02  5.4399E-01  1.6970E-01  8.9823E-01  1.6800E-01
  5.1819E-01  1.2934E+01 -1.2476E-02  5.4436E-01  1.6211E-01  8.9827E-01  1.6033E-01
  5.2043E-01  1.2942E+01 -1.2486E-02  5.4471E-01  1.5447E-01  8.9826E-01  1.5261E-01
  5.2267E-01  1.2949E+01 -1.2496E-02  5.4505E-01  1.4681E-01  8.9827E-01  1.4485E-01
  5.2492E-01  1.2957E+01 -1.2506E-02  5.4536E-01  1.3916E-01  8.9825E-01  1.3709E-01
  5.2716E-01  1.2964E+01 -1.2515E-02  5.4566E-01  1.3151E-01  8.9824E-01  1.2933E-01
  5.2940E-01  1.2972E+01 -1.2524E-02  5.4594E-01  1.2388E-01  8.9822E-01  1.2156E-01
  5.3165E-01  1.2979E+01 -1.2532E-02  5.4621E-01  1.1625E-01  8.9820E-01  1.1379E-01
  5.3389E-01  1.2987E+01 -1.2540E-02  5.4645E-01  1.0865E-01  8.9819E-01  1.0601E-01
  5.3613E-01  1.2994E+01 -1.2547E-02  5.4668E-01  1.0107E-01  8.9817E-01  9.8228E-02
  5.3838E-01  1.3002E+01 -1.2555E-02  5.4690E-01  9.3524E-02  8.9815E-01  9.0445E-02
  5.4062E-01  1.3009E+01 -1.2561E-02  5.4709E-01  8.6015E-02  8.9814E-01  8.2659E-02
  5.4286E-01  1.3017E+01 -1.2568E-02  5.4727E-01  7.8557E-02  8.9812E-01  7.4870E-02
  5.4511E-01  1.3024E+01 -1.2574E-02  5.4743E-01  7.1168E-02  8.9810E-01  6.7079E-02
  5.4735E-01  1.3032E+01 -1.2579E-02  5.4757E-01  6.3873E-02  8.9808E-01  5.9285E-02
  5.4959E-01  1.3039E+01 -1.2584E-02  5.4769E-01  5.6710E-02  8.9807E-01  5.1490E-02
  5.5184E-01  1.3046E+01 -1.2589E-02  5.4780E-01  4.9735E-02  8.9805E-01  4.3693E-02
  5.5408E-01  1.3054E+01 -1.2593E-02  5.4789E-01  4.3044E-02  8.9803E-01  3.5895E-02
  5.5632E-01  1.3061E+01 -1.2597E-02  5.4796E-01  3.6790E-02  8.9802E-01  2.8095E-02
  5.5857E-01  1.3069E+01 -1.2601E-02  5.4801E-01  3.1239E-02  8.9800E-01  2.0295E-02
  5.6081E-01  1.3076E+01 -1.2604E-02  5.4805E-01  2.6833E-02  8.9798E-01  1.2494E-02
  5.6305E-01  1.3084E+01 -1.2607E-02  5.4807E-01  2.4205E-02  8.9796E-01  4.6924E-03
  5.6530E-01  1.3091E+01 -1.2609E-02  5.4807E-01  2.3948E-02  8.9795E-01 -3.1092E-03
  5.6754E-01  1.3099E+01 -1.2611E-02  5.4806E-01  2.6132E-02  8.9793E-01 -1.0911E-02
  5.6978E-01  1.3106E+01 -1.2612E-02  5.4802E-01  3.0233E-02  8.9791E-01 -1.8712E-02
  5.7203E-01  1.3114E+01 -1.2613E-02  5.4797E-01  3.5593E-02  8.9790E-01 -2.6512E-02
  5.7427E-01  1.3121E+01 -1.2614E-02  5.4790E-01  4.1730E-02  8.9788E-01 -3.4312E-02
  5.7651E-01  1.3129E+01 -1.2614E-02  5.4782E-01  4.8348E-02  8.9786E-01 -4.2111E-02
  5.7876E-01  1.3136E+01 -1.2614E-02  5.4772E-01  5.5274E-02  8.9784E-01 -4.9908E-02
  5.8100E-01  1.3144E+01 -1.2614E-02  5.4759E-01  6.2405E-02  8.9783E-01 -5.7704E-02
  5.8324E-01  1.3151E+01 -1.2613E-02  5.4746E-01  6.9677E-02  8.9781E-01 -6.5497E-02
  5.8549E-01  1.3159E+01 -1.2611E-02  5.4730E-01  7.7049E-02  8.9779E-01 -7.3289E-02
  5.8773E-01  1.3166E+01 -1.2609E-02  5.4713E-01  8.4494E-02  8.9778E-01 -8.1079E-02
  5.8997E-01  1.3174E+01 -1.2607E-02  5.4694E-01  9.1995E-02  8.9776E-01 -8.8865E-02
  5.9221E-01  1.3181E+01 -1.2605E-02  5.4673E-01  9.9522E-02  8.9774E-01 -9.6635E-02
  5.9446E-01  1.3189E+01 -1.2602E-02  5.4650E-01  1.0705E-01  8.9772E-01 -1.0436E-01
  5.9670E-01  1.3196E+01 -1.2598E-02  5.4626E-01  1.1452E-01  8.9770E-01 -1.1202E-01
  5.9894E-01  1.3204E+01 -1.2595E-02  5.4600E-01  1.2184E-01  8.9768E-01 -1.1949E-01
  6.0119E-01  1.3211E+01 -1.2590E-02  5.4572E-01  1.2879E-01  8.9764E-01 -1.2657E-01
  6.0343E-01  1.3219E+01 -1.2586E-02  5.4543E-01  1.3497E-01  8.9756E-01 -1.3285E-01
  6.0567E-01  1.3226E+01 -1.2581E-02  5.4513E-01  1.3984E-01  8.9740E-01 -1.3779E-01
  6.0792E-01  1.3234E+01 -1.2576E-02  5.4482E-01  1.4306E-01  8.9715E-01 -1.4106E-01
  6.1016E-01  1.3241E+01 -1.2571E-02  5.4450E-01  1.4484E-01  8.9692E-01 -1.4286E-01
  6.1240E-01  1.3249E+01 -1.2566E-02  5.4417E-01  1.4569E-01  8.9676E-01 -1.4372E-01
  6.1465E-01  1.3256E+01 -1.2561E-02  5.4385E-01  1.4606E-01  8.9667E-01 -1.4409E-01
  6.1689E-01  1.3264E+01 -1.2556E-02  5.4353E-01  1.4621E-01  8.9662E-01 -1.4424E-01
  6.1913E-01  1.3271E+01 -1.2551E-02  5.4320E-01  1.4627E-01  8.9659E-01 -1.4430E-01
  6.2138E-01  1.3278E+01 -1.2545E-02  5.4288E-01  1.4629E-01  8.9658E-01 -1.4432E-01
  6.2362E-01  1.3286E+01 -1.2540E-02  5.4256E-01  1.4629E-01  8.9654E-01 -1.4431E-01
  6.2586E-01  1.3293E+01 -1.2535E-02  5.4223E-01  1.4628E-01  8.9652E-01 -1.4431E-01
  6.2811E-01  1.3301E+01 -1.2530E-02  5.4191E-01  1.4628E-01  8.9651E-01 -1.4430E-01
  6.3035E-01  1.3308E+01 -1.2525E-02  5.4159E-01  1.4627E-01  8.9649E-01 -1.4429E-01
  6.3259E-01  1.3316E+01 -1.2520E-02  5.4126E-01  1.4627E-01  8.9647E-01 -1.4429E-01
  6.3484E-01  1.3323E+01 -1.2514E-02  5.4094E-01  1.4627E-01  8.9645E-01 -1.4428E-01
  6.3708E-01  1.3331E+01 -1.2509E-02  5.4061E-01  1.4626E-01  8.9643E-01 -1.4427E-01
  6.3932E-01  1.3338E+01 -1.2504E-02  5.4029E-01  1.4626E-01  8.9641E-01 -1.4427E-01
  6.4157E-01  1.3346E+01 -1.2499E-02  5.3997E-01  1.4625E-01  8.9640E-01 -1.4426E-01
  6.4381E-01  1.3353E+01 -1.2494E-02  5.3964E-01  1.4625E-01  8.9638E-01 -1.4425E-01
  6.4605E-01  1.3361E+01 -1.2489E-02  5.3932E-01  1.4624E-01  8.9636E-01 -1.4425E-01
  6.4830E-01  1.3368E+01 -1.2483E-02  5.3899E-01  1.4624E-01  8.9634E-01 -1.4424E-01
  6.5054E-01  1.3376E+01 -1.2478E-02  5.3867E-01  1.4623E-01  8.9632E-01 -1.4423E-01
  6.5278E-01  1.3383E+01 -1.2473E-02  5.3835E-01  1.4623E-01  8.9630E-01 -1.4422E-01
  6.5503E-01  1.3391E+01 -1.2468E-02  5.3802E-01  1.4622E-01  8.9629E-01 -1.4422E-01
  6.5727E-01  1.3398E+01 -1.2463E-02  5.3770E-01  1.4622E-01  8.9627E-01 -1.4421E-01
  6.5951E-01  1.3406E+01 -1.2458E-02  5.3738E-01  1.4622E-01  8.9625E-01 -1.4420E-01
  6.6176E-01  1.3413E+01 -1.2452E-02  5.3705E-01  1.4621E-01  8.9623E-01 -1.4420E-01
  6.6400E-01  1.3421E+01 -1.2447E-02  5.3673E-01  1.4621E-01  8.9621E-01 -1.4419E-01
  6.6624E-01  1.3428E+01 -1.2442E-02  5.3641E-01  1.4620E-01  8.9619E-01 -1.4418E-01
  6.6848E-01  1.3436E+01 -1.2437E-02  5.3608E-01  1.4620E-01  8.9618E-01 -1.4418E-01
  6.7073E-01  1.3443E+01 -1.2432E-02  5.3576E-01  1.4619E-01  8.9616E-01 -1.4417E-01
  6.7297E-01  1.3451E+01 -1.2427E-02  5.3544E-01  1.4619E-01  8.9614E-01 -1.4416E-01
  6.7521E-01  1.3458E+01 -1.2421E-02  5.3511E-01  1.4618E-01  8.9612E-01 -1.4416E-01
  6.7746E-01  1.3466E+01 -1.2416E-02  5.3479E-01  1.4618E-01  8.9610E-01 -1.4415E-01
  6.7970E-01  1.3473E+01 -1.2411E-02  5.3446E-01  1.4618E-01  8.9609E-01 -1.4414E-01
  6.8194E-01  1.3481E+01 -1.2406E-02  5.3414E-01  1.4617E-01  8.9607E-01 -1.4413E-01
  6.8419E-01  1.3488E+01 -1.2401E-02  5.3382E-01  1.4617E-01  8.9605E-01 -1.4413E-01
  6.8643E-01  1.3496E+01 -1.2396E-02  5.3349E-01  1.4616E-01  8.9603E-01 -1.4412E-01
  6.8867E-01  1.3503E+01 -1.2390E-02  5.3317E-01  1.4616E-01  8.9601E-01 -1.4411E-01
  6.9092E-01  1.3510E+01 -1.2385E-02  5.3285E-01  1.4615E-01  8.9600E-01 -1.4411E-01
  6.9316E-01  1.3518E+01 -1.2380E-02  5.3252E-01  1.4615E-01  8.9598E-01 -1.4410E-01
  6.9540E-01  1.3525E+01 -1.2375E-02  5.3220E-01  1.4614E-01  8.9596E-01 -1.4409E-01
  6.9765E-01  1.3533E+01 -1.2370E-02  5.3188E-01  1.4614E-01  8.9594E-01 -1.4409E-01
  6.9989E-01  1.3540E+01 -1.2365E-02  5.3155E-01  1.4613E-01  8.9592E-01 -1.4408E-01
  7.0213E-01  1.3548E+01 -1.2359E-02  5.3123E-01  1.4613E-01  8.9591E-01 -1.4407E-01
  7.0438E-01  1.3555E+01 -1.2354E-02  5.3091E-01  1.4613E-01  8.9589E-01 -1.4406E-01
  7.0662E-01  1.3563E+01 -1.2349E-02  5.3058E-01  1.4612E-01  8.9587E-01 -1.4406E-01
  7.0886E-01  1.3570E+01 -1.2344E-02  5.3026E-01  1.4612E-01  8.9585E-01 -1.4405E-01
  7.1111E-01  1.3578E+01 -1.2339E-02  5.2994E-01  1.4611E-01  8.9583E-01 -1.4404E-01
  7.1335E-01  1.3585E+01 -1.2334E-02  5.2961E-01  1.4611E-01  8.9582E-01 -1.4404E-01
  7.1559E-01  1.3593E+01 -1.2328E-02  5.2929E-01  1.4610E-01  8.9580E-01 -1.4403E-01
  7.1784E-01  1.3600E+01 -1.2323E-02  5.2897E-01  1.4610E-01  8.9578E-01 -1.4402E-01
  7.1836E-01  1.3602E+01 -1.2322E-02  5.2889E-01  1.4610E-01  8.9578E-01 -1.4402E-01
  7.2004E-01  1.3608E+01 -1.2318E-02  5.2865E-01  1.4609E-01  8.9576E-01 -1.4402E-01
  7.2232E-01  1.3615E+01 -1.2313E-02  5.2832E-01  1.4609E-01  8.9574E-01 -1.4401E-01
  7.2457E-01  1.3623E+01 -1.2308E-02  5.2800E-01  1.4609E-01  8.9573E-01 -1.4400E-01
  7.2681E-01  1.3630E+01 -1.2303E-02  5.2767E-01  1.4608E-01  8.9571E-01 -1.4399E-01
  7.2905E-01  1.3638E+01 -1.2297E-02  5.2735E-01  1.4608E-01  8.9569E-01 -1.4399E-01
  7.3130E-01  1.3645E+01 -1.2292E-02  5.2703E-01  1.4607E-01  8.9567E-01 -1.4398E-01
  7.3354E-01  1.3653E+01 -1.2287E-02  5.2671E-01  1.4607E-01  8.9565E-01 -1.4397E-01
  7.3578E-01  1.3660E+01 -1.2282E-02  5.2638E-01  1.4606E-01  8.9564E-01 -1.4397E-01
  7.3803E-01  1.3668E+01 -1.2277E-02  5.2606E-01  1.4606E-01  8.9562E-01 -1.4396E-01
  7.4027E-01  1.3675E+01 -1.2272E-02  5.2574E-01  1.4605E-01  8.9560E-01 -1.4395E-01
  7.4251E-01  1.3683E+01 -1.2266E-02  5.2541E-01  1.4605E-01  8.9558E-01 -1.4395E-01
  7.4476E-01  1.3690E+01 -1.2261E-02  5.2509E-01  1.4605E-01  8.9557E-01 -1.4394E-01
  7.4700E-01  1.3698E+01 -1.2256E-02  5.2477E-01  1.4604E-01  8.9555E-01 -1.4393E-01
  7.4924E-01  1.3705E+01 -1.2251E-02  5.2444E-01  1.4604E-01  8.9553E-01 -1.4392E-01
  7.5148E-01  1.3713E+01 -1.2246E-02  5.2412E-01  1.4603E-01  8.9551E-01 -1.4392E-01
  7.5373E-01  1.3720E+01 -1.2241E-02  5.2380E-01  1.4603E-01  8.9549E-01 -1.4391E-01
  7.5597E-01  1.3727E+01 -1.2235E-02  5.2348E-01  1.4602E-01  8.9548E-01 -1.4390E-01
  7.5821E-01  1.3735E+01 -1.2230E-02  5.2315E-01  1.4602E-01  8.9546E-01 -1.4390E-01
  7.6046E-01  1.3742E+01 -1.2225E-02  5.2283E-01  1.4601E-01  8.9544E-01 -1.4389E-01
  7.6270E-01  1.3750E+01 -1.2220E-02  5.2251E-01  1.4601E-01  8.9542E-01 -1.4388E-01
  7.6494E-01  1.3757E+01 -1.2215E-02  5.2218E-01  1.4601E-01  8.9541E-01 -1.4388E-01
  7.6719E-01  1.3765E+01 -1.2210E-02  5.2186E-01  1.4600E-01  8.9539E-01 -1.4387E-01
  7.6943E-01  1.3772E+01 -1.2204E-02  5.2154E-01  1.4600E-01  8.9537E-01 -1.4386E-01
  7.7167E-01  1.3780E+01 -1.2199E-02  5.2122E-01  1.4599E-01  8.9535E-01 -1.4385E-01
  7.7392E-01  1.3787E+01 -1.2194E-02  5.2089E-01  1.4599E-01  8.9534E-01 -1.4385E-01
  7.7616E-01  1.3795E+01 -1.2189E-02  5.2057E-01  1.4598E-01  8.9532E-01 -1.4384E-01
  7.7840E-01  1.3802E+01 -1.2184E-02  5.2025E-01  1.4598E-01  8.9530E-01 -1.4383E-01
  7.8065E-01  1.3810E+01 -1.2179E-02  5.1992E-01  1.4597E-01  8.9528E-01 -1.4383E-01
  7.8289E-01  1.3817E+01 -1.2173E-02  5.1960E-01  1.4597E-01  8.9527E-01 -1.4382E-01
  7.8513E-01  1.3825E+01 -1.2168E-02  5.1928E-01  1.4597E-01  8.9525E-01 -1.4381E-01
  7.8738E-01  1.3832E+01 -1.2163E-02  5.1896E-01  1.4596E-01  8.9523E-01 -1.4380E-01
  7.8962E-01  1.3840E+01 -1.2158E-02  5.1863E-01  1.4596E-01  8.9521E-01 -1.4380E-01
  7.9186E-01  1.3847E+01 -1.2153E-02  5.1831E-01  1.4595E-01  8.9520E-01 -1.4379E-01
  7.9411E-01  1.3855E+01 -1.2148E-02  5.1799E-01  1.4595E-01  8.9518E-01 -1.4378E-01
  7.9635E-01  1.3862E+01 -1.2142E-02  5.1766E-01  1.4594E-01  8.9516E-01 -1.4378E-01
  7.9859E-01  1.3870E+01 -1.2137E-02  5.1734E-01  1.4594E-01  8.9514E-01 -1.4377E-01
  8.0084E-01  1.3877E+01 -1.2132E-02  5.1702E-01  1.4594E-01  8.9513E-01 -1.4376E-01
  8.0308E-01  1.3885E+01 -1.2127E-02  5.1670E-01  1.4593E-01  8.9511E-01 -1.4375E-01
  8.0532E-01  1.3892E+01 -1.2122E-02  5.1637E-01  1.4593E-01  8.9509E-01 -1.4375E-01
  8.0757E-01  1.3900E+01 -1.2117E-02  5.1605E-01  1.4592E-01  8.9507E-01 -1.4374E-01
  8.0981E-01  1.3907E+01 -1.2111E-02  5.1573E-01  1.4592E-01  8.9506E-01 -1.4373E-01
  8.1205E-01  1.3915E+01 -1.2106E-02  5.1541E-01  1.4591E-01  8.9504E-01 -1.4373E-01
  8.1430E-01  1.3922E+01 -1.2101E-02  5.1508E-01  1.4591E-01  8.9502E-01 -1.4372E-01
  8.1654E-01  1.3930E+01 -1.2096E-02  5.1476E-01  1.4590E-01  8.9500E-01 -1.4371E-01
  8.1878E-01  1.3937E+01 -1.2091E-02  5.1444E-01  1.4590E-01  8.9499E-01 -1.4370E-01
  8.2103E-01  1.3945E+01 -1.2086E-02  5.1412E-01  1.4590E-01  8.9497E-01 -1.4370E-01
  8.2327E-01  1.3952E+01 -1.2080E-02  5.1379E-01  1.4589E-01  8.9495E-01 -1.4369E-01
  8.2551E-01  1.3959E+01 -1.2075E-02  5.1347E-01  1.4589E-01  8.9493E-01 -1.4368E-01
  8.2775E-01  1.3967E+01 -1.2070E-02  5.1315E-01  1.4588E-01  8.9492E-01 -1.4368E-01
  8.3000E-01  1.3974E+01 -1.2065E-02  5.1283E-01  1.4588E-01  8.9490E-01 -1.4367E-01
  8.3224E-01  1.3982E+01 -1.2060E-02  5.1250E-01  1.4587E-01  8.9488E-01 -1.4366E-01
  8.3448E-01  1.3989E+01 -1.2055E-02  5.1218E-01  1.4587E-01  8.9487E-01 -1.4365E-01
  8.3673E-01  1.3997E+01 -1.2049E-02  5.1186E-01  1.4586E-01  8.9485E-01 -1.4365E-01
  8.3897E-01  1.4004E+01 -1.2044E-02  5.1154E-01  1.4586E-01  8.9483E-01 -1.4364E-01
  8.4121E-01  1.4012E+01 -1.2039E-02  5.1121E-01  1.4586E-01  8.9481E-01 -1.4363E-01
  8.4346E-01  1.4019E+01 -1.2034E-02  5.1089E-01  1.4585E-01  8.9480E-01 -1.4363E-01
  8.4570E-01  1.4027E+01 -1.2029E-02  5.1057E-01  1.4585E-01  8.9478E-01 -1.4362E-01
  8.4794E-01  1.4034E+01 -1.2024E-02  5.1025E-01  1.4584E-01  8.9476E-01 -1.4361E-01
  8.5019E-01  1.4042E+01 -1.2018E-02  5.0993E-01  1.4584E-01  8.9474E-01 -1.4360E-01
  8.5243E-01  1.4049E+01 -1.2013E-02  5.0960E-01  1.4583E-01  8.9473E-01 -1.4360E-01
  8.5467E-01  1.4057E+01 -1.2008E-02  5.0928E-01  1.4583E-01  8.9471E-01 -1.4359E-01
  8.5692E-01  1.4064E+01 -1.2003E-02  5.0896E-01  1.4583E-01  8.9469E-01 -1.4358E-01
  8.5916E-01  1.4072E+01 -1.1998E-02  5.0864E-01  1.4582E-01  8.9468E-01 -1.4358E-01
  8.6140E-01  1.4079E+01 -1.1993E-02  5.0831E-01  1.4582E-01  8.9466E-01 -1.4357E-01
  8.6365E-01  1.4087E+01 -1.1987E-02  5.0799E-01  1.4581E-01  8.9464E-01 -1.4356E-01
  8.6589E-01  1.4094E+01 -1.1982E-02  5.0767E-01  1.4581E-01  8.9462E-01 -1.4355E-01
  8.6813E-01  1.4102E+01 -1.1977E-02  5.0735E-01  1.4580E-01  8.9461E-01 -1.4355E-01
  8.7038E-01  1.4109E+01 -1.1972E-02  5.0703E-01  1.4580E-01  8.9459E-01 -1.4354E-01
  8.7262E-01  1.4117E+01 -1.1967E-02  5.0670E-01  1.4580E-01  8.9457E-01 -1.4353E-01
  8.7486E-01  1.4124E+01 -1.1962E-02  5.0638E-01  1.4579E-01  8.9456E-01 -1.4353E-01
  8.7711E-01  1.4132E+01 -1.1956E-02  5.0606E-01  1.4579E-01  8.9454E-01 -1.4352E-01
  8.7935E-01  1.4139E+01 -1.1951E-02  5.0574E-01  1.4578E-01  8.9452E-01 -1.4351E-01
  8.8159E-01  1.4147E+01 -1.1946E-02  5.0542E-01  1.4578E-01  8.9451E-01 -1.4350E-01
  8.8384E-01  1.4154E+01 -1.1941E-02  5.0509E-01  1.4577E-01  8.9449E-01 -1.4350E-01
  8.8608E-01  1.4162E+01 -1.1936E-02  5.0477E-01  1.4577E-01  8.9447E-01 -1.4349E-01
  8.8832E-01  1.4169E+01 -1.1930E-02  5.0445E-01  1.4576E-01  8.9445E-01 -1.4348E-01
  8.9057E-01  1.4176E+01 -1.1925E-02  5.0413E-01  1.4576E-01  8.9444E-01 -1.4347E-01
  8.9281E-01  1.4184E+01 -1.1920E-02  5.0381E-01  1.4576E-01  8.9442E-01 -1.4347E-01
  8.9505E-01  1.4191E+01 -1.1915E-02  5.0348E-01  1.4575E-01  8.9440E-01 -1.4346E-01
  8.9730E-01  1.4199E+01 -1.1910E-02  5.0316E-01  1.4575E-01  8.9439E-01 -1.4345E-01
  8.9954E-01  1.4206E+01 -1.1905E-02  5.0284E-01  1.4574E-01  8.9437E-01 -1.4345E-01
  9.0178E-01  1.4214E+01 -1.1899E-02  5.0252E-01  1.4574E-01  8.9435E-01 -1.4344E-01
  9.0402E-01  1.4221E+01 -1.1894E-02  5.0220E-01  1.4573E-01  8.9434E-01 -1.4343E-01
  9.0627E-01  1.4229E+01 -1.1889E-02  5.0187E-01  1.4573E-01  8.9432E-01 -1.4342E-01
  9.0851E-01  1.4236E+01 -1.1884E-02  5.0155E-01  1.4573E-01  8.9430E-01 -1.4342E-01
  9.1075E-01  1.4244E+01 -1.1879E-02  5.0123E-01  1.4572E-01  8.9429E-01 -1.4341E-01
  9.1300E-01  1.4251E+01 -1.1874E-02  5.0091E-01  1.4572E-01  8.9427E-01 -1.4340E-01
  9.1524E-01  1.4259E+01 -1.1868E-02  5.0059E-01  1.4571E-01  8.9425E-01 -1.4339E-01
  9.1748E-01  1.4266E+01 -1.1863E-02  5.0026E-01  1.4571E-01  8.9424E-01 -1.4339E-01
  9.1973E-01  1.4274E+01 -1.1858E-02  4.9994E-01  1.4570E-01  8.9422E-01 -1.4338E-01
  9.2197E-01  1.4281E+01 -1.1853E-02  4.9962E-01  1.4570E-01  8.9420E-01 -1.4337E-01
  9.2421E-01  1.4289E+01 -1.1848E-02  4.9930E-01  1.4570E-01  8.9418E-01 -1.4336E-01
  9.2646E-01  1.4296E+01 -1.1843E-02  4.9898E-01  1.4569E-01  8.9417E-01 -1.4336E-01
  9.2870E-01  1.4304E+01 -1.1837E-02  4.9866E-01  1.4569E-01  8.9415E-01 -1.4335E-01
  9.3094E-01  1.4311E+01 -1.1832E-02  4.9833E-01  1.4568E-01  8.9413E-01 -1.4334E-01
  9.3319E-01  1.4319E+01 -1.1827E-02  4.9801E-01  1.4568E-01  8.9412E-01 -1.4334E-01
  9.3543E-01  1.4326E+01 -1.1822E-02  4.9769E-01  1.4567E-01  8.9410E-01 -1.4333E-01
  9.3767E-01  1.4334E+01 -1.1817E-02  4.9737E-01  1.4567E-01  8.9408E-01 -1.4332E-01
  9.3992E-01  1.4341E+01 -1.1811E-02  4.9705E-01  1.4567E-01  8.9407E-01 -1.4331E-01
  9.4216E-01  1.4349E+01 -1.1806E-02  4.9673E-01  1.4566E-01  8.9405E-01 -1.4331E-01
  9.4440E-01  1.4356E+01 -1.1801E-02  4.9640E-01  1.4566E-01  8.9403E-01 -1.4330E-01
  9.4665E-01  1.4364E+01 -1.1796E-02  4.9608E-01  1.4565E-01  8.9402E-01 -1.4329E-01
  9.4889E-01  1.4371E+01 -1.1791E-02  4.9576E-01  1.4565E-01  8.9400E-01 -1.4328E-01
  9.5113E-01  1.4379E+01 -1.1786E-02  4.9544E-01  1.4564E-01  8.9398E-01 -1.4328E-01
  9.5338E-01  1.4386E+01 -1.1780E-02  4.9512E-01  1.4564E-01  8.9397E-01 -1.4327E-01
  9.5562E-01  1.4394E+01 -1.1775E-02  4.9480E-01  1.4564E-01  8.9395E-01 -1.4326E-01
  9.5786E-01  1.4401E+01 -1.1770E-02  4.9447E-01  1.4563E-01  8.9393E-01 -1.4325E-01
  9.6011E-01  1.4408E+01 -1.1765E-02  4.9415E-01  1.4563E-01  8.9392E-01 -1.4325E-01
  9.6235E-01  1.4416E+01 -1.1760E-02  4.9383E-01  1.4562E-01  8.9390E-01 -1.4324E-01
  9.6459E-01  1.4423E+01 -1.1755E-02  4.9351E-01  1.4562E-01  8.9388E-01 -1.4323E-01
  9.6684E-01  1.4431E+01 -1.1749E-02  4.9319E-01  1.4561E-01  8.9387E-01 -1.4322E-01
  9.6908E-01  1.4438E+01 -1.1744E-02  4.9287E-01  1.4561E-01  8.9385E-01 -1.4322E-01
  9.7132E-01  1.4446E+01 -1.1739E-02  4.9255E-01  1.4560E-01  8.9384E-01 -1.4321E-01
  9.7357E-01  1.4453E+01 -1.1734E-02  4.9222E-01  1.4560E-01  8.9382E-01 -1.4320E-01
  9.7581E-01  1.4461E+01 -1.1729E-02  4.9190E-01  1.4560E-01  8.9380E-01 -1.4320E-01
  9.7805E-01  1.4468E+01 -1.1723E-02  4.9158E-01  1.4559E-01  8.9379E-01 -1.4319E-01
  9.8030E-01  1.4476E+01 -1.1718E-02  4.9126E-01  1.4559E-01  8.9377E-01 -1.4318E-01
  9.8254E-01  1.4483E+01 -1.1713E-02  4.9094E-01  1.4558E-01  8.9375E-01 -1.4317E-01
  9.8478E-01  1.4491E+01 -1.1708E-02  4.9062E-01  1.4558E-01  8.9374E-01 -1.4317E-01
  9.8702E-01  1.4498E+01 -1.1703E-02  4.9030E-01  1.4557E-01  8.9372E-01 -1.4316E-01
  9.8927E-01  1.4506E+01 -1.1698E-02  4.8998E-01  1.4557E-01  8.9370E-01 -1.4315E-01
  9.9151E-01  1.4513E+01 -1.1692E-02  4.8965E-01  1.4557E-01  8.9369E-01 -1.4314E-01
  9.9375E-01  1.4521E+01 -1.1687E-02  4.8933E-01  1.4556E-01  8.9367E-01 -1.4314E-01
  9.9600E-01  1.4528E+01 -1.1682E-02  4.8901E-01  1.4556E-01  8.9365E-01 -1.4313E-01
  9.9824E-01  1.4536E+01 -1.1677E-02  4.8869E-01  1.4555E-01  8.9364E-01 -1.4312E-01
  1.0005E+00  1.4543E+01 -1.1672E-02  4.8837E-01  1.4555E-01  8.9362E-01 -1.4311E-01
  1.0027E+00  1.4551E+01 -1.1667E-02  4.8805E-01  1.4555E-01  8.9361E-01 -1.4311E-01
  1.0050E+00  1.4558E+01 -1.1661E-02  4.8773E-01  1.4554E-01  8.9359E-01 -1.4310E-01
  1.0072E+00  1.4566E+01 -1.1656E-02  4.8741E-01  1.4554E-01  8.9357E-01 -1.4309E-01
  1.0095E+00  1.4573E+01 -1.1651E-02  4.8709E-01  1.4553E-01  8.9356E-01 -1.4308E-01
  1.0117E+00  1.4581E+01 -1.1646E-02  4.8676E-01  1.4553E-01  8.9354E-01 -1.4308E-01
  1.0139E+00  1.4588E+01 -1.1641E-02  4.8644E-01  1.4552E-01  8.9352E-01 -1.4307E-01
  1.0162E+00  1.4596E+01 -1.1635E-02  4.8612E-01  1.4552E-01  8.9351E-01 -1.4306E-01
  1.0184E+00  1.4603E+01 -1.1630E-02  4.8580E-01  1.4552E-01  8.9349E-01 -1.4305E-01
  1.0207E+00  1.4611E+01 -1.1625E-02  4.8548E-01  1.4551E-01  8.9348E-01 -1.4305E-01
  1.0229E+00  1.4618E+01 -1.1620E-02  4.8516E-01  1.4551E-01  8.9346E-01 -1.4304E-01
  1.0252E+00  1.4626E+01 -1.1615E-02  4.8484E-01  1.4550E-01  8.9344E-01 -1.4303E-01
  1.0274E+00  1.4633E+01 -1.1610E-02  4.8452E-01  1.4550E-01  8.9343E-01 -1.4302E-01
  1.0296E+00  1.4640E+01 -1.1604E-02  4.8420E-01  1.4549E-01  8.9341E-01 -1.4302E-01
  1.0319E+00  1.4648E+01 -1.1599E-02  4.8387E-01  1.4549E-01  8.9339E-01 -1.4301E-01
  1.0341E+00  1.4655E+01 -1.1594E-02  4.8355E-01  1.4549E-01  8.9338E-01 -1.4300E-01
  1.0364E+00  1.4663E+01 -1.1589E-02  4.8323E-01  1.4548E-01  8.9336E-01 -1.4299E-01
  1.0386E+00  1.4670E+01 -1.1584E-02  4.8291E-01  1.4548E-01  8.9335E-01 -1.4299E-01
  1.0409E+00  1.4678E+01 -1.1578E-02  4.8259E-01  1.4547E-01  8.9333E-01 -1.4298E-01
  1.0431E+00  1.4685E+01 -1.1573E-02  4.8227E-01  1.4547E-01  8.9331E-01 -1.4297E-01
  1.0453E+00  1.4693E+01 -1.1568E-02  4.8195E-01  1.4546E-01  8.9330E-01 -1.4296E-01
  1.0476E+00  1.4700E+01 -1.1563E-02  4.8163E-01  1.4546E-01  8.9328E-01 -1.4295E-01
  1.0498E+00  1.4708E+01 -1.1558E-02  4.8131E-01  1.4546E-01  8.9327E-01 -1.4295E-01
  1.0521E+00  1.4715E+01 -1.1553E-02  4.8099E-01  1.4545E-01  8.9325E-01 -1.4294E-01
  1.0543E+00  1.4723E+01 -1.1547E-02  4.8067E-01  1.4545E-01  8.9323E-01 -1.4293E-01
  1.0566E+00  1.4730E+01 -1.1542E-02  4.8035E-01  1.4544E-01  8.9322E-01 -1.4292E-01
  1.0588E+00  1.4738E+01 -1.1537E-02  4.8002E-01  1.4544E-01  8.9320E-01 -1.4292E-01
  1.0611E+00  1.4745E+01 -1.1532E-02  4.7970E-01  1.4543E-01  8.9319E-01 -1.4291E-01
  1.0633E+00  1.4753E+01 -1.1527E-02  4.7938E-01  1.4543E-01  8.9317E-01 -1.4290E-01
  1.0655E+00  1.4760E+01 -1.1521E-02  4.7906E-01  1.4543E-01  8.9315E-01 -1.4289E-01
  1.0678E+00  1.4768E+01 -1.1516E-02  4.7874E-01  1.4542E-01  8.9314E-01 -1.4289E-01
  1.0700E+00  1.4775E+01 -1.1511E-02  4.7842E-01  1.4542E-01  8.9312E-01 -1.4288E-01
  1.0723E+00  1.4783E+01 -1.1506E-02  4.7810E-01  1.4541E-01  8.9311E-01 -1.4287E-01
  1.0745E+00  1.4790E+01 -1.1501E-02  4.7778E-01  1.4541E-01  8.9309E-01 -1.4286E-01
  1.0768E+00  1.4798E+01 -1.1496E-02  4.7746E-01  1.4540E-01  8.9307E-01 -1.4286E-01
  1.0790E+00  1.4805E+01 -1.1490E-02  4.7714E-01  1.4540E-01  8.9306E-01 -1.4285E-01
  1.0812E+00  1.4813E+01 -1.1485E-02  4.7682E-01  1.4540E-01  8.9304E-01 -1.4284E-01
  1.0835E+00  1.4820E+01 -1.1480E-02  4.7650E-01  1.4539E-01  8.9303E-01 -1.4283E-01
  1.0857E+00  1.4828E+01 -1.1475E-02  4.7618E-01  1.4539E-01  8.9301E-01 -1.4282E-01
  1.0880E+00  1.4835E+01 -1.1470E-02  4.7586E-01  1.4538E-01  8.9299E-01 -1.4282E-01
  1.0902E+00  1.4843E+01 -1.1464E-02  4.7554E-01  1.4538E-01  8.9298E-01 -1.4281E-01
  1.0925E+00  1.4850E+01 -1.1459E-02  4.7522E-01  1.4538E-01  8.9296E-01 -1.4280E-01
  1.0947E+00  1.4857E+01 -1.1454E-02  4.7490E-01  1.4537E-01  8.9295E-01 -1.4279E-01
  1.0969E+00  1.4865E+01 -1.1449E-02  4.7457E-01  1.4537E-01  8.9293E-01 -1.4279E-01
  1.0992E+00  1.4872E+01 -1.1444E-02  4.7425E-01  1.4536E-01  8.9292E-01 -1.4278E-01
  1.1014E+00  1.4880E+01 -1.1438E-02  4.7393E-01  1.4536E-01  8.9290E-01 -1.4277E-01
  1.1037E+00  1.4887E+01 -1.1433E-02  4.7361E-01  1.4535E-01  8.9288E-01 -1.4276E-01
  1.1059E+00  1.4895E+01 -1.1428E-02  4.7329E-01  1.4535E-01  8.9287E-01 -1.4276E-01
  1.1082E+00  1.4902E+01 -1.1423E-02  4.7297E-01  1.4535E-01  8.9285E-01 -1.4275E-01
  1.1104E+00  1.4910E+01 -1.1418E-02  4.7265E-01  1.4534E-01  8.9284E-01 -1.4274E-01
  1.1126E+00  1.4917E+01 -1.1413E-02  4.7233E-01  1.4534E-01  8.9282E-01 -1.4273E-01
  1.1149E+00  1.4925E+01 -1.1407E-02  4.7201E-01  1.4533E-01  8.9281E-01 -1.4272E-01
  1.1171E+00  1.4932E+01 -1.1402E-02  4.7169E-01  1.4533E-01  8.9279E-01 -1.4272E-01
  1.1194E+00  1.4940E+01 -1.1397E-02  4.7137E-01  1.4533E-01  8.9277E-01 -1.4271E-01
  1.1216E+00  1.4947E+01 -1.1392E-02  4.7105E-01  1.4532E-01  8.9276E-01 -1.4270E-01
  1.1239E+00  1.4955E+01 -1.1387E-02  4.7073E-01  1.4532E-01  8.9274E-01 -1.4269E-01
  1.1261E+00  1.4962E+01 -1.1381E-02  4.7041E-01  1.4531E-01  8.9273E-01 -1.4269E-01
  1.1283E+00  1.4970E+01 -1.1376E-02  4.7009E-01  1.4531E-01  8.9271E-01 -1.4268E-01
  1.1306E+00  1.4977E+01 -1.1371E-02  4.6977E-01  1.4530E-01  8.9270E-01 -1.4267E-01
  1.1328E+00  1.4985E+01 -1.1366E-02  4.6945E-01  1.4530E-01  8.9268E-01 -1.4266E-01
  1.1351E+00  1.4992E+01 -1.1361E-02  4.6913E-01  1.4530E-01  8.9266E-01 -1.4265E-01
  1.1373E+00  1.5000E+01 -1.1355E-02  4.6881E-01  1.4529E-01  8.9265E-01 -1.4265E-01
  1.1396E+00  1.5007E+01 -1.1350E-02  4.6849E-01  1.4529E-01  8.9263E-01 -1.4264E-01
  1.1418E+00  1.5015E+01 -1.1345E-02  4.6817E-01  1.4528E-01  8.9262E-01 -1.4263E-01
  1.1441E+00  1.5022E+01 -1.1340E-02  4.6785E-01  1.4528E-01  8.9260E-01 -1.4262E-01
  1.1463E+00  1.5030E+01 -1.1335E-02  4.6753E-01  1.4527E-01  8.9259E-01 -1.4262E-01
  1.1485E+00  1.5037E+01 -1.1330E-02  4.6721E-01  1.4527E-01  8.9257E-01 -1.4261E-01
  1.1508E+00  1.5045E+01 -1.1324E-02  4.6689E-01  1.4527E-01  8.9256E-01 -1.4260E-01
  1.1530E+00  1.5052E+01 -1.1319E-02  4.6657E-01  1.4526E-01  8.9254E-01 -1.4259E-01
  1.1553E+00  1.5060E+01 -1.1314E-02  4.6625E-01  1.4526E-01  8.9252E-01 -1.4258E-01
  1.1575E+00  1.5067E+01 -1.1309E-02  4.6593E-01  1.4525E-01  8.9251E-01 -1.4258E-01
  1.1598E+00  1.5075E+01 -1.1304E-02  4.6561E-01  1.4525E-01  8.9249E-01 -1.4257E-01
  1.1620E+00  1.5082E+01 -1.1298E-02  4.6529E-01  1.4525E-01  8.9248E-01 -1.4256E-01
  1.1642E+00  1.5089E+01 -1.1293E-02  4.6497E-01  1.4524E-01  8.9246E-01 -1.4255E-01
  1.1665E+00  1.5097E+01 -1.1288E-02  4.6465E-01  1.4524E-01  8.9245E-01 -1.4254E-01
  1.1687E+00  1.5104E+01 -1.1283E-02  4.6433E-01  1.4523E-01  8.9243E-01 -1.4254E-01
  1.1710E+00  1.5112E+01 -1.1278E-02  4.6401E-01  1.4523E-01  8.9242E-01 -1.4253E-01
  1.1732E+00  1.5119E+01 -1.1272E-02  4.6369E-01  1.4522E-01  8.9240E-01 -1.4252E-01
  1.1755E+00  1.5127E+01 -1.1267E-02  4.6337E-01  1.4522E-01  8.9239E-01 -1.4251E-01
  1.1777E+00  1.5134E+01 -1.1262E-02  4.6305E-01  1.4522E-01  8.9237E-01 -1.4251E-01
  1.1799E+00  1.5142E+01 -1.1257E-02  4.6273E-01  1.4521E-01  8.9236E-01 -1.4250E-01
  1.1822E+00  1.5149E+01 -1.1252E-02  4.6241E-01  1.4521E-01  8.9234E-01 -1.4249E-01
  1.1844E+00  1.5157E+01 -1.1246E-02  4.6209E-01  1.4520E-01  8.9232E-01 -1.4248E-01
  1.1867E+00  1.5164E+01 -1.1241E-02  4.6177E-01  1.4520E-01  8.9231E-01 -1.4247E-01
  1.1889E+00  1.5172E+01 -1.1236E-02  4.6145E-01  1.4520E-01  8.9229E-01 -1.4247E-01
  1.1912E+00  1.5179E+01 -1.1231E-02  4.6113E-01  1.4519E-01  8.9228E-01 -1.4246E-01
  1.1934E+00  1.5187E+01 -1.1226E-02  4.6081E-01  1.4519E-01  8.9226E-01 -1.4245E-01
  1.1956E+00  1.5194E+01 -1.1220E-02  4.6049E-01  1.4518E-01  8.9225E-01 -1.4244E-01
  1.1979E+00  1.5202E+01 -1.1215E-02  4.6017E-01  1.4518E-01  8.9223E-01 -1.4243E-01
  1.2001E+00  1.5209E+01 -1.1210E-02  4.5985E-01  1.4518E-01  8.9222E-01 -1.4243E-01
  1.2024E+00  1.5217E+01 -1.1205E-02  4.5953E-01  1.4517E-01  8.9220E-01 -1.4242E-01
  1.2046E+00  1.5224E+01 -1.1200E-02  4.5921E-01  1.4517E-01  8.9219E-01 -1.4241E-01
  1.2069E+00  1.5232E+01 -1.1195E-02  4.5889E-01  1.4516E-01  8.9217E-01 -1.4240E-01
  1.2091E+00  1.5239E+01 -1.1189E-02  4.5857E-01  1.4516E-01  8.9216E-01 -1.4239E-01
  1.2113E+00  1.5247E+01 -1.1184E-02  4.5825E-01  1.4515E-01  8.9214E-01 -1.4239E-01
  1.2136E+00  1.5254E+01 -1.1179E-02  4.5794E-01  1.4515E-01  8.9213E-01 -1.4238E-01
  1.2158E+00  1.5262E+01 -1.1174E-02  4.5762E-01  1.4515E-01  8.9211E-01 -1.4237E-01
  1.2181E+00  1.5269E+01 -1.1169E-02  4.5730E-01  1.4514E-01  8.9210E-01 -1.4236E-01
  1.2203E+00  1.5277E+01 -1.1163E-02  4.5698E-01  1.4514E-01  8.9208E-01 -1.4235E-01
  1.2226E+00  1.5284E+01 -1.1158E-02  4.5666E-01  1.4513E-01  8.9207E-01 -1.4235E-01
  1.2248E+00  1.5292E+01 -1.1153E-02  4.5634E-01  1.4513E-01  8.9205E-01 -1.4234E-01
  1.2271E+00  1.5299E+01 -1.1148E-02  4.5602E-01  1.4513E-01  8.9204E-01 -1.4233E-01
  1.2293E+00  1.5306E+01 -1.1143E-02  4.5570E-01  1.4512E-01  8.9202E-01 -1.4232E-01
  1.2315E+00  1.5314E+01 -1.1137E-02  4.5538E-01  1.4512E-01  8.9201E-01 -1.4231E-01
  1.2338E+00  1.5321E+01 -1.1132E-02  4.5506E-01  1.4511E-01  8.9199E-01 -1.4231E-01
  1.2360E+00  1.5329E+01 -1.1127E-02  4.5474E-01  1.4511E-01  8.9198E-01 -1.4230E-01
  1.2383E+00  1.5336E+01 -1.1122E-02  4.5442E-01  1.4511E-01  8.9196E-01 -1.4229E-01
  1.2405E+00  1.5344E+01 -1.1117E-02  4.5410E-01  1.4510E-01  8.9195E-01 -1.4228E-01
  1.2428E+00  1.5351E+01 -1.1111E-02  4.5378E-01  1.4510E-01  8.9193E-01 -1.4227E-01
  1.2450E+00  1.5359E+01 -1.1106E-02  4.5346E-01  1.4509E-01  8.9192E-01 -1.4226E-01
  1.2472E+00  1.5366E+01 -1.1101E-02  4.5314E-01  1.4509E-01  8.9190E-01 -1.4226E-01
  1.2495E+00  1.5374E+01 -1.1096E-02  4.5283E-01  1.4508E-01  8.9189E-01 -1.4225E-01
  1.2517E+00  1.5381E+01 -1.1091E-02  4.5251E-01  1.4508E-01  8.9187E-01 -1.4224E-01
  1.2540E+00  1.5389E+01 -1.1085E-02  4.5219E-01  1.4508E-01  8.9186E-01 -1.4223E-01
  1.2562E+00  1.5396E+01 -1.1080E-02  4.5187E-01  1.4507E-01  8.9184E-01 -1.4222E-01
  1.2585E+00  1.5404E+01 -1.1075E-02  4.5155E-01  1.4507E-01  8.9183E-01 -1.4222E-01
  1.2607E+00  1.5411E+01 -1.1070E-02  4.5123E-01  1.4506E-01  8.9181E-01 -1.4221E-01
  1.2629E+00  1.5419E+01 -1.1065E-02  4.5091E-01  1.4506E-01  8.9180E-01 -1.4220E-01
  1.2652E+00  1.5426E+01 -1.1059E-02  4.5059E-01  1.4506E-01  8.9178E-01 -1.4219E-01
  1.2674E+00  1.5434E+01 -1.1054E-02  4.5027E-01  1.4505E-01  8.9177E-01 -1.4218E-01
  1.2697E+00  1.5441E+01 -1.1049E-02  4.4995E-01  1.4505E-01  8.9175E-01 -1.4218E-01
  1.2719E+00  1.5449E+01 -1.1044E-02  4.4963E-01  1.4504E-01  8.9174E-01 -1.4217E-01
  1.2742E+00  1.5456E+01 -1.1039E-02  4.4931E-01  1.4504E-01  8.9172E-01 -1.4216E-01
  1.2764E+00  1.5464E+01 -1.1033E-02  4.4900E-01  1.4504E-01  8.9171E-01 -1.4215E-01
  1.2786E+00  1.5471E+01 -1.1028E-02  4.4868E-01  1.4503E-01  8.9169E-01 -1.4214E-01
  1.2809E+00  1.5479E+01 -1.1023E-02  4.4836E-01  1.4503E-01  8.9168E-01 -1.4213E-01
  1.2831E+00  1.5486E+01 -1.1018E-02  4.4804E-01  1.4502E-01  8.9166E-01 -1.4213E-01
  1.2854E+00  1.5494E+01 -1.1013E-02  4.4772E-01  1.4502E-01  8.9165E-01 -1.4212E-01
  1.2876E+00  1.5501E+01 -1.1007E-02  4.4740E-01  1.4502E-01  8.9163E-01 -1.4211E-01
  1.2899E+00  1.5509E+01 -1.1002E-02  4.4708E-01  1.4501E-01  8.9162E-01 -1.4210E-01
  1.2921E+00  1.5516E+01 -1.0997E-02  4.4676E-01  1.4501E-01  8.9160E-01 -1.4209E-01
  1.2943E+00  1.5524E+01 -1.0992E-02  4.4644E-01  1.4500E-01  8.9159E-01 -1.4208E-01
  1.2966E+00  1.5531E+01 -1.0987E-02  4.4613E-01  1.4500E-01  8.9157E-01 -1.4208E-01
  1.2988E+00  1.5538E+01 -1.0981E-02  4.4581E-01  1.4499E-01  8.9156E-01 -1.4207E-01
  1.3011E+00  1.5546E+01 -1.0976E-02  4.4549E-01  1.4499E-01  8.9154E-01 -1.4206E-01
  1.3033E+00  1.5553E+01 -1.0971E-02  4.4517E-01  1.4499E-01  8.9153E-01 -1.4205E-01
  1.3056E+00  1.5561E+01 -1.0966E-02  4.4485E-01  1.4498E-01  8.9152E-01 -1.4204E-01
  1.3078E+00  1.5568E+01 -1.0961E-02  4.4453E-01  1.4498E-01  8.9150E-01 -1.4204E-01
  1.3101E+00  1.5576E+01 -1.0955E-02  4.4421E-01  1.4497E-01  8.9149E-01 -1.4203E-01
  1.3123E+00  1.5583E+01 -1.0950E-02  4.4389E-01  1.4497E-01  8.9147E-01 -1.4202E-01
  1.3145E+00  1.5591E+01 -1.0945E-02  4.4358E-01  1.4497E-01  8.9146E-01 -1.4201E-01
  1.3168E+00  1.5598E+01 -1.0940E-02  4.4326E-01  1.4496E-01  8.9144E-01 -1.4200E-01
  1.3190E+00  1.5606E+01 -1.0935E-02  4.4294E-01  1.4496E-01  8.9143E-01 -1.4199E-01
  1.3213E+00  1.5613E+01 -1.0929E-02  4.4262E-01  1.4495E-01  8.9141E-01 -1.4199E-01
  1.3235E+00  1.5621E+01 -1.0924E-02  4.4230E-01  1.4495E-01  8.9140E-01 -1.4198E-01
  1.3258E+00  1.5628E+01 -1.0919E-02  4.4198E-01  1.4495E-01  8.9138E-01 -1.4197E-01
  1.3280E+00  1.5636E+01 -1.0914E-02  4.4166E-01  1.4494E-01  8.9137E-01 -1.4196E-01
  1.3302E+00  1.5643E+01 -1.0909E-02  4.4134E-01  1.4494E-01  8.9135E-01 -1.4195E-01
  1.3325E+00  1.5651E+01 -1.0903E-02  4.4103E-01  1.4493E-01  8.9134E-01 -1.4194E-01
  1.3347E+00  1.5658E+01 -1.0898E-02  4.4071E-01  1.4493E-01  8.9133E-01 -1.4193E-01
  1.3370E+00  1.5666E+01 -1.0893E-02  4.4039E-01  1.4493E-01  8.9131E-01 -1.4193E-01
  1.3392E+00  1.5673E+01 -1.0888E-02  4.4007E-01  1.4492E-01  8.9130E-01 -1.4192E-01
  1.3415E+00  1.5681E+01 -1.0883E-02  4.3975E-01  1.4492E-01  8.9128E-01 -1.4191E-01
  1.3437E+00  1.5688E+01 -1.0877E-02  4.3943E-01  1.4491E-01  8.9127E-01 -1.4190E-01
  1.3459E+00  1.5696E+01 -1.0872E-02  4.3912E-01  1.4491E-01  8.9125E-01 -1.4189E-01
  1.3482E+00  1.5703E+01 -1.0867E-02  4.3880E-01  1.4491E-01  8.9124E-01 -1.4188E-01
  1.3504E+00  1.5711E+01 -1.0862E-02  4.3848E-01  1.4490E-01  8.9122E-01 -1.4188E-01
  1.3527E+00  1.5718E+01 -1.0857E-02  4.3816E-01  1.4490E-01  8.9121E-01 -1.4187E-01
  1.3549E+00  1.5726E+01 -1.0851E-02  4.3784E-01  1.4489E-01  8.9120E-01 -1.4186E-01
  1.3572E+00  1.5733E+01 -1.0846E-02  4.3752E-01  1.4489E-01  8.9118E-01 -1.4185E-01
  1.3594E+00  1.5741E+01 -1.0841E-02  4.3720E-01  1.4489E-01  8.9117E-01 -1.4184E-01
  1.3616E+00  1.5748E+01 -1.0836E-02  4.3689E-01  1.4488E-01  8.9115E-01 -1.4183E-01
  1.3639E+00  1.5755E+01 -1.0831E-02  4.3657E-01  1.4488E-01  8.9114E-01 -1.4183E-01
  1.3661E+00  1.5763E+01 -1.0825E-02  4.3625E-01  1.4487E-01  8.9112E-01 -1.4182E-01
  1.3684E+00  1.5770E+01 -1.0820E-02  4.3593E-01  1.4487E-01  8.9111E-01 -1.4181E-01
  1.3706E+00  1.5778E+01 -1.0815E-02  4.3561E-01  1.4487E-01  8.9109E-01 -1.4180E-01
  1.3729E+00  1.5785E+01 -1.0810E-02  4.3530E-01  1.4486E-01  8.9108E-01 -1.4179E-01
  1.3751E+00  1.5793E+01 -1.0805E-02  4.3498E-01  1.4486E-01  8.9107E-01 -1.4178E-01
  1.3773E+00  1.5800E+01 -1.0799E-02  4.3466E-01  1.4485E-01  8.9105E-01 -1.4177E-01
  1.3796E+00  1.5808E+01 -1.0794E-02  4.3434E-01  1.4485E-01  8.9104E-01 -1.4177E-01
  1.3818E+00  1.5815E+01 -1.0789E-02  4.3402E-01  1.4485E-01  8.9102E-01 -1.4176E-01
  1.3841E+00  1.5823E+01 -1.0784E-02  4.3370E-01  1.4484E-01  8.9101E-01 -1.4175E-01
  1.3863E+00  1.5830E+01 -1.0779E-02  4.3339E-01  1.4484E-01  8.9100E-01 -1.4174E-01
  1.3886E+00  1.5838E+01 -1.0773E-02  4.3307E-01  1.4483E-01  8.9098E-01 -1.4173E-01
  1.3908E+00  1.5845E+01 -1.0768E-02  4.3275E-01  1.4483E-01  8.9097E-01 -1.4172E-01
  1.3931E+00  1.5853E+01 -1.0763E-02  4.3243E-01  1.4483E-01  8.9095E-01 -1.4171E-01
  1.3953E+00  1.5860E+01 -1.0758E-02  4.3211E-01  1.4482E-01  8.9094E-01 -1.4171E-01
  1.3975E+00  1.5868E+01 -1.0753E-02  4.3180E-01  1.4482E-01  8.9092E-01 -1.4170E-01
  1.3998E+00  1.5875E+01 -1.0747E-02  4.3148E-01  1.4481E-01  8.9091E-01 -1.4169E-01
  1.4020E+00  1.5883E+01 -1.0742E-02  4.3116E-01  1.4481E-01  8.9090E-01 -1.4168E-01
  1.4043E+00  1.5890E+01 -1.0737E-02  4.3084E-01  1.4481E-01  8.9088E-01 -1.4167E-01
  1.4065E+00  1.5898E+01 -1.0732E-02  4.3052E-01  1.4480E-01  8.9087E-01 -1.4166E-01
  1.4088E+00  1.5905E+01 -1.0727E-02  4.3021E-01  1.4480E-01  8.9085E-01 -1.4165E-01
  1.4110E+00  1.5913E+01 -1.0721E-02  4.2989E-01  1.4479E-01  8.9084E-01 -1.4164E-01
  1.4132E+00  1.5920E+01 -1.0716E-02  4.2957E-01  1.4479E-01  8.9083E-01 -1.4164E-01
  1.4155E+00  1.5928E+01 -1.0711E-02  4.2925E-01  1.4479E-01  8.9081E-01 -1.4163E-01
  1.4177E+00  1.5935E+01 -1.0706E-02  4.2893E-01  1.4478E-01  8.9080E-01 -1.4162E-01
  1.4200E+00  1.5943E+01 -1.0700E-02  4.2862E-01  1.4478E-01  8.9078E-01 -1.4161E-01
  1.4222E+00  1.5950E+01 -1.0695E-02  4.2830E-01  1.4477E-01  8.9077E-01 -1.4160E-01
  1.4245E+00  1.5958E+01 -1.0690E-02  4.2798E-01  1.4477E-01  8.9076E-01 -1.4159E-01
  1.4267E+00  1.5965E+01 -1.0685E-02  4.2766E-01  1.4477E-01  8.9074E-01 -1.4158E-01
  1.4289E+00  1.5973E+01 -1.0680E-02  4.2735E-01  1.4476E-01  8.9073E-01 -1.4158E-01
  1.4312E+00  1.5980E+01 -1.0674E-02  4.2703E-01  1.4476E-01  8.9071E-01 -1.4157E-01
  1.4334E+00  1.5987E+01 -1.0669E-02  4.2671E-01  1.4475E-01  8.9070E-01 -1.4156E-01
  1.4357E+00  1.5995E+01 -1.0664E-02  4.2639E-01  1.4475E-01  8.9069E-01 -1.4155E-01
  1.4379E+00  1.6002E+01 -1.0659E-02  4.2608E-01  1.4475E-01  8.9067E-01 -1.4154E-01
  1.4402E+00  1.6010E+01 -1.0654E-02  4.2576E-01  1.4474E-01  8.9066E-01 -1.4153E-01
  1.4424E+00  1.6017E+01 -1.0648E-02  4.2544E-01  1.4474E-01  8.9064E-01 -1.4152E-01
  1.4446E+00  1.6025E+01 -1.0643E-02  4.2512E-01  1.4473E-01  8.9063E-01 -1.4151E-01
  1.4469E+00  1.6032E+01 -1.0638E-02  4.2480E-01  1.4473E-01  8.9062E-01 -1.4150E-01
  1.4491E+00  1.6040E+01 -1.0633E-02  4.2449E-01  1.4473E-01  8.9060E-01 -1.4150E-01
  1.4514E+00  1.6047E+01 -1.0628E-02  4.2417E-01  1.4472E-01  8.9059E-01 -1.4149E-01
  1.4536E+00  1.6055E+01 -1.0622E-02  4.2385E-01  1.4472E-01  8.9057E-01 -1.4148E-01
  1.4559E+00  1.6062E+01 -1.0617E-02  4.2353E-01  1.4471E-01  8.9056E-01 -1.4147E-01
  1.4581E+00  1.6070E+01 -1.0612E-02  4.2322E-01  1.4471E-01  8.9055E-01 -1.4146E-01
  1.4603E+00  1.6077E+01 -1.0607E-02  4.2290E-01  1.4471E-01  8.9053E-01 -1.4145E-01
  1.4626E+00  1.6085E+01 -1.0602E-02  4.2258E-01  1.4470E-01  8.9052E-01 -1.4144E-01
  1.4648E+00  1.6092E+01 -1.0596E-02  4.2226E-01  1.4470E-01  8.9051E-01 -1.4143E-01
  1.4671E+00  1.6100E+01 -1.0591E-02  4.2195E-01  1.4469E-01  8.9049E-01 -1.4142E-01
  1.4693E+00  1.6107E+01 -1.0586E-02  4.2163E-01  1.4469E-01  8.9048E-01 -1.4142E-01
  1.4716E+00  1.6115E+01 -1.0581E-02  4.2131E-01  1.4469E-01  8.9046E-01 -1.4141E-01
  1.4738E+00  1.6122E+01 -1.0576E-02  4.2100E-01  1.4468E-01  8.9045E-01 -1.4140E-01
  1.4761E+00  1.6130E+01 -1.0570E-02  4.2068E-01  1.4468E-01  8.9044E-01 -1.4139E-01
  1.4783E+00  1.6137E+01 -1.0565E-02  4.2036E-01  1.4468E-01  8.9042E-01 -1.4138E-01
  1.4805E+00  1.6145E+01 -1.0560E-02  4.2004E-01  1.4467E-01  8.9041E-01 -1.4137E-01
  1.4828E+00  1.6152E+01 -1.0555E-02  4.1973E-01  1.4467E-01  8.9040E-01 -1.4136E-01
  1.4850E+00  1.6160E+01 -1.0550E-02  4.1941E-01  1.4466E-01  8.9038E-01 -1.4135E-01
  1.4873E+00  1.6167E+01 -1.0544E-02  4.1909E-01  1.4466E-01  8.9037E-01 -1.4134E-01
  1.4895E+00  1.6175E+01 -1.0539E-02  4.1877E-01  1.4466E-01  8.9035E-01 -1.4134E-01
  1.4918E+00  1.6182E+01 -1.0534E-02  4.1846E-01  1.4465E-01  8.9034E-01 -1.4133E-01
  1.4940E+00  1.6190E+01 -1.0529E-02  4.1814E-01  1.4465E-01  8.9033E-01 -1.4132E-01
  1.4962E+00  1.6197E+01 -1.0523E-02  4.1782E-01  1.4464E-01  8.9031E-01 -1.4131E-01
  1.4985E+00  1.6205E+01 -1.0518E-02  4.1751E-01  1.4464E-01  8.9030E-01 -1.4130E-01
  1.5007E+00  1.6212E+01 -1.0513E-02  4.1719E-01  1.4464E-01  8.9029E-01 -1.4129E-01
  1.5030E+00  1.6219E+01 -1.0508E-02  4.1687E-01  1.4463E-01  8.9027E-01 -1.4128E-01
  1.5052E+00  1.6227E+01 -1.0503E-02  4.1655E-01  1.4463E-01  8.9026E-01 -1.4127E-01
  1.5075E+00  1.6234E+01 -1.0497E-02  4.1624E-01  1.4462E-01  8.9025E-01 -1.4126E-01
  1.5097E+00  1.6242E+01 -1.0492E-02  4.1592E-01  1.4462E-01  8.9023E-01 -1.4125E-01
  1.5119E+00  1.6249E+01 -1.0487E-02  4.1560E-01  1.4462E-01  8.9022E-01 -1.4124E-01
  1.5142E+00  1.6257E+01 -1.0482E-02  4.1529E-01  1.4461E-01  8.9021E-01 -1.4124E-01
  1.5164E+00  1.6264E+01 -1.0477E-02  4.1497E-01  1.4461E-01  8.9019E-01 -1.4123E-01
  1.5187E+00  1.6272E+01 -1.0471E-02  4.1465E-01  1.4460E-01  8.9018E-01 -1.4122E-01
  1.5209E+00  1.6279E+01 -1.0466E-02  4.1434E-01  1.4460E-01  8.9017E-01 -1.4121E-01
  1.5232E+00  1.6287E+01 -1.0461E-02  4.1402E-01  1.4460E-01  8.9015E-01 -1.4120E-01
  1.5254E+00  1.6294E+01 -1.0456E-02  4.1370E-01  1.4459E-01  8.9014E-01 -1.4119E-01
  1.5276E+00  1.6302E+01 -1.0451E-02  4.1339E-01  1.4459E-01  8.9012E-01 -1.4118E-01
  1.5299E+00  1.6309E+01 -1.0445E-02  4.1307E-01  1.4458E-01  8.9011E-01 -1.4117E-01
  1.5321E+00  1.6317E+01 -1.0440E-02  4.1275E-01  1.4458E-01  8.9010E-01 -1.4116E-01
  1.5344E+00  1.6324E+01 -1.0435E-02  4.1243E-01  1.4458E-01  8.9008E-01 -1.4115E-01
  1.5366E+00  1.6332E+01 -1.0430E-02  4.1212E-01  1.4457E-01  8.9007E-01 -1.4114E-01
  1.5389E+00  1.6339E+01 -1.0425E-02  4.1180E-01  1.4457E-01  8.9006E-01 -1.4113E-01
  1.5411E+00  1.6347E+01 -1.0419E-02  4.1148E-01  1.4457E-01  8.9004E-01 -1.4113E-01
  1.5433E+00  1.6354E+01 -1.0414E-02  4.1117E-01  1.4456E-01  8.9003E-01 -1.4112E-01
  1.5456E+00  1.6362E+01 -1.0409E-02  4.1085E-01  1.4456E-01  8.9002E-01 -1.4111E-01
  1.5478E+00  1.6369E+01 -1.0404E-02  4.1053E-01  1.4455E-01  8.9000E-01 -1.4110E-01
  1.5501E+00  1.6377E+01 -1.0399E-02  4.1022E-01  1.4455E-01  8.8999E-01 -1.4109E-01
  1.5523E+00  1.6384E+01 -1.0393E-02  4.0990E-01  1.4455E-01  8.8998E-01 -1.4108E-01
  1.5546E+00  1.6392E+01 -1.0388E-02  4.0958E-01  1.4454E-01  8.8996E-01 -1.4107E-01
  1.5568E+00  1.6399E+01 -1.0383E-02  4.0927E-01  1.4454E-01  8.8995E-01 -1.4106E-01
  1.5591E+00  1.6407E+01 -1.0378E-02  4.0895E-01  1.4453E-01  8.8994E-01 -1.4105E-01
  1.5613E+00  1.6414E+01 -1.0372E-02  4.0864E-01  1.4453E-01  8.8992E-01 -1.4104E-01
  1.5635E+00  1.6422E+01 -1.0367E-02  4.0832E-01  1.4453E-01  8.8991E-01 -1.4103E-01
  1.5658E+00  1.6429E+01 -1.0362E-02  4.0800E-01  1.4452E-01  8.8990E-01 -1.4102E-01
  1.5680E+00  1.6436E+01 -1.0357E-02  4.0769E-01  1.4452E-01  8.8988E-01 -1.4101E-01
  1.5703E+00  1.6444E+01 -1.0352E-02  4.0737E-01  1.4452E-01  8.8987E-01 -1.4100E-01
  1.5725E+00  1.6451E+01 -1.0346E-02  4.0705E-01  1.4451E-01  8.8986E-01 -1.4100E-01
  1.5748E+00  1.6459E+01 -1.0341E-02  4.0674E-01  1.4451E-01  8.8985E-01 -1.4099E-01
  1.5770E+00  1.6466E+01 -1.0336E-02  4.0642E-01  1.4450E-01  8.8983E-01 -1.4098E-01
  1.5792E+00  1.6474E+01 -1.0331E-02  4.0610E-01  1.4450E-01  8.8982E-01 -1.4097E-01
  1.5815E+00  1.6481E+01 -1.0326E-02  4.0579E-01  1.4450E-01  8.8981E-01 -1.4096E-01
  1.5837E+00  1.6489E+01 -1.0320E-02  4.0547E-01  1.4449E-01  8.8979E-01 -1.4095E-01
  1.5860E+00  1.6496E+01 -1.0315E-02  4.0515E-01  1.4449E-01  8.8978E-01 -1.4094E-01
  1.5882E+00  1.6504E+01 -1.0310E-02  4.0484E-01  1.4448E-01  8.8977E-01 -1.4093E-01
  1.5905E+00  1.6511E+01 -1.0305E-02  4.0452E-01  1.4448E-01  8.8975E-01 -1.4092E-01
  1.5927E+00  1.6519E+01 -1.0300E-02  4.0421E-01  1.4448E-01  8.8974E-01 -1.4091E-01
  1.5949E+00  1.6526E+01 -1.0294E-02  4.0389E-01  1.4447E-01  8.8973E-01 -1.4090E-01
  1.5972E+00  1.6534E+01 -1.0289E-02  4.0357E-01  1.4447E-01  8.8971E-01 -1.4089E-01
  1.5994E+00  1.6541E+01 -1.0284E-02  4.0326E-01  1.4447E-01  8.8970E-01 -1.4088E-01
  1.6017E+00  1.6549E+01 -1.0279E-02  4.0294E-01  1.4446E-01  8.8969E-01 -1.4087E-01
  1.6039E+00  1.6556E+01 -1.0274E-02  4.0262E-01  1.4446E-01  8.8967E-01 -1.4086E-01
  1.6062E+00  1.6564E+01 -1.0268E-02  4.0231E-01  1.4445E-01  8.8966E-01 -1.4085E-01
  1.6084E+00  1.6571E+01 -1.0263E-02  4.0199E-01  1.4445E-01  8.8965E-01 -1.4084E-01
  1.6106E+00  1.6579E+01 -1.0258E-02  4.0168E-01  1.4445E-01  8.8964E-01 -1.4083E-01
  1.6129E+00  1.6586E+01 -1.0253E-02  4.0136E-01  1.4444E-01  8.8962E-01 -1.4082E-01
  1.6151E+00  1.6594E+01 -1.0247E-02  4.0104E-01  1.4444E-01  8.8961E-01 -1.4081E-01
  1.6174E+00  1.6601E+01 -1.0242E-02  4.0073E-01  1.4443E-01  8.8960E-01 -1.4081E-01
  1.6196E+00  1.6609E+01 -1.0237E-02  4.0041E-01  1.4443E-01  8.8958E-01 -1.4080E-01
  1.6219E+00  1.6616E+01 -1.0232E-02  4.0010E-01  1.4443E-01  8.8957E-01 -1.4079E-01
  1.6241E+00  1.6624E+01 -1.0227E-02  3.9978E-01  1.4442E-01  8.8956E-01 -1.4078E-01
  1.6263E+00  1.6631E+01 -1.0221E-02  3.9946E-01  1.4442E-01  8.8954E-01 -1.4077E-01
  1.6286E+00  1.6639E+01 -1.0216E-02  3.9915E-01  1.4442E-01  8.8953E-01 -1.4076E-01
  1.6308E+00  1.6646E+01 -1.0211E-02  3.9883E-01  1.4441E-01  8.8952E-01 -1.4075E-01
  1.6331E+00  1.6654E+01 -1.0206E-02  3.9852E-01  1.4441E-01  8.8951E-01 -1.4074E-01
  1.6353E+00  1.6661E+01 -1.0201E-02  3.9820E-01  1.4440E-01  8.8949E-01 -1.4073E-01
  1.6376E+00  1.6668E+01 -1.0195E-02  3.9789E-01  1.4440E-01  8.8948E-01 -1.4072E-01
  1.6394E+00  1.6674E+01 -1.0191E-02  3.9763E-01  1.4440E-01  8.8947E-01 -1.4071E-01
  1.6398E+00  1.6676E+01 -1.0190E-02  3.9757E-01  1.4440E-01  8.8947E-01 -1.4071E-01
  1.6421E+00  1.6683E+01 -1.0185E-02  3.9725E-01  1.4439E-01  8.8945E-01 -1.4070E-01
  1.6443E+00  1.6691E+01 -1.0180E-02  3.9694E-01  1.4439E-01  8.8944E-01 -1.4069E-01
  1.6465E+00  1.6698E+01 -1.0175E-02  3.9662E-01  1.4438E-01  8.8943E-01 -1.4068E-01
  1.6488E+00  1.6706E+01 -1.0169E-02  3.9631E-01  1.4438E-01  8.8942E-01 -1.4067E-01
  1.6510E+00  1.6713E+01 -1.0164E-02  3.9599E-01  1.4438E-01  8.8940E-01 -1.4066E-01
  1.6533E+00  1.6721E+01 -1.0159E-02  3.9568E-01  1.4437E-01  8.8939E-01 -1.4065E-01
  1.6555E+00  1.6728E+01 -1.0154E-02  3.9536E-01  1.4437E-01  8.8938E-01 -1.4064E-01
  1.6578E+00  1.6736E+01 -1.0149E-02  3.9504E-01  1.4437E-01  8.8937E-01 -1.4063E-01
  1.6600E+00  1.6743E+01 -1.0143E-02  3.9473E-01  1.4436E-01  8.8935E-01 -1.4062E-01
  1.6622E+00  1.6751E+01 -1.0138E-02  3.9441E-01  1.4436E-01  8.8934E-01 -1.4061E-01
  1.6645E+00  1.6758E+01 -1.0133E-02  3.9410E-01  1.4435E-01  8.8933E-01 -1.4060E-01
  1.6667E+00  1.6766E+01 -1.0128E-02  3.9378E-01  1.4435E-01  8.8931E-01 -1.4059E-01
  1.6690E+00  1.6773E+01 -1.0122E-02  3.9347E-01  1.4435E-01  8.8930E-01 -1.4058E-01
  1.6712E+00  1.6781E+01 -1.0117E-02  3.9315E-01  1.4434E-01  8.8929E-01 -1.4057E-01
  1.6735E+00  1.6788E+01 -1.0112E-02  3.9284E-01  1.4434E-01  8.8928E-01 -1.4056E-01
  1.6757E+00  1.6796E+01 -1.0107E-02  3.9252E-01  1.4434E-01  8.8926E-01 -1.4055E-01
  1.6779E+00  1.6803E+01 -1.0102E-02  3.9220E-01  1.4433E-01  8.8925E-01 -1.4054E-01
  1.6802E+00  1.6811E+01 -1.0096E-02  3.9189E-01  1.4433E-01  8.8924E-01 -1.4053E-01
  1.6824E+00  1.6818E+01 -1.0091E-02  3.9157E-01  1.4432E-01  8.8923E-01 -1.4052E-01
  1.6847E+00  1.6826E+01 -1.0086E-02  3.9126E-01  1.4432E-01  8.8921E-01 -1.4051E-01
  1.6869E+00  1.6833E+01 -1.0081E-02  3.9094E-01  1.4432E-01  8.8920E-01 -1.4050E-01
  1.6892E+00  1.6841E+01 -1.0076E-02  3.9063E-01  1.4431E-01  8.8919E-01 -1.4049E-01
  1.6914E+00  1.6848E+01 -1.0070E-02  3.9031E-01  1.4431E-01  8.8917E-01 -1.4048E-01
  1.6936E+00  1.6856E+01 -1.0065E-02  3.9000E-01  1.4430E-01  8.8916E-01 -1.4047E-01
  1.6959E+00  1.6863E+01 -1.0060E-02  3.8968E-01  1.4430E-01  8.8915E-01 -1.4046E-01
  1.6981E+00  1.6871E+01 -1.0055E-02  3.8937E-01  1.4430E-01  8.8914E-01 -1.4045E-01
  1.7004E+00  1.6878E+01 -1.0050E-02  3.8905E-01  1.4429E-01  8.8912E-01 -1.4044E-01
  1.7026E+00  1.6885E+01 -1.0044E-02  3.8874E-01  1.4429E-01  8.8911E-01 -1.4043E-01
  1.7049E+00  1.6893E+01 -1.0039E-02  3.8842E-01  1.4429E-01  8.8910E-01 -1.4042E-01
  1.7071E+00  1.6900E+01 -1.0034E-02  3.8811E-01  1.4428E-01  8.8909E-01 -1.4041E-01
  1.7093E+00  1.6908E+01 -1.0029E-02  3.8779E-01  1.4428E-01  8.8907E-01 -1.4040E-01
  1.7116E+00  1.6915E+01 -1.0024E-02  3.8748E-01  1.4427E-01  8.8906E-01 -1.4039E-01
  1.7138E+00  1.6923E+01 -1.0018E-02  3.8716E-01  1.4427E-01  8.8905E-01 -1.4038E-01
  1.7161E+00  1.6930E+01 -1.0013E-02  3.8685E-01  1.4427E-01  8.8904E-01 -1.4037E-01
  1.7183E+00  1.6938E+01 -1.0008E-02  3.8653E-01  1.4426E-01  8.8902E-01 -1.4036E-01
  1.7206E+00  1.6945E+01 -1.0003E-02  3.8622E-01  1.4426E-01  8.8901E-01 -1.4035E-01
  1.7228E+00  1.6953E+01 -9.9975E-03  3.8590E-01  1.4426E-01  8.8900E-01 -1.4034E-01
  1.7251E+00  1.6960E+01 -9.9923E-03  3.8559E-01  1.4425E-01  8.8899E-01 -1.4033E-01
  1.7273E+00  1.6968E+01 -9.9871E-03  3.8527E-01  1.4425E-01  8.8897E-01 -1.4032E-01
  1.7295E+00  1.6975E+01 -9.9819E-03  3.8496E-01  1.4424E-01  8.8896E-01 -1.4031E-01
  1.7318E+00  1.6983E+01 -9.9767E-03  3.8464E-01  1.4424E-01  8.8895E-01 -1.4030E-01
  1.7340E+00  1.6990E+01 -9.9715E-03  3.8433E-01  1.4424E-01  8.8894E-01 -1.4029E-01
  1.7363E+00  1.6998E+01 -9.9663E-03  3.8401E-01  1.4423E-01  8.8892E-01 -1.4028E-01
  1.7385E+00  1.7005E+01 -9.9611E-03  3.8370E-01  1.4423E-01  8.8891E-01 -1.4027E-01
  1.7408E+00  1.7013E+01 -9.9559E-03  3.8338E-01  1.4423E-01  8.8890E-01 -1.4026E-01
  1.7430E+00  1.7020E+01 -9.9506E-03  3.8307E-01  1.4422E-01  8.8889E-01 -1.4025E-01
  1.7452E+00  1.7028E+01 -9.9454E-03  3.8275E-01  1.4422E-01  8.8887E-01 -1.4024E-01
  1.7475E+00  1.7035E+01 -9.9402E-03  3.8244E-01  1.4421E-01  8.8886E-01 -1.4023E-01
  1.7497E+00  1.7043E+01 -9.9350E-03  3.8212E-01  1.4421E-01  8.8885E-01 -1.4022E-01
  1.7520E+00  1.7050E+01 -9.9298E-03  3.8181E-01  1.4421E-01  8.8884E-01 -1.4020E-01
  1.7542E+00  1.7058E+01 -9.9246E-03  3.8149E-01  1.4420E-01  8.8883E-01 -1.4019E-01
  1.7565E+00  1.7065E+01 -9.9194E-03  3.8118E-01  1.4420E-01  8.8881E-01 -1.4018E-01
  1.7587E+00  1.7073E+01 -9.9142E-03  3.8086E-01  1.4420E-01  8.8880E-01 -1.4017E-01
  1.7609E+00  1.7080E+01 -9.9090E-03  3.8055E-01  1.4419E-01  8.8879E-01 -1.4016E-01
  1.7632E+00  1.7088E+01 -9.9038E-03  3.8024E-01  1.4419E-01  8.8878E-01 -1.4015E-01
  1.7654E+00  1.7095E+01 -9.8986E-03  3.7992E-01  1.4418E-01  8.8876E-01 -1.4014E-01
  1.7677E+00  1.7103E+01 -9.8934E-03  3.7961E-01  1.4418E-01  8.8875E-01 -1.4013E-01
  1.7699E+00  1.7110E+01 -9.8882E-03  3.7929E-01  1.4418E-01  8.8874E-01 -1.4012E-01
  1.7722E+00  1.7117E+01 -9.8830E-03  3.7898E-01  1.4417E-01  8.8873E-01 -1.4011E-01
  1.7744E+00  1.7125E+01 -9.8777E-03  3.7866E-01  1.4417E-01  8.8872E-01 -1.4010E-01
  1.7766E+00  1.7132E+01 -9.8725E-03  3.7835E-01  1.4417E-01  8.8870E-01 -1.4009E-01
  1.7789E+00  1.7140E+01 -9.8673E-03  3.7803E-01  1.4416E-01  8.8869E-01 -1.4008E-01
  1.7811E+00  1.7147E+01 -9.8621E-03  3.7772E-01  1.4416E-01  8.8868E-01 -1.4007E-01
  1.7834E+00  1.7155E+01 -9.8569E-03  3.7741E-01  1.4415E-01  8.8867E-01 -1.4006E-01
  1.7856E+00  1.7162E+01 -9.8517E-03  3.7709E-01  1.4415E-01  8.8865E-01 -1.4005E-01
  1.7879E+00  1.7170E+01 -9.8465E-03  3.7678E-01  1.4415E-01  8.8864E-01 -1.4004E-01
  1.7901E+00  1.7177E+01 -9.8413E-03  3.7646E-01  1.4414E-01  8.8864E-01 -1.4002E-01
  1.7923E+00  1.7185E+01 -9.8361E-03  3.7615E-01  1.4413E-01  8.8862E-01 -1.4000E-01
  1.7946E+00  1.7192E+01 -9.8309E-03  3.7583E-01  1.4409E-01  8.8862E-01 -1.3996E-01
  1.7968E+00  1.7200E+01 -9.8257E-03  3.7552E-01  1.4402E-01  8.8863E-01 -1.3987E-01
  1.7991E+00  1.7207E+01 -9.8205E-03  3.7521E-01  1.4384E-01  8.8866E-01 -1.3968E-01
  1.8013E+00  1.7215E+01 -9.8153E-03  3.7489E-01  1.4343E-01  8.8874E-01 -1.3926E-01
  1.8036E+00  1.7222E+01 -9.8102E-03  3.7458E-01  1.4261E-01  8.8885E-01 -1.3840E-01
  1.8058E+00  1.7230E+01 -9.8051E-03  3.7427E-01  1.4114E-01  8.8894E-01 -1.3688E-01
  1.8080E+00  1.7237E+01 -9.8002E-03  3.7397E-01  1.3897E-01  8.8895E-01 -1.3463E-01
  1.8103E+00  1.7245E+01 -9.7955E-03  3.7367E-01  1.3625E-01  8.8893E-01 -1.3181E-01
  1.8125E+00  1.7252E+01 -9.7909E-03  3.7338E-01  1.3322E-01  8.8890E-01 -1.2867E-01
  1.8148E+00  1.7260E+01 -9.7865E-03  3.7309E-01  1.3003E-01  8.8887E-01 -1.2537E-01
  1.8170E+00  1.7267E+01 -9.7823E-03  3.7281E-01  1.2679E-01  8.8886E-01 -1.2200E-01
  1.8193E+00  1.7275E+01 -9.7783E-03  3.7254E-01  1.2353E-01  8.8884E-01 -1.1860E-01
  1.8215E+00  1.7282E+01 -9.7746E-03  3.7228E-01  1.2027E-01  8.8883E-01 -1.1518E-01
  1.8238E+00  1.7290E+01 -9.7710E-03  3.7203E-01  1.1701E-01  8.8882E-01 -1.1177E-01
  1.8260E+00  1.7297E+01 -9.7676E-03  3.7178E-01  1.1376E-01  8.8881E-01 -1.0836E-01
  1.8282E+00  1.7305E+01 -9.7644E-03  3.7154E-01  1.1052E-01  8.8879E-01 -1.0495E-01
  1.8305E+00  1.7312E+01 -9.7614E-03  3.7131E-01  1.0730E-01  8.8878E-01 -1.0154E-01
  1.8327E+00  1.7320E+01 -9.7587E-03  3.7108E-01  1.0409E-01  8.8877E-01 -9.8131E-02
  1.8350E+00  1.7327E+01 -9.7561E-03  3.7087E-01  1.0089E-01  8.8876E-01 -9.4726E-02
  1.8372E+00  1.7334E+01 -9.7537E-03  3.7066E-01  9.7712E-02  8.8875E-01 -9.1324E-02
  1.8395E+00  1.7342E+01 -9.7516E-03  3.7046E-01  9.4548E-02  8.8874E-01 -8.7923E-02
  1.8417E+00  1.7349E+01 -9.7496E-03  3.7027E-01  9.1403E-02  8.8873E-01 -8.4525E-02
  1.8439E+00  1.7357E+01 -9.7478E-03  3.7008E-01  8.8278E-02  8.8871E-01 -8.1127E-02
  1.8462E+00  1.7364E+01 -9.7463E-03  3.6990E-01  8.5175E-02  8.8870E-01 -7.7732E-02
  1.8484E+00  1.7372E+01 -9.7449E-03  3.6973E-01  8.2096E-02  8.8869E-01 -7.4338E-02
  1.8507E+00  1.7379E+01 -9.7438E-03  3.6957E-01  7.9044E-02  8.8868E-01 -7.0946E-02
  1.8529E+00  1.7387E+01 -9.7428E-03  3.6941E-01  7.6021E-02  8.8867E-01 -6.7555E-02
  1.8552E+00  1.7394E+01 -9.7420E-03  3.6926E-01  7.3032E-02  8.8866E-01 -6.4166E-02
  1.8574E+00  1.7402E+01 -9.7415E-03  3.6912E-01  7.0081E-02  8.8865E-01 -6.0777E-02
  1.8596E+00  1.7409E+01 -9.7411E-03  3.6899E-01  6.7171E-02  8.8864E-01 -5.7390E-02
  1.8619E+00  1.7417E+01 -9.7410E-03  3.6887E-01  6.4308E-02  8.8862E-01 -5.4005E-02
  1.8641E+00  1.7424E+01 -9.7410E-03  3.6875E-01  6.1499E-02  8.8861E-01 -5.0620E-02
  1.8664E+00  1.7432E+01 -9.7413E-03  3.6864E-01  5.8752E-02  8.8860E-01 -4.7236E-02
  1.8686E+00  1.7439E+01 -9.7417E-03  3.6854E-01  5.6074E-02  8.8859E-01 -4.3854E-02
  1.8709E+00  1.7447E+01 -9.7424E-03  3.6844E-01  5.3476E-02  8.8858E-01 -4.0472E-02
  1.8731E+00  1.7454E+01 -9.7433E-03  3.6836E-01  5.0971E-02  8.8857E-01 -3.7091E-02
  1.8753E+00  1.7462E+01 -9.7443E-03  3.6828E-01  4.8571E-02  8.8856E-01 -3.3711E-02
  1.8776E+00  1.7469E+01 -9.7456E-03  3.6820E-01  4.6295E-02  8.8855E-01 -3.0331E-02
  1.8798E+00  1.7477E+01 -9.7470E-03  3.6814E-01  4.4159E-02  8.8854E-01 -2.6952E-02
  1.8821E+00  1.7484E+01 -9.7487E-03  3.6808E-01  4.2186E-02  8.8853E-01 -2.3574E-02
  1.8843E+00  1.7492E+01 -9.7506E-03  3.6803E-01  4.0400E-02  8.8852E-01 -2.0196E-02
  1.8866E+00  1.7499E+01 -9.7526E-03  3.6799E-01  3.8825E-02  8.8851E-01 -1.6819E-02
  1.8888E+00  1.7507E+01 -9.7549E-03  3.6796E-01  3.7488E-02  8.8849E-01 -1.3442E-02
  1.8910E+00  1.7514E+01 -9.7574E-03  3.6793E-01  3.6416E-02  8.8848E-01 -1.0066E-02
  1.8933E+00  1.7522E+01 -9.7600E-03  3.6791E-01  3.5635E-02  8.8846E-01 -6.7028E-03
  1.8955E+00  1.7529E+01 -9.7629E-03  3.6790E-01  3.5160E-02  8.8844E-01 -3.3606E-03
  1.8978E+00  1.7537E+01 -9.7660E-03  3.6790E-01  3.4998E-02  8.8840E-01 -6.6831E-05
  1.9000E+00  1.7544E+01 -9.7692E-03  3.6790E-01  3.5132E-02  8.8832E-01  3.1145E-03
  1.9023E+00  1.7552E+01 -9.7727E-03  3.6791E-01  3.5508E-02  8.8819E-01  6.0526E-03
  1.9045E+00  1.7559E+01 -9.7763E-03  3.6793E-01  3.6006E-02  8.8802E-01  8.5348E-03
  1.9068E+00  1.7566E+01 -9.7800E-03  3.6795E-01  3.6472E-02  8.8792E-01  1.0347E-02
  1.9090E+00  1.7574E+01 -9.7838E-03  3.6798E-01  3.6798E-02  8.8791E-01  1.1450E-02
  1.9112E+00  1.7581E+01 -9.7876E-03  3.6800E-01  3.6979E-02  8.8796E-01  1.2020E-02
  1.9135E+00  1.7589E+01 -9.7914E-03  3.6803E-01  3.7065E-02  8.8799E-01  1.2286E-02
  1.9157E+00  1.7596E+01 -9.7953E-03  3.6806E-01  3.7103E-02  8.8800E-01  1.2407E-02
  1.9180E+00  1.7604E+01 -9.7991E-03  3.6808E-01  3.7119E-02  8.8800E-01  1.2464E-02
  1.9202E+00  1.7611E+01 -9.8030E-03  3.6811E-01  3.7126E-02  8.8799E-01  1.2494E-02
  1.9225E+00  1.7619E+01 -9.8068E-03  3.6814E-01  3.7129E-02  8.8798E-01  1.2509E-02
  1.9247E+00  1.7626E+01 -9.8107E-03  3.6817E-01  3.7129E-02  8.8797E-01  1.2520E-02
  1.9269E+00  1.7634E+01 -9.8145E-03  3.6820E-01  3.7130E-02  8.8796E-01  1.2531E-02
  1.9292E+00  1.7641E+01 -9.8184E-03  3.6823E-01  3.7131E-02  8.8795E-01  1.2542E-02
  1.9314E+00  1.7649E+01 -9.8223E-03  3.6825E-01  3.7132E-02  8.8794E-01  1.2553E-02
  1.9337E+00  1.7656E+01 -9.8261E-03  3.6828E-01  3.7133E-02  8.8793E-01  1.2564E-02
  1.9359E+00  1.7664E+01 -9.8300E-03  3.6831E-01  3.7134E-02  8.8792E-01  1.2575E-02
  1.9382E+00  1.7671E+01 -9.8338E-03  3.6834E-01  3.7135E-02  8.8791E-01  1.2586E-02
  1.9404E+00  1.7679E+01 -9.8377E-03  3.6837E-01  3.7135E-02  8.8790E-01  1.2597E-02
  1.9426E+00  1.7686E+01 -9.8415E-03  3.6839E-01  3.7136E-02  8.8789E-01  1.2609E-02
  1.9449E+00  1.7694E+01 -9.8454E-03  3.6842E-01  3.7137E-02  8.8787E-01  1.2620E-02
  1.9471E+00  1.7701E+01 -9.8492E-03  3.6845E-01  3.7138E-02  8.8786E-01  1.2631E-02
  1.9494E+00  1.7709E+01 -9.8531E-03  3.6848E-01  3.7139E-02  8.8785E-01  1.2642E-02
  1.9516E+00  1.7716E+01 -9.8569E-03  3.6851E-01  3.7140E-02  8.8784E-01  1.2653E-02
  1.9539E+00  1.7724E+01 -9.8608E-03  3.6854E-01  3.7140E-02  8.8783E-01  1.2664E-02
  1.9561E+00  1.7731E+01 -9.8646E-03  3.6856E-01  3.7141E-02  8.8782E-01  1.2675E-02
  1.9583E+00  1.7739E+01 -9.8685E-03  3.6859E-01  3.7142E-02  8.8781E-01  1.2686E-02
  1.9606E+00  1.7746E+01 -9.8723E-03  3.6862E-01  3.7143E-02  8.8780E-01  1.2697E-02
  1.9628E+00  1.7754E+01 -9.8762E-03  3.6865E-01  3.7144E-02  8.8779E-01  1.2708E-02
  1.9651E+00  1.7761E+01 -9.8800E-03  3.6868E-01  3.7145E-02  8.8778E-01  1.2719E-02
  1.9673E+00  1.7769E+01 -9.8839E-03  3.6871E-01  3.7145E-02  8.8777E-01  1.2730E-02
  1.9696E+00  1.7776E+01 -9.8878E-03  3.6874E-01  3.7146E-02  8.8775E-01  1.2742E-02
  1.9718E+00  1.7784E+01 -9.8916E-03  3.6876E-01  3.7147E-02  8.8774E-01  1.2753E-02
  1.9740E+00  1.7791E+01 -9.8955E-03  3.6879E-01  3.7148E-02  8.8773E-01  1.2764E-02
  1.9763E+00  1.7798E+01 -9.8993E-03  3.6882E-01  3.7149E-02  8.8772E-01  1.2775E-02
  1.9785E+00  1.7806E+01 -9.9032E-03  3.6885E-01  3.7150E-02  8.8771E-01  1.2786E-02
  1.9808E+00  1.7813E+01 -9.9070E-03  3.6888E-01  3.7151E-02  8.8770E-01  1.2797E-02
  1.9830E+00  1.7821E+01 -9.9109E-03  3.6891E-01  3.7151E-02  8.8769E-01  1.2808E-02
  1.9853E+00  1.7828E+01 -9.9147E-03  3.6894E-01  3.7152E-02  8.8768E-01  1.2819E-02
  1.9875E+00  1.7836E+01 -9.9186E-03  3.6897E-01  3.7153E-02  8.8767E-01  1.2830E-02
  1.9898E+00  1.7843E+01 -9.9224E-03  3.6899E-01  3.7154E-02  8.8766E-01  1.2841E-02
  1.9920E+00  1.7851E+01 -9.9263E-03  3.6902E-01  3.7155E-02  8.8765E-01  1.2852E-02
  1.9942E+00  1.7858E+01 -9.9301E-03  3.6905E-01  3.7156E-02  8.8764E-01  1.2863E-02
  1.9965E+00  1.7866E+01 -9.9340E-03  3.6908E-01  3.7157E-02  8.8762E-01  1.2874E-02
  1.9987E+00  1.7873E+01 -9.9378E-03  3.6911E-01  3.7157E-02  8.8761E-01  1.2885E-02
  2.0010E+00  1.7881E+01 -9.9417E-03  3.6914E-01  3.7158E-02  8.8760E-01  1.2896E-02
  2.0032E+00  1.7888E+01 -9.9455E-03  3.6917E-01  3.7159E-02  8.8759E-01  1.2907E-02
  2.0055E+00  1.7896E+01 -9.9494E-03  3.6920E-01  3.7160E-02  8.8758E-01  1.2918E-02
  2.0077E+00  1.7903E+01 -9.9532E-03  3.6923E-01  3.7161E-02  8.8757E-01  1.2929E-02
  2.0099E+00  1.7911E+01 -9.9571E-03  3.6926E-01  3.7162E-02  8.8756E-01  1.2940E-02
  2.0122E+00  1.7918E+01 -9.9609E-03  3.6928E-01  3.7163E-02  8.8755E-01  1.2951E-02
  2.0144E+00  1.7926E+01 -9.9648E-03  3.6931E-01  3.7164E-02  8.8754E-01  1.2962E-02
  2.0167E+00  1.7933E+01 -9.9687E-03  3.6934E-01  3.7164E-02  8.8753E-01  1.2974E-02
  2.0189E+00  1.7941E+01 -9.9725E-03  3.6937E-01  3.7165E-02  8.8751E-01  1.2985E-02
  2.0212E+00  1.7948E+01 -9.9764E-03  3.6940E-01  3.7166E-02  8.8750E-01  1.2996E-02
  2.0234E+00  1.7956E+01 -9.9802E-03  3.6943E-01  3.7167E-02  8.8749E-01  1.3007E-02
  2.0256E+00  1.7963E+01 -9.9841E-03  3.6946E-01  3.7168E-02  8.8748E-01  1.3018E-02
  2.0279E+00  1.7971E+01 -9.9879E-03  3.6949E-01  3.7169E-02  8.8747E-01  1.3029E-02
  2.0301E+00  1.7978E+01 -9.9918E-03  3.6952E-01  3.7170E-02  8.8746E-01  1.3040E-02
  2.0324E+00  1.7986E+01 -9.9956E-03  3.6955E-01  3.7171E-02  8.8745E-01  1.3051E-02
  2.0346E+00  1.7993E+01 -9.9995E-03  3.6958E-01  3.7171E-02  8.8744E-01  1.3062E-02
  2.0369E+00  1.8001E+01 -1.0003E-02  3.6961E-01  3.7172E-02  8.8743E-01  1.3073E-02
  2.0391E+00  1.8008E+01 -1.0007E-02  3.6964E-01  3.7173E-02  8.8742E-01  1.3084E-02
  2.0413E+00  1.8015E+01 -1.0011E-02  3.6966E-01  3.7174E-02  8.8741E-01  1.3095E-02
  2.0436E+00  1.8023E+01 -1.0015E-02  3.6969E-01  3.7175E-02  8.8739E-01  1.3106E-02
  2.0458E+00  1.8030E+01 -1.0019E-02  3.6972E-01  3.7176E-02  8.8738E-01  1.3117E-02
  2.0481E+00  1.8038E+01 -1.0023E-02  3.6975E-01  3.7177E-02  8.8737E-01  1.3128E-02
  2.0503E+00  1.8045E+01 -1.0026E-02  3.6978E-01  3.7178E-02  8.8736E-01  1.3139E-02
  2.0526E+00  1.8053E+01 -1.0030E-02  3.6981E-01  3.7178E-02  8.8735E-01  1.3150E-02
  2.0548E+00  1.8060E+01 -1.0034E-02  3.6984E-01  3.7179E-02  8.8734E-01  1.3161E-02
  2.0570E+00  1.8068E+01 -1.0038E-02  3.6987E-01  3.7180E-02  8.8733E-01  1.3172E-02
  2.0593E+00  1.8075E+01 -1.0042E-02  3.6990E-01  3.7181E-02  8.8732E-01  1.3183E-02
  2.0615E+00  1.8083E+01 -1.0046E-02  3.6993E-01  3.7182E-02  8.8731E-01  1.3194E-02
  2.0638E+00  1.8090E+01 -1.0050E-02  3.6996E-01  3.7183E-02  8.8730E-01  1.3204E-02
  2.0660E+00  1.8098E+01 -1.0053E-02  3.6999E-01  3.7184E-02  8.8728E-01  1.3215E-02
  2.0683E+00  1.8105E+01 -1.0057E-02  3.7002E-01  3.7185E-02  8.8727E-01  1.3226E-02
  2.0705E+00  1.8113E+01 -1.0061E-02  3.7005E-01  3.7186E-02  8.8726E-01  1.3237E-02
  2.0728E+00  1.8120E+01 -1.0065E-02  3.7008E-01  3.7186E-02  8.8725E-01  1.3248E-02
  2.0750E+00  1.8128E+01 -1.0069E-02  3.7011E-01  3.7187E-02  8.8724E-01  1.3259E-02
  2.0772E+00  1.8135E+01 -1.0073E-02  3.7014E-01  3.7188E-02  8.8723E-01  1.3270E-02
  2.0795E+00  1.8143E+01 -1.0077E-02  3.7017E-01  3.7189E-02  8.8722E-01  1.3281E-02
  2.0817E+00  1.8150E+01 -1.0080E-02  3.7020E-01  3.7190E-02  8.8721E-01  1.3292E-02
  2.0840E+00  1.8158E+01 -1.0084E-02  3.7023E-01  3.7191E-02  8.8720E-01  1.3303E-02
  2.0862E+00  1.8165E+01 -1.0088E-02  3.7026E-01  3.7192E-02  8.8719E-01  1.3314E-02
  2.0885E+00  1.8173E+01 -1.0092E-02  3.7029E-01  3.7193E-02  8.8717E-01  1.3325E-02
  2.0907E+00  1.8180E+01 -1.0096E-02  3.7032E-01  3.7194E-02  8.8716E-01  1.3336E-02
  2.0929E+00  1.8188E+01 -1.0100E-02  3.7035E-01  3.7195E-02  8.8715E-01  1.3347E-02
  2.0952E+00  1.8195E+01 -1.0103E-02  3.7038E-01  3.7195E-02  8.8714E-01  1.3358E-02
  2.0974E+00  1.8203E+01 -1.0107E-02  3.7041E-01  3.7196E-02  8.8713E-01  1.3369E-02
  2.0997E+00  1.8210E+01 -1.0111E-02  3.7044E-01  3.7197E-02  8.8712E-01  1.3380E-02
  2.1019E+00  1.8218E+01 -1.0115E-02  3.7047E-01  3.7198E-02  8.8711E-01  1.3391E-02
  2.1042E+00  1.8225E+01 -1.0119E-02  3.7050E-01  3.7199E-02  8.8710E-01  1.3402E-02
  2.1064E+00  1.8233E+01 -1.0123E-02  3.7053E-01  3.7200E-02  8.8709E-01  1.3413E-02
  2.1086E+00  1.8240E+01 -1.0127E-02  3.7056E-01  3.7201E-02  8.8707E-01  1.3424E-02
  2.1109E+00  1.8247E+01 -1.0130E-02  3.7059E-01  3.7202E-02  8.8706E-01  1.3434E-02
  2.1131E+00  1.8255E+01 -1.0134E-02  3.7062E-01  3.7203E-02  8.8705E-01  1.3445E-02
  2.1154E+00  1.8262E+01 -1.0138E-02  3.7065E-01  3.7204E-02  8.8704E-01  1.3456E-02
  2.1176E+00  1.8270E+01 -1.0142E-02  3.7068E-01  3.7205E-02  8.8703E-01  1.3467E-02
  2.1199E+00  1.8277E+01 -1.0146E-02  3.7071E-01  3.7205E-02  8.8702E-01  1.3478E-02
  2.1221E+00  1.8285E+01 -1.0150E-02  3.7074E-01  3.7206E-02  8.8701E-01  1.3489E-02
  2.1243E+00  1.8292E+01 -1.0154E-02  3.7077E-01  3.7207E-02  8.8700E-01  1.3500E-02
  2.1266E+00  1.8300E+01 -1.0157E-02  3.7080E-01  3.7208E-02  8.8699E-01  1.3511E-02
  2.1288E+00  1.8307E+01 -1.0161E-02  3.7083E-01  3.7209E-02  8.8698E-01  1.3522E-02
  2.1311E+00  1.8315E+01 -1.0165E-02  3.7086E-01  3.7210E-02  8.8696E-01  1.3533E-02
  2.1333E+00  1.8322E+01 -1.0169E-02  3.7089E-01  3.7211E-02  8.8695E-01  1.3544E-02
  2.1356E+00  1.8330E+01 -1.0173E-02  3.7092E-01  3.7212E-02  8.8694E-01  1.3554E-02
  2.1378E+00  1.8337E+01 -1.0177E-02  3.7095E-01  3.7213E-02  8.8693E-01  1.3565E-02
  2.1400E+00  1.8345E+01 -1.0181E-02  3.7098E-01  3.7214E-02  8.8692E-01  1.3576E-02
  2.1423E+00  1.8352E+01 -1.0184E-02  3.7101E-01  3.7215E-02  8.8691E-01  1.3587E-02
  2.1445E+00  1.8360E+01 -1.0188E-02  3.7104E-01  3.7216E-02  8.8690E-01  1.3598E-02
  2.1468E+00  1.8367E+01 -1.0192E-02  3.7107E-01  3.7216E-02  8.8689E-01  1.3609E-02
  2.1490E+00  1.8375E+01 -1.0196E-02  3.7111E-01  3.7217E-02  8.8688E-01  1.3620E-02
  2.1513E+00  1.8382E+01 -1.0200E-02  3.7114E-01  3.7218E-02  8.8686E-01  1.3631E-02
  2.1535E+00  1.8390E+01 -1.0204E-02  3.7117E-01  3.7219E-02  8.8685E-01  1.3642E-02
  2.1558E+00  1.8397E+01 -1.0207E-02  3.7120E-01  3.7220E-02  8.8684E-01  1.3652E-02
  2.1580E+00  1.8405E+01 -1.0211E-02  3.7123E-01  3.7221E-02  8.8683E-01  1.3663E-02
  2.1602E+00  1.8412E+01 -1.0215E-02  3.7126E-01  3.7222E-02  8.8682E-01  1.3674E-02
  2.1625E+00  1.8420E+01 -1.0219E-02  3.7129E-01  3.7223E-02  8.8681E-01  1.3685E-02
  2.1647E+00  1.8427E+01 -1.0223E-02  3.7132E-01  3.7224E-02  8.8680E-01  1.3696E-02
  2.1670E+00  1.8435E+01 -1.0227E-02  3.7135E-01  3.7225E-02  8.8679E-01  1.3707E-02
  2.1692E+00  1.8442E+01 -1.0231E-02  3.7138E-01  3.7226E-02  8.8678E-01  1.3718E-02
  2.1715E+00  1.8450E+01 -1.0234E-02  3.7141E-01  3.7227E-02  8.8676E-01  1.3729E-02
  2.1737E+00  1.8457E+01 -1.0238E-02  3.7144E-01  3.7228E-02  8.8675E-01  1.3739E-02
  2.1759E+00  1.8464E+01 -1.0242E-02  3.7147E-01  3.7229E-02  8.8674E-01  1.3750E-02
  2.1782E+00  1.8472E+01 -1.0246E-02  3.7150E-01  3.7229E-02  8.8673E-01  1.3761E-02
  2.1804E+00  1.8479E+01 -1.0250E-02  3.7154E-01  3.7230E-02  8.8672E-01  1.3772E-02
  2.1827E+00  1.8487E+01 -1.0254E-02  3.7157E-01  3.7231E-02  8.8671E-01  1.3783E-02
  2.1849E+00  1.8494E+01 -1.0258E-02  3.7160E-01  3.7232E-02  8.8670E-01  1.3794E-02
  2.1872E+00  1.8502E+01 -1.0261E-02  3.7163E-01  3.7233E-02  8.8669E-01  1.3805E-02
  2.1894E+00  1.8509E+01 -1.0265E-02  3.7166E-01  3.7234E-02  8.8668E-01  1.3815E-02
  2.1916E+00  1.8517E+01 -1.0269E-02  3.7169E-01  3.7238E-02  8.8667E-01  1.3833E-02
  2.1939E+00  1.8524E+01 -1.0273E-02  3.7172E-01  3.7248E-02  8.8666E-01  1.3868E-02
  2.1961E+00  1.8532E+01 -1.0277E-02  3.7175E-01  3.7271E-02  8.8667E-01  1.3936E-02
  2.1984E+00  1.8539E+01 -1.0281E-02  3.7178E-01  3.7325E-02  8.8669E-01  1.4085E-02
  2.2006E+00  1.8547E+01 -1.0285E-02  3.7182E-01  3.7449E-02  8.8675E-01  1.4413E-02
  2.2029E+00  1.8554E+01 -1.0288E-02  3.7185E-01  3.7721E-02  8.8685E-01  1.5103E-02
  2.2051E+00  1.8562E+01 -1.0292E-02  3.7188E-01  3.8255E-02  8.8695E-01  1.6390E-02
  2.2073E+00  1.8569E+01 -1.0297E-02  3.7192E-01  3.9160E-02  8.8698E-01  1.8407E-02
  2.2096E+00  1.8577E+01 -1.0301E-02  3.7197E-01  4.0468E-02  8.8696E-01  2.1057E-02
  2.2118E+00  1.8584E+01 -1.0305E-02  3.7202E-01  4.2131E-02  8.8692E-01  2.4107E-02
  2.2141E+00  1.8592E+01 -1.0310E-02  3.7208E-01  4.4069E-02  8.8690E-01  2.7362E-02
  2.2163E+00  1.8599E+01 -1.0315E-02  3.7214E-01  4.6217E-02  8.8688E-01  3.0710E-02
  2.2186E+00  1.8607E+01 -1.0320E-02  3.7221E-01  4.8529E-02  8.8687E-01  3.4097E-02
  2.2208E+00  1.8614E+01 -1.0325E-02  3.7229E-01  5.0975E-02  8.8686E-01  3.7503E-02
  2.2230E+00  1.8622E+01 -1.0331E-02  3.7238E-01  5.3533E-02  8.8684E-01  4.0920E-02
  2.2253E+00  1.8629E+01 -1.0336E-02  3.7248E-01  5.6183E-02  8.8683E-01  4.4337E-02
  2.2275E+00  1.8637E+01 -1.0342E-02  3.7258E-01  5.8912E-02  8.8682E-01  4.7756E-02
  2.2298E+00  1.8644E+01 -1.0348E-02  3.7269E-01  6.1710E-02  8.8681E-01  5.1175E-02
  2.2320E+00  1.8652E+01 -1.0355E-02  3.7281E-01  6.4569E-02  8.8680E-01  5.4596E-02
  2.2343E+00  1.8659E+01 -1.0361E-02  3.7294E-01  6.7480E-02  8.8678E-01  5.8017E-02
  2.2365E+00  1.8667E+01 -1.0368E-02  3.7307E-01  7.0439E-02  8.8677E-01  6.1440E-02
  2.2388E+00  1.8674E+01 -1.0375E-02  3.7321E-01  7.3438E-02  8.8676E-01  6.4864E-02
  2.2410E+00  1.8682E+01 -1.0382E-02  3.7336E-01  7.6474E-02  8.8675E-01  6.8289E-02
  2.2432E+00  1.8689E+01 -1.0390E-02  3.7352E-01  7.9542E-02  8.8674E-01  7.1716E-02
  2.2455E+00  1.8696E+01 -1.0397E-02  3.7369E-01  8.2640E-02  8.8673E-01  7.5144E-02
  2.2477E+00  1.8704E+01 -1.0405E-02  3.7386E-01  8.5764E-02  8.8671E-01  7.8574E-02
  2.2500E+00  1.8711E+01 -1.0413E-02  3.7404E-01  8.8911E-02  8.8670E-01  8.2005E-02
  2.2522E+00  1.8719E+01 -1.0422E-02  3.7423E-01  9.2081E-02  8.8669E-01  8.5438E-02
  2.2545E+00  1.8726E+01 -1.0430E-02  3.7442E-01  9.5270E-02  8.8668E-01  8.8873E-02
  2.2567E+00  1.8734E+01 -1.0439E-02  3.7463E-01  9.8477E-02  8.8667E-01  9.2309E-02
  2.2589E+00  1.8741E+01 -1.0448E-02  3.7484E-01  1.0170E-01  8.8666E-01  9.5748E-02
  2.2612E+00  1.8749E+01 -1.0457E-02  3.7505E-01  1.0494E-01  8.8664E-01  9.9188E-02
  2.2634E+00  1.8756E+01 -1.0466E-02  3.7528E-01  1.0819E-01  8.8663E-01  1.0263E-01
  2.2657E+00  1.8764E+01 -1.0476E-02  3.7552E-01  1.1146E-01  8.8662E-01  1.0607E-01
  2.2679E+00  1.8771E+01 -1.0486E-02  3.7576E-01  1.1474E-01  8.8661E-01  1.0952E-01
  2.2702E+00  1.8779E+01 -1.0496E-02  3.7601E-01  1.1803E-01  8.8660E-01  1.1297E-01
  2.2724E+00  1.8786E+01 -1.0506E-02  3.7626E-01  1.2133E-01  8.8658E-01  1.1642E-01
  2.2746E+00  1.8794E+01 -1.0516E-02  3.7653E-01  1.2464E-01  8.8657E-01  1.1988E-01
  2.2769E+00  1.8801E+01 -1.0527E-02  3.7680E-01  1.2796E-01  8.8656E-01  1.2333E-01
  2.2791E+00  1.8809E+01 -1.0538E-02  3.7708E-01  1.3129E-01  8.8655E-01  1.2679E-01
  2.2814E+00  1.8816E+01 -1.0549E-02  3.7737E-01  1.3463E-01  8.8653E-01  1.3025E-01
  2.2836E+00  1.8824E+01 -1.0560E-02  3.7767E-01  1.3797E-01  8.8652E-01  1.3371E-01
  2.2859E+00  1.8831E+01 -1.0572E-02  3.7797E-01  1.4133E-01  8.8651E-01  1.3718E-01
  2.2881E+00  1.8839E+01 -1.0584E-02  3.7828E-01  1.4469E-01  8.8650E-01  1.4065E-01
  2.2903E+00  1.8846E+01 -1.0596E-02  3.7860E-01  1.4806E-01  8.8648E-01  1.4412E-01
  2.2926E+00  1.8854E+01 -1.0608E-02  3.7893E-01  1.5143E-01  8.8646E-01  1.4759E-01
  2.2948E+00  1.8861E+01 -1.0620E-02  3.7927E-01  1.5479E-01  8.8644E-01  1.5104E-01
  2.2971E+00  1.8869E+01 -1.0633E-02  3.7961E-01  1.5812E-01  8.8640E-01  1.5446E-01
  2.2993E+00  1.8876E+01 -1.0646E-02  3.7996E-01  1.6137E-01  8.8633E-01  1.5779E-01
  2.3016E+00  1.8884E+01 -1.0659E-02  3.8032E-01  1.6443E-01  8.8621E-01  1.6092E-01
  2.3038E+00  1.8891E+01 -1.0672E-02  3.8068E-01  1.6710E-01  8.8604E-01  1.6366E-01
  2.3060E+00  1.8899E+01 -1.0685E-02  3.8105E-01  1.6916E-01  8.8591E-01  1.6577E-01
  2.3083E+00  1.8906E+01 -1.0699E-02  3.8143E-01  1.7048E-01  8.8588E-01  1.6713E-01
  2.3105E+00  1.8914E+01 -1.0712E-02  3.8180E-01  1.7120E-01  8.8593E-01  1.6786E-01
  2.3128E+00  1.8921E+01 -1.0726E-02  3.8218E-01  1.7154E-01  8.8598E-01  1.6822E-01
  2.3150E+00  1.8928E+01 -1.0739E-02  3.8256E-01  1.7169E-01  8.8600E-01  1.6838E-01
  2.3173E+00  1.8936E+01 -1.0753E-02  3.8293E-01  1.7175E-01  8.8600E-01  1.6845E-01
  2.3195E+00  1.8943E+01 -1.0766E-02  3.8331E-01  1.7178E-01  8.8600E-01  1.6849E-01
  2.3218E+00  1.8951E+01 -1.0780E-02  3.8369E-01  1.7179E-01  8.8599E-01  1.6850E-01
  2.3240E+00  1.8958E+01 -1.0794E-02  3.8407E-01  1.7180E-01  8.8598E-01  1.6851E-01
  2.3262E+00  1.8966E+01 -1.0807E-02  3.8445E-01  1.7180E-01  8.8596E-01  1.6852E-01
  2.3285E+00  1.8973E+01 -1.0821E-02  3.8483E-01  1.7181E-01  8.8595E-01  1.6853E-01
  2.3307E+00  1.8981E+01 -1.0834E-02  3.8520E-01  1.7181E-01  8.8594E-01  1.6854E-01
  2.3330E+00  1.8988E+01 -1.0848E-02  3.8558E-01  1.7181E-01  8.8592E-01  1.6855E-01
  2.3352E+00  1.8996E+01 -1.0861E-02  3.8596E-01  1.7182E-01  8.8591E-01  1.6856E-01
  2.3375E+00  1.9003E+01 -1.0875E-02  3.8634E-01  1.7182E-01  8.8590E-01  1.6857E-01
  2.3397E+00  1.9011E+01 -1.0888E-02  3.8672E-01  1.7182E-01  8.8589E-01  1.6858E-01
  2.3419E+00  1.9018E+01 -1.0902E-02  3.8710E-01  1.7183E-01  8.8587E-01  1.6859E-01
  2.3442E+00  1.9026E+01 -1.0916E-02  3.8747E-01  1.7183E-01  8.8586E-01  1.6860E-01
  2.3464E+00  1.9033E+01 -1.0929E-02  3.8785E-01  1.7183E-01  8.8585E-01  1.6861E-01
  2.3487E+00  1.9041E+01 -1.0943E-02  3.8823E-01  1.7184E-01  8.8583E-01  1.6862E-01
  2.3509E+00  1.9048E+01 -1.0956E-02  3.8861E-01  1.7184E-01  8.8582E-01  1.6863E-01
  2.3554E+00  1.9063E+01 -1.0983E-02  3.8937E-01  1.7185E-01  8.8580E-01  1.6865E-01
