 -1.970989746682E-05  5.210756909893E-05  7.183617248148E-01  1.283485780397E+02  9.635192251384E+02  3.527210801039E+07  1.364364175303E+01 -4.882812500000E-04   1   5
 -8.977383204008E-05  3.031273061894E-04  2.190734203502E-04  6.813007069660E+02  5.217090257239E+03 -9.625754219607E+04 -4.096147648673E-02 -4.882812500000E-04   1   3
 -5.447515878807E-04 -6.027567385952E-05 -2.541952868876E-04  4.018867477331E+03 -1.057401349928E+03  1.073281052701E+05 -4.255680055870E-02 -4.882812500000E-04   1   3
 -8.853692272060E-05  2.920592449501E-04  4.375098043859E-04  1.311724325271E+03  2.213109927544E+03 -1.934733093539E+05 -4.022478382955E-02 -4.882812500000E-04   1   3
 -3.522893310886E-04 -5.358133260653E-05 -5.297452963874E-04  3.705607783496E+03 -6.727234425888E+02  1.810487484359E+05 -4.348203765853E-02 -4.882812500000E-04   1   3
 -2.034938989424E-04  7.161279737531E-04  7.855981855216E-04  1.883088728478E+03  1.079857161820E+04 -3.139955461553E+05 -3.905346310183E-02 -4.882812500000E-04   1   3
 -8.968908148955E-04 -1.827251304066E-04 -7.320760831278E-04  7.728576028583E+03 -2.919239076547E+03  2.257045238578E+05 -4.416040884239E-02 -4.882812500000E-04   1   3
 -1.579896578889E-04  6.022470888707E-04 -4.281659530191E-04  1.482566570893E+03  8.178595827410E+03  1.595924183253E+05 -4.314142063730E-02 -4.882812500000E-04   1   5
 -9.308157694112E-04 -1.841406496622E-04 -8.538592053577E-04  6.794813730219E+03 -3.214089132409E+03  2.429484950230E+05 -4.456796104537E-02 -4.882812500000E-04   1   5
  5.947086018175E-04  8.183921231039E-04  6.923182140430E-04 -5.406848433146E+03  1.303633761584E+04 -2.838850661393E+05 -3.936704109598E-02 -4.882812500000E-04   1   5
 -3.637477995155E-04 -8.833971843119E-05 -5.397922313422E-05  3.676219897420E+03 -1.002833863983E+03  2.694721474941E+04 -4.188244531850E-02 -4.882812500000E-04   1   5
 -1.511528248416E-04 -5.804397893127E-04  4.305137070125E-04  1.898446797142E+03 -7.282978183873E+03 -1.886971633729E+05 -4.024849737965E-02 -4.882812500000E-04   1   5
 -5.851171289537E-04  4.845817959196E-04 -1.912917555055E-04  6.205782183819E+03  6.145750934203E+03  8.816768485082E+04 -4.234543171390E-02 -4.882812500000E-04   1   5
  6.247339156283E-04 -5.246531594312E-04  3.262513115021E-04 -6.016736456218E+03 -8.107344030673E+03 -1.389698687838E+05 -4.060032831105E-02 -4.882812500000E-04   1   5
  1.347729007293E-04 -4.463278519564E-04  3.844367496925E-04 -1.312325382495E+03 -6.354313373373E+03 -1.685551569096E+05 -4.040387481502E-02 -4.882812500000E-04   1   5
 -3.602649372716E-04 -3.155378123433E-04  4.223144572441E-04  4.290657209858E+03 -4.069130548468E+03 -1.862211861573E+05 -4.027606349195E-02 -4.882812500000E-04   1   5
  4.863708385810E-04 -3.764496703249E-04 -2.052925108461E-04 -4.924205915978E+03 -5.618712573450E+03  9.212017814439E+04 -4.239246715266E-02 -4.882812500000E-04   1   5
 -2.480577648940E-04  9.453492796869E-04  1.222997133449E-04  2.152694015482E+03  1.469676628713E+04 -5.324103009745E+04 -4.128768866040E-02 -4.882812500000E-04   1   5
 -4.953210565077E-04  5.030354032423E-04  2.162836250242E-04  5.053101764692E+03  6.720917966852E+03 -9.311055654909E+04 -4.097100487359E-02 -4.882812500000E-04   1   5
 -6.900172674529E-04 -1.301734337282E-04  7.094559290615E-04  4.871578172023E+03 -2.435195149658E+03 -2.792393499680E+05 -3.931029415556E-02 -4.882812500000E-04   1   5
 -3.339058474358E-04 -5.579362408881E-04  7.114817721495E-04  2.184653693970E+03 -1.010859861859E+04 -2.794881252969E+05 -3.930353708820E-02 -4.882812500000E-04   1   5
  6.177551448891E-04  2.419133667051E-04  5.252971738245E-05 -6.984460144408E+03  3.340881375624E+03 -2.249498710739E+04 -4.152307821282E-02 -4.882812500000E-04   1   5
  3.593361272759E-04  6.260396176221E-04  3.151434836690E-04 -3.746177791322E+03  9.114182793491E+03 -1.340750653339E+05 -4.063783094706E-02 -4.882812500000E-04   1   5
  6.500601099572E-04  4.590261623020E-04 -2.307415023370E-04 -7.535757393744E+03  5.739989047562E+03  1.036376097074E+05 -4.247828913568E-02 -4.882812500000E-04   1   5
  3.912544420587E-04  1.213102445526E-04  6.134906749847E-04 -6.539959985039E+03  1.399547370826E+03 -2.638627407717E+05 -3.963186387731E-02 -4.882812500000E-04   1   5
 -3.963995042958E-04 -4.304933754932E-04  8.439090841011E-04  3.404175624762E+03 -6.243918943155E+03 -3.344633031003E+05 -3.885725463074E-02 -4.882812500000E-04   1   5
  5.050182930939E-05  5.992427712499E-04 -7.496364269427E-04 -8.450748990863E+02  8.288697102316E+03  2.325144643528E+05 -4.421968125050E-02 -4.882812500000E-04   1   5
 -5.353580968913E-04  8.746610776375E-04  7.183249561509E-04  4.799229538558E+03  1.378434664214E+04 -2.928736373823E+05 -3.927953223144E-02 -4.882812500000E-04   1   5
 -6.069559731513E-04  2.612009937778E-05  4.840961838665E-04  7.306005645982E+03 -2.900171473732E+01 -2.135177689377E+05 -4.006768881921E-02 -4.882812500000E-04   1   5
 -4.958350957141E-04  7.618579200606E-04  2.125031831868E-04  4.659374765579E+03  1.115734588943E+04 -9.070511237148E+04 -4.098374712031E-02 -4.882812500000E-04   1   5
  2.853865616260E-04  9.088004997653E-05 -5.034378919558E-04 -1.027722072241E+03  1.861175656028E+03  1.761453595973E+05 -4.339384120501E-02 -4.882812500000E-04   1   5
  2.264747245682E-04 -5.804548317056E-04 -3.438285321016E-04 -2.406137927401E+03 -7.339936316472E+03  1.390302784696E+05 -4.285842731359E-02 -4.882812500000E-04   1   5
  1.199761728274E-04 -6.916737862784E-04 -1.964033073887E-04 -1.153818092869E+03 -9.691241648386E+03  8.971628052749E+04 -4.236261555833E-02 -4.882812500000E-04   1   5
  1.573829963761E-04  7.168385734477E-04  3.944107294492E-04 -1.582811851331E+03  1.003622781949E+04 -1.711489667149E+05 -4.037034967531E-02 -4.882812500000E-04   1   5
  9.792714389068E-04 -3.794172504791E-04  2.216231803128E-04 -8.942102058892E+03 -6.047796991778E+03 -9.435116115795E+04 -4.095292961943E-02 -4.882812500000E-04   1   5
 -3.696010846353E-04 -6.637040805948E-04  4.430905632193E-04  3.672228100952E+03 -8.649247412652E+03 -1.946183001174E+05 -4.020601806058E-02 -4.882812500000E-04   1   5
  8.448508530940E-04  1.456380469263E-04  7.146815249153E-04 -8.236891270175E+03  1.716519310533E+03 -2.944775429384E+05 -3.929163805603E-02 -4.882812500000E-04   1   5
 -3.542160772024E-05  8.039932406107E-04 -3.295326259319E-04  4.713885807118E+02  1.082082771832E+04  1.366687130700E+05 -4.281051349295E-02 -4.882812500000E-04   1   5
  3.784526984036E-04  5.002397127076E-04  3.747050164202E-04 -3.518547170947E+03  7.530864426068E+03 -1.631720047946E+05 -4.043674411826E-02 -4.882812500000E-04   1   5
 -4.460219635906E-04 -3.394501110716E-04  5.334675253096E-04  4.896980155486E+03 -3.597390276849E+03 -2.340135194129E+05 -3.990129024163E-02 -4.882812500000E-04   1   5
  5.521381652019E-04 -3.105492861185E-04  2.158867858837E-04 -5.437049928858E+03 -4.146491099954E+03 -9.369274690222E+04 -4.097228323981E-02 -4.882812500000E-04   1   5
  7.550833576676E-04  3.125508926048E-05  3.077851583888E-04 -8.612536369675E+03  1.502072430917E+02 -1.313345191337E+05 -4.066261375036E-02 -4.882812500000E-04   1   5
  1.019295857829E-04  8.103905523750E-04  4.392942734347E-04 -8.076414946936E+02  1.150356381601E+04 -1.925798283516E+05 -4.021882827031E-02 -4.882812500000E-04   1   5
  5.625654896100E-04  3.240103428918E-04 -1.942076626289E-04 -5.342978763358E+03  4.292470208760E+03  8.796187876906E+04 -4.235514180185E-02 -4.882812500000E-04   1   5
 -7.540536628236E-04  2.600044220183E-05 -1.279169867300E-04  8.833366374231E+03  5.007000982085E+01  6.339625470866E+04 -4.213201789541E-02 -4.882812500000E-04   1   5
  2.576019642891E-04 -8.809457588579E-04  5.318712082580E-05 -2.498710209027E+03 -1.292406253922E+04 -2.043023052289E+04 -4.152097936398E-02 -4.882812500000E-04   1   5
 -1.712550010960E-04 -2.779067936845E-04  4.475686543588E-04  2.326111079717E+03 -2.186538109265E+03 -1.981627987504E+05 -4.019083986553E-02 -4.882812500000E-04   1   5
  7.278835043161E-04  9.077752579341E-05 -5.795486566085E-04 -7.137807697277E+03  1.665491663898E+03  1.935245599175E+05 -4.364910491982E-02 -4.882812500000E-04   1   5
  1.798920224078E-04  5.287956435606E-04 -1.553936999502E-04 -1.489221780738E+03  7.391947273734E+03  7.180454757725E+04 -4.222437870379E-02 -4.882812500000E-04   1   5
 -3.666783986358E-04 -3.189516592338E-04 -7.101616614147E-05  4.203606133047E+03 -2.935477366152E+03  3.767478443851E+04 -4.194014840799E-02 -4.882812500000E-04   1   5
  4.879585301005E-04 -3.601156235315E-04  3.328287103618E-04 -4.940956632619E+03 -5.128588285114E+03 -1.425470717062E+05 -4.057815610678E-02 -4.882812500000E-04   1   5
  6.489134723525E-04  6.720660957333E-04  5.522137256841E-05 -6.132705953956E+03  9.910965314720E+03 -2.207091356065E+04 -4.151403820247E-02 -4.882812500000E-04   1   5
  1.111131348294E-04  4.999036146608E-04  2.852873845883E-04 -8.854698943755E+02  7.086386816589E+03 -1.223271371621E+05 -4.073843569425E-02 -4.882812500000E-04   1   5
 -7.468180945011E-04 -5.660594620279E-04  4.633286188855E-04  7.548894275398E+03 -8.177570500321E+03 -2.038047560911E+05 -4.013767829172E-02 -4.882812500000E-04   1   5
 -7.071211216099E-04  7.977561698186E-05 -5.512580202542E-04  7.123303663836E+03  1.556384739055E+03  1.870615726182E+05 -4.355422130956E-02 -4.882812500000E-04   1   5
 -1.720835770624E-04 -6.212293578359E-04 -1.141727671758E-04  1.866935883380E+03 -8.437273630074E+03  5.686771553762E+04 -4.208565174223E-02 -4.882812500000E-04   1   5
 -5.248664422328E-04 -5.089536022868E-04 -6.857005181748E-05  5.630228528777E+03 -7.355242700635E+03  3.715518191391E+04 -4.193189735437E-02 -4.882812500000E-04   1   5
 -1.905395433923E-04 -2.030207704776E-05 -8.610573877418E-04  2.970888050093E+03 -1.988997580021E+02  2.497568794356E+05 -4.459279629607E-02 -4.882812500000E-04   1   5
  1.377852872849E-04  5.819308449896E-04  6.007763845697E-04 -1.241814667123E+03  8.973426065790E+03 -2.540602639861E+05 -3.967505165033E-02 -4.882812500000E-04   1   5
  1.013207984459E-03 -1.224656274949E-04  7.216315374556E-04 -8.938155462836E+03 -2.074951391741E+03 -2.927535049091E+05 -3.926848933899E-02 -4.882812500000E-04   1   5
 -1.172974653642E-05  7.396828262520E-04 -1.357845016098E-04 -1.879317830148E+02  9.960396610064E+03  6.625252555960E+04 -4.215849500180E-02 -4.882812500000E-04   1   5
 -1.024709219073E-03 -2.993341273332E-04  1.773098216155E-04  9.380810027146E+03 -4.938974744967E+03 -7.593398731361E+04 -4.110226168072E-02 -4.882812500000E-04   1   5
  1.350573422509E-04 -2.604356494286E-04 -4.655826682783E-04 -1.094031113106E+03 -3.148778035280E+03  1.673910541042E+05 -4.326690348023E-02 -4.882812500000E-04   1   5
 -1.054075970690E-06  9.660558424743E-04  6.667373389150E-04  3.342849645432E+00  1.553349332080E+04 -2.739934046933E+05 -3.945321545372E-02 -4.882812500000E-04   1   5
  4.731953019408E-04  2.698953484734E-04  4.272505994836E-04 -5.043183616707E+03  3.919415377313E+03 -1.889157585730E+05 -4.025935556431E-02 -4.882812500000E-04   1   5
  4.744241795782E-05  1.487403285310E-04 -8.853609663390E-04  1.383774183421E+03  3.520569623758E+03  2.582546421222E+05 -4.467450919077E-02 -4.882812500000E-04   1   5
  7.998252777314E-04  5.886843403389E-04  6.996006392068E-04 -7.188065770377E+03  8.788511654493E+03 -2.881508873172E+05 -3.934241008216E-02 -4.882812500000E-04   1   5
  4.014503632015E-04 -5.915872641249E-04 -3.414857013150E-04 -4.893366022982E+03 -7.499911005631E+03  1.409423230172E+05 -4.285075507974E-02 -4.882812500000E-04   1   5
 -9.344075874912E-05 -9.381062439606E-04  2.176831692098E-04  1.000005530813E+03 -1.436330270785E+04 -9.278897759413E+04 -4.096627397671E-02 -4.882812500000E-04   1   5
  7.316375020111E-04 -6.876782680160E-04  1.877388078220E-04 -6.386928896043E+03 -1.086443439321E+04 -8.083271245054E+04 -4.106708842475E-02 -4.882812500000E-04   1   5
 -4.268375230544E-04 -4.331118029185E-04 -3.044219987692E-04  5.301473230063E+03 -5.178268113912E+03  1.275124468217E+05 -4.272604620479E-02 -4.882812500000E-04   1   5
 -6.663475794224E-04  3.577994216506E-05  8.110871175184E-04  4.211651531847E+03  7.649661688377E+02 -3.116622917354E+05 -3.896853606959E-02 -4.882812500000E-04   1   5
 -1.933712076472E-06 -7.968594391235E-04  6.701173077706E-05  2.154126463861E+02 -1.163964355339E+04 -2.841822355868E+04 -4.147424285843E-02 -4.882812500000E-04   1   5
 -8.592936977231E-04  2.558293470228E-05 -6.990454064282E-04  8.006519018216E+03 -3.234197880466E+01  2.215237215885E+05 -4.404993383803E-02 -4.882812500000E-04   1   5
  5.911303127108E-04 -2.903364081165E-04  3.129598851427E-04 -5.571027784434E+03 -3.980689013482E+03 -1.336751159641E+05 -4.064514688324E-02 -4.882812500000E-04   1   5
 -7.810580857044E-04 -1.052188964614E-04  3.465914207395E-04  7.888426368108E+03 -1.309457346991E+03 -1.483252687196E+05 -4.053172636740E-02 -4.882812500000E-04   1   5
 -5.481620104615E-04 -2.795141543408E-04  4.849638115745E-04  6.454373734566E+03 -3.234617774047E+03 -2.138702406997E+05 -4.006476456709E-02 -4.882812500000E-04   1   5
 -2.956256007236E-04  2.105226592134E-04 -5.913277569624E-04  3.257592153361E+03  2.826547190481E+03  1.935884206933E+05 -4.368848291355E-02 -4.882812500000E-04   1   5
  1.816641935786E-04 -1.726870655315E-04 -3.899641882421E-04 -1.276066336484E+03 -3.486317649427E+03  1.491171629621E+05 -4.301315807752E-02 -4.882812500000E-04   1   5
  7.230669509677E-04 -4.377427690358E-04 -3.927212170742E-04 -7.123214645851E+03 -6.390272449024E+03  1.522673011658E+05 -4.302251898507E-02 -4.882812500000E-04   1   5
 -2.070385673322E-04 -7.054825909162E-04 -6.303822105234E-04  1.573736634229E+03 -1.050947285610E+04  2.056237968957E+05 -4.381965580411E-02 -4.882812500000E-04   1   5
 -1.704780332089E-04  6.231566837251E-04 -5.137425619762E-04  1.664842238796E+03  8.748120404016E+03  1.786524045666E+05 -4.342842422397E-02 -4.882812500000E-04   1   5
  4.093777477323E-04  3.551470999669E-04  2.562303895693E-04 -6.064221567396E+03  3.473819144782E+03 -1.091688870964E+05 -4.083646152747E-02 -4.882812500000E-04   1   5
 -6.714473818585E-04 -4.919419683431E-04  1.412882932464E-04  6.210285655142E+03 -7.149195405887E+03 -6.274432850880E+04 -4.122362003062E-02 -4.882812500000E-04   1   5
 -8.568767942691E-04 -6.317843015155E-04  6.605528436843E-04  7.509138724921E+03 -1.021106075385E+04 -2.737491012974E+05 -3.947381319526E-02 -4.882812500000E-04   1   5
 -1.557341118181E-04 -4.471717541165E-04  4.751100255884E-05  1.280148240919E+03 -6.007678882430E+03 -2.202242283356E+04 -4.153988318747E-02 -4.882812500000E-04   1   5
 -7.042154916815E-04  1.670699325984E-04 -3.329375122043E-04  7.935810266509E+03  2.506133080543E+03  1.359949836174E+05 -4.282182661450E-02 -4.882812500000E-04   1   5
  5.324741259149E-04 -6.699914003492E-04 -7.782308365135E-04 -4.493710945855E+03 -1.116447652891E+04  2.328197134460E+05 -4.431496536484E-02 -4.882812500000E-04   1   5
 -8.129495621653E-05  1.828406304645E-04  6.217493744520E-06  1.087534567198E+03  3.115511713862E+03 -2.651464851148E+03 -4.167923469727E-02 -4.882812500000E-04   1   5
 -5.117102696692E-04  5.888311266298E-04 -6.495922099781E-04  4.914609001967E+03  8.832962284581E+03  2.097360361119E+05 -4.388405726908E-02 -4.882812500000E-04   1   5
 -7.833618184449E-04  2.204019877161E-05  7.704561689580E-04  7.606265104622E+03  5.925356353657E+02 -3.104734325141E+05 -3.910425568221E-02 -4.882812500000E-04   1   5
 -3.150581007681E-05 -2.414899209275E-05 -8.748756697761E-04  2.142593885751E+03 -8.772276467916E+02  2.560347460066E+05 -4.463937782242E-02 -4.882812500000E-04   1   5
 -5.658271428937E-04 -6.201081449904E-04 -2.462904914308E-04  5.859033214623E+03 -8.035392125938E+03  1.091654779763E+05 -4.253058737607E-02 -4.882812500000E-04   1   5
  3.951778199509E-04  4.425193260996E-04 -3.372770458858E-04 -3.265321838805E+03  7.575617521498E+03  1.351464580442E+05 -4.283620603927E-02 -4.882812500000E-04   1   5
  8.689619792575E-04  1.569441961617E-04  4.521558994341E-05 -8.758937555402E+03  2.059113223714E+03 -1.720362403891E+04 -4.154783839508E-02 -4.882812500000E-04   1   5
  6.987049020910E-04 -1.042471588395E-04 -4.477225547106E-04 -8.240270935244E+03 -1.435121593960E+03  1.673701562052E+05 -4.320727800978E-02 -4.882812500000E-04   1   5
  2.950856256619E-04 -3.218668990316E-04  8.847438869345E-04 -1.166582987023E+03 -6.761212354392E+03 -3.467598298528E+05 -3.871994475040E-02 -4.882812500000E-04   1   5
  6.894839589179E-04 -5.976896792606E-04  8.519050692013E-05 -6.290944337297E+03 -9.069975970910E+03 -3.728165254071E+04 -4.141281001779E-02 -4.882812500000E-04   1   5
  2.332979836634E-04  4.739464589872E-04 -4.184835055104E-04 -2.610472298169E+03  6.931676330762E+03  1.569171399240E+05 -4.310891175227E-02 -4.882812500000E-04   1   5
 -9.674930644047E-05  3.425902844222E-04  8.591534272763E-04  5.060195513457E+02  5.707274159405E+03 -3.361508979387E+05 -3.880628766676E-02 -4.882812500000E-04   1   5
  9.322200443606E-04  2.896188026175E-04  2.734282161345E-04 -8.704267057566E+03  4.042932951156E+03 -1.161479449569E+05 -4.077836356567E-02 -4.882812500000E-04   1   5
 -4.457666947843E-04 -3.155284707046E-04  1.084523412920E-05  5.894303339897E+03 -2.444805211056E+03  2.273913045079E+02 -4.166401079373E-02 -4.882812500000E-04   1   5
 -2.153738811544E-04  6.275890122622E-04  5.131138964048E-04  1.932612201043E+03  7.839157992397E+03 -2.259530015835E+05 -3.996984771332E-02 -4.882812500000E-04   1   5
  8.960349745116E-04 -3.279015697769E-04  2.429467176674E-04 -8.088365828527E+03 -4.876379964694E+03 -1.034756775357E+05 -4.088108462617E-02 -4.882812500000E-04   1   5
  1.601405387207E-05  5.251168753553E-04  2.901894184902E-04  1.086083525598E+02  6.813435143296E+03 -1.238274359679E+05 -4.072196738199E-02 -4.882812500000E-04   1   5
  4.161464494930E-04  4.426264535714E-04 -3.250445196744E-04 -3.031249142644E+03  7.346573787458E+03  1.314473486573E+05 -4.279509083803E-02 -4.882812500000E-04   1   5
 -7.534146682374E-04  7.836954331192E-05 -1.978322878835E-04  7.752386271930E+03  7.911138798422E+02  9.016130745546E+04 -4.236739546180E-02 -4.882812500000E-04   1   5
  1.767715621637E-04  2.560078412290E-04 -5.909709530320E-04 -1.721216710188E+03  3.249915285993E+03  1.933552053874E+05 -4.368727791504E-02 -4.882812500000E-04   1   5
 -5.710451448061E-04 -4.796943406071E-04  2.973498575870E-04  5.332061298980E+03 -6.742726207282E+03 -1.264305837988E+05 -4.069780215865E-02 -4.882812500000E-04   1   5
 -1.966684684778E-05 -6.470319649558E-04 -3.021412158690E-04  5.326645887591E+02 -8.320555342613E+03  1.267938090155E+05 -4.271837107176E-02 -4.882812500000E-04   1   5
  5.132288158769E-04  7.548778517865E-04  6.363435431188E-04 -4.443773593286E+03  1.182414430256E+04 -2.654287382815E+05 -3.955534940291E-02 -4.882812500000E-04   1   5
  3.525538240463E-04  2.471832903069E-04  1.898934143141E-04 -3.756890077266E+03  3.263555587681E+03 -8.352314565111E+04 -4.105986984482E-02 -4.882812500000E-04   1   5
  5.371418228388E-04  4.655001024188E-04 -1.133648865228E-04 -5.033371534662E+03  7.005202801861E+03  5.519736377497E+04 -4.208277821613E-02 -4.882812500000E-04   1   5
  9.776399984468E-04 -3.678885912747E-05  4.509947092636E-04 -9.745766423429E+03 -3.883186738648E+02 -1.980048742140E+05 -4.017927903997E-02 -4.882812500000E-04   1   5
 -8.900274438493E-04 -3.068750713072E-04 -7.752644332841E-04  7.238342418384E+03 -5.281443978735E+03  2.314989672042E+05 -4.430490873811E-02 -4.882812500000E-04   1   5
  8.982275062681E-04 -1.041305197110E-05  7.677780182366E-04 -6.060382669933E+03 -3.114575731822E+02 -2.964889834049E+05 -3.911416496509E-02 -4.882812500000E-04   1   5
 -1.119405529232E-04  4.595996986372E-04 -8.337487266346E-04  1.355072400965E+03  6.686226459033E+03  2.414611543845E+05 -4.450100696516E-02 -4.882812500000E-04   1   5
 -1.074635461632E-03  3.601063432231E-04  6.693608889540E-04  8.424272388496E+03  5.848448402796E+03 -2.727899854440E+05 -3.944440205516E-02 -4.882812500000E-04   1   5
 -3.117285581770E-04 -2.266268962372E-04 -3.817170474905E-04  3.130053267387E+03 -3.412214630345E+03  1.475087720071E+05 -4.298551904297E-02 -4.882812500000E-04   1   5
  2.865484575634E-04 -7.239733821903E-04 -7.218801627462E-05 -2.742580191340E+03 -9.943943888315E+03  3.930995222792E+04 -4.194413834806E-02 -4.882812500000E-04   1   5
 -2.032501415520E-05  2.055508392240E-04 -4.751405690970E-04  1.170344638485E+02  2.613712705137E+03  1.696384896333E+05 -4.329897500233E-02 -4.882812500000E-04   1   5
 -5.290233605012E-04  1.647708755300E-04 -2.792335987517E-04  3.812061183048E+03  2.821765187019E+03  1.160812961519E+05 -4.264103015916E-02 -4.882812500000E-04   1   5
  4.297917580948E-04  8.544746498883E-04  1.154468403042E-04 -3.782561173930E+03  1.281155313729E+04 -4.967946036700E+04 -4.131086108559E-02 -4.882812500000E-04   1   5
 -3.834827875120E-04 -7.461149151195E-04  2.938223332962E-04  3.744209734903E+03 -1.141413691925E+04 -1.248125211389E+05 -4.070967374481E-02 -4.882812500000E-04   1   5
 -7.100274490787E-04 -6.226150101961E-05  6.541103420297E-04  5.736678241202E+03 -1.057678648819E+03 -2.666769752764E+05 -3.949600769610E-02 -4.882812500000E-04   1   5
  6.845086074847E-04  6.782722287235E-05 -1.179299070649E-04 -8.245617230041E+03  7.644466776169E+02  5.935086641570E+04 -4.209838632976E-02 -4.882812500000E-04   1   5
 -4.122779434495E-04 -3.398478491860E-04  1.622447986882E-05  4.075349523984E+03 -4.497139719335E+03 -6.603720940433E+03 -4.164549899933E-02 -4.882812500000E-04   1   5
  7.365453148849E-05  1.551140485629E-05  1.662015449669E-04 -4.981932935063E+02 -4.505724622147E+01 -7.502753943779E+04 -4.113962381436E-02 -4.882812500000E-04   1   5
  3.235008693657E-04  1.322315894093E-04  4.109141115536E-04 -4.629685867296E+03  6.719932800753E+02 -1.803175615755E+05 -4.031459145372E-02 -4.882812500000E-04   1   5
  4.360758189053E-04 -3.433834325808E-04 -3.938934179414E-04 -5.931493739256E+03 -3.362071646846E+03  1.537215918407E+05 -4.302663578343E-02 -4.882812500000E-04   1   5
  2.205184038588E-04 -9.070382563193E-04  8.435033222132E-05 -1.908371983106E+03 -1.327966740102E+04 -3.500107134916E+04 -4.141582467648E-02 -4.882812500000E-04   1   5
 -1.043797902133E-04  5.598125847456E-04  8.233967403635E-04  8.224364991902E+02  7.661751059164E+03 -3.296991843340E+05 -3.892610754657E-02 -4.882812500000E-04   1   5
 -2.982195650930E-04  5.309120773672E-04  8.576826762507E-04  1.439117739738E+03  1.072237548950E+04 -3.304375171644E+05 -3.881151206526E-02 -4.882812500000E-04   1   5
 -6.822847790962E-04 -3.614854598067E-05  3.484962174600E-04  6.776521071567E+03 -2.378358496414E+02 -1.497636102979E+05 -4.052527350720E-02 -4.882812500000E-04   1   5
  3.226806159740E-05 -8.123461713735E-04  5.433758835259E-04 -8.593910547503E+01 -1.129198623000E+04 -2.384244958511E+05 -3.986782355355E-02 -4.882812500000E-04   1   5
  2.980788268315E-04 -3.997511743276E-04 -5.068778581474E-05 -4.115370227858E+03 -3.431258592205E+03  2.984850524575E+04 -4.187169764457E-02 -4.882812500000E-04   1   5
  9.666911663557E-05  4.301129388090E-04 -2.664615959618E-04 -1.057346279856E+03  6.322476957219E+03  1.127830981066E+05 -4.259822648454E-02 -4.882812500000E-04   1   5
 -4.637042444457E-04 -5.250871520038E-04  4.418810931069E-04  5.218212750162E+03 -7.199110991273E+03 -1.939932410604E+05 -4.021011325475E-02 -4.882812500000E-04   1   5
  2.242129737201E-04 -7.057158516238E-04 -6.666623891693E-05 -2.171749884287E+03 -1.121666649558E+04  3.474747328071E+04 -4.192531544107E-02 -4.882812500000E-04   1   5
 -5.211253384262E-04 -3.191668683457E-04 -8.309635489220E-04  4.834113967797E+03 -5.112712871869E+03  2.407624359531E+05 -4.449161796702E-02 -4.882812500000E-04   1   5
  3.575838869585E-04 -1.260746742558E-04 -5.863324413805E-04 -3.313443262378E+03 -1.592595306967E+03  1.925617368567E+05 -4.367172543681E-02 -4.882812500000E-04   1   5
  1.852875686072E-04  3.510047981927E-04 -3.755416687035E-04 -1.957562136537E+03  5.148078618675E+03  1.459532994723E+05 -4.296479379988E-02 -4.882812500000E-04   1   5
  7.904656957535E-04 -3.303518828982E-04 -2.503198518063E-04 -8.263939624948E+03 -4.409918340476E+03  1.103466007226E+05 -4.254410763565E-02 -4.882812500000E-04   1   5
  1.198458479087E-03 -2.839982932588E-04 -7.887986413712E-04 -8.080929858347E+03 -5.168138991388E+03  2.273203070520E+05 -4.434941288079E-02 -4.882812500000E-04   1   5
 -1.235011775012E-04 -4.440813573643E-04  5.003814913419E-04  1.348889098073E+03 -4.600796427618E+03 -2.207699146295E+05 -4.001278016122E-02 -4.882812500000E-04   1   5
  7.343942486814E-04 -1.016633131112E-04 -4.758596545161E-04 -8.583703190304E+03 -1.246999969093E+03  1.756152514584E+05 -4.330179787279E-02 -4.882812500000E-04   1   5
  1.318275657088E-05 -5.956317362136E-04  5.088168444016E-04  2.035453005884E+02 -7.818897093967E+03 -2.243044671795E+05 -3.998432736986E-02 -4.882812500000E-04   1   5
  2.581282982056E-04 -7.624825853841E-04 -2.707104803560E-04 -2.487230223393E+03 -1.006949796857E+04  1.178499146677E+05 -4.261276557681E-02 -4.882812500000E-04   1   5
 -8.881784831494E-04  3.077241536074E-04  6.211439071977E-04  8.577325092684E+03  4.775489414774E+03 -2.635959717432E+05 -3.960622051270E-02 -4.882812500000E-04   1   5
  4.122035011658E-04  2.659697561160E-04  5.406284519768E-04 -5.538532358428E+03  2.647590556680E+03 -2.366615518951E+05 -3.987719511036E-02 -4.882812500000E-04   1   5
 -9.386127239794E-04  4.391517674961E-04  7.546076949738E-05  8.845787285342E+03  6.346973699221E+03 -3.095955796134E+04 -4.144574869512E-02 -4.882812500000E-04   1   5
  2.289794507695E-04 -7.524107904106E-05  4.683752603376E-04 -4.315937233818E+03  2.619916667469E+02 -2.076384712910E+05 -4.012063727967E-02 -4.882812500000E-04   1   5
  4.170362625341E-05  2.042280913715E-04 -6.022293918283E-04 -7.261769129976E+02  3.523015495608E+03  1.951289910302E+05 -4.372497777539E-02 -4.882812500000E-04   1   5
  1.869168248021E-04  5.666343479788E-04 -2.641148188728E-04 -1.852597179756E+03  7.426195766787E+03  1.138469412981E+05 -4.259047337167E-02 -4.882812500000E-04   1   5
 -9.145685702915E-04 -1.831000621261E-05 -4.367452259543E-04  8.691724366610E+03 -2.025461537896E+02  1.628416054882E+05 -4.317019367607E-02 -4.882812500000E-04   1   5
  1.748216080437E-04  7.929282566296E-04  8.223008516810E-04 -1.314704984673E+03  1.326312560218E+04 -3.224891037627E+05 -3.893023988173E-02 -4.882812500000E-04   1   5
 -4.153700912979E-04  1.706870342464E-04 -5.287799357249E-04  4.192554632952E+03  2.631556632284E+03  1.808920053032E+05 -4.347879012955E-02 -4.882812500000E-04   1   5
 -8.351995637579E-04  4.100479904983E-04 -3.481153080432E-04  8.625123872430E+03  5.325890172236E+03  1.424508963731E+05 -4.287292118430E-02 -4.882812500000E-04   1   5
  4.467389330808E-04 -4.936133627488E-04  4.247855966184E-04 -4.876625735852E+03 -6.676909922746E+03 -1.859612688721E+05 -4.026781159049E-02 -4.882812500000E-04   1   5
  4.309878504018E-04  4.817994491764E-04 -4.590005395151E-04 -5.191942957806E+03  5.242924571212E+03  1.714356255899E+05 -4.324524332633E-02 -4.882812500000E-04   1   5
  3.338736846294E-04  3.018207694260E-05  5.323753445036E-04 -4.913198192132E+03  3.324665445458E+02 -2.342574193751E+05 -3.990493640712E-02 -4.882812500000E-04   1   5
  3.477365640870E-04  5.707799532582E-04 -3.816246729260E-04 -4.039126275008E+03  6.910703679254E+03  1.499029417357E+05 -4.298538606907E-02 -4.882812500000E-04   1   5
 -4.137904546427E-04  5.998051947725E-04 -9.857871753283E-05  4.844951503397E+03  7.489280584878E+03  5.104107889931E+04 -4.203315486192E-02 -4.882812500000E-04   1   5
 -5.855474795543E-04 -1.696316823465E-04  1.812234255066E-04  7.714955664748E+03 -9.885551321282E+02 -7.754037928957E+04 -4.108927223265E-02 -4.882812500000E-04   1   5
  6.305553327090E-05 -6.644954258390E-04 -6.190741871878E-04 -3.340786803591E+02 -9.719728778987E+03  2.023031700095E+05 -4.378169074141E-02 -4.882812500000E-04   1   5
  5.081055389005E-04  1.904231370986E-04  8.068352277454E-04 -3.018193040262E+03  3.448170201167E+03 -3.095760243556E+05 -3.898294926506E-02 -4.882812500000E-04   1   5
  4.955341251717E-04 -5.064378986198E-05 -2.323521536109E-04 -4.658564106716E+03 -1.116381806187E+03  1.005089506222E+05 -4.248342675839E-02 -4.882812500000E-04   1   5
  4.921711103203E-04  5.042197983295E-04 -2.900658116208E-04 -5.377337448558E+03  6.424262330648E+03  1.229212872035E+05 -4.267776118984E-02 -4.882812500000E-04   1   5
 -9.620292832757E-05 -2.540992195580E-04  5.829317451155E-04  8.189785576607E+02 -4.018858331427E+03 -2.491227747572E+05 -3.973504108348E-02 -4.882812500000E-04   1   5
 -6.234802818478E-04  4.488220747022E-04 -1.967782633431E-04  5.596571037187E+03  6.821754897958E+03  8.904244212531E+04 -4.236375850485E-02 -4.882812500000E-04   1   5
 -2.117957654063E-04  2.535815206465E-04  2.470081284203E-04  1.366454632619E+03  4.373026034653E+03 -1.078953223589E+05 -4.086732266727E-02 -4.882812500000E-04   1   5
 -3.458311130831E-04 -3.418764988340E-04  3.927620270899E-04  3.519436686059E+03 -4.366326880645E+03 -1.719561221834E+05 -4.037582110524E-02 -4.882812500000E-04   1   5
 -1.188346897696E-04 -3.216981742244E-05  8.721325397140E-04  1.051972410048E+03 -1.424407893482E+03 -3.425651259926E+05 -3.876247711691E-02 -4.882812500000E-04   1   5
 -6.423427303001E-04  9.582515212876E-05  7.106715929214E-04  7.425809152414E+03  1.245178602376E+03 -2.949071390415E+05 -3.930505973340E-02 -4.882812500000E-04   1   5
 -6.581229197788E-04 -1.751466649650E-04  2.917632211114E-04  8.100696433824E+03 -1.718338347600E+03 -1.243990373724E+05 -4.071665496790E-02 -4.882812500000E-04   1   5
  9.383311994379E-04 -3.395552815298E-04  4.303921225485E-04 -9.406821021680E+03 -5.250811257893E+03 -1.882231969794E+05 -4.024881136228E-02 -4.882812500000E-04   1   5
  1.326546350020E-04 -2.886139761098E-04  2.178740861556E-04 -7.937148911377E+02 -4.682299895555E+03 -9.549313955173E+04 -4.096554191824E-02 -4.882812500000E-04   1   5
 -4.647268626697E-04 -6.099624698220E-04  3.991519440224E-04  5.180231251900E+03 -8.053265241373E+03 -1.736019181205E+05 -4.035433468697E-02 -4.882812500000E-04   1   5
  1.766501555005E-04  1.663925861995E-04 -1.103308259293E-04 -2.038351370095E+03  2.319121394091E+03  5.125714603668E+04 -4.207242087839E-02 -4.882812500000E-04   1   5
 -7.473204532396E-04 -2.947185904593E-04  2.451071070482E-04  7.609950982641E+03 -4.477497016684E+03 -1.045845922260E+05 -4.087387147121E-02 -4.882812500000E-04   1   5
 -7.627152704559E-04 -1.585144116078E-04 -2.726469233700E-04  7.161663770605E+03 -2.089741346198E+03  1.166420305514E+05 -4.261908751890E-02 -4.882812500000E-04   1   5
 -5.291332781318E-04  2.956628551367E-04 -2.221744988635E-04  5.971391691702E+03  3.749980897374E+03  9.900379565100E+04 -4.244936015940E-02 -4.882812500000E-04   1   5
 -8.271188998311E-04  2.550033688846E-04 -4.388465858219E-04  8.356943386519E+03  3.149190448639E+03  1.643586343389E+05 -4.317736609104E-02 -4.882812500000E-04   1   5
 -5.615205354533E-04 -7.171499775492E-04 -4.718633074243E-04  5.122155969291E+03 -1.106739683545E+04  1.710612306709E+05 -4.328800497958E-02 -4.882812500000E-04   1   5
  3.127304884532E-04  5.958251020870E-04 -9.538459189662E-05 -2.772288171208E+03  9.353922118144E+03  4.609600391526E+04 -4.202205992658E-02 -4.882812500000E-04   1   5
 -1.574935751294E-04  8.584124340532E-04  5.897088736750E-05  1.824383299871E+03  1.262877512375E+04 -2.394350233475E+04 -4.150141193937E-02 -4.882812500000E-04   1   5
  8.343420885716E-04  3.883712204970E-04  3.031424308811E-04 -7.827164920074E+03  5.591031002025E+03 -1.288580374731E+05 -4.067821632904E-02 -4.882812500000E-04   1   5
 -5.319711182778E-04  3.357709172157E-04 -5.562558066264E-04  6.523558617665E+03  3.805853416507E+03  1.947479967246E+05 -4.357155425788E-02 -4.882812500000E-04   1   5
 -3.003966673069E-04 -1.612613535232E-04  1.190259216229E-04  2.457028218596E+03 -2.376884075368E+03 -5.502871540580E+04 -4.129861414953E-02 -4.882812500000E-04   1   5
  3.645477292040E-04  5.671595292485E-04  6.198298898351E-04 -3.628798813153E+03  8.374237132814E+03 -2.602604540802E+05 -3.961096741802E-02 -4.882812500000E-04   1   5
 -7.700001135003E-04  2.989962834329E-04  5.499822563226E-04  8.458460601957E+03  4.016161697490E+03 -2.414050271175E+05 -3.984553433224E-02 -4.882812500000E-04   1   5
  6.387914553516E-04 -2.743490944395E-05 -2.915113563653E-04 -6.468139601109E+03 -6.401196070258E+02  1.225656134538E+05 -4.268254489035E-02 -4.882812500000E-04   1   5
 -3.622885556442E-05  8.198320050693E-04 -6.665815293665E-04  5.011132994405E+02  1.295134718798E+04  2.115887879331E+05 -4.394085293384E-02 -4.882812500000E-04   1   5
 -5.323274412624E-04 -5.688518589925E-04 -4.972911949420E-04  5.364674843941E+03 -7.411478199234E+03  1.795770261461E+05 -4.337359284123E-02 -4.882812500000E-04   1   5
 -1.071107619644E-04  2.493281545408E-04  8.551740977942E-04  1.825537836815E+02  4.435585727992E+03 -3.328288364361E+05 -3.881984346134E-02 -4.882812500000E-04   1   5
 -8.898643348901E-04 -8.090908780459E-05 -6.704999650707E-04  7.376305806711E+03 -1.122103681839E+03  2.099200609603E+05 -4.395372388881E-02 -4.882812500000E-04   1   5
  7.041458058954E-04 -1.669270386570E-04  5.406551734304E-04 -7.384185454802E+03 -1.963883857322E+03 -2.365518792522E+05 -3.987706240632E-02 -4.882812500000E-04   1   5
 -6.025136520098E-04 -2.338850733569E-04  6.229712044868E-04  7.399927710622E+03 -3.107790481417E+03 -2.668743043522E+05 -3.959996989100E-02 -4.882812500000E-04   1   5
 -5.251394058249E-04 -2.191194147665E-04  2.489287318685E-05  6.169057926056E+03 -2.437904503114E+03 -9.251885994285E+03 -4.161637305371E-02 -4.882812500000E-04   1   5
  3.689914814277E-04  5.399359902614E-04  3.196599014377E-05 -3.636857065666E+03  7.392059101627E+03 -1.335516930426E+04 -4.159241882813E-02 -4.882812500000E-04   1   5
  3.814118246374E-04  1.339456883695E-04 -6.125448071259E-05 -5.450985229128E+03  1.090909154630E+03  3.256160918001E+04 -4.190717725406E-02 -4.882812500000E-04   1   5
 -3.225120660728E-04  3.808804721760E-04 -6.011170090148E-05  4.358263286279E+03  4.373968541393E+03  3.259847755984E+04 -4.190336306707E-02 -4.882812500000E-04   1   5
 -8.959907125680E-04 -4.956728348954E-05  6.250006242126E-04  8.313002411515E+03 -9.103977642668E+02 -2.627106589529E+05 -3.959342658615E-02 -4.882812500000E-04   1   5
 -9.692188365767E-05  3.260349595975E-04 -6.746322452943E-04  1.456078105934E+03  2.322608415367E+03  2.190084478573E+05 -4.396841664515E-02 -4.882812500000E-04   1   5
 -7.055285079871E-05 -4.687159868743E-04  5.064813805200E-05  5.309303495890E+02 -6.584636164634E+03 -2.368852891063E+04 -4.152928061606E-02 -4.882812500000E-04   1   5
  3.854736240397E-04  4.342562678691E-04 -3.455533834414E-04 -3.709294037414E+03  6.026343392096E+03  1.384795758709E+05 -4.286412610026E-02 -4.882812500000E-04   1   5
  6.682429364560E-04 -6.203071179017E-04  5.065276429215E-04 -6.619852153957E+03 -8.624209540562E+03 -2.231892621928E+05 -3.999197235331E-02 -4.882812500000E-04   1   5
  4.021604779967E-04  1.650419871643E-04 -2.469048876348E-04 -4.472030687238E+03  1.644821107874E+03  1.070125325825E+05 -4.253252591752E-02 -4.882812500000E-04   1   5
 -3.687598507138E-04 -4.296943577011E-04 -3.794708858162E-04  4.814339830469E+03 -4.342040810679E+03  1.497323365657E+05 -4.297820174619E-02 -4.882812500000E-04   1   5
  6.815086049955E-05  4.215381399003E-04 -1.216366583886E-04 -6.648723918038E+02  4.389851834455E+03  5.886779750508E+04 -4.211074591819E-02 -4.882812500000E-04   1   5
  1.136069167738E-04 -6.239766420458E-04 -8.675679921506E-04 -8.363249016156E+02 -9.932422126146E+03  2.503448814247E+05 -4.461448433768E-02 -4.882812500000E-04   1   5
  2.607118464583E-05  3.699463995095E-04 -2.915715970971E-04 -1.936049774199E+02  4.917400604316E+03  1.215209940537E+05 -4.268271211826E-02 -4.882812500000E-04   1   5
  4.637433655731E-04  4.567884529778E-04 -8.252138436404E-05 -5.712603713448E+03  5.289421544963E+03  4.421994445199E+04 -4.197904749686E-02 -4.882812500000E-04   1   5
 -8.240275299074E-04 -2.373971783729E-04 -5.277620554663E-04  8.368458806016E+03 -3.369072562222E+03  1.863353616283E+05 -4.347574963528E-02 -4.882812500000E-04   1   5
  6.524966776311E-04  9.812234183780E-05 -1.994949269764E-04 -6.925818362471E+03  1.007192378849E+03  9.054951077903E+04 -4.237299891209E-02 -4.882812500000E-04   1   5
  8.173755685261E-04  1.573327062525E-05  1.355228192890E-05 -8.346664394901E+03 -2.709410021421E+02 -2.232883894928E+03 -4.165470548760E-02 -4.882812500000E-04   1   5
 -9.544909527101E-04  1.928428330886E-04  4.251876589891E-04  9.310164989697E+03  3.056193668593E+03 -1.857979080610E+05 -4.026637196406E-02 -4.882812500000E-04   1   5
 -4.767091465860E-04  1.755358388218E-04  5.255934290402E-04  5.083595769304E+03  2.456415013243E+03 -2.314757313417E+05 -3.992776757291E-02 -4.882812500000E-04   1   5
  5.044189741840E-04 -3.506956279048E-04  2.096567623709E-04 -5.416646455684E+03 -4.750317562985E+03 -9.082179780874E+04 -4.099331630302E-02 -4.882812500000E-04   1   5
 -1.191956035664E-06  3.297708445612E-04  1.961294084425E-04  3.019413647319E+02  4.746616860212E+03 -8.627422680162E+04 -4.103884908092E-02 -4.882812500000E-04   1   5
  6.801423170972E-04  3.221165919247E-04  2.747744714854E-04 -6.971685395233E+03  4.397135450245E+03 -1.168122772870E+05 -4.077391398105E-02 -4.882812500000E-04   1   5
  5.078754115690E-04 -4.935841882803E-04  3.412596283047E-04 -6.107287683566E+03 -6.524150028359E+03 -1.463733736734E+05 -4.054972008912E-02 -4.882812500000E-04   1   5
  2.704835261588E-04 -2.511906529934E-04  8.407133325501E-04 -3.454931522541E+03 -3.021786672018E+03 -3.373327713733E+05 -3.886772764240E-02 -4.882812500000E-04   1   5
 -3.545939861161E-04  2.078067060000E-04 -6.874091265392E-04  4.494906938767E+03  1.138292548369E+03  2.212400279833E+05 -4.401121432908E-02 -4.882812500000E-04   1   5
 -1.137372303177E-04  1.932043177737E-04 -9.947333117100E-06  9.814046359212E+02  3.313737027920E+03  5.176315027542E+03 -4.173379384203E-02 -4.882812500000E-04   1   5
 -1.809071291626E-04 -7.062205756597E-04  8.288357299944E-04  1.704133346544E+03 -1.108529462802E+04 -3.288081918383E+05 -3.890797458777E-02 -4.882812500000E-04   1   5
  1.136120065162E-04  1.833211019838E-04 -8.733614676321E-04 -1.007418205867E+03  1.444267934170E+03  2.533178585143E+05 -4.463412315518E-02 -4.882812500000E-04   1   5
  1.915396591344E-05  7.820555060676E-04  4.150767924498E-04  1.874570787909E+02  1.098952463067E+04 -1.810993311741E+05 -4.030057642625E-02 -4.882812500000E-04   1   5
  3.423147746030E-04 -4.410504277772E-04  3.749596396133E-04 -3.398001482818E+03 -6.639756659867E+03 -1.634578842693E+05 -4.043588880448E-02 -4.882812500000E-04   1   5
  4.650284075825E-04 -4.582046593199E-04 -1.184238019539E-04 -4.653607495848E+03 -5.956430603819E+03  5.849653580706E+04 -4.209995643110E-02 -4.882812500000E-04   1   5
  3.248135745851E-04  3.502881644685E-04 -5.676651554061E-04 -3.205779039859E+03  5.513232215610E+03  1.890353016806E+05 -4.360915457029E-02 -4.882812500000E-04   1   5
  6.559245233367E-04  8.786129254464E-04  6.638662168602E-04 -5.691786911427E+03  1.417024775160E+04 -2.746314421620E+05 -3.946267329452E-02 -4.882812500000E-04   1   5
  4.664288864750E-04  6.878495940315E-04 -7.805092650125E-04 -4.037321211198E+03  1.102590152974E+04  2.351026366404E+05 -4.432277678298E-02 -4.882812500000E-04   1   5
 -3.097492525993E-04  7.262914051832E-04  6.951841083548E-04  3.201536381150E+03  1.026140389914E+04 -2.889943483762E+05 -3.935718261314E-02 -4.882812500000E-04   1   5
  2.128123337447E-04 -2.254753547711E-04 -2.880525724220E-04 -1.650179299781E+03 -4.032420418334E+03  1.182435235570E+05 -4.267069434862E-02 -4.882812500000E-04   1   5
 -8.552015618494E-04 -3.857129842669E-04 -3.301413917215E-04  8.735483879692E+03 -5.104990864036E+03  1.369899728839E+05 -4.281251438785E-02 -4.882812500000E-04   1   5
  1.971181630153E-04  3.544004845274E-04  5.580658311352E-04 -2.766654761927E+03  3.401646106052E+03 -2.427531573166E+05 -3.981852450417E-02 -4.882812500000E-04   1   5
 -7.345263460840E-04  7.506505248589E-05  3.235986414453E-04  7.372355925321E+03  6.509687489558E+02 -1.378543977123E+05 -4.060930186247E-02 -4.882812500000E-04   1   5
  6.180532897816E-04 -5.249462534453E-04 -6.963878163360E-04 -5.603304146582E+03 -7.773226394772E+03  2.210876636115E+05 -4.404105524107E-02 -4.882812500000E-04   1   5
  2.334104881242E-04 -8.498557219231E-04  2.111492353923E-04 -2.647458132935E+03 -1.232959910743E+04 -9.000605166142E+04 -4.098834454473E-02 -4.882812500000E-04   1   5
  9.004411762771E-04 -2.454308069719E-04  3.731466393238E-04 -8.697207112310E+03 -3.264108141958E+03 -1.609943434644E+05 -4.044204100035E-02 -4.882812500000E-04   1   5
 -9.109382011567E-04 -8.072982873422E-04  7.073902319247E-04  7.238367861164E+03 -1.379429583014E+04 -2.843247164730E+05 -3.931652794940E-02 -4.882812500000E-04   1   5
 -2.367307372559E-04 -4.563377993533E-04 -8.255947890684E-04  2.645185297986E+03 -6.534812044734E+03  2.440845930003E+05 -4.447401029416E-02 -4.882812500000E-04   1   5
  6.483477852550E-04 -5.380957875472E-04  1.559339853642E-04 -6.621836452906E+03 -6.999965463501E+03 -6.653138518123E+04 -4.117448161948E-02 -4.882812500000E-04   1   5
  3.249280308193E-04  6.452265914152E-04  2.730004817439E-04 -3.035955259045E+03  8.815578160362E+03 -1.160773557857E+05 -4.077990677072E-02 -4.882812500000E-04   1   5
 -5.101099152737E-04 -1.835132085559E-04 -4.398551216801E-04  7.650954112583E+03 -2.165174160366E+03  1.671207853292E+05 -4.318103667068E-02 -4.882812500000E-04   1   5
  6.633494582736E-04 -9.882755335630E-06 -3.007607051364E-05 -6.259066196552E+03 -1.113988038162E+01  1.627978240419E+04 -4.180177609000E-02 -4.882812500000E-04   1   5
  8.170222788502E-04 -5.072741250641E-05 -2.963498096802E-04 -8.145109228892E+03 -8.268987008803E+02  1.248316355515E+05 -4.269882369278E-02 -4.882812500000E-04   1   5
 -2.826885477151E-05 -6.493394222937E-04  2.087835003547E-04  5.355058955261E+02 -8.891264976130E+03 -9.013053250626E+04 -4.099628584732E-02 -4.882812500000E-04   1   5
 -1.205396252279E-03  3.600986683590E-04  7.228790973057E-04  9.611535144962E+03  5.753966747169E+03 -2.902506990860E+05 -3.926434035048E-02 -4.882812500000E-04   1   5
 -5.831177693109E-04  2.679895047496E-04 -5.319643217971E-05  6.160056432608E+03  3.812344846343E+03  2.851607841414E+04 -4.187992582113E-02 -4.882812500000E-04   1   5
  2.106375081567E-05  8.364031385738E-04  2.464090196332E-04 -2.902010794849E+01  1.213581727211E+04 -1.048881207290E+05 -4.086950498631E-02 -4.882812500000E-04   1   5
  4.183471656109E-04  7.428544698870E-05 -5.286428627017E-04 -4.184341907459E+03  1.430398867722E+03  1.808777687576E+05 -4.347833322663E-02 -4.882812500000E-04   1   5
 -5.835568886412E-04 -7.764727752257E-04  6.263933197891E-04  5.266185135092E+03 -1.183087821946E+04 -2.650142573782E+05 -3.958857366074E-02 -4.882812500000E-04   1   5
 -3.179390941122E-04 -4.310245132611E-04 -5.276537055239E-04  4.119504528295E+03 -4.332006931483E+03  1.882428059460E+05 -4.347562915934E-02 -4.882812500000E-04   1   5
 -7.256121082482E-04  1.572063873429E-04  8.282596007846E-04  5.577740457632E+03  2.404973541252E+03 -3.231938643336E+05 -3.891030667574E-02 -4.882812500000E-04   1   5
  1.871929853161E-04  4.424932188002E-05  4.745298015169E-04 -3.858435535954E+03 -6.945740499918E+02 -2.108253457786E+05 -4.009984103557E-02 -4.882812500000E-04   1   5
  6.455768470619E-05  7.972639739017E-04 -6.565572617806E-04 -5.518145511561E+02  1.284949479703E+04  2.074434116391E+05 -4.390707733628E-02 -4.882812500000E-04   1   5
 -8.095038768662E-04  9.056123236001E-05  3.862991955133E-04  8.150080438327E+03  8.827779761450E+02 -1.672265815556E+05 -4.039769633736E-02 -4.882812500000E-04   1   5
  1.518707947001E-04  8.282215016397E-04  6.611038053169E-04 -1.779048341645E+03  1.201824703372E+04 -2.774421124989E+05 -3.947181964508E-02 -4.882812500000E-04   1   5
 -8.303812908147E-04  1.224969519932E-04  1.119245505127E-04  7.799099828292E+03  1.739965371942E+03 -5.088350823185E+04 -4.132253814325E-02 -4.882812500000E-04   1   5
 -1.754205396387E-04 -4.501485781873E-04  5.605948787054E-04  2.335294726064E+03 -5.388617735179E+03 -2.435829371185E+05 -3.981001383652E-02 -4.882812500000E-04   1   5
  4.964588931985E-07  6.362673952435E-04  5.850309816802E-04 -9.030157406075E+01  8.794058536242E+03 -2.510282029944E+05 -3.972784733518E-02 -4.882812500000E-04   1   5
  2.910434785379E-04  3.777575261580E-04 -1.528589400435E-04 -3.569889798160E+03  4.500344780736E+03  7.160770482672E+04 -4.221592962076E-02 -4.882812500000E-04   1   5
  5.268955412020E-04 -7.832906713163E-04  7.198925543658E-04 -4.682834366789E+03 -1.200244003258E+04 -2.944886619092E+05 -3.927421077695E-02 -4.882812500000E-04   1   5
 -6.930107821644E-04 -1.792660112917E-04 -3.604078862115E-04  8.486456075657E+03 -2.246336000715E+03  1.461442790681E+05 -4.291429657760E-02 -4.882812500000E-04   1   5
  1.158376993967E-04 -6.488044951885E-04 -3.560084106522E-04 -1.549184125792E+03 -9.057357646573E+03  1.420682818388E+05 -4.289928853684E-02 -4.882812500000E-04   1   5
 -3.999523534915E-04 -7.802180575419E-04  3.991411160487E-05  3.509277916940E+03 -1.139436037932E+04 -1.474454791705E+04 -4.156572383497E-02 -4.882812500000E-04   1   5
 -5.767630172521E-04 -2.999985809508E-05  6.983613885857E-04  7.129267254962E+03 -8.577628182612E+02 -2.905264145647E+05 -3.934650522175E-02 -4.882812500000E-04   1   5
 -1.078752888796E-03 -1.490739466240E-04  1.850818594527E-04  9.828485835592E+03 -2.696106979281E+03 -7.909795192134E+04 -4.107606250192E-02 -4.882812500000E-04   1   5
  3.558876116163E-04 -8.551302503888E-04 -7.575314423037E-04 -2.705664246310E+03 -1.505461737914E+04  2.227659623189E+05 -4.424503298549E-02 -4.882812500000E-04   1   5
  5.598161858247E-04  6.678463700543E-05  3.962986762474E-05 -7.989121034108E+03  2.886163085055E+02 -1.373083676655E+04 -4.156684849930E-02 -4.882812500000E-04   1   5
  2.872731965893E-04  3.939198361388E-04  1.177931559937E-05 -2.740752170804E+03  5.263976241342E+03 -4.699811037838E+03 -4.166049138114E-02 -4.882812500000E-04   1   5
 -2.472939149153E-04 -1.152876216045E-05  2.490028649859E-04  1.398345599024E+03 -4.718386893710E+02 -1.093350428402E+05 -4.086055636575E-02 -4.882812500000E-04   1   5
  5.666957635413E-04 -2.185987448643E-04  4.956361719280E-04 -6.497206824944E+03 -2.459916446813E+03 -2.186378127482E+05 -4.002876425557E-02 -4.882812500000E-04   1   5
  6.861678104445E-04 -1.618220036162E-04  7.883495873723E-04 -4.300908088219E+03 -3.054489559775E+03 -3.025863426441E+05 -3.904512339755E-02 -4.882812500000E-04   1   5
  4.687021338055E-04  6.769621362866E-04 -7.939431663279E-04 -3.171607469535E+03  1.233548067169E+04  2.248977946972E+05 -4.436669395861E-02 -4.882812500000E-04   1   5
 -5.606783263211E-04  1.099350430325E-03 -7.988275081783E-04  4.064863014539E+03  1.915833308710E+04  2.341477162001E+05 -4.438351348949E-02 -4.882812500000E-04   1   5
  2.037645479562E-04 -6.683150543079E-04 -6.201502915283E-04 -1.947817877868E+03 -9.662769995323E+03  2.044705726807E+05 -4.378545000834E-02 -4.882812500000E-04   1   5
  6.327383784187E-04 -3.218711142471E-04 -3.344286110001E-04 -6.543236076051E+03 -4.871124833096E+03  1.358953830500E+05 -4.282677902284E-02 -4.882812500000E-04   1   5
  5.870477351123E-04  5.096878446674E-04 -5.811791269824E-04 -5.761507204052E+03  6.807777762757E+03  1.988314837023E+05 -4.365497465515E-02 -4.882812500000E-04   1   5
  3.190298166312E-04 -6.246554348779E-04  6.486329705366E-04 -2.799990290724E+03 -1.014570847027E+04 -2.665263785731E+05 -3.951432068439E-02 -4.882812500000E-04   1   5
 -2.053760599842E-04  1.352513816097E-04  2.264810510487E-04  1.211149586616E+03  2.395479933397E+03 -9.967397142771E+04 -4.093648756596E-02 -4.882812500000E-04   1   5
  6.416674807142E-04 -4.398893744542E-04 -1.598380116218E-04 -6.609035169338E+03 -5.704064539703E+03  7.602420108942E+04 -4.223950814460E-02 -4.882812500000E-04   1   5
 -1.814052980252E-04 -6.944493452646E-04 -2.531546635777E-04  2.165651494918E+03 -8.870412798796E+03  1.117643183375E+05 -4.255373163592E-02 -4.882812500000E-04   1   5
  3.782512176296E-04  4.251345993085E-04 -3.045255805501E-04 -5.259699354403E+03  4.793686124628E+03  1.276582864706E+05 -4.272640933464E-02 -4.882812500000E-04   1   5
  3.426227416532E-04 -6.760937473827E-04 -6.223044005071E-05 -4.040262750206E+03 -8.962467774002E+03  3.507930330992E+04 -4.191059263829E-02 -4.882812500000E-04   1   5
  5.237017671823E-04  2.221672150158E-04  2.425508370608E-04 -5.577543581493E+03  3.279269287683E+03 -1.044688095564E+05 -4.088246371528E-02 -4.882812500000E-04   1   5
  8.001600947653E-04  4.837631887815E-04 -5.692901914142E-04 -7.382904902731E+03  7.120759887690E+03  1.951379050543E+05 -4.361494284434E-02 -4.882812500000E-04   1   5
  5.236885290729E-04 -4.138090675486E-04 -1.277883013291E-04 -4.793507958700E+03 -6.590659314644E+03  6.017932833994E+04 -4.213129879761E-02 -4.882812500000E-04   1   5
 -1.876480751761E-04 -3.587370424589E-04 -3.806996857958E-05  2.910382568206E+03 -3.533188076441E+03  2.196460896066E+04 -4.182897439114E-02 -4.882812500000E-04   1   5
 -4.317525701085E-06 -2.724802917764E-04  8.308238174186E-04  6.965594024548E+02 -2.674196266138E+03 -3.342576691118E+05 -3.890097999047E-02 -4.882812500000E-04   1   5
 -3.429117478261E-04  3.906348378173E-04 -4.710401513306E-04  3.568239511575E+03  5.612028951242E+03  1.687484173657E+05 -4.328519159579E-02 -4.882812500000E-04   1   5
  8.626459986066E-04 -8.646719367890E-05  2.822022311461E-04 -7.383741361364E+03 -1.466236152334E+03 -1.204196464666E+05 -4.074874209219E-02 -4.882812500000E-04   1   5
  6.073496676916E-04  1.727445236570E-04  5.345298426281E-04 -7.823474662694E+03  2.534294805571E+03 -2.356610622064E+05 -3.989760711887E-02 -4.882812500000E-04   1   5
 -3.733391691286E-04 -6.067379466115E-04 -3.590621769947E-04  3.688666722894E+03 -8.430417753745E+03  1.430274709700E+05 -4.290953850363E-02 -4.882812500000E-04   1   5
  1.035473874080E-04 -3.012320531235E-04  4.415923266700E-04 -9.766324155450E+02 -4.505725715988E+03 -1.971196526029E+05 -4.021085816730E-02 -4.882812500000E-04   1   5
 -3.596709839595E-04 -2.276404982131E-04  5.579543976441E-04  3.483338460419E+03 -3.200955186639E+03 -2.421695399250E+05 -3.981892886057E-02 -4.882812500000E-04   1   5
  3.735526355268E-04 -8.241712400058E-05  9.058302099648E-04 -8.738747798032E+02 -1.597386150670E+03 -3.653616525925E+05 -3.864803762048E-02 -4.882812500000E-04   1   5
  6.834879696503E-04  4.975145816647E-04 -6.328589274116E-04 -6.171266320112E+03  7.910391145075E+03  2.048267842767E+05 -4.382779849717E-02 -4.882812500000E-04   1   5
  7.245286811232E-04 -2.777340394084E-04 -5.945989314762E-04 -7.303095592785E+03 -3.492165106566E+03  2.019791313708E+05 -4.369999115802E-02 -4.882812500000E-04   1   5
 -5.859659034551E-04  3.549509213396E-04  1.167991861324E-04  6.425954812511E+03  4.810060915991E+03 -5.238723808186E+04 -4.130622894286E-02 -4.882812500000E-04   1   5
 -9.482458374684E-04 -1.410286955417E-05  8.047666840820E-04  8.049288668970E+03 -2.027824454432E+02 -3.186453378674E+05 -3.898900260713E-02 -4.882812500000E-04   1   5
 -2.503856143075E-04  2.962486329027E-04 -8.378558044297E-05  2.381723166042E+03  4.305800529800E+03  4.031694667286E+04 -4.198296189215E-02 -4.882812500000E-04   1   5
  1.079090416850E-03  5.517200250827E-04  6.621370167172E-04 -8.827577477224E+03  9.332906571289E+03 -2.724348014993E+05 -3.946850476441E-02 -4.882812500000E-04   1   5
 -3.034463477542E-04  2.524543660152E-04  9.222536305653E-05  3.345986833796E+03  3.651830502065E+03 -4.315173765957E+04 -4.138899887883E-02 -4.882812500000E-04   1   5
  3.067868371105E-04  8.737134140079E-04  6.963712194649E-04 -2.594508740547E+03  1.311983300756E+04 -2.874965111582E+05 -3.935328261425E-02 -4.882812500000E-04   1   5
 -4.750292637106E-04  3.111537487872E-04 -1.576860588604E-05  5.558416213705E+03  3.702856310727E+03  1.090094741252E+04 -4.175366038720E-02 -4.882812500000E-04   1   5
 -5.980580561522E-04 -2.931269819635E-04  2.981278376504E-04  5.657839453639E+03 -4.209283341124E+03 -1.273107439462E+05 -4.069514754344E-02 -4.882812500000E-04   1   5
 -8.608446474866E-04  3.609732096075E-04  8.001814752459E-04  6.319902005972E+03  6.135041512294E+03 -3.113250526863E+05 -3.900485442513E-02 -4.882812500000E-04   1   5
  5.601264037830E-04 -4.398474864014E-04  1.479217279710E-04 -5.638180698484E+03 -5.947174656665E+03 -6.544805371741E+04 -4.120132089755E-02 -4.882812500000E-04   1   5
  7.698075722313E-04 -2.729887164241E-04  2.412160782161E-04 -8.394472483838E+03 -3.726782464813E+03 -1.027791853181E+05 -4.088701611054E-02 -4.882812500000E-04   1   5
 -6.508753094227E-04  6.065277051741E-04 -6.826421393477E-04  5.589846718539E+03  9.341972306918E+03  2.162973719282E+05 -4.399477476743E-02 -4.882812500000E-04   1   5
  1.299138311341E-05  6.638602256876E-04  5.072037187571E-04 -1.310891032474E+01  8.427963359979E+03 -2.235193762344E+05 -3.998976981419E-02 -4.882812500000E-04   1   5
 -5.089944789085E-04 -4.691148076772E-04  8.170111930969E-04  4.537744153983E+03 -6.672631927435E+03 -3.261837724520E+05 -3.894765743187E-02 -4.882812500000E-04   1   5
  6.717047280311E-04  5.612428912045E-04 -2.431909876571E-04 -6.927769313592E+03  7.168345660597E+03  1.079945092549E+05 -4.252014034078E-02 -4.882812500000E-04   1   5
 -5.776806148070E-04 -3.348530425411E-04 -3.666316237055E-04  5.821768657749E+03 -4.499386407566E+03  1.445222504508E+05 -4.293491316518E-02 -4.882812500000E-04   1   5
  2.517721373387E-04 -5.121325955119E-04  5.552377322304E-05 -3.636247854690E+03 -5.362006823424E+03 -2.137623290928E+04 -4.151320669897E-02 -4.882812500000E-04   1   5
 -3.269881828304E-04  9.660307302124E-04  6.844435687730E-04  2.833100233803E+03  1.534842737596E+04 -2.810088030083E+05 -3.939354750457E-02 -4.882812500000E-04   1   5
 -8.168655712761E-04  3.996755476727E-04  2.139460635184E-04  7.954891903496E+03  5.404080773077E+03 -9.132037047863E+04 -4.097888118133E-02 -4.882812500000E-04   1   5
  1.612192773662E-04  3.716426965724E-04  2.053400382351E-05 -1.613372112239E+03  4.854267441058E+03 -9.142774468921E+03 -4.163093767565E-02 -4.882812500000E-04   1   5
  5.081829800252E-04 -4.076598846358E-04 -3.720255223475E-04 -6.301965487259E+03 -4.501923934484E+03  1.493995027201E+05 -4.295332615886E-02 -4.882812500000E-04   1   5
  2.218294073874E-04 -2.923766298390E-04 -5.104689435319E-04 -1.835072821613E+03 -3.824936060259E+03  1.770426455152E+05 -4.341740743602E-02 -4.882812500000E-04   1   5
 -6.482107362774E-05  4.279992127458E-04 -1.705281536810E-04  7.383615522960E+02  6.582041546380E+03  7.627031704090E+04 -4.227523905431E-02 -4.882812500000E-04   1   5
  1.671117918778E-04 -6.738069368909E-04  1.388636908550E-05 -1.839207357708E+03 -9.133940217023E+03 -2.397867827468E+03 -4.165362708674E-02 -4.882812500000E-04   1   5
 -8.277120941338E-04 -1.921571296045E-04 -6.332017846322E-05  8.438250984319E+03 -2.231618696469E+03  3.531188541212E+04 -4.191419897964E-02 -4.882812500000E-04   1   5
  5.673473767577E-04  5.332086623545E-04 -6.467987022923E-04 -5.065587600079E+03  8.084282288931E+03  2.070519326666E+05 -4.387451010514E-02 -4.882812500000E-04   1   5
  2.260767155497E-04 -3.753690225490E-04 -8.888685940316E-04 -1.902136120489E+03 -6.087396566453E+03  2.532938267877E+05 -4.468581799825E-02 -4.882812500000E-04   1   5
 -3.638485841293E-04 -9.752283199819E-04  1.812740817623E-04  3.387736870356E+03 -1.540316800755E+04 -7.758307035713E+04 -4.108892399778E-02 -4.882812500000E-04   1   5
  6.938624526837E-05 -6.448455857493E-04 -1.975134893241E-04 -4.630259646716E+02 -8.712567250998E+03  9.009769704356E+04 -4.236636438545E-02 -4.882812500000E-04   1   5
  6.193341498079E-04  2.246452871392E-04  2.683732687048E-05 -7.997753876329E+03  2.627296303040E+03 -7.456360020228E+03 -4.161002671417E-02 -4.882812500000E-04   1   5
 -2.691947791924E-05 -8.119163482472E-04  4.009789055803E-04  1.594805746478E+02 -1.200017313238E+04 -1.743038816204E+05 -4.034814601484E-02 -4.882812500000E-04   1   5
 -5.650292290442E-04  4.456389205848E-04 -4.333489423118E-04  6.280565422590E+03  4.789652786350E+03  1.651578225603E+05 -4.315914879948E-02 -4.882812500000E-04   1   5
 -3.511213673633E-04 -2.101032992357E-04 -1.266776154157E-04  4.964810779112E+03 -2.188431824569E+03  6.095249377070E+04 -4.212773196316E-02 -4.882812500000E-04   1   5
 -8.288063691190E-04 -2.331004620585E-04 -3.153182732629E-04  8.848737074695E+03 -3.181155718739E+03  1.321842270918E+05 -4.276270553586E-02 -4.882812500000E-04   1   5
 -9.846601541716E-04 -6.619815650925E-04  7.734013501030E-04  7.928685569076E+03 -1.115408667947E+04 -3.066253282721E+05 -3.909448583681E-02 -4.882812500000E-04   1   5
  2.548227801770E-04  8.028065379417E-04  8.168456565593E-04 -2.197790659049E+03  1.307692268729E+04 -3.224932023039E+05 -3.894844449070E-02 -4.882812500000E-04   1   5
  4.519976221211E-04  9.632078728798E-04  6.844725176900E-04 -3.864238656987E+03  1.527455696863E+04 -2.815560186437E+05 -3.939338372840E-02 -4.882812500000E-04   1   5
 -8.989964880882E-05  7.708449579728E-04 -5.198344861147E-04  7.942354883724E+02  1.142074363883E+04  1.813219529755E+05 -4.344892187802E-02 -4.882812500000E-04   1   5
 -4.594907457047E-04  6.794792740456E-04 -4.557493516237E-04  4.849007701292E+03  9.713982354595E+03  1.682422502118E+05 -4.323408685732E-02 -4.882812500000E-04   1   5
  3.981954254493E-04 -4.524315573637E-04 -4.060449365328E-04 -4.318973801504E+03 -6.184090906634E+03  1.544370737345E+05 -4.306721274988E-02 -4.882812500000E-04   1   5
  8.572583957798E-04  3.078677385034E-04 -4.796486790601E-04 -7.927285102933E+03  4.975023705646E+03  1.723885030054E+05 -4.331407401648E-02 -4.882812500000E-04   1   5
 -1.451985081354E-04  6.915861929118E-04  8.319886130707E-04  1.210655579591E+03  1.071356266548E+04 -3.297928327355E+05 -3.889738349106E-02 -4.882812500000E-04   1   5
 -3.010294100105E-04 -7.365209592519E-05 -1.069767068079E-04  3.239340858707E+03 -1.237759062087E+03  5.023696191685E+04 -4.206114248884E-02 -4.882812500000E-04   1   5
  8.404945026260E-05  7.853273775754E-04 -3.584364526651E-04 -1.052240896696E+03  1.039677633197E+04  1.454016046309E+05 -4.290764407832E-02 -4.882812500000E-04   1   5
  8.945337611455E-04  3.135226721727E-04  4.608427553554E-05 -8.636966941052E+03  4.767460565749E+03 -1.772512050349E+04 -4.154486169560E-02 -4.882812500000E-04   1   5
 -6.972112610479E-04  8.613097756387E-04 -8.303058202996E-04  5.165471745755E+03  1.490317415391E+04  2.416521069927E+05 -4.448921196844E-02 -4.882812500000E-04   1   5
  4.243830574656E-04  4.535126261687E-04 -3.646374327743E-04 -4.091175336460E+03  6.050529744500E+03  1.438530519654E+05 -4.292821757468E-02 -4.882812500000E-04   1   5
 -3.900662711011E-04 -4.629912698172E-04 -6.170116375634E-04  4.774259896755E+03 -6.017641834627E+03  2.067504485234E+05 -4.377519566489E-02 -4.882812500000E-04   1   5
  2.048054246749E-04 -6.653184925744E-04 -4.382882052875E-04 -2.312943338484E+03 -9.664277697153E+03  1.623856705005E+05 -4.317539041187E-02 -4.882812500000E-04   1   5
  7.310318739150E-04  1.136566423714E-04 -6.330828612432E-04 -7.613440428864E+03  1.034042000961E+03  2.098772137965E+05 -4.382901612933E-02 -4.882812500000E-04   1   5
 -1.317538918762E-04  4.903508646785E-04 -1.716887862421E-04  1.203372966594E+03  6.068698026350E+03  7.924009063087E+04 -4.227935873634E-02 -4.882812500000E-04   1   5
 -3.576231483833E-04  6.343092983738E-04  2.722948771808E-04  4.084883553473E+03  8.411909171026E+03 -1.158906199459E+05 -4.078228818880E-02 -4.882812500000E-04   1   5
  1.004148063759E-03 -2.241255128162E-04  8.075194052797E-04 -8.169771744017E+03 -3.687430967730E+03 -3.184928835391E+05 -3.897977053190E-02 -4.882812500000E-04   1   5
 -8.363306067047E-04 -6.623043066379E-04  8.416673900791E-05  7.569257197072E+03 -1.015164497037E+04 -3.530351300061E+04 -4.141632252112E-02 -4.882812500000E-04   1   5
  8.469368452986E-04  4.169309350840E-04 -7.543478053080E-04 -7.111613072299E+03  6.932744788375E+03  2.294713651524E+05 -4.423498413620E-02 -4.882812500000E-04   1   5
  3.721287107625E-04 -5.901890987239E-04 -2.158332445467E-04 -3.846740200828E+03 -8.070929329425E+03  9.702954849870E+04 -4.242802632307E-02 -4.882812500000E-04   1   5
 -5.026546832960E-04  4.004758314933E-04 -1.080478245625E-04  4.836038013320E+03  6.072797761802E+03  5.179020943734E+04 -4.206478333266E-02 -4.882812500000E-04   1   5
  3.520693793463E-04 -5.195419464152E-04  3.447320279570E-06 -3.445852496678E+03 -7.790234794074E+03 -9.023533380032E+01 -4.168862956631E-02 -4.882812500000E-04   1   5
  3.139533011512E-04  7.624863533481E-04  6.377731081468E-04 -2.892434497889E+03  1.219172767633E+04 -2.647666386398E+05 -3.955066489990E-02 -4.882812500000E-04   1   5
  4.213123194132E-04  3.752046708532E-04 -6.253073901280E-04 -3.715001173337E+03  5.582203392118E+03  1.999855896578E+05 -4.380230602106E-02 -4.882812500000E-04   1   5
 -1.730685812647E-04  3.035785887911E-04 -7.079173953188E-04  1.137074972510E+03  5.901864358256E+03  2.092090451173E+05 -4.407864137929E-02 -4.882812500000E-04   1   5
 -3.170221486791E-04  2.980744467120E-04 -3.963378079597E-04  2.901941927523E+03  4.927219024337E+03  1.510794466517E+05 -4.303456357604E-02 -4.882812500000E-04   1   5
  9.142641540722E-05  3.254854271125E-04 -8.231125861400E-04 -1.686666229014E+03  3.717479603760E+03  2.444448520959E+05 -4.446578277381E-02 -4.882812500000E-04   1   5
  9.561836215133E-04 -1.469470286876E-04  3.973320986584E-04 -9.738005720349E+03 -2.094401917882E+03 -1.724911651047E+05 -4.036041694773E-02 -4.882812500000E-04   1   5
  2.546286193386E-06 -9.028003500980E-05 -9.368038773288E-04 -4.443133690528E+02 -2.160221499168E+03  2.724819912972E+05 -4.484728874061E-02 -4.882812500000E-04   1   5
  4.421009422970E-04  5.734762741061E-04  4.815583218949E-04 -4.642702692976E+03  7.749200480126E+03 -2.121893143085E+05 -4.007623754150E-02 -4.882812500000E-04   1   5
  4.534622934830E-04  5.966962739441E-04  8.967082414257E-05 -4.275064890631E+03  8.299930398461E+03 -4.037623342256E+04 -4.139768574054E-02 -4.882812500000E-04   1   5
  6.460182271896E-04 -3.580076334608E-04  1.136996715468E-04 -6.810831765728E+03 -5.053901158297E+03 -5.059586031463E+04 -4.131669715048E-02 -4.882812500000E-04   1   5
  2.648366582201E-05 -3.307284643277E-04 -8.017585236308E-05 -2.575185688993E+02 -2.442781021016E+03  4.139894470320E+04 -4.197101634409E-02 -4.882812500000E-04   1   5
 -9.279716721766E-04 -2.853238185176E-05 -2.653156868827E-04  9.846504359306E+03 -3.926913388552E+02  1.159338996725E+05 -4.259456748666E-02 -4.882812500000E-04   1   5
 -4.801977849129E-04  5.508397705127E-04 -2.180608670803E-04  5.034893039580E+03  7.813863407745E+03  9.768856618166E+04 -4.243549936823E-02 -4.882812500000E-04   1   5
  5.363427685093E-04  4.551831692963E-05  1.637563062075E-04 -5.337950429348E+03  5.669510615125E+02 -7.295834082308E+04 -4.114790528681E-02 -4.882812500000E-04   1   5
 -7.472540574350E-04  3.179406761543E-04  8.174736229117E-04  5.750129111754E+03  5.525666143910E+03 -3.186902720133E+05 -3.894663116282E-02 -4.882812500000E-04   1   5
  1.479297801253E-04 -2.329682456104E-04 -4.906658737557E-04 -1.190770818152E+03 -2.705812452328E+03  1.728094414137E+05 -4.335101581927E-02 -4.882812500000E-04   1   5
  5.230687634465E-04 -4.608261661023E-04 -4.100242475658E-05 -5.765591814954E+03 -6.405902059480E+03  2.439944737330E+04 -4.183890888013E-02 -4.882812500000E-04   1   5
  7.882440102044E-04  4.547150547417E-04  1.999967553090E-04 -8.022264537293E+03  6.284123665108E+03 -8.528034110927E+04 -4.102592392069E-02 -4.882812500000E-04   1   5
 -5.174743816914E-04 -5.703589003837E-04  1.626715630894E-04  4.944788559910E+03 -8.377593186235E+03 -7.180756333771E+04 -4.115156977990E-02 -4.882812500000E-04   1   5
  5.894741329919E-05  8.524856366634E-04 -2.593161971304E-04 -9.047402618906E+02  1.153000388003E+04  1.135912501090E+05 -4.257440165488E-02 -4.882812500000E-04   1   5
  1.168338501528E-03 -1.286680681056E-04 -8.127995263627E-04 -7.866397420597E+03 -2.311421370766E+03  2.316753865981E+05 -4.442987371274E-02 -4.882812500000E-04   1   5
 -3.301590777320E-04  4.388571265694E-04 -7.968165189135E-04  3.161211839816E+03  5.706227068576E+03  2.405365618275E+05 -4.437771917526E-02 -4.882812500000E-04   1   5
 -7.662087046245E-04  6.505186316813E-04  1.207297987725E-04  7.397806238811E+03  9.204064171847E+03 -5.110365619299E+04 -4.129311994822E-02 -4.882812500000E-04   1   5
  1.604366888010E-04  2.007379173748E-04  3.276022415977E-05 -1.014964021271E+03  4.124493243379E+03 -1.590696222778E+04 -4.158958597504E-02 -4.882812500000E-04   1   5
 -1.040801166455E-04 -3.600900958690E-04 -8.959328024698E-04  6.727195797843E+02 -5.721542049656E+03  2.557876534615E+05 -4.470959524569E-02 -4.882812500000E-04   1   5
  7.263789352025E-04  7.542788222315E-05 -3.452338996874E-04 -7.952771281287E+03  9.597606643757E+02  1.395023120537E+05 -4.286312391877E-02 -4.882812500000E-04   1   5
 -6.514779552188E-04 -7.498192355932E-04  1.675569413687E-04  6.062062497365E+03 -1.105715999087E+04 -7.149371256755E+04 -4.113522779113E-02 -4.882812500000E-04   1   5
 -5.993598351932E-04  3.902875544210E-04 -5.505458807729E-04  6.021125174058E+03  5.586849038402E+03  1.871434509148E+05 -4.355185654987E-02 -4.882812500000E-04   1   5
  6.978474059907E-04  5.466254962383E-04 -3.588576215962E-04 -7.235373360706E+03  7.111372244393E+03  1.456487310306E+05 -4.290903269247E-02 -4.882812500000E-04   1   5
  6.192337408932E-04 -2.066364768791E-04 -6.924504264704E-04 -4.591293331669E+03 -3.708379211778E+03  2.086789318678E+05 -4.402691909165E-02 -4.882812500000E-04   1   5
 -8.691170612338E-04  3.413056871202E-04 -7.869811177771E-04  7.232027586466E+03  5.577641632843E+03  2.358782607602E+05 -4.434436275125E-02 -4.882812500000E-04   1   5
  4.703657426528E-04  1.135594060438E-04 -4.324332700115E-04 -2.427461001725E+03  2.261297724971E+03  1.601954781831E+05 -4.315563214595E-02 -4.882812500000E-04   1   5
 -8.524114724127E-04 -1.325927019662E-04 -8.068321252425E-04  5.687863207165E+03 -2.390768384900E+03  2.275053656034E+05 -4.440986100809E-02 -4.882812500000E-04   1   5
 -5.348374432847E-04  5.412445837769E-04 -6.242741100543E-04  5.381314485390E+03  8.137907054626E+03  2.043802590666E+05 -4.379917769893E-02 -4.882812500000E-04   1   5
 -6.964295770421E-04 -5.710922625250E-04 -7.219606489699E-04  6.045008028425E+03 -9.458438454552E+03  2.229553243103E+05 -4.412645025690E-02 -4.882812500000E-04   1   5
 -5.579171646206E-04 -8.134284755738E-04  6.996613939206E-04  4.768329613118E+03 -1.237744697254E+04 -2.881441031965E+05 -3.934221246638E-02 -4.882812500000E-04   1   5
  6.844330839169E-04  2.282895905432E-04  7.256955095624E-04 -7.394866141808E+03  3.473244732640E+03 -2.990929271370E+05 -3.925456577007E-02 -4.882812500000E-04   1   5
 -8.539635117866E-05 -2.926685575633E-04 -1.903081139842E-05  7.479778073967E+02 -3.705318605456E+03  1.008508807098E+04 -4.176449920607E-02 -4.882812500000E-04   1   5
 -6.049873464275E-04 -2.504774693268E-04 -3.882106545116E-04  7.209406315240E+03 -2.606089059173E+03  1.515340382404E+05 -4.300748656797E-02 -4.882812500000E-04   1   5
 -3.207058794593E-04 -5.673613456692E-04 -1.710739710683E-04  3.124623236692E+03 -7.809677090186E+03  7.962703512312E+04 -4.227730815512E-02 -4.882812500000E-04   1   5
  7.115294776224E-04  5.540874060374E-04  2.667966551706E-04 -7.321209334583E+03  7.977676301400E+03 -1.135048298715E+05 -4.080076436187E-02 -4.882812500000E-04   1   5
  3.390584529582E-04 -1.433479093620E-04 -8.926011720817E-04 -3.709859377112E+03 -2.168289543314E+03  2.579329181420E+05 -4.469866326398E-02 -4.882812500000E-04   1   5
 -6.133275835895E-04 -2.069418874089E-04 -3.497200083086E-04  6.605582748608E+03 -2.737424699083E+03  1.401208306760E+05 -4.287815302564E-02 -4.882812500000E-04   1   5
 -7.312221085821E-04  1.453082532566E-05 -9.022422654315E-05  6.338223105056E+03  1.395984297547E+02  4.369898123686E+04 -4.200461712538E-02 -4.882812500000E-04   1   5
  1.712069273383E-04  5.748664478255E-04 -8.171981616488E-04 -1.366501420807E+03  8.898016675039E+03  2.366677113477E+05 -4.444537630759E-02 -4.882812500000E-04   1   5
  7.525906608638E-04 -2.599335997316E-04 -2.433513279935E-04 -8.659414563399E+03 -3.663231434483E+03  1.083873059394E+05 -4.252073219145E-02 -4.882812500000E-04   1   5
 -5.283200463019E-04  5.890613167737E-04  3.265361048934E-04  5.737707418347E+03  8.156443973440E+03 -1.395163841292E+05 -4.059937556047E-02 -4.882812500000E-04   1   5
 -4.965941842767E-04 -4.128551586540E-04  8.716656804626E-04  2.611332626146E+03 -8.552249440087E+03 -3.383342469822E+05 -3.876417620538E-02 -4.882812500000E-04   1   5
  2.960791813820E-04  5.766155796524E-04 -5.721718666341E-05 -3.504759546596E+03  7.737887092710E+03  3.179842186254E+04 -4.189361689569E-02 -4.882812500000E-04   1   5
 -2.858424062389E-04 -3.504204522077E-04  3.750629131716E-06  4.933944466080E+03 -2.935485235290E+03  3.694508283190E+03 -4.168796314409E-02 -4.882812500000E-04   1   5
 -6.520957242794E-05 -6.809611229524E-04  2.397740972193E-05  2.704215922601E+02 -8.340371436474E+03 -6.076707083613E+03 -4.161967577708E-02 -4.882812500000E-04   1   5
 -1.315647435581E-04 -5.315627235041E-04  5.270362828007E-04  1.872330155761E+03 -6.311185448868E+03 -2.315711758392E+05 -3.992295736084E-02 -4.882812500000E-04   1   5
 -1.189409330241E-04 -1.025687532343E-03  6.961273309599E-04  1.141779492337E+03 -1.688234874427E+04 -2.826141465933E+05 -3.935440302301E-02 -4.882812500000E-04   1   5
  1.963392943948E-04 -7.287015589284E-04 -7.812176421373E-04 -1.774236196094E+03 -1.174233599823E+04  2.338156431756E+05 -4.432506476251E-02 -4.882812500000E-04   1   5
 -2.311523691220E-05  6.055677002398E-04 -2.550911543906E-04  5.389382468925E+02  8.607255911479E+03  1.103634233722E+05 -4.256007927751E-02 -4.882812500000E-04   1   5
  7.897743694370E-04  2.374325632565E-04  1.902982001378E-05 -7.185939770043E+03  3.265269460421E+03 -6.867263289727E+03 -4.163602393926E-02 -4.882812500000E-04   1   5
  4.474092235150E-04 -6.206973214571E-04  1.978906067801E-05 -3.833842105994E+03 -9.600698172741E+03 -7.785434474848E+03 -4.163343502963E-02 -4.882812500000E-04   1   5
 -5.384547859037E-04  3.004252432755E-04 -6.522319965373E-04  4.923129693063E+03  4.717820668291E+03  2.047020343190E+05 -4.389248885721E-02 -4.882812500000E-04   1   5
 -2.890864680366E-04  3.264875473671E-04 -2.352165184465E-04  3.051492951467E+03  4.747527183508E+03  1.016124850295E+05 -4.249309328779E-02 -4.882812500000E-04   1   5
  7.807505102305E-04  5.451055739357E-04  4.331766669453E-04 -7.957799908087E+03  7.679437619065E+03 -1.895862638018E+05 -4.023944072966E-02 -4.882812500000E-04   1   5
 -6.172921493052E-04  1.550690376469E-04  5.964217332805E-04  5.958669416272E+03  2.158262032003E+03 -2.534605095187E+05 -3.968962265936E-02 -4.882812500000E-04   1   5
 -4.134940077089E-04 -6.390228981946E-04 -4.601654085981E-04  4.392250560475E+03 -8.512738626528E+03  1.704051629441E+05 -4.324901664002E-02 -4.882812500000E-04   1   5
 -1.658203389159E-05  7.722371185952E-04  1.637613848093E-05  7.880316659915E+01  1.170786633371E+04 -5.496185707413E+03 -4.164502410744E-02 -4.882812500000E-04   1   5
 -3.563219999728E-04 -6.477339401201E-04 -7.210962524151E-05  4.179647382720E+03 -8.528720351125E+03  3.951662728191E+04 -4.194391354614E-02 -4.882812500000E-04   1   5
 -1.973151540477E-04  4.387257017408E-04 -2.682709016043E-04  1.664524118457E+03  5.706743584727E+03  1.144535798703E+05 -4.260439707126E-02 -4.882812500000E-04   1   5
 -2.913378922167E-04 -3.389255406247E-04 -1.349508270920E-05  3.043965796446E+03 -4.640220440397E+03  7.653873506255E+03 -4.174581853300E-02 -4.882812500000E-04   1   5
 -3.674295769459E-04  8.913393472262E-04  2.334958259345E-04  3.024952538879E+03  1.377188879891E+04 -9.947643079171E+04 -4.091295007896E-02 -4.882812500000E-04   1   5
 -5.940867085420E-05 -1.397917136678E-04  8.734694808308E-04  4.559180100290E+02 -1.560944618841E+03 -3.454984766818E+05 -3.875777809918E-02 -4.882812500000E-04   1   5
 -5.581560253148E-05 -5.969186261714E-04 -7.227993202524E-04  7.305215428411E+02 -8.250103527521E+03  2.269894995715E+05 -4.412971241426E-02 -4.882812500000E-04   1   5
  5.535644203334E-04  2.882979685562E-04  3.459723807154E-04 -5.569241936871E+03  3.617826468942E+03 -1.485024311469E+05 -4.053381681709E-02 -4.882812500000E-04   1   5
  1.117372017613E-04 -2.524473206624E-04  4.145165195109E-04 -1.635293702143E+03 -1.613481360694E+03 -1.822165381144E+05 -4.030241852440E-02 -4.882812500000E-04   1   5
 -2.068271556267E-04  8.242118553451E-04  5.711628221716E-05  1.887747078392E+03  1.288883534276E+04 -2.566735816386E+04 -4.150743470484E-02 -4.882812500000E-04   1   5
  9.606204969335E-06  3.679499851256E-04  5.355038173004E-04 -3.426082755255E+02  3.145437765500E+03 -2.349837791587E+05 -3.989443628484E-02 -4.882812500000E-04   1   5
 -2.101053580498E-04 -2.255505542646E-04 -5.088866983211E-04  1.049867281237E+03 -5.100212211844E+03  1.773165136512E+05 -4.341211103642E-02 -4.882812500000E-04   1   5
  3.277312146966E-04 -5.789911483767E-04 -1.182661083332E-04 -2.798875466321E+03 -9.178098191563E+03  5.603277879632E+04 -4.209919529359E-02 -4.882812500000E-04   1   5
  1.307177514243E-04 -6.004907583207E-04 -1.037431005101E-04 -1.384859033396E+03 -8.072203292114E+03  5.226794287424E+04 -4.205049112782E-02 -4.882812500000E-04   1   5
 -1.967066989717E-04  5.650189456808E-04 -3.665330286846E-04  2.442508215236E+03  7.279719293121E+03  1.447409623502E+05 -4.293463206027E-02 -4.882812500000E-04   1   5
 -1.082226047825E-04 -7.565164396732E-04  6.037545157895E-04  7.238914685786E+02 -1.130975857697E+04 -2.566635320357E+05 -3.966487048627E-02 -4.882812500000E-04   1   5
  5.449004126096E-06  7.964038874469E-04  1.195721320822E-04 -1.156013252526E+01  1.143330821407E+04 -5.251493906655E+04 -4.129693899988E-02 -4.882812500000E-04   1   5
 -6.473828500607E-04  1.579328092557E-04 -2.576308648586E-04  7.833192329218E+03  2.236981431573E+03  1.121091087235E+05 -4.256869660547E-02 -4.882812500000E-04   1   5
 -1.558191190067E-04 -2.861760566321E-04  1.852493578147E-05  1.553936065738E+03 -4.055903494216E+03 -8.565299700581E+03 -4.163769053160E-02 -4.882812500000E-04   1   5
 -1.923855126218E-04  7.226963710265E-04 -4.789392937685E-04  2.374032856620E+03  9.842869819865E+03  1.743420454282E+05 -4.331196554921E-02 -4.882812500000E-04   1   5
 -4.909921937001E-04  3.144186155215E-05 -2.945106772932E-04  4.564136764861E+03  8.320998989735E+02  1.222020024452E+05 -4.269253838066E-02 -4.882812500000E-04   1   5
  7.306499599569E-04 -2.254459730748E-04 -2.330943176414E-04 -8.233148017389E+03 -2.261267773898E+03  1.046453663016E+05 -4.248621760595E-02 -4.882812500000E-04   1   5
 -8.659821219176E-05  5.010978297470E-04 -7.031912655699E-04  7.443569437675E+02  9.080228687523E+03  2.092042726667E+05 -4.406284057202E-02 -4.882812500000E-04   1   5
  6.247830746614E-04  8.145122110641E-04  7.140106633798E-04 -5.167616583009E+03  1.272022558094E+04 -2.905059431721E+05 -3.929410759094E-02 -4.882812500000E-04   1   5
 -7.051345247048E-04  8.541165444267E-04  6.838376186221E-04  5.389066004171E+03  1.436918761014E+04 -2.765307223934E+05 -3.939582120810E-02 -4.882812500000E-04   1   5
  5.262714503610E-04 -6.175694299998E-04  1.446834397278E-04 -4.898604135416E+03 -8.953038705415E+03 -6.360266994961E+04 -4.121223879103E-02 -4.882812500000E-04   1   5
  3.098427566247E-04 -5.016439787713E-04 -7.519706237293E-04 -3.224773828818E+03 -6.897347737680E+03  2.333117602862E+05 -4.422753183839E-02 -4.882812500000E-04   1   5
 -5.147322134984E-05 -2.890185745348E-04 -3.919168822781E-04  5.536449806069E+02 -5.080334743201E+03  1.498716551986E+05 -4.301973412569E-02 -4.882812500000E-04   1   5
  4.754465599876E-04 -3.211138747073E-04  7.610891777311E-04 -5.350782269148E+03 -4.034747329378E+03 -3.103697688027E+05 -3.913558492186E-02 -4.882812500000E-04   1   5
 -4.930898029458E-04  6.170950580683E-04 -3.022911241701E-05  5.272917444378E+03  8.612638021266E+03  1.957806932174E+04 -4.180255808105E-02 -4.882812500000E-04   1   5
 -9.130341770769E-04 -2.862014797289E-04  3.543583774017E-04  9.207124535370E+03 -4.245969884736E+03 -1.522259937448E+05 -4.050544757937E-02 -4.882812500000E-04   1   5
  6.647324319136E-04  3.650880039363E-04  4.830219409916E-04 -7.590910678651E+03  4.564246072501E+03 -2.133157330053E+05 -4.007126415780E-02 -4.882812500000E-04   1   5
  1.554699351618E-04 -7.754928242489E-05 -1.499041383890E-05 -1.804660164030E+03 -9.810371953654E+02  7.958402899750E+03 -4.175085349779E-02 -4.882812500000E-04   1   5
 -7.033704267476E-04 -3.480714202277E-04 -6.745927636875E-04  6.857965005550E+03 -5.301078367909E+03  2.161781025986E+05 -4.396797035179E-02 -4.882812500000E-04   1   5
  3.781722890437E-06  5.272298267799E-04 -3.847767796709E-04  3.954402355005E+02  4.967813140320E+03  1.513300364086E+05 -4.299603121284E-02 -4.882812500000E-04   1   5
  2.969779525350E-04 -5.724376783926E-04  6.077835183727E-05 -3.159872112456E+03 -7.851241365741E+03 -2.699659100463E+04 -4.149519523438E-02 -4.882812500000E-04   1   5
  4.747571893394E-05 -2.283601956173E-04 -2.229140698036E-04 -8.198987155345E+02 -2.094807440958E+03  9.764674350627E+04 -4.245175345111E-02 -4.882812500000E-04   1   5
 -7.444115294909E-04 -8.285537255205E-05  4.400684573193E-04  7.598209530365E+03 -1.222539013646E+03 -1.935454152092E+05 -4.021616835906E-02 -4.882812500000E-04   1   5
  5.172104228936E-04 -4.100901478272E-04 -3.263654476853E-04 -6.194491313923E+03 -4.381586481605E+03  1.363073075198E+05 -4.279994961216E-02 -4.882812500000E-04   1   5
  3.449593814980E-04 -2.287044560100E-04 -7.056563553636E-04 -4.153806509859E+03 -1.560302033011E+03  2.253624091063E+05 -4.407241671789E-02 -4.882812500000E-04   1   5
  3.146268009027E-04 -2.858630359735E-04  1.608889381578E-04 -3.474204130623E+03 -3.958764893590E+03 -7.193344101910E+04 -4.115758017483E-02 -4.882812500000E-04   1   5
  2.078293979842E-04  4.065679862434E-04 -8.292795115712E-04 -2.454685094477E+03  5.406457356686E+03  2.450761857622E+05 -4.448639438662E-02 -4.882812500000E-04   1   5
 -1.529486923283E-04  4.467568805172E-04 -7.883074688554E-04  1.927761008175E+03  5.673903742314E+03  2.390153907396E+05 -4.434922932489E-02 -4.882812500000E-04   1   5
  6.389367557546E-04  4.559408895526E-04  5.627890486921E-04 -6.897304355815E+03  6.336607501580E+03 -2.453549107519E+05 -3.980248720359E-02 -4.882812500000E-04   1   5
  6.592331605138E-04 -1.534573119272E-04  2.974034877460E-04 -8.013703609357E+03 -1.530032683195E+03 -1.268305722456E+05 -4.069763791170E-02 -4.882812500000E-04   1   5
 -8.333272530815E-04 -2.878035556204E-04 -3.423052091744E-05  8.622620182740E+03 -4.087632532969E+03  2.185332690097E+04 -4.181605812280E-02 -4.882812500000E-04   1   5
 -9.014945551363E-04  2.974219959580E-04  5.077350162971E-04  9.011781498928E+03  3.703219755533E+03 -2.237536705731E+05 -3.998787936930E-02 -4.882812500000E-04   1   5
  1.948669442368E-04  2.488171732755E-04  5.480847942443E-04 -2.418021240486E+03  2.248032949256E+03 -2.395660853091E+05 -3.985209033693E-02 -4.882812500000E-04   1   5
 -8.925090130755E-04  2.320057551966E-05  7.884075767138E-04  6.371135329080E+03  3.875583767929E+02 -3.053004192628E+05 -3.904463902377E-02 -4.882812500000E-04   1   5
  4.899879723440E-04 -3.051236898698E-04 -6.299914396801E-04 -6.153231474446E+03 -3.958333829952E+03  2.101161894680E+05 -4.381876978289E-02 -4.882812500000E-04   1   5
 -1.311207784519E-04 -7.038495523964E-04  8.563085476965E-05  1.585136758196E+03 -8.872698384599E+03 -3.543466198333E+04 -4.141160195120E-02 -4.882812500000E-04   1   5
  2.346206319144E-04 -5.583588098098E-04  1.407967509381E-05 -2.177396481752E+03 -8.229081845682E+03 -5.496881473787E+03 -4.165272695987E-02 -4.882812500000E-04   1   5
  5.880142184964E-04  1.940367974860E-05 -5.989548690715E-04 -5.554161971234E+03  6.657648966181E+02  1.956817111976E+05 -4.371404419660E-02 -4.882812500000E-04   1   5
 -1.899682901025E-04 -4.755415306673E-04 -1.014721073023E-04  1.722119168636E+03 -6.660142776143E+03  4.891506218418E+04 -4.204264983011E-02 -4.882812500000E-04   1   5
 -4.314617811183E-04  4.258458266289E-04  2.388525789221E-04  4.077179824327E+03  5.907613245868E+03 -1.029207174087E+05 -4.089491686701E-02 -4.882812500000E-04   1   5
  1.295460639247E-04 -1.638767289819E-04  1.352151072047E-04 -1.075464089913E+03 -2.725371199265E+03 -6.187149441486E+04 -4.124406356841E-02 -4.882812500000E-04   1   5
 -8.521937637435E-04  1.876747522964E-04 -5.463235474535E-04  8.543956232004E+03  3.025466186825E+03  1.904498098306E+05 -4.353798877997E-02 -4.882812500000E-04   1   5
 -5.955934714989E-04  2.711601300756E-05 -2.151340619856E-04  4.597227313973E+03  6.168316058263E+02  9.331425454678E+04 -4.242535158718E-02 -4.882812500000E-04   1   5
 -1.348773834271E-04 -4.024101214738E-05  6.656566187450E-04  8.530611778878E+02 -8.838827543363E+02 -2.677325769454E+05 -3.945752850406E-02 -4.882812500000E-04   1   5
 -1.191003908130E-04  7.037007085563E-04 -2.803095831829E-04  1.378758792672E+03  9.735775760640E+03  1.195411854064E+05 -4.264493595514E-02 -4.882812500000E-04   1   5
  1.604653497165E-04  1.711592024651E-04 -6.200175444632E-04 -6.889994210493E+02  2.787144329254E+03  1.978404991960E+05 -4.378452614511E-02 -4.882812500000E-04   1   5
  4.986742441200E-04  5.064546687410E-04  2.090312237728E-04 -5.104469390660E+03  7.093116137056E+03 -9.035549378318E+04 -4.099541943495E-02 -4.882812500000E-04   1   5
  4.887258122856E-04 -3.735020590997E-04 -1.419281873144E-04 -4.316967654553E+03 -5.864400955443E+03  6.528233561896E+04 -4.217889372479E-02 -4.882812500000E-04   1   5
 -6.794297953062E-04  9.425111151890E-04 -7.970670556920E-04  4.996044555273E+03  1.667066274971E+04  2.325540490182E+05 -4.437754592459E-02 -4.882812500000E-04   1   5
 -4.119969521992E-04  3.469846792257E-04 -2.225902109670E-04  4.431701318703E+03  4.840046309210E+03  9.813580934362E+04 -4.245068058767E-02 -4.882812500000E-04   1   5
 -5.267903516319E-04  6.676845080754E-04  6.288042206570E-04  5.004542673883E+03  9.043463664613E+03 -2.679197840831E+05 -3.958036273477E-02 -4.882812500000E-04   1   5
  5.215494845676E-04 -4.737076515099E-04  2.776401184342E-04 -4.491464771088E+03 -7.348462157119E+03 -1.187732518305E+05 -4.076417055877E-02 -4.882812500000E-04   1   5
 -9.816458768687E-05 -2.758354410093E-04 -4.284547946897E-04  8.947935351047E+02 -4.343891446232E+03  1.590309971938E+05 -4.314236819644E-02 -4.882812500000E-04   1   5
  9.076622312046E-04  3.737489444567E-04 -7.910944968992E-04 -6.804228645395E+03  6.528175874356E+03  2.298606538307E+05 -4.435752936594E-02 -4.882812500000E-04   1   5
 -9.516982933909E-04 -1.161962618243E-05  3.232818254110E-04  8.721317782802E+03 -3.920857313355E+02 -1.375607879127E+05 -4.061028667715E-02 -4.882812500000E-04   1   5
 -1.007341101227E-04  7.268011187744E-04  5.367951637879E-04  1.429012318810E+03  9.849332862299E+03 -2.355296788309E+05 -3.989003801251E-02 -4.882812500000E-04   1   5
  5.616401670789E-04  1.624390591738E-04 -2.287974868408E-04 -5.791780997792E+03  2.399311581993E+03  1.006557937275E+05 -4.247157720183E-02 -4.882812500000E-04   1   5
 -1.188566766985E-03  3.015217617442E-04  6.592006513007E-04  9.434989796117E+03  4.822631143572E+03 -2.710264323339E+05 -3.947838967458E-02 -4.882812500000E-04   1   5
 -9.924269217187E-04  6.852400034287E-04 -6.910361560576E-04  6.998435330936E+03  1.220992929526E+04  2.117918877711E+05 -4.402210457369E-02 -4.882812500000E-04   1   5
  5.916087409091E-04 -8.542326236359E-05 -6.611109642476E-04 -7.044158899347E+03 -1.059339413450E+03  2.163971911647E+05 -4.392308081137E-02 -4.882812500000E-04   1   5
 -9.892834734243E-04 -1.379444652210E-04  1.384958757632E-04  9.792835742251E+03 -2.064478061361E+03 -5.898845554744E+04 -4.123320036661E-02 -4.882812500000E-04   1   5
 -5.148053470859E-04 -4.116221354692E-04 -7.773009364934E-04  4.642148000236E+03 -5.677342119564E+03  2.362741408272E+05 -4.431223878605E-02 -4.882812500000E-04   1   5
  7.230264288741E-04  1.104867029907E-04  1.445074141151E-04 -7.147221563637E+03  1.471216639442E+03 -6.472550414150E+04 -4.121275290218E-02 -4.882812500000E-04   1   5
  6.664295198269E-04 -4.641496131991E-04 -6.296992149444E-04 -6.095530370297E+03 -7.447129424184E+03  2.040903889594E+05 -4.381721121661E-02 -4.882812500000E-04   1   5
  3.370404980853E-04 -2.146842126716E-04  2.632749604721E-04 -3.332805491684E+03 -3.195742201367E+03 -1.139761506625E+05 -4.081256525476E-02 -4.882812500000E-04   1   5
  7.977985722211E-04 -6.833979334268E-05 -1.430391003046E-04 -8.036223954108E+03 -1.199814523674E+03  6.889148261008E+04 -4.218286778731E-02 -4.882812500000E-04   1   5
  1.063306214991E-03  6.245175392773E-04 -7.859042982891E-04 -7.638044730033E+03  1.104149498354E+04  2.300632298186E+05 -4.434003440307E-02 -4.882812500000E-04   1   5
 -4.238373690923E-04  4.206216483218E-04 -6.288068069470E-04  4.071036997592E+03  6.353996072228E+03  2.012384579734E+05 -4.381407992175E-02 -4.882812500000E-04   1   5
  3.270437626873E-05 -3.382339021682E-04  1.016324891968E-04 -4.244128385041E+02 -4.458852833445E+03 -4.729687056559E+04 -4.135728644474E-02 -4.882812500000E-04   1   5
 -2.107490054630E-04 -3.721154641558E-04  6.129051081116E-05  1.979072048935E+03 -5.098118672222E+03 -2.888148929454E+04 -4.149335872908E-02 -4.882812500000E-04   1   5
 -3.154978816583E-04  6.347425983633E-04 -1.538380286517E-04  3.601061206081E+03  7.616521961832E+03  7.384726133583E+04 -4.221935239562E-02 -4.882812500000E-04   1   5
 -5.422395029129E-04  2.885682092510E-04  8.471508241787E-04  4.758536279469E+03  4.068480444469E+03 -3.349489308726E+05 -3.884638603054E-02 -4.882812500000E-04   1   5
 -5.632620046806E-04  4.546060059600E-04  2.265468161159E-04  5.788697480103E+03  6.132157086138E+03 -9.720988949095E+04 -4.093642452902E-02 -4.882812500000E-04   1   5
 -3.356795463402E-04  6.117332261694E-05 -8.506587552746E-04  2.012418835558E+03  9.680032107873E+02  2.376788108576E+05 -4.455710158773E-02 -4.882812500000E-04   1   5
 -7.159749298279E-04  6.183788858913E-04  1.893437466874E-04  6.511539626637E+03  9.248988948087E+03 -8.150506511962E+04 -4.106172729576E-02 -4.882812500000E-04   1   5
 -2.320500839253E-04 -6.689958036701E-04  1.415334774268E-06  2.704645284415E+03 -9.263949864631E+03  3.725304100230E+03 -4.169572373967E-02 -4.882812500000E-04   1   5
