 -1.893658576209E-04 -1.269101945573E-04  2.916050289920E+00 -7.924949054571E+01  1.775797143526E+02  3.527227636641E+07  1.555193773369E+01 -4.882812500000E-04   1   5
 -8.320181597025E-04 -7.203876848777E-04  4.174989041346E-04 -2.914898090478E+02  1.455462034537E+03 -9.490513535339E+04 -9.524133400049E+00 -4.882812500000E-04   1   3
 -5.121375078464E-03  1.409594811422E-04 -5.091323001110E-04 -3.238499234903E+03 -1.307573726972E+02  1.066136060417E+05 -9.525393936353E+00 -4.882812500000E-04   1   3
 -4.793820972227E-04 -4.701084967479E-04  8.058894385425E-04  3.684187744765E+02  2.353529472905E+03 -1.915695503992E+05 -9.523185122208E+00 -4.882812500000E-04   1   3
 -2.609355122632E-03  1.042352870930E-04 -9.850392924502E-04 -1.164472463254E+03 -1.786061175089E+02  1.773812151143E+05 -9.527259903085E+00 -4.882812500000E-04   1   3
 -2.080176816166E-03 -1.622733337894E-03  1.288398624389E-03  9.067383703435E+02  5.773694664318E+03 -3.111806693409E+05 -9.521315904735E+00 -4.882812500000E-04   1   3
 -7.688923022677E-03  3.971226092102E-04 -1.297952368006E-03 -5.183166880721E+03 -3.297921627837E+02  2.215914382869E+05 -9.526837249580E+00 -4.882812500000E-04   1   3
 -1.377966719491E-03 -1.215443476367E-03 -8.322669110967E-04 -3.922194398153E+02  2.002317065592E+03  1.565996092447E+05 -9.527154921167E+00 -4.882812500000E-04   1   5
 -8.912741353917E-03  4.184680465604E-04 -1.465342176224E-03 -6.395138815497E+03 -2.036460467767E+02  2.381944917819E+05 -9.527026194149E+00 -4.882812500000E-04   1   5
  4.216171095419E-03 -1.897559583142E-03  1.208723963209E-03  2.262822665587E+03  6.221593976312E+03 -2.821639265074E+05 -9.523349266745E+00 -4.882812500000E-04   1   5
 -2.608688671294E-03  1.667854993908E-04 -1.158933442937E-04 -1.410783175291E+03 -4.487330591559E+02  2.703413505638E+04 -9.525019081232E+00 -4.882812500000E-04   1   5
 -9.445144457763E-04  1.173226984726E-03  7.859073686447E-04  1.839825081037E+02 -4.045870918362E+03 -1.866473963535E+05 -9.523100877177E+00 -4.882812500000E-04   1   5
 -4.029674445041E-03 -9.546420911420E-04 -4.014727208244E-04 -2.258016582594E+03  2.049567544587E+03  8.763567818875E+04 -9.525350046293E+00 -4.882812500000E-04   1   5
  4.555683389317E-03  1.175419694440E-03  6.130326684834E-04  2.038564405770E+03 -3.069429559541E+03 -1.371270267401E+05 -9.525048233831E+00 -4.882812500000E-04   1   5
  8.735873801387E-04  9.619476656603E-04  7.176112207752E-04  6.820577862276E+02 -2.846741862152E+03 -1.669550218190E+05 -9.523800262205E+00 -4.882812500000E-04   1   5
 -2.219354436736E-03  6.480355540196E-04  7.677914740145E-04 -2.606490753760E+02 -2.153021992874E+03 -1.837921210478E+05 -9.522791434650E+00 -4.882812500000E-04   1   5
  3.373411513624E-03  8.045989158706E-04 -4.477040079669E-04  2.353218760870E+03 -1.303499746938E+03  9.128928646693E+04 -9.527358411417E+00 -4.882812500000E-04   1   5
 -2.006210558169E-03 -2.106482211646E-03  2.239059501523E-04 -9.242885280608E+02  4.533611041082E+03 -5.216643313038E+04 -9.524299215834E+00 -4.882812500000E-04   1   5
 -3.520297131728E-03 -1.039975062180E-03  3.963511747433E-04 -1.471272827238E+03  2.899895539969E+03 -9.080759621874E+04 -9.523440958506E+00 -4.882812500000E-04   1   5
 -6.919774674547E-03  3.354096388245E-04  1.122694372256E-03 -1.111929662596E+03 -9.161616301747E+02 -2.738628207026E+05 -9.520408785591E+00 -4.882812500000E-04   1   5
 -3.670599958335E-03  1.405931347044E-03  1.160869767364E-03 -4.180779039173E+01 -3.982591249582E+03 -2.760357077207E+05 -9.521244656323E+00 -4.882812500000E-04   1   5
  3.813754684559E-03 -5.029082291453E-04  9.724793122601E-05  1.833527334973E+03  1.212723978464E+03 -2.176215862568E+04 -9.526178528125E+00 -4.882812500000E-04   1   5
  2.396922782687E-03 -1.357593070542E-03  5.893290928700E-04  1.163676475989E+03  3.739878326735E+03 -1.325950906247E+05 -9.524540538762E+00 -4.882812500000E-04   1   5
  3.787601095085E-03 -8.950322774888E-04 -5.072395303127E-04  2.555794781568E+03  1.951165049993E+03  1.028015067479E+05 -9.527623504244E+00 -4.882812500000E-04   1   5
  4.325382970968E-04 -2.363405674365E-04  1.087639817413E-03  6.963737049697E+02  9.727781611740E+02 -2.621666026892E+05 -9.522731255076E+00 -4.882812500000E-04   1   5
 -3.861281372238E-03  9.583711363222E-04  1.348754875902E-03  6.687606704797E+02 -3.605231906186E+03 -3.306791484281E+05 -9.520613018375E+00 -4.882812500000E-04   1   5
 -2.270061465163E-04 -1.208463286784E-03 -1.373615115986E-03  8.773798390995E+02  1.617438085058E+03  2.277796448850E+05 -9.528878667506E+00 -4.882812500000E-04   1   5
 -4.684434462881E-03 -2.030753660313E-03  1.165079717847E-03 -3.597064894143E+01  6.762009530264E+03 -2.889702377736E+05 -9.520905541665E+00 -4.882812500000E-04   1   5
 -3.632195431560E-03 -2.284836951241E-05  8.588243949537E-04 -4.581923192699E+02  2.656064210307E+02 -2.104036686260E+05 -9.522121836923E+00 -4.882812500000E-04   1   5
 -3.810039215637E-03 -1.652466901408E-03  3.828169639628E-04 -1.638092386522E+03  4.141950373860E+03 -8.836104762804E+04 -9.523394385718E+00 -4.882812500000E-04   1   5
  3.191134254841E-03 -2.286921406890E-04 -9.828334601014E-04  3.232692210450E+03  6.574282895062E+01  1.737798765988E+05 -9.528638542110E+00 -4.882812500000E-04   1   5
  1.382869656192E-03  1.134598533131E-03 -7.045569227730E-04  1.387830694685E+03 -2.233057107541E+03  1.368112569017E+05 -9.527505777073E+00 -4.882812500000E-04   1   5
  8.408717205698E-04  1.430869845241E-03 -4.228104793489E-04  7.901503520750E+02 -2.628951898488E+03  8.840903202350E+04 -9.526654158847E+00 -4.882812500000E-04   1   5
  9.994199248320E-04 -1.529403035332E-03  7.290142059002E-04  7.447733123781E+02  4.666912697989E+03 -1.695514929105E+05 -9.523794936276E+00 -4.882812500000E-04   1   5
  7.572409948476E-03  8.582422973825E-04  4.137260447252E-04  3.467928567488E+03 -2.011310336417E+03 -9.158220610207E+04 -9.526315027230E+00 -4.882812500000E-04   1   5
 -2.841858049817E-03  1.370014246980E-03  7.927393223932E-04 -4.954315091148E+02 -4.609411562624E+03 -1.919135887385E+05 -9.522551828369E+00 -4.882812500000E-04   1   5
  5.681088976492E-03 -2.861739230627E-04  1.261153909228E-03  2.571922896961E+03  1.221606137090E+03 -2.925686546630E+05 -9.523644182202E+00 -4.882812500000E-04   1   5
 -2.920601656584E-04 -1.620045103030E-03 -6.781147903858E-04  2.929254939546E+02  2.879418316503E+03  1.343351933927E+05 -9.527004543854E+00 -4.882812500000E-04   1   5
  2.799785669851E-03 -1.108862280018E-03  7.041943561652E-04  1.406408866977E+03  3.097528870694E+03 -1.616069840772E+05 -9.524350428130E+00 -4.882812500000E-04   1   5
 -3.136886787875E-03  6.351715113724E-04  9.389198192160E-04 -2.044953315085E+02 -2.643153910912E+03 -2.310015819388E+05 -9.522053273500E+00 -4.882812500000E-04   1   5
  3.987190211518E-03  6.405003628162E-04  4.154233192906E-04  1.839407931493E+03 -1.801579583039E+03 -9.219323902098E+04 -9.525411895455E+00 -4.882812500000E-04   1   5
  4.511370087776E-03 -4.267610231889E-05  5.830523957426E-04  1.836752136898E+03  2.665878871791E+02 -1.295474974422E+05 -9.525151224944E+00 -4.882812500000E-04   1   5
  7.322676535334E-04 -1.746420015564E-03  8.059911371254E-04  7.828542700739E+02  5.445923816739E+03 -1.908868792078E+05 -9.523508661418E+00 -4.882812500000E-04   1   5
  4.172064934617E-03 -6.510125073778E-04 -4.299207101157E-04  2.849945159091E+03  1.341282753353E+03  8.752166287357E+04 -9.527505967312E+00 -4.882812500000E-04   1   5
 -4.516490353122E-03 -2.971629962783E-05 -2.766899535285E-04 -2.415310489610E+03  2.173018392541E+02  6.360594228575E+04 -9.524886244667E+00 -4.882812500000E-04   1   5
  1.930058796536E-03  1.891366057501E-03  8.936411777949E-05  1.055754462254E+03 -4.155866287977E+03 -2.010143576986E+04 -9.525670850759E+00 -4.882812500000E-04   1   5
 -9.427181677951E-04  4.549250988107E-04  8.204989535976E-04  2.540486524724E+02 -2.217991707957E+03 -1.961126827542E+05 -9.523012164339E+00 -4.882812500000E-04   1   5
  5.028384449945E-03 -2.135907763373E-04 -1.128763594733E-03  4.533998615734E+03  1.311479308763E+02  1.917746217505E+05 -9.529493333185E+00 -4.882812500000E-04   1   5
  1.484933608698E-03 -1.094575165675E-03 -3.359667659706E-04  1.126477272674E+03  2.109607418693E+03  7.085124775147E+04 -9.526604896375E+00 -4.882812500000E-04   1   5
 -2.259411881905E-03  5.477943343844E-04 -1.585237906432E-04 -1.142004318868E+03 -1.835183658429E+03  3.759210015037E+04 -9.525199235518E+00 -4.882812500000E-04   1   5
  3.364353684765E-03  7.730626618985E-04  6.274122333805E-04  1.540290965510E+03 -2.196908147046E+03 -1.409091682988E+05 -9.524707444286E+00 -4.882812500000E-04   1   5
  4.911592118038E-03 -1.444462307261E-03  9.093321671116E-05  2.561806368940E+03  3.218299605086E+03 -2.104187940311E+04 -9.526433582469E+00 -4.882812500000E-04   1   5
  9.218680740069E-04 -1.068199569748E-03  5.360799606047E-04  5.946652831034E+02  2.947572323228E+03 -1.209026488142E+05 -9.524279542490E+00 -4.882812500000E-04   1   5
 -5.494791794067E-03  1.237740889371E-03  8.029458578394E-04 -1.331931318823E+03 -3.846345791999E+03 -1.998250622420E+05 -9.521752956124E+00 -4.882812500000E-04   1   5
 -5.283410054345E-03 -1.947202269104E-04 -1.015127071121E-03 -3.151042878595E+03  7.086211247718E+01  1.838197797624E+05 -9.526661650955E+00 -4.882812500000E-04   1   5
 -1.152045177147E-03  1.270933420353E-03 -2.511496357029E-04 -5.127734250747E+02 -2.621875133443E+03  5.623746252826E+04 -9.525719234493E+00 -4.882812500000E-04   1   5
 -3.509656768032E-03  1.078685260567E-03 -1.574559496507E-04 -1.871951467835E+03 -2.088583764496E+03  3.743640092087E+04 -9.524864665647E+00 -4.882812500000E-04   1   5
 -9.529546112612E-04  3.528675066780E-05 -1.529693662701E-03  6.085072354228E+02 -7.662569437760E+01  2.442504024256E+05 -9.529112340100E+00 -4.882812500000E-04   1   5
  7.738146061848E-04 -1.323554528224E-03  1.061034913318E-03  1.130793561781E+03  4.206904237918E+03 -2.523318813872E+05 -9.522819757743E+00 -4.882812500000E-04   1   5
  7.613493806185E-03  2.943484384847E-04  1.273038711754E-03  3.150152072281E+03 -9.281248015176E+02 -2.904405276317E+05 -9.524109582644E+00 -4.882812500000E-04   1   5
 -3.460392682214E-04 -1.503468860636E-03 -2.989001677962E-04 -6.972952210854E+01  3.111799950215E+03  6.537379529367E+04 -9.526051773307E+00 -4.882812500000E-04   1   5
 -8.088225691917E-03  6.937934904330E-04  2.981318141293E-04 -3.872707875024E+03 -1.430811149385E+03 -7.152889282602E+04 -9.522446912997E+00 -4.882812500000E-04   1   5
  9.710239536800E-04  4.971936458330E-04 -9.019160861619E-04  1.353122144677E+03 -9.849451529327E+02  1.644042489384E+05 -9.527922176640E+00 -4.882812500000E-04   1   5
 -3.804713166669E-04 -2.257974973548E-03  1.135040796975E-03  9.787392148510E+02  7.148616240065E+03 -2.718870497370E+05 -9.522253715862E+00 -4.882812500000E-04   1   5
  2.982258000072E-03 -5.883755033067E-04  8.035508420008E-04  1.439139794892E+03  1.784779711503E+03 -1.872977403108E+05 -9.524162878225E+00 -4.882812500000E-04   1   5
  1.298711289304E-03 -4.034760498193E-04 -1.601602115092E-03  2.641709238760E+03 -2.127186240022E+02  2.533157813011E+05 -9.529814742325E+00 -4.882812500000E-04   1   5
  5.843012879969E-03 -1.313515546748E-03  1.234377218830E-03  2.681339349063E+03  4.614377549461E+03 -2.862439566673E+05 -9.523737437009E+00 -4.882812500000E-04   1   5
  2.078056518431E-03  1.157400613036E-03 -7.119600225773E-04  1.767045214179E+03 -2.267948389845E+03  1.388805478692E+05 -9.527705166246E+00 -4.882812500000E-04   1   5
 -6.197202452309E-04  2.083392897271E-03  4.010521659277E-04 -1.192753748031E+02 -4.966580152137E+03 -9.148773568001E+04 -9.524200895115E+00 -4.882812500000E-04   1   5
  5.903527381444E-03  1.545887154007E-03  3.520068186638E-04  2.843959545922E+03 -3.547132499689E+03 -7.895873648901E+04 -9.526033445595E+00 -4.882812500000E-04   1   5
 -2.425923170025E-03  8.267173382109E-04 -6.166236738898E-04 -1.084302440459E+03 -1.783340972315E+03  1.255450599201E+05 -9.526301181166E+00 -4.882812500000E-04   1   5
 -7.181499515133E-03 -1.006871543587E-04  1.250744714919E-03 -7.322566637429E+02  2.655927842857E+02 -3.059858235277E+05 -9.519933922408E+00 -4.882812500000E-04   1   5
  1.587429222258E-04  1.710035018013E-03  1.236032044600E-04  1.626209125681E+02 -3.816411335366E+03 -2.802668436486E+04 -9.525127414281E+00 -4.882812500000E-04   1   5
 -6.924765052537E-03 -2.356577997747E-05 -1.254839167371E-03 -4.488360096666E+03  2.315216051097E+02  2.174759526049E+05 -9.526896622196E+00 -4.882812500000E-04   1   5
  4.410563134848E-03  6.097664141986E-04  5.920357795559E-04  1.999991068218E+03 -1.784654466485E+03 -1.318482682854E+05 -9.525066304528E+00 -4.882812500000E-04   1   5
 -5.667222588052E-03  2.116613889721E-04  6.078326824008E-04 -1.998308503109E+03 -6.840201688665E+02 -1.444609269006E+05 -9.522262161804E+00 -4.882812500000E-04   1   5
 -3.412430763292E-03  5.450067278376E-04  8.613276265814E-04 -4.134963494786E+02 -2.066899816359E+03 -2.108211136409E+05 -9.522182883980E+00 -4.882812500000E-04   1   5
 -2.130923529653E-03 -4.206290388156E-04 -1.084650272175E-03 -7.350540584315E+02  6.572866145204E+02  1.894213608257E+05 -9.527645378201E+00 -4.882812500000E-04   1   5
  1.552895130205E-03  4.338614047298E-04 -7.780441144503E-04  1.667499907406E+03 -1.569083213590E+02  1.466427449806E+05 -9.527733421036E+00 -4.882812500000E-04   1   5
  5.068777036736E-03  9.166757672046E-04 -8.190989114971E-04  4.043342693937E+03 -1.363009113635E+03  1.512218959178E+05 -9.528689884221E+00 -4.882812500000E-04   1   5
 -2.105990516308E-03  1.482883069986E-03 -1.163231413539E-03 -7.446827155574E+02 -1.727666619182E+03  2.012520540866E+05 -9.527858399816E+00 -4.882812500000E-04   1   5
 -1.452470748315E-03 -1.275113766804E-03 -9.712644709290E-04 -3.386757558198E+02  1.872509075741E+03  1.750535793963E+05 -9.527505250014E+00 -4.882812500000E-04   1   5
  1.400615573073E-03 -6.320835696944E-04  4.848517810405E-04  4.547448287448E+02  2.434901303898E+03 -1.078928448226E+05 -9.524596073707E+00 -4.882812500000E-04   1   5
 -5.230660023102E-03  1.059887164207E-03  2.561528557097E-04 -2.530360891164E+03 -2.525151207933E+03 -6.016959512457E+04 -9.523357764808E+00 -4.882812500000E-04   1   5
 -7.326001539601E-03  1.486782105824E-03  1.058090923280E-03 -1.124718704768E+03 -4.707144118889E+03 -2.685160038990E+05 -9.520448932953E+00 -4.882812500000E-04   1   5
 -1.321679935977E-03  9.193011748535E-04  9.397827978264E-05 -6.912514362393E+02 -2.236831403554E+03 -2.152787839241E+04 -9.524837887368E+00 -4.882812500000E-04   1   5
 -4.557515503122E-03 -3.559367161362E-04 -6.621048824411E-04 -2.551686511074E+03  5.011200868835E+02  1.343555899577E+05 -9.525878883243E+00 -4.882812500000E-04   1   5
  4.059986949565E-03  1.488133339639E-03 -1.445690708424E-03  4.445073093970E+03 -1.131850590358E+03  2.296652326213E+05 -9.530079971908E+00 -4.882812500000E-04   1   5
 -3.704519706049E-04 -4.258002894511E-04  1.179692868991E-05 -1.258395987257E+02  6.886576710913E+02 -2.598639664590E+03 -9.525284144389E+00 -4.882812500000E-04   1   5
 -4.088904945736E-03 -1.240757969673E-03 -1.183820257070E-03 -2.211385427340E+03  1.398089510798E+03  2.053173839762E+05 -9.527413742904E+00 -4.882812500000E-04   1   5
 -6.294892627805E-03 -7.240886871776E-05  1.223310363046E-03 -2.279151970922E+02  1.488826122932E+02 -3.054138802065E+05 -9.520251390596E+00 -4.882812500000E-04   1   5
  7.213618873849E-04  8.766398411995E-05 -1.578096648201E-03  2.134147457182E+03  1.684667132389E+02  2.509250727976E+05 -9.529616736006E+00 -4.882812500000E-04   1   5
 -4.027458448933E-03  1.231841188467E-03 -5.101895054636E-04 -2.271805457208E+03 -2.448014488365E+03  1.081526289436E+05 -9.525627164203E+00 -4.882812500000E-04   1   5
  3.219842710636E-03 -1.011845541993E-03 -6.988201636893E-04  2.711503427559E+03  1.019579788209E+03  1.334041997504E+05 -9.527928959612E+00 -4.882812500000E-04   1   5
  6.140266226569E-03 -3.169100407263E-04  6.860249721496E-05  3.125908781371E+03  8.252239001143E+02 -1.563049253543E+04 -9.526815690730E+00 -4.882812500000E-04   1   5
  3.850354005746E-03  2.118598723148E-04 -9.056605800510E-04  3.163948645604E+03 -3.306129413566E+02  1.655487569182E+05 -9.528652648306E+00 -4.882812500000E-04   1   5
  2.822780484058E-03  8.964437565163E-04  1.474695138088E-03  2.525296070772E+03 -2.502088204261E+03 -3.450805123803E+05 -9.522168460271E+00 -4.882812500000E-04   1   5
  5.381300686536E-03  1.307514709238E-03  1.554664224837E-04  2.750231240172E+03 -2.881112346404E+03 -3.592204460214E+04 -9.526395692301E+00 -4.882812500000E-04   1   5
  1.300251362393E-03 -9.931634085474E-04 -8.285907850740E-04  1.442956278386E+03  1.413285655796E+03  1.542240465918E+05 -9.527815859544E+00 -4.882812500000E-04   1   5
 -1.643561913997E-03 -8.257161054488E-04  1.393277053059E-03  1.203187414301E+03  2.787057405811E+03 -3.334694517571E+05 -9.521145579894E+00 -4.882812500000E-04   1   5
  7.039584881333E-03 -6.106719953786E-04  5.142019093918E-04  3.106530819425E+03  1.750871793814E+03 -1.134903015653E+05 -9.525938717963E+00 -4.882812500000E-04   1   5
 -2.125405389431E-03  5.077738413497E-04  8.864948186638E-06 -9.181873553430E+02 -2.048022661986E+03  7.019854995832E+02 -9.524794360964E+00 -4.882812500000E-04   1   5
 -1.957592449104E-03 -1.270415693257E-03  9.149072309405E-04  2.777127983235E+01  4.648213586002E+03 -2.235058989007E+05 -9.522471185768E+00 -4.882812500000E-04   1   5
  6.993789024676E-03  7.150575052989E-04  4.570291321531E-04  3.183782555429E+03 -1.846398018140E+03 -1.008889252051E+05 -9.526061898175E+00 -4.882812500000E-04   1   5
  2.696841012806E-04 -1.071486666117E-03  5.419759942638E-04  3.327850560103E+02  3.255020428169E+03 -1.222939135805E+05 -9.524086005123E+00 -4.882812500000E-04   1   5
  3.706070447182E-03 -9.953627354126E-04 -6.798683856362E-04  3.065254359892E+03  1.124317465738E+03  1.299714116930E+05 -9.527989496751E+00 -4.882812500000E-04   1   5
 -5.363128206999E-03 -1.387717660868E-04 -4.113141208038E-04 -3.145314315423E+03  4.075935141749E+02  9.012183826965E+04 -9.525034022765E+00 -4.882812500000E-04   1   5
  1.056819466751E-03 -4.978524890928E-04 -1.103773794093E-03  1.592025891241E+03  8.819938596661E+02  1.897737536115E+05 -9.528488146719E+00 -4.882812500000E-04   1   5
 -4.466463321616E-03  1.023817769899E-03  5.298198062289E-04 -1.730721686502E+03 -2.849298145681E+03 -1.232873650531E+05 -9.522824009987E+00 -4.882812500000E-04   1   5
 -2.419955911933E-06  1.277261703727E-03 -6.228255109559E-04  4.547568446448E+02 -2.494929599920E+03  1.246832411034E+05 -9.526939709790E+00 -4.882812500000E-04   1   5
  3.817788534289E-03 -1.730277735860E-03  1.127219227152E-03  2.097129365470E+03  5.579357084436E+03 -2.637212053094E+05 -9.523468290539E+00 -4.882812500000E-04   1   5
  2.339312448567E-03 -5.062540433725E-04  3.693898943880E-04  1.092320292332E+03  1.422978943109E+03 -8.244327176867E+04 -9.525106010385E+00 -4.882812500000E-04   1   5
  4.074225165628E-03 -1.002558089556E-03 -2.628137702336E-04  2.569179170351E+03  1.791104914854E+03  5.513157059082E+04 -9.527073379272E+00 -4.882812500000E-04   1   5
  6.761932431377E-03  6.826223587082E-05  8.500896770447E-04  2.715636195459E+03 -2.729068115420E+02 -1.955442741540E+05 -9.525049610426E+00 -4.882812500000E-04   1   5
 -7.959920668924E-03  6.934872602348E-04 -1.357208692253E-03 -5.465637825734E+03 -3.980748559247E+02  2.270578413243E+05 -9.526944898862E+00 -4.882812500000E-04   1   5
  8.114808673538E-03  3.677321595936E-05  1.326632352464E-03  3.526330145880E+03 -5.429525050089E+01 -2.942059683994E+05 -9.524032216579E+00 -4.882812500000E-04   1   5
 -9.789506849440E-04 -9.496098352998E-04 -1.477800942827E-03  4.160647412007E+02  1.076705940545E+03  2.361328929220E+05 -9.528990903700E+00 -4.882812500000E-04   1   5
 -9.878293543484E-03 -8.505964104975E-04  1.031664326459E-03 -2.084716634773E+03  2.703353642527E+03 -2.657904698340E+05 -9.519769215739E+00 -4.882812500000E-04   1   5
 -2.397350851328E-03  4.838628379780E-04 -7.461540472464E-04 -1.155753061473E+03 -6.299770209418E+02  1.449188959950E+05 -9.526676596407E+00 -4.882812500000E-04   1   5
  2.143926520171E-03  1.490867929476E-03 -1.752777357695E-04  1.355238346019E+03 -3.182310355420E+03  3.898795433069E+04 -9.526371887851E+00 -4.882812500000E-04   1   5
 -4.012055459163E-04 -4.012398553537E-04 -9.092858841426E-04  3.443425615109E+02  7.368707391759E+02  1.663585218106E+05 -9.527611308132E+00 -4.882812500000E-04   1   5
 -5.053206969782E-03 -3.783010363306E-04 -5.562282108791E-04 -3.206378194019E+03  3.995644890339E+02  1.150904002828E+05 -9.525533766698E+00 -4.882812500000E-04   1   5
  3.480497463646E-03 -1.861239999547E-03  2.147763955853E-04  1.798551796843E+03  4.254378469703E+03 -4.876671189239E+04 -9.525755227796E+00 -4.882812500000E-04   1   5
 -2.873670704080E-03  1.665418523884E-03  5.293899640848E-04 -9.960510742515E+02 -4.209308047972E+03 -1.224552062592E+05 -9.523253664220E+00 -4.882812500000E-04   1   5
 -6.513096888075E-03  1.510974699752E-04  1.060577737154E-03 -1.094164990291E+03 -4.393836501746E+02 -2.616633781767E+05 -9.520715595652E+00 -4.882812500000E-04   1   5
  3.807718890822E-03 -1.262717374659E-04 -2.741957216745E-04  2.182789255699E+03  3.488686453555E+02  5.917426076430E+04 -9.527074829810E+00 -4.882812500000E-04   1   5
 -3.007166725865E-03  6.926982472818E-04  2.743951547846E-05 -1.578501815357E+03 -1.657943400017E+03 -5.867935300209E+03 -9.524552546261E+00 -4.882812500000E-04   1   5
  7.018199435638E-04 -1.150547281900E-05  3.278415115360E-04  4.132043821686E+02  1.627097065513E+02 -7.412928876109E+04 -9.524772526251E+00 -4.882812500000E-04   1   5
  1.109585793944E-03 -1.851635690921E-04  7.665541850694E-04  6.065983034365E+02  1.128577515494E+03 -1.787946117009E+05 -9.523774016074E+00 -4.882812500000E-04   1   5
  1.780724229769E-03  5.982409539250E-04 -7.961559148573E-04  1.553441399691E+03 -1.631990434370E+03  1.513339982674E+05 -9.527874115454E+00 -4.882812500000E-04   1   5
  1.832191047168E-03  1.948875320958E-03  1.527932189269E-04  1.014861757657E+03 -4.423654150612E+03 -3.450241745451E+04 -9.525482807603E+00 -4.882812500000E-04   1   5
 -1.491596178643E-03 -1.202911333734E-03  1.351510653384E-03  1.190018696639E+03  4.716716616236E+03 -3.270872334396E+05 -9.521313990287E+00 -4.882812500000E-04   1   5
 -3.890909098299E-03 -1.443910184997E-03  1.354633586481E-03  5.044846143817E+02  4.070152073039E+03 -3.267513544200E+05 -9.520593620851E+00 -4.882812500000E-04   1   5
 -5.052532545272E-03  5.555917869512E-05  6.169618292109E-04 -1.753843850717E+03 -2.787930174421E+02 -1.462053412091E+05 -9.522417251781E+00 -4.882812500000E-04   1   5
  1.431616346949E-04  1.740981650681E-03  9.749076404266E-04  8.614892313390E+02 -5.929263659682E+03 -2.365264046067E+05 -9.522882452378E+00 -4.882812500000E-04   1   5
  1.273803993246E-03  6.668190960507E-04 -1.238161871377E-04  6.271438015918E+02 -2.420207680363E+03  2.959313582138E+04 -9.526063276696E+00 -4.882812500000E-04   1   5
  5.337197749573E-04 -9.095822300548E-04 -5.497356171658E-04  6.721571054679E+02  1.429425960896E+03  1.109179036130E+05 -9.526908393583E+00 -4.882812500000E-04   1   5
 -3.056869058904E-03  1.114007703545E-03  7.905976467391E-04 -5.017921188958E+02 -3.562798505858E+03 -1.911967589312E+05 -9.522485834823E+00 -4.882812500000E-04   1   5
  1.670632279082E-03  1.571507552372E-03 -1.573459605138E-04  1.073533684666E+03 -2.642376856074E+03  3.429801894449E+04 -9.526211495159E+00 -4.882812500000E-04   1   5
 -4.353600639925E-03  6.934953523235E-04 -1.451207043053E-03 -2.379197168519E+03 -5.357859988059E+02  2.350763293941E+05 -9.528098222169E+00 -4.882812500000E-04   1   5
  2.505050835819E-03  2.449907771817E-04 -1.108147863032E-03  2.682921624886E+03 -4.290307031838E+02  1.895272331827E+05 -9.528845079295E+00 -4.882812500000E-04   1   5
  1.101242746993E-03 -7.380329339413E-04 -7.522862166289E-04  1.239118274490E+03  1.069407708774E+03  1.434672861532E+05 -9.527567548240E+00 -4.882812500000E-04   1   5
  5.273608396843E-03  6.647280728954E-04 -5.562197615694E-04  3.653451188783E+03 -1.287187870846E+03  1.100757816549E+05 -9.528092067706E+00 -4.882812500000E-04   1   5
  1.109622708166E-02  6.621124119312E-04 -1.529066285363E-03  1.054356229884E+04 -4.186082538788E+02  2.271175259514E+05 -9.531837895458E+00 -4.882812500000E-04   1   5
 -1.031144863319E-03  8.197194201556E-04  9.045179924931E-04  3.232783277800E+02 -3.424580758717E+03 -2.186083504475E+05 -9.522763210947E+00 -4.882812500000E-04   1   5
  4.094865433209E-03  1.951673688846E-04 -9.608109211756E-04  3.427996316927E+03 -3.741636998139E+02  1.737934626745E+05 -9.528848774364E+00 -4.882812500000E-04   1   5
  1.130585150026E-04  1.236449676965E-03  9.240316537360E-04  7.505170910801E+02 -4.323474281316E+03 -2.224366189416E+05 -9.523023014054E+00 -4.882812500000E-04   1   5
  1.827873895123E-03  1.525397231423E-03 -5.777926532695E-04  1.586019744694E+03 -2.935457375657E+03  1.161642970751E+05 -9.527280149450E+00 -4.882812500000E-04   1   5
 -6.963236580605E-03 -7.064336661718E-04  1.017953332703E-03 -1.123957291510E+03  2.275325431786E+03 -2.584206041056E+05 -9.520685661331E+00 -4.882812500000E-04   1   5
  1.588477015090E-03 -4.814587494327E-04  9.851704215653E-04  1.025089860638E+03  2.126317635198E+03 -2.350708796192E+05 -9.523317049346E+00 -4.882812500000E-04   1   5
 -7.199229603030E-03 -9.388886817288E-04  1.187282670165E-04 -3.752301807505E+03  2.135851906800E+03 -2.777435020728E+04 -9.523175464717E+00 -4.882812500000E-04   1   5
 -1.109399481778E-04  5.224559178876E-05  8.605169767493E-04  2.338902777953E+02 -7.710243442323E+02 -2.059093464925E+05 -9.523200371112E+00 -4.882812500000E-04   1   5
 -1.733263836737E-04 -4.647442923818E-04 -1.111204032149E-03  6.456771504491E+02  3.378125957364E+02  1.911272332174E+05 -9.528217321373E+00 -4.882812500000E-04   1   5
  1.261538093650E-03 -1.129778111759E-03 -5.549856943659E-04  1.173552860683E+03  2.213407585203E+03  1.121150211515E+05 -9.527093702455E+00 -4.882812500000E-04   1   5
 -7.148555925793E-03  3.388004682272E-05 -8.339057375273E-04 -4.587102869323E+03 -6.882563073347E+01  1.614396715922E+05 -9.525694830947E+00 -4.882812500000E-04   1   5
  1.036475558820E-03 -1.907348630681E-03  1.362798445958E-03  1.794228198386E+03  6.318692825062E+03 -3.206401046433E+05 -9.521989516343E+00 -4.882812500000E-04   1   5
 -3.172386038074E-03 -3.664349449065E-04 -9.818505296826E-04 -1.595548136420E+03  4.188203058156E+02  1.773110302404E+05 -9.527111760876E+00 -4.882812500000E-04   1   5
 -5.989562157492E-03 -8.118750621533E-04 -6.942173738014E-04 -3.622195247780E+03  1.501790590280E+03  1.412734369048E+05 -9.525597533376E+00 -4.882812500000E-04   1   5
  2.727253244342E-03  1.035540404470E-03  7.936414953607E-04  1.334618565282E+03 -3.338843082668E+03 -1.843356093582E+05 -9.524115011270E+00 -4.882812500000E-04   1   5
  2.220977979359E-03 -8.752311708875E-04 -9.170786031167E-04  2.106779456712E+03  2.065807949864E+03  1.689130517940E+05 -9.528273781762E+00 -4.882812500000E-04   1   5
  9.176969783347E-04 -5.705342986016E-05  9.699982380647E-04  7.879215117573E+02  2.414748559431E+02 -2.326648628197E+05 -9.523176822586E+00 -4.882812500000E-04   1   5
  1.914483813504E-03 -1.090700896143E-03 -7.761389382752E-04  1.768501112909E+03  2.275285604159E+03  1.476189563046E+05 -9.527829350894E+00 -4.882812500000E-04   1   5
 -2.475223356210E-03 -1.177374621791E-03 -2.201892023228E-04 -1.235084403516E+03  2.781666216649E+03  5.079005877655E+04 -9.525285531449E+00 -4.882812500000E-04   1   5
 -2.821199278304E-03  2.485114985620E-04  3.380642374893E-04 -9.962814892587E+02 -1.280899303811E+03 -7.572693061229E+04 -9.523752398884E+00 -4.882812500000E-04   1   5
  4.193480134248E-04  1.384359427931E-03 -1.157833538571E-03  1.239813575744E+03 -1.737713874450E+03  1.984234781934E+05 -9.528453051140E+00 -4.882812500000E-04   1   5
  4.684457705189E-03 -4.783986351139E-04  1.368407062655E-03  2.699280232847E+03  1.454452039480E+03 -3.079781583052E+05 -9.522988495219E+00 -4.882812500000E-04   1   5
  3.688773339015E-03  1.354834278515E-04 -4.981531108195E-04  2.653784614489E+03 -3.781031894922E+01  9.965392623767E+04 -9.527559122826E+00 -4.882812500000E-04   1   5
  3.071199031978E-03 -9.902147201286E-04 -6.158334518509E-04  2.340126617879E+03  2.011064044709E+03  1.214530656046E+05 -9.527704612051E+00 -4.882812500000E-04   1   5
 -1.106952577452E-03  5.877783227397E-04  1.025751353522E-03  4.848478619510E+02 -1.782876662069E+03 -2.469134796337E+05 -9.522400747882E+00 -4.882812500000E-04   1   5
 -5.058205755109E-03 -9.695935236227E-04 -4.090400867240E-04 -3.045947438203E+03  1.507350975984E+03  8.880969741534E+04 -9.525123736224E+00 -4.882812500000E-04   1   5
 -2.136967328989E-03 -6.046657208470E-04  4.623064833216E-04 -9.008837020771E+02  1.250803082403E+03 -1.060137292352E+05 -9.523672519738E+00 -4.882812500000E-04   1   5
 -2.573387202357E-03  6.975725701059E-04  7.134502073018E-04 -5.864636401268E+02 -2.289157769506E+03 -1.694402848331E+05 -9.522854090357E+00 -4.882812500000E-04   1   5
 -1.579671595324E-03  1.554237870388E-04  1.414921748431E-03  1.329253449874E+03 -1.526063786635E+02 -3.399159831261E+05 -9.521097302064E+00 -4.882812500000E-04   1   5
 -4.283088385529E-03 -1.996561299523E-04  1.175678450378E-03  2.357781033430E+02  7.824499399210E+02 -2.910776820978E+05 -9.520992164506E+00 -4.882812500000E-04   1   5
 -3.644566875124E-03  3.136556881033E-04  5.288142999644E-04 -1.152340199946E+03 -1.206870094777E+03 -1.216486181870E+05 -9.523020185927E+00 -4.882812500000E-04   1   5
  6.473490993724E-03  7.646751941433E-04  8.107302676632E-04  2.627758041724E+03 -2.199295084182E+03 -1.858615194970E+05 -9.525070078872E+00 -4.882812500000E-04   1   5
  1.338536321604E-03  6.629324392812E-04  4.200062420305E-04  7.672852762663E+02 -1.448049667282E+03 -9.435386727538E+04 -9.524691966194E+00 -4.882812500000E-04   1   5
 -3.062757028147E-03  1.265065161183E-03  7.164179096963E-04 -6.764808455409E+02 -4.069173197843E+03 -1.708633025560E+05 -9.522687575534E+00 -4.882812500000E-04   1   5
  1.041214083765E-03 -3.448232379125E-04 -2.346593547262E-04  6.909415982299E+02  6.997623609025E+02  5.055670788829E+04 -9.526265921552E+00 -4.882812500000E-04   1   5
 -5.328409379916E-03  6.547952768913E-04  4.361809651794E-04 -2.210639840385E+03 -1.588547879849E+03 -1.012902727080E+05 -9.522829279744E+00 -4.882812500000E-04   1   5
 -5.987288744205E-03  3.177456074787E-04 -5.517444213843E-04 -3.694274570114E+03 -5.918589173917E+02  1.161698319842E+05 -9.525248746714E+00 -4.882812500000E-04   1   5
 -3.393422012574E-03 -5.819199398518E-04 -4.584349313563E-04 -1.811282771117E+03  1.221933466470E+03  9.798965622923E+04 -9.525657841266E+00 -4.882812500000E-04   1   5
 -6.104823110159E-03 -4.912402785166E-04 -8.411954082606E-04 -3.756549435747E+03  9.548830662448E+02  1.624557325784E+05 -9.525971040332E+00 -4.882812500000E-04   1   5
 -4.592080415888E-03  1.543254818957E-03 -8.987173053572E-04 -2.688486110160E+03 -1.807432658581E+03  1.682283646484E+05 -9.526517922219E+00 -4.882812500000E-04   1   5
  2.503148486442E-03 -1.315076873651E-03 -2.155122347101E-04  1.620599718550E+03  2.210066776076E+03  4.563257859021E+04 -9.526564509481E+00 -4.882812500000E-04   1   5
 -9.189755835671E-04 -1.848232734169E-03  1.039327917471E-04 -3.754244893273E+02  4.048842223745E+03 -2.346986087861E+04 -9.524887695218E+00 -4.882812500000E-04   1   5
  6.263361726002E-03 -8.344775873615E-04  5.706573327831E-04  2.750524435617E+03  2.347261374050E+03 -1.264991402921E+05 -9.525597935290E+00 -4.882812500000E-04   1   5
 -3.173305259038E-03 -6.198314719184E-04 -1.049851404272E-03 -1.397654063626E+03  1.307236040430E+03  1.909945950752E+05 -9.527245612487E+00 -4.882812500000E-04   1   5
 -2.583185839830E-03  3.500842344828E-04  2.327667281108E-04 -1.295907199741E+03 -7.914791232068E+02 -5.375025346023E+04 -9.524155476965E+00 -4.882812500000E-04   1   5
  2.275213359915E-03 -1.258135703504E-03  1.098501159902E-03  1.566202642172E+03  4.213180438896E+03 -2.586254575455E+05 -9.523141579413E+00 -4.882812500000E-04   1   5
 -5.236072847446E-03 -6.312251541837E-04  9.433678293589E-04 -7.459196922199E+02  2.221900965998E+03 -2.373391465737E+05 -9.521413700669E+00 -4.882812500000E-04   1   5
  4.386505969572E-03  7.587458452054E-05 -6.239793638287E-04  3.237377677038E+03  2.699975564547E+00  1.216456541845E+05 -9.528044153275E+00 -4.882812500000E-04   1   5
 -4.235359267076E-04 -1.774690055282E-03 -1.229846025829E-03  6.601902220304E+02  1.725460722144E+03  2.072894550619E+05 -9.528439295497E+00 -4.882812500000E-04   1   5
 -4.012801986648E-03  1.122718476391E-03 -9.469683357612E-04 -2.205312888095E+03 -1.899348899565E+03  1.764761073706E+05 -9.526783467119E+00 -4.882812500000E-04   1   5
 -2.035921017260E-03 -6.253677504857E-04  1.382144645253E-03  1.012289460334E+03  1.984610493040E+03 -3.299903119847E+05 -9.521072508253E+00 -4.882812500000E-04   1   5
 -7.826166274291E-03  1.640994678522E-04 -1.191913299986E-03 -5.319884083706E+03 -2.196079565437E+02  2.064980962483E+05 -9.526527891541E+00 -4.882812500000E-04   1   5
  4.462425195949E-03  3.272324537655E-04  9.987716475512E-04  2.005203767898E+03 -1.276435024060E+03 -2.347125803344E+05 -9.524051764260E+00 -4.882812500000E-04   1   5
 -3.624100857947E-03  4.925187467282E-04  1.064615081209E-03  1.299443948331E+02 -1.795658406291E+03 -2.634994389263E+05 -9.521517688277E+00 -4.882812500000E-04   1   5
 -3.090591466436E-03  4.108243075348E-04  4.234262155478E-05 -1.491413262532E+03 -1.210896546826E+03 -8.416681221507E+03 -9.524469954746E+00 -4.882812500000E-04   1   5
  2.697560753377E-03 -1.116665936289E-03  5.592824286671E-05  1.439792738362E+03  2.662235488481E+03 -1.298846560108E+04 -9.525968105604E+00 -4.882812500000E-04   1   5
  1.495141256727E-03 -2.184650594431E-04 -1.403714780439E-04  6.948796450376E+02  8.387028923130E+02  3.218024307363E+04 -9.526177035288E+00 -4.882812500000E-04   1   5
 -1.479105769721E-03 -7.202210542516E-04 -1.364526244769E-04 -6.035758330204E+02  1.947955983895E+03  3.241567191277E+04 -9.525333126015E+00 -4.882812500000E-04   1   5
 -7.283727651797E-03  1.261245827840E-04  1.017708479827E-03 -1.286450105967E+03 -3.360047055868E+02 -2.573393831891E+05 -9.520597904120E+00 -4.882812500000E-04   1   5
 -6.372485702988E-04 -5.009785856794E-04 -1.252478893737E-03  5.619035846682E+02  1.770640314906E+03  2.145307459394E+05 -9.528436186919E+00 -4.882812500000E-04   1   5
 -6.277134850755E-04  9.859581995287E-04  1.011051730182E-04 -3.154993424760E+02 -2.273572043481E+03 -2.330357679363E+04 -9.525000810321E+00 -4.882812500000E-04   1   5
  2.734380155108E-03 -8.882157651649E-04 -7.124305222730E-04  2.328580533231E+03  1.491254325754E+03  1.365900139337E+05 -9.527856735830E+00 -4.882812500000E-04   1   5
  4.548649188526E-03  1.323211766337E-03  9.399830635046E-04  2.063076420188E+03 -4.452735425809E+03 -2.213017445983E+05 -9.524214798922E+00 -4.882812500000E-04   1   5
  2.453062338929E-03 -2.904084051903E-04 -5.229126579267E-04  1.812009733382E+03  8.432218115218E+02  1.056521157173E+05 -9.527329211328E+00 -4.882812500000E-04   1   5
 -1.976224652763E-03  7.590195392478E-04 -7.527354040007E-04 -7.027440019808E+02 -1.989341747158E+03  1.471807474231E+05 -9.526766520012E+00 -4.882812500000E-04   1   5
  4.704902549531E-04 -7.601242128700E-04 -2.644761061061E-04  4.197921200583E+02  2.218881110370E+03  5.811576166613E+04 -9.526179692319E+00 -4.882812500000E-04   1   5
  6.415634543027E-04  1.349347285196E-03 -1.555424317845E-03  1.811241237302E+03 -1.092940816790E+03  2.455058154874E+05 -9.529578166467E+00 -4.882812500000E-04   1   5
  1.272857816902E-04 -7.427893748883E-04 -5.960044819684E-04  4.658941805872E+02  1.383977476703E+03  1.194592287204E+05 -9.526920499974E+00 -4.882812500000E-04   1   5
  2.497433428733E-03 -8.648044329784E-04 -1.955273362135E-04  1.388196116385E+03  2.301807126741E+03  4.391354471370E+04 -9.526545374407E+00 -4.882812500000E-04   1   5
 -6.077553261217E-03  4.885085377555E-04 -9.891036294656E-04 -3.726691713432E+03 -6.652688891668E+02  1.835772897217E+05 -9.526371911822E+00 -4.882812500000E-04   1   5
  4.293262605501E-03 -1.747925491073E-04 -4.420162349841E-04  2.843748700622E+03  5.111187899571E+02  9.011832421914E+04 -9.527581458436E+00 -4.882812500000E-04   1   5
  5.697955873680E-03  5.617690507277E-06  3.034495471343E-06  2.980994635325E+03  2.310727731514E+02 -9.901028251499E+02 -9.526863150834E+00 -4.882812500000E-04   1   5
 -7.213659473285E-03 -4.432612375394E-04  7.256764756534E-04 -2.233009986837E+03  1.222838126643E+03 -1.809022785719E+05 -9.521483132469E+00 -4.882812500000E-04   1   5
 -3.442219023606E-03 -3.781956172321E-04  9.255434002648E-04 -3.458941811268E+02  1.264213824180E+03 -2.283983753131E+05 -9.522007696241E+00 -4.882812500000E-04   1   5
  3.306722172771E-03  7.287662537041E-04  4.032170963617E-04  1.490096099931E+03 -2.002393881938E+03 -8.950137251204E+04 -9.525274264849E+00 -4.882812500000E-04   1   5
  1.991149360317E-04 -7.078674114678E-04  3.780073043282E-04  2.177379633119E+02  1.791437883496E+03 -8.517276566117E+04 -9.524501769180E+00 -4.882812500000E-04   1   5
  4.671696483336E-03 -6.727199514246E-04  5.202822084041E-04  2.046370480412E+03  1.945215372221E+03 -1.149788213584E+05 -9.525328328866E+00 -4.882812500000E-04   1   5
  2.764041445342E-03  1.018569325488E-03  6.406774505190E-04  1.181566996117E+03 -3.158049982428E+03 -1.448114572010E+05 -9.524533892792E+00 -4.882812500000E-04   1   5
  7.418640477431E-04  5.039441128901E-04  1.402421344898E-03  1.664550100856E+03 -2.176459763285E+03 -3.354202257417E+05 -9.521846520586E+00 -4.882812500000E-04   1   5
 -2.137816766676E-03 -2.945334003036E-04 -1.262011287576E-03 -5.192522372144E+02  1.262870504217E+03  2.164200197070E+05 -9.528083413992E+00 -4.882812500000E-04   1   5
 -9.332604055703E-04 -4.512315359858E-04 -2.201522199829E-05 -4.850450305872E+02  7.018441129741E+02  5.187636707559E+03 -9.525230084451E+00 -4.882812500000E-04   1   5
 -1.937592070181E-03  1.641226663922E-03  1.347680505230E-03  1.120656559015E+03 -5.767677773582E+03 -3.260204860285E+05 -9.521176780983E+00 -4.882812500000E-04   1   5
  5.012595668473E-04 -2.906579153149E-04 -1.565153394966E-03  1.687960460295E+03  9.178814154974E+02  2.482359698172E+05 -9.529575966134E+00 -4.882812500000E-04   1   5
  2.899271086653E-04 -1.674260657750E-03  7.618007456962E-04  5.939334672892E+02  5.171470434012E+03 -1.793665412052E+05 -9.523501087743E+00 -4.882812500000E-04   1   5
  2.357748247549E-03  9.788196544982E-04  7.043479531501E-04  1.210228214621E+03 -2.716527246104E+03 -1.618971266994E+05 -9.524238033152E+00 -4.882812500000E-04   1   5
  3.301228653276E-03  9.160664497975E-04 -2.717875566867E-04  2.087089336548E+03 -2.034564441455E+03  5.820632621592E+04 -9.526908729957E+00 -4.882812500000E-04   1   5
  2.119740288025E-03 -7.593980634177E-04 -1.076692257868E-03  2.339479812157E+03  8.123415547980E+02  1.859151902544E+05 -9.528670058115E+00 -4.882812500000E-04   1   5
  4.924989289653E-03 -2.048285690453E-03  1.169578105553E-03  2.445700860352E+03  6.567136401837E+03 -2.728325527669E+05 -9.523645801738E+00 -4.882812500000E-04   1   5
  3.433392039227E-03 -1.495399640043E-03 -1.448519951463E-03  3.940026688128E+03  1.315367462216E+03  2.316810898360E+05 -9.529939520327E+00 -4.882812500000E-04   1   5
 -2.560378618224E-03 -1.581903110027E-03  1.166938851269E-03  5.314024671123E+02  5.724266433617E+03 -2.860710634098E+05 -9.521539576632E+00 -4.882812500000E-04   1   5
  1.783804186366E-03  5.306134907581E-04 -5.914283404556E-04  1.596088222174E+03 -4.714328845759E+02  1.164070896041E+05 -9.527318296378E+00 -4.882812500000E-04   1   5
 -6.193808217935E-03  7.718390362357E-04 -6.619265117713E-04 -3.770037199227E+03 -1.381812647178E+03  1.360526575237E+05 -9.525461568465E+00 -4.882812500000E-04   1   5
  5.130065589419E-04 -6.317070946838E-04  1.004367601982E-03  8.304170114622E+02  2.870935306444E+03 -2.409882050607E+05 -9.522943530331E+00 -4.882812500000E-04   1   5
 -5.355804001683E-03 -1.271461872049E-04  5.707255457912E-04 -1.966275864838E+03  5.586358204612E+02 -1.342158681356E+05 -9.522454994275E+00 -4.882812500000E-04   1   5
  4.507725146396E-03  1.097458068336E-03 -1.329226715111E-03  4.583898428915E+03 -1.308720362306E+03  2.185303090051E+05 -9.529870871100E+00 -4.882812500000E-04   1   5
  1.428848037592E-03  1.830383695003E-03  3.957648424753E-04  7.054861953729E+02 -4.664251842381E+03 -8.887272161552E+04 -9.524778881033E+00 -4.882812500000E-04   1   5
  6.510252636098E-03  5.075932459256E-04  7.040064842734E-04  2.726109430982E+03 -1.622400660306E+03 -1.585675083226E+05 -9.525339293144E+00 -4.882812500000E-04   1   5
 -8.346862434261E-03  1.967249681647E-03  1.095811808107E-03 -1.293582289665E+03 -6.062708969666E+03 -2.786378200065E+05 -9.520011326265E+00 -4.882812500000E-04   1   5
 -1.847413016583E-03  9.356577416314E-04 -1.471927734998E-03 -2.551417525002E+02 -1.081862894188E+03  2.386326109032E+05 -9.528747443085E+00 -4.882812500000E-04   1   5
  4.518428960888E-03  1.089973642791E-03  2.954738219492E-04  2.109895214748E+03 -3.057208376963E+03 -6.511533468666E+04 -9.525848519547E+00 -4.882812500000E-04   1   5
  2.448036676531E-03 -1.349290927995E-03  5.134195225560E-04  1.210014771023E+03  3.866051722109E+03 -1.146441497678E+05 -9.524742772277E+00 -4.882812500000E-04   1   5
 -1.955003235690E-03  3.467074879981E-04 -8.608986039742E-04 -4.238266108766E+02 -7.042302504004E+02  1.641002809357E+05 -9.527021056835E+00 -4.882812500000E-04   1   5
  5.013485441372E-03  1.110274351867E-05 -8.292448439828E-05  2.822233719130E+03 -7.660759435133E+01  1.705484586558E+04 -9.526886846485E+00 -4.882812500000E-04   1   5
  5.719637925896E-03  1.132976653925E-04 -6.466456029006E-04  4.141934451283E+03 -1.319191890158E+02  1.245526463116E+05 -9.528417584038E+00 -4.882812500000E-04   1   5
 -2.146514460994E-05  1.357606520821E-03  3.947034607035E-04  1.319176423957E+02 -3.678542776637E+03 -8.889283064802E+04 -9.524390550981E+00 -4.882812500000E-04   1   5
 -1.095126521414E-02 -8.446976222937E-04  1.082846171148E-03 -2.065273382203E+03  2.821995521530E+03 -2.825445262098E+05 -9.519258088107E+00 -4.882812500000E-04   1   5
 -3.976355948204E-03 -5.637034290242E-04 -1.211306630280E-04 -2.153261803785E+03  1.146843295734E+03  2.909506999061E+04 -9.524658479915E+00 -4.882812500000E-04   1   5
  2.690791786692E-04 -1.805471619659E-03  4.577883419432E-04  2.970315034353E+02  4.721897266348E+03 -1.035194307745E+05 -9.524296176918E+00 -4.882812500000E-04   1   5
  2.767570918266E-03 -1.801008418731E-04 -1.017594812009E-03  2.716659459401E+03  8.575165741263E+01  1.782252637485E+05 -9.528672845886E+00 -4.882812500000E-04   1   5
 -4.957405565097E-03  1.762172735625E-03  1.042924092145E-03 -4.898591247763E+02 -5.767395368749E+03 -2.611361099240E+05 -9.521205359959E+00 -4.882812500000E-04   1   5
 -1.813701611949E-03  7.563717237170E-04 -1.009284531179E-03 -4.384146424183E+02 -1.896125751253E+03  1.845969926454E+05 -9.527481697306E+00 -4.882812500000E-04   1   5
 -7.046932585628E-03 -3.606366191473E-04  1.279784413919E-03 -4.044692977747E+02  1.295805798844E+03 -3.175922281218E+05 -9.519866344666E+00 -4.882812500000E-04   1   5
 -3.863399613660E-04  1.495000086868E-05  8.697567077478E-04  1.690091061758E+02  5.724575417477E+02 -2.090401612443E+05 -9.523097246172E+00 -4.882812500000E-04   1   5
  2.731128993532E-04 -1.745287058108E-03 -1.211898225871E-03  1.151721833149E+03  1.614796951555E+03  2.033578226256E+05 -9.528569765984E+00 -4.882812500000E-04   1   5
 -5.916525457923E-03 -1.618198188476E-04  6.739582139081E-04 -1.910843178549E+03  6.745828959654E+02 -1.631300110273E+05 -9.522005904008E+00 -4.882812500000E-04   1   5
  4.963388742605E-04 -1.824874636867E-03  1.145500952340E-03  1.178346245622E+03  6.364977425935E+03 -2.755720679746E+05 -9.522501378385E+00 -4.882812500000E-04   1   5
 -6.392506390871E-03 -2.600362888696E-04  2.001521230275E-04 -3.208579864517E+03  6.330002047265E+02 -4.788796992040E+04 -9.523192510939E+00 -4.882812500000E-04   1   5
 -1.100644649365E-03  8.935932868916E-04  9.953799655316E-04  5.492703022289E+02 -3.445484231951E+03 -2.413338737749E+05 -9.522472649241E+00 -4.882812500000E-04   1   5
 -3.715230819083E-04 -1.361504347935E-03  1.032546234644E-03  7.421063701852E+02  4.745391169932E+03 -2.490243214057E+05 -9.522583080559E+00 -4.882812500000E-04   1   5
  1.546765732802E-03 -7.231792564292E-04 -3.314613441541E-04  1.016607197576E+03  1.765775984328E+03  7.070055985593E+04 -9.526633555403E+00 -4.882812500000E-04   1   5
  3.734454224413E-03  1.779468463742E-03  1.248786382931E-03  2.197945305583E+03 -6.115687937305E+03 -2.927434881466E+05 -9.523104699233E+00 -4.882812500000E-04   1   5
 -3.994305956639E-03  3.492677055500E-04 -7.175536819535E-04 -2.066493545570E+03 -6.662613224084E+02  1.441261857975E+05 -9.526149663111E+00 -4.882812500000E-04   1   5
  4.015270477697E-04  1.331121383481E-03 -7.206635036470E-04  7.138921383701E+02 -2.166249339333E+03  1.395940954042E+05 -9.527308470568E+00 -4.882812500000E-04   1   5
 -3.233146543528E-03  1.673154209510E-03  6.280565344019E-05 -1.700607052193E+03 -3.605173224018E+03 -1.380273709043E+04 -9.524394181410E+00 -4.882812500000E-04   1   5
 -3.521975657679E-03  1.030161974721E-04  1.167899555968E-03  4.342105508504E+02 -1.644287377462E+02 -2.871036892586E+05 -9.521236809964E+00 -4.882812500000E-04   1   5
 -8.554782745448E-03  3.647973375015E-04  3.085308406097E-04 -4.086217094336E+03 -6.544853668712E+02 -7.433737668423E+04 -9.522288314706E+00 -4.882812500000E-04   1   5
  2.865619217118E-03  1.960038070588E-03 -1.384050989759E-03  3.398226040314E+03 -1.183417588885E+03  2.192003543439E+05 -9.529649019962E+00 -4.882812500000E-04   1   5
  2.212463587497E-03 -8.910450350908E-05  6.861497114397E-05  8.334456236981E+02  5.217025057347E+02 -1.348157332621E+04 -9.525869277254E+00 -4.882812500000E-04   1   5
  2.171326482900E-03 -8.044608815175E-04  1.819887581922E-05  1.197966066093E+03  1.938649815618E+03 -4.516978141867E+03 -9.525927457145E+00 -4.882812500000E-04   1   5
 -2.646725766049E-03  4.991720682020E-05  4.651710056227E-04 -1.166805583224E+03  2.043468201240E+01 -1.072463284158E+05 -9.523535099992E+00 -4.882812500000E-04   1   5
  3.171401312941E-03  4.190041685405E-04  9.209097298091E-04  1.499486392042E+03 -1.647306755070E+03 -2.169813743619E+05 -9.523918853003E+00 -4.882812500000E-04   1   5
  6.341791546470E-03  4.165867367844E-04  1.349318895044E-03  3.103881601570E+03 -1.197337699416E+03 -3.008060956930E+05 -9.523490169257E+00 -4.882812500000E-04   1   5
  4.144382029218E-03 -1.581244904914E-03 -1.437511456330E-03  4.524271408045E+03  8.038399129247E+02  2.217250675914E+05 -9.530100191612E+00 -4.882812500000E-04   1   5
 -5.462486251770E-03 -2.499772856596E-03 -1.408717189157E-03 -3.377580427934E+03  1.385646343034E+03  2.291471077824E+05 -9.527700700816E+00 -4.882812500000E-04   1   5
  1.259142671315E-03  1.383633419544E-03 -1.171836395288E-03  1.853761136939E+03 -1.789523704657E+03  2.008479805674E+05 -9.528693229497E+00 -4.882812500000E-04   1   5
  4.224591177441E-03  6.888697557212E-04 -7.044461946570E-04  3.247725326709E+03 -9.639361916121E+02  1.346655271808E+05 -9.528206529548E+00 -4.882812500000E-04   1   5
  3.999653398659E-03 -1.014271145006E-03 -1.138479077930E-03  3.831965191177E+03  1.636482394647E+03  1.965126687415E+05 -9.529256074017E+00 -4.882812500000E-04   1   5
  2.220688506272E-03  1.465320260165E-03  1.134200243817E-03  1.643536474771E+03 -4.534449487673E+03 -2.648632396802E+05 -9.523007096175E+00 -4.882812500000E-04   1   5
 -2.153830318592E-03 -3.270189357528E-04  4.272180863709E-04 -9.622870903109E+02  6.412803733735E+02 -9.789510977570E+04 -9.523765583665E+00 -4.882812500000E-04   1   5
  4.392677813575E-03  8.759912596553E-04 -3.655504443505E-04  2.828078310068E+03 -1.901487542508E+03  7.586256698696E+04 -9.527409706187E+00 -4.882812500000E-04   1   5
 -1.135296852765E-03  1.368896288811E-03 -5.301657965160E-04 -3.499872854151E+02 -2.782486998360E+03  1.100835754574E+05 -9.526414958493E+00 -4.882812500000E-04   1   5
  1.484533062462E-03 -7.888335219837E-04 -6.323857068513E-04  1.181585530806E+03  1.885012867457E+03  1.256666750181E+05 -9.527380380808E+00 -4.882812500000E-04   1   5
  1.991025555680E-03  1.368349501091E-03 -1.534227173741E-04  1.143986281478E+03 -3.096947102012E+03  3.480154012752E+04 -9.526298353142E+00 -4.882812500000E-04   1   5
  3.453918671343E-03 -4.835569874111E-04  4.645013973503E-04  1.541670912032E+03  1.244679978294E+03 -1.030100091223E+05 -9.525157611087E+00 -4.882812500000E-04   1   5
  5.889597526367E-03 -1.010602272579E-03 -1.135480000432E-03  5.261775804853E+03  1.349722098181E+03  1.938493288018E+05 -9.529683478815E+00 -4.882812500000E-04   1   5
  4.052443150033E-03  9.191114909217E-04 -2.896376685597E-04  2.604031243771E+03 -1.440027629881E+03  6.002918163718E+04 -9.527133475758E+00 -4.882812500000E-04   1   5
 -5.761586583129E-04  6.343312642986E-04 -8.953543029344E-05 -1.220244742586E+02 -2.040294846683E+03  2.182626662416E+04 -9.525456506577E+00 -4.882812500000E-04   1   5
 -1.211542053651E-04  4.943326464565E-04  1.381684763203E-03  1.652852522864E+03 -2.426578908453E+03 -3.321296316928E+05 -9.521619439716E+00 -4.882812500000E-04   1   5
 -2.552291721048E-03 -8.105122849280E-04 -8.939596808966E-04 -1.164956642042E+03  1.142954856709E+03  1.655140532261E+05 -9.527025304649E+00 -4.882812500000E-04   1   5
  7.015780784121E-03  2.037412174546E-04  5.327961123736E-04  3.169580026996E+03 -4.543458513379E+02 -1.177475825677E+05 -9.525874034672E+00 -4.882812500000E-04   1   5
  2.715897920121E-03 -3.806737285258E-04  9.836590408794E-04  1.298462749231E+03  1.236361458635E+03 -2.340632909954E+05 -9.523647539286E+00 -4.882812500000E-04   1   5
 -2.869026660083E-03  1.242527079014E-03 -7.128877511082E-04 -1.483604236957E+03 -2.011238485501E+03  1.407072972035E+05 -9.526459360924E+00 -4.882812500000E-04   1   5
  6.104188010655E-04  6.699736413910E-04  8.212746802156E-04  7.123299120318E+02 -1.967196438963E+03 -1.954522090222E+05 -9.523457835131E+00 -4.882812500000E-04   1   5
 -2.956466786816E-03  4.929931750600E-04  9.758361645438E-04 -1.387582978882E+02 -1.648074186653E+03 -2.392518331565E+05 -9.522010922978E+00 -4.882812500000E-04   1   5
  4.105308724779E-03  2.184256460258E-04  1.528224548482E-03  3.028095921367E+03 -6.762337507107E+02 -3.635669500841E+05 -9.522377542357E+00 -4.882812500000E-04   1   5
  5.078076794028E-03 -1.081082140477E-03 -1.220495863663E-03  4.810572622130E+03  1.113437322279E+03  2.028302776086E+05 -9.529727803158E+00 -4.882812500000E-04   1   5
  4.836008161637E-03  5.371259119643E-04 -1.168713858667E-03  4.466815488538E+03 -9.611389428034E+02  2.000314828999E+05 -9.529538428509E+00 -4.882812500000E-04   1   5
 -3.797985511299E-03 -7.357867378653E-04  2.198223026126E-04 -1.749899229732E+03  1.878791241187E+03 -5.060975980429E+04 -9.523828460840E+00 -4.882812500000E-04   1   5
 -8.435801887937E-03  3.141977489262E-05  1.231504982576E-03 -7.874207918855E+02 -1.111052941580E+02 -3.122797635489E+05 -9.519574253979E+00 -4.882812500000E-04   1   5
 -1.916207925745E-03 -6.291048737022E-04 -1.775454305788E-04 -1.030368149484E+03  1.203038095311E+03  4.000346399284E+04 -9.525356494638E+00 -4.882812500000E-04   1   5
  8.722705836020E-03 -1.317761550028E-03  1.181598059977E-03  3.517371405688E+03  4.104257632705E+03 -2.697069426628E+05 -9.524629110437E+00 -4.882812500000E-04   1   5
 -1.945128306611E-03 -5.406776522426E-04  1.833723912790E-04 -8.936149080071E+02  1.248556026823E+03 -4.224087104672E+04 -9.524434432202E+00 -4.882812500000E-04   1   5
  2.122256512401E-03 -1.962718151765E-03  1.204267974615E-03  1.768342679590E+03  6.771834714181E+03 -2.857383846857E+05 -9.522774268960E+00 -4.882812500000E-04   1   5
 -2.817487771451E-03 -5.999058311240E-04 -4.243856225195E-05 -1.394721679059E+03  1.609665829604E+03  1.135585946611E+04 -9.524756752462E+00 -4.882812500000E-04   1   5
 -4.626609220653E-03  6.334883032047E-04  5.324683014831E-04 -1.795967096108E+03 -1.712446573560E+03 -1.240830131267E+05 -9.522775113823E+00 -4.882812500000E-04   1   5
 -8.440747851747E-03 -8.805937966782E-04  1.218287868102E-03 -1.009732994999E+03  2.846987559687E+03 -3.049405132703E+05 -9.519627580895E+00 -4.882812500000E-04   1   5
  3.972560591259E-03  9.095614523284E-04  2.869420720004E-04  1.882445221989E+03 -2.418039870095E+03 -6.420693419151E+04 -9.525732614418E+00 -4.882812500000E-04   1   5
  4.926849200827E-03  5.697130567656E-04  4.585293595425E-04  2.105254474999E+03 -1.596707449692E+03 -1.009811303870E+05 -9.525563873002E+00 -4.882812500000E-04   1   5
 -5.638838936678E-03 -1.294101198562E-03 -1.230401073153E-03 -3.493103628900E+03  1.319288894468E+03  2.119558165288E+05 -9.527162214766E+00 -4.882812500000E-04   1   5
 -5.440015652680E-05 -1.353253865257E-03  9.193826171012E-04  6.630466264238E+02  4.878434770296E+03 -2.216312776682E+05 -9.522992093632E+00 -4.882812500000E-04   1   5
 -4.628592383869E-03  1.032048645300E-03  1.303890061151E-03  3.859968466095E+02 -3.902933045603E+03 -3.220324417568E+05 -9.520515049282E+00 -4.882812500000E-04   1   5
  4.547809960443E-03 -1.104233724252E-03 -5.383547352875E-04  3.189582929455E+03  2.331371215953E+03  1.073959642411E+05 -9.527865376900E+00 -4.882812500000E-04   1   5
 -4.291583516927E-03  6.747661676879E-04 -7.188835860870E-04 -2.473679360319E+03 -1.144971740242E+03  1.425057819432E+05 -9.526116503939E+00 -4.882812500000E-04   1   5
  9.691156790594E-04  9.325284253341E-04  1.012337570345E-04  3.624233337373E+02 -3.020502306933E+03 -2.101515468215E+04 -9.525434013444E+00 -4.882812500000E-04   1   5
 -3.060539587957E-03 -2.248126263307E-03  1.135072728018E-03  2.748287200589E+02  7.275569425588E+03 -2.779263196007E+05 -9.521476942384E+00 -4.882812500000E-04   1   5
 -6.086224663792E-03 -8.318346830100E-04  3.761443503980E-04 -2.698221474900E+03  2.291258121814E+03 -8.782627707431E+04 -9.522785362626E+00 -4.882812500000E-04   1   5
  1.165838830277E-03 -7.509907596438E-04  3.901780851745E-05  6.423206597666E+02  1.872005683133E+03 -9.016200287826E+03 -9.525621302267E+00 -4.882812500000E-04   1   5
  2.564726616426E-03  7.477900317414E-04 -7.681621798938E-04  2.109849166080E+03 -1.771391289949E+03  1.473752705384E+05 -9.527979857394E+00 -4.882812500000E-04   1   5
  1.669337761744E-03  5.786069908140E-04 -9.799486327799E-04  1.951461498151E+03 -9.817321992031E+02  1.740307613351E+05 -9.528296464665E+00 -4.882812500000E-04   1   5
 -4.435130101802E-04 -9.316607070280E-04 -3.552863817857E-04 -5.904019275864E+01  1.468450052008E+03  7.510121495433E+04 -9.526173090637E+00 -4.882812500000E-04   1   5
  1.087482027276E-03  1.385834914818E-03  1.388450055284E-05  6.044843737703E+02 -3.258294474671E+03 -2.298934882931E+03 -9.525652711702E+00 -4.882812500000E-04   1   5
 -5.888909099514E-03  3.657524514844E-04 -1.506260345372E-04 -3.309281211775E+03 -9.606556572919E+02  3.672732955632E+04 -9.524222380833E+00 -4.882812500000E-04   1   5
  4.211844377149E-03 -1.129777606832E-03 -1.232241066079E-03  4.179325664043E+03  1.320461626823E+03  2.045501315714E+05 -9.529558795077E+00 -4.882812500000E-04   1   5
  1.474038643001E-03  8.199640170215E-04 -1.590947529371E-03  2.525170879821E+03 -5.991669574475E+02  2.484839648464E+05 -9.529879342009E+00 -4.882812500000E-04   1   5
 -2.791015658258E-03  2.200806306403E-03  3.268843455899E-04 -1.188886991980E+03 -4.866098898281E+03 -7.594505031343E+04 -9.523809926261E+00 -4.882812500000E-04   1   5
  6.133045736849E-04  1.309827038024E-03 -4.233185903582E-04  6.694585202192E+02 -2.553646647488E+03  8.879366862036E+04 -9.526595847426E+00 -4.882812500000E-04   1   5
  3.075203816964E-03 -4.293389115957E-04  3.881492948832E-05  1.376237174110E+03  1.231337883062E+03 -7.070758027613E+03 -9.526148679832E+00 -4.882812500000E-04   1   5
 -3.961289328243E-04  1.786740706372E-03  7.322337927391E-04  2.501169932661E+02 -5.164903125629E+03 -1.724831877087E+05 -9.523398633648E+00 -4.882812500000E-04   1   5
 -3.794184432880E-03 -8.063661316401E-04 -8.429251396178E-04 -2.014935841050E+03  1.922476515492E+03  1.625392240869E+05 -9.526550574978E+00 -4.882812500000E-04   1   5
 -1.472381474728E-03  3.796415771999E-04 -2.702662480254E-04 -5.398309821707E+02 -1.084900890181E+03  6.027200909359E+04 -9.525664635474E+00 -4.882812500000E-04   1   5
 -5.711856315992E-03  4.741838339094E-04 -6.341268271282E-04 -3.389767131438E+03 -8.029411863826E+02  1.311627552099E+05 -9.525509134178E+00 -4.882812500000E-04   1   5
 -8.993021862564E-03  1.605229853865E-03  1.174589084610E-03 -1.119598562625E+03 -5.217119235403E+03 -3.003363048679E+05 -9.519565123422E+00 -4.882812500000E-04   1   5
  1.536548668163E-03 -1.900056242149E-03  1.361851167637E-03  1.882717173315E+03  6.446550626436E+03 -3.206998933423E+05 -9.522143319889E+00 -4.882812500000E-04   1   5
  3.308245638928E-03 -2.229021631131E-03  1.189366398320E-03  2.055853519621E+03  7.290713261356E+03 -2.798100372678E+05 -9.523139150653E+00 -4.882812500000E-04   1   5
 -9.198015391218E-04 -1.620588512733E-03 -9.900515699952E-04  6.998819129208E+01  2.086405797596E+03  1.777085515614E+05 -9.527679691924E+00 -4.882812500000E-04   1   5
 -3.299479290896E-03 -1.405513096183E-03 -8.779527557703E-04 -1.669651299735E+03  2.024889504600E+03  1.652642950891E+05 -9.526775401937E+00 -4.882812500000E-04   1   5
  2.435680814440E-03  9.170042908229E-04 -8.165508948985E-04  2.197895836254E+03 -1.517321493380E+03  1.521846270327E+05 -9.528062409307E+00 -4.882812500000E-04   1   5
  6.371167291715E-03 -6.776060278455E-04 -9.793638811484E-04  5.295264011380E+03  7.540165203643E+02  1.717468584620E+05 -9.529401268761E+00 -4.882812500000E-04   1   5
 -1.793179028916E-03 -1.594522859600E-03  1.353692705528E-03  1.143466013384E+03  5.681373394912E+03 -3.270743012294E+05 -9.521206144140E+00 -4.882812500000E-04   1   5
 -2.027230491265E-03  1.694828923938E-04 -2.233897833408E-04 -1.053785790846E+03 -2.256621599098E+02  4.977961023814E+04 -9.525436877640E+00 -4.882812500000E-04   1   5
  3.004749602055E-04 -1.567578385254E-03 -7.335980777810E-04  6.902931867772E+02  2.825053313223E+03  1.429374088122E+05 -9.527302674728E+00 -4.882812500000E-04   1   5
  6.605243782029E-03 -6.842632974860E-04  6.744363125222E-05  3.414131590347E+03  1.456765618090E+03 -1.594259659911E+04 -9.526924152791E+00 -4.882812500000E-04   1   5
 -6.675959833571E-03 -1.947778312878E-03 -1.452235342469E-03 -4.416828204129E+03  1.070110633010E+03  2.365859607406E+05 -9.527524505548E+00 -4.882812500000E-04   1   5
  3.003292435930E-03 -9.088442576083E-04 -7.490836183925E-04  2.554694841586E+03  1.629821452919E+03  1.419977156432E+05 -9.528015684076E+00 -4.882812500000E-04   1   5
 -2.411888381882E-03  9.097455039174E-04 -1.149265541512E-03 -8.009040173358E+02 -1.453522168952E+03  2.024142746090E+05 -9.527709541574E+00 -4.882812500000E-04   1   5
  1.101481981803E-03  1.388598964603E-03 -8.646987465841E-04  1.358762891074E+03 -1.980105557146E+03  1.595404666807E+05 -9.527854399751E+00 -4.882812500000E-04   1   5
  4.679272918284E-03 -1.905906896249E-04 -1.229495043463E-03  4.420122952713E+03  5.518768092745E+02  2.076995419746E+05 -9.529668560877E+00 -4.882812500000E-04   1   5
 -1.089675718118E-03 -9.554382271665E-04 -3.627463466289E-04 -4.814514212205E+02  2.167805866252E+03  7.816800851684E+04 -9.526025932843E+00 -4.882812500000E-04   1   5
 -2.231202368962E-03 -1.308927756647E-03  4.982589211937E-04 -7.132045163032E+02  3.831883630531E+03 -1.137969261464E+05 -9.523509166618E+00 -4.882812500000E-04   1   5
  7.972403292624E-03  5.305092143357E-04  1.395217185941E-03  3.381621067219E+03 -1.801013755990E+03 -3.163136226444E+05 -9.523844824145E+00 -4.882812500000E-04   1   5
 -6.627612433275E-03  1.462501530820E-03  1.364748571442E-04 -3.424766893323E+03 -3.085067617359E+03 -3.250680132507E+04 -9.523285038218E+00 -4.882812500000E-04   1   5
  6.685929423137E-03 -9.246155485509E-04 -1.439349763912E-03  6.560978674710E+03  7.624169009542E+02  2.275725027054E+05 -9.530655297833E+00 -4.882812500000E-04   1   5
  2.506383360468E-03  1.204590989096E-03 -4.680272936417E-04  1.842415522422E+03 -2.281795571791E+03  9.587263631367E+04 -9.527189057974E+00 -4.882812500000E-04   1   5
 -3.803839980786E-03 -8.687978841116E-04 -2.301845969184E-04 -2.157761372621E+03  1.494062664310E+03  5.183333399891E+04 -9.524991660775E+00 -4.882812500000E-04   1   5
  2.593294638573E-03  1.126162083905E-03 -3.317710506323E-06  1.432896737005E+03 -2.277040939331E+03  9.693142300099E+01 -9.526084767107E+00 -4.882812500000E-04   1   5
  2.081438549545E-03 -1.771318325818E-03  1.117632213363E-03  1.583280786207E+03  5.565765009645E+03 -2.631155412945E+05 -9.523015493283E+00 -4.882812500000E-04   1   5
  3.116876813238E-03 -7.885689149014E-04 -1.176454780546E-03  3.254474983708E+03  9.734258679361E+02  1.970390185513E+05 -9.529166681503E+00 -4.882812500000E-04   1   5
 -1.937999441368E-03 -7.376143797908E-04 -1.247185116209E-03 -6.305332152225E+02  1.990659235049E+02  2.042448106508E+05 -9.528174741590E+00 -4.882812500000E-04   1   5
 -2.649661842150E-03 -6.677006506666E-04 -7.700088156635E-04 -1.352083956293E+03  6.766281177290E+02  1.484128803896E+05 -9.526680898422E+00 -4.882812500000E-04   1   5
 -2.957716541119E-04 -5.994217783387E-04 -1.480524415906E-03  8.413444533091E+02  1.166934989688E+03  2.393603984270E+05 -9.529172858139E+00 -4.882812500000E-04   1   5
  6.515846831642E-03  3.158746053195E-04  7.500336946169E-04  2.640900727211E+03 -9.575833200798E+02 -1.700956348390E+05 -9.525238668348E+00 -4.882812500000E-04   1   5
 -7.566604683047E-04  2.462796309519E-04 -1.678564355456E-03  7.331055886459E+02  1.705551533735E+02  2.667053890706E+05 -9.529566162721E+00 -4.882812500000E-04   1   5
  2.772429835675E-03 -1.204777317746E-03  8.922157856115E-04  1.455952917338E+03  4.065804517963E+03 -2.105622336491E+05 -9.523862593243E+00 -4.882812500000E-04   1   5
  3.454300574040E-03 -1.247645079912E-03  1.729257198817E-04  1.764572279948E+03  3.081016779791E+03 -3.955929614932E+04 -9.525871094621E+00 -4.882812500000E-04   1   5
  4.351861077187E-03  7.558711097658E-04  2.198734097130E-04  2.059707194493E+03 -1.854110011796E+03 -4.941886982155E+04 -9.526004961231E+00 -4.882812500000E-04   1   5
  1.759564161300E-04  5.213221903015E-04 -1.787124757482E-04  1.944664388973E+02 -2.096556963511E+03  4.093622952054E+04 -9.525894060885E+00 -4.882812500000E-04   1   5
 -6.407140861206E-03  5.871592522030E-05 -5.430650929346E-04 -3.840685753029E+03 -9.407268454238E+01  1.157675967933E+05 -9.525089677013E+00 -4.882812500000E-04   1   5
 -3.365400617293E-03 -1.146217495040E-03 -4.530826367355E-04 -1.836021148348E+03  1.999034024400E+03  9.665984294538E+04 -9.525655368710E+00 -4.882812500000E-04   1   5
  3.842093786634E-03 -9.001820075973E-05  3.208647335189E-04  1.807100425135E+03  2.746310771246E+02 -7.170987440705E+04 -9.525618298870E+00 -4.882812500000E-04   1   5
 -7.218253146916E-03 -7.867490521340E-04  1.261361794859E-03 -5.173809076311E+02  2.513234307122E+03 -3.129978758965E+05 -9.519867981560E+00 -4.882812500000E-04   1   5
  1.075760917090E-03  4.363314533807E-04 -9.433965433145E-04  1.472973620383E+03 -9.141767127270E+02  1.697244436129E+05 -9.528057744891E+00 -4.882812500000E-04   1   5
  3.338369996861E-03  9.567717394530E-04 -1.083864111342E-04  1.840455599746E+03 -2.063366980402E+03  2.452838445139E+04 -9.526536659779E+00 -4.882812500000E-04   1   5
  5.493102896407E-03 -9.514597685103E-04  3.783147539114E-04  2.482015737852E+03  2.590415406208E+03 -8.343657699078E+04 -9.525894384203E+00 -4.882812500000E-04   1   5
 -3.912541488271E-03  1.236944860436E-03  3.003485275634E-04 -1.806186262614E+03 -2.957945714038E+03 -6.970025244566E+04 -9.523596404116E+00 -4.882812500000E-04   1   5
  9.773694975433E-05 -1.726457524306E-03 -5.478075670569E-04  3.815675335451E+02  3.211091042705E+03  1.117908567929E+05 -9.526781091040E+00 -4.882812500000E-04   1   5
  1.080112771941E-02  2.977546223555E-04 -1.562345824498E-03  1.038796454429E+04 -1.908942620380E+02  2.312233321452E+05 -9.531865238810E+00 -4.882812500000E-04   1   5
 -2.818913132088E-03 -8.582972539059E-04 -1.425628502015E-03 -1.110714225810E+03  1.287824047539E+03  2.350828598737E+05 -9.528385902595E+00 -4.882812500000E-04   1   5
 -5.723325603174E-03 -1.378101123282E-03  2.089847104259E-04 -2.800650845730E+03  3.355273165756E+03 -4.847050026168E+04 -9.523332660086E+00 -4.882812500000E-04   1   5
  1.610079722420E-03 -5.230872994308E-04  6.669359303224E-05  9.460058684608E+02  5.819374974489E+02 -1.571232840825E+04 -9.525657430620E+00 -4.882812500000E-04   1   5
 -1.417045971828E-03  7.777702454346E-04 -1.580428736034E-03  7.244361545911E+01 -5.929247067000E+02  2.500870956924E+05 -9.529167922385E+00 -4.882812500000E-04   1   5
  4.521501214913E-03 -1.474682505889E-04 -7.272371283729E-04  3.407298399860E+03  3.009759203079E+02  1.383959817995E+05 -9.528347724251E+00 -4.882812500000E-04   1   5
 -5.038471967414E-03  1.628978362898E-03  2.961933716126E-04 -2.349232459196E+03 -3.898517664183E+03 -6.892084921926E+04 -9.523289633514E+00 -4.882812500000E-04   1   5
 -4.517567807139E-03 -8.058368347828E-04 -1.017724387520E-03 -2.574423467699E+03  1.093654102873E+03  1.836558670899E+05 -9.526861021115E+00 -4.882812500000E-04   1   5
  4.632280708002E-03 -1.080596745738E-03 -7.624799081638E-04  3.616402630019E+03  2.056123125516E+03  1.445209970646E+05 -9.528441146359E+00 -4.882812500000E-04   1   5
  5.312788320609E-03  4.800065832017E-04 -1.292419931371E-03  5.197319307283E+03 -2.836055319405E+02  2.064853741149E+05 -9.529982793077E+00 -4.882812500000E-04   1   5
 -7.669821559701E-03 -7.489064303464E-04 -1.382416999051E-03 -5.209633989229E+03  5.620776638751E+02  2.312713959447E+05 -9.527078830630E+00 -4.882812500000E-04   1   5
  4.873335426373E-03 -2.817660930354E-04 -8.798228237215E-04  4.308727347493E+03  1.291752269521E+02  1.589413756156E+05 -9.528759517308E+00 -4.882812500000E-04   1   5
 -8.551079254614E-03  3.076942103001E-04 -1.374483927664E-03 -6.120926466833E+03 -1.319035876605E+02  2.230718531482E+05 -9.526895539933E+00 -4.882812500000E-04   1   5
 -4.069579814010E-03 -1.142780689987E-03 -1.142856240653E-03 -2.182012353127E+03  1.299228954523E+03  2.001501074317E+05 -9.527304052753E+00 -4.882812500000E-04   1   5
 -5.975720056028E-03  1.265659606369E-03 -1.287259891648E-03 -3.753306089578E+03 -9.402094925892E+02  2.183878439984E+05 -9.527235168423E+00 -4.882812500000E-04   1   5
 -5.030412543562E-03  1.850176313706E-03  1.139081481155E-03 -2.373917689469E+02 -6.293755933544E+03 -2.841125723056E+05 -9.520892149687E+00 -4.882812500000E-04   1   5
  3.960260133684E-03 -5.167679280656E-04  1.268628995184E-03  2.093532102333E+03  1.799819637090E+03 -2.973862886592E+05 -9.523161210684E+00 -4.882812500000E-04   1   5
 -6.927982599181E-04  5.820033451087E-04 -4.267460702989E-05 -3.435921900613E+02 -1.433987040192E+03  1.003206819826E+04 -9.525341158221E+00 -4.882812500000E-04   1   5
 -3.662564064271E-03  4.482086177117E-04 -7.604724170900E-04 -1.876906314653E+03 -1.122257258083E+03  1.492052863251E+05 -9.526361188222E+00 -4.882812500000E-04   1   5
 -2.426937793667E-03  1.165947966638E-03 -3.619422078454E-04 -1.297159552619E+03 -2.228546472421E+03  7.877845109452E+04 -9.525674764084E+00 -4.882812500000E-04   1   5
  4.871858216368E-03 -1.189142573387E-03  5.034710097553E-04  2.132134834078E+03  3.236149494977E+03 -1.116885763743E+05 -9.525419503746E+00 -4.882812500000E-04   1   5
  1.760784903236E-03  3.019005835305E-04 -1.610791955797E-03  2.714797373810E+03 -2.805094109331E+02  2.531846405569E+05 -9.530003860545E+00 -4.882812500000E-04   1   5
 -4.223431451860E-03  4.142132765027E-04 -6.902011869951E-04 -2.372959398796E+03 -7.268892391932E+02  1.382305251894E+05 -9.526049466202E+00 -4.882812500000E-04   1   5
 -6.060260167848E-03 -2.501276675036E-05 -1.960478444438E-04 -3.605424149700E+03  8.995987222919E+01  4.494819616800E+04 -9.524325878343E+00 -4.882812500000E-04   1   5
  1.127184335210E-03 -1.226893289607E-03 -1.465337002641E-03  2.078959674030E+03  1.184580544218E+03  2.321350642145E+05 -9.529467080079E+00 -4.882812500000E-04   1   5
  4.430971032102E-03  5.379383368399E-04 -5.364452409391E-04  2.981444591857E+03 -9.395174017259E+02  1.077378141734E+05 -9.527856905240E+00 -4.882812500000E-04   1   5
 -3.528604301401E-03 -1.247615460736E-03  5.860953691488E-04 -1.117347484232E+03  3.628099519272E+03 -1.367483815311E+05 -9.522912098011E+00 -4.882812500000E-04   1   5
 -5.973472678642E-03  1.144981657286E-03  1.347907880030E-03  2.634983753938E+01 -3.204688911201E+03 -3.334795158828E+05 -9.519993805431E+00 -4.882812500000E-04   1   5
  1.713551662663E-03 -1.174379376897E-03 -1.382938286421E-04  9.817309278346E+02  2.629283832365E+03  3.149058888143E+04 -9.526193712662E+00 -4.882812500000E-04   1   5
 -4.853932098758E-04  5.806101926434E-04 -5.686064890043E-06  5.921973691974E+01 -2.202865687007E+03  3.830371691681E+03 -9.525246482481E+00 -4.882812500000E-04   1   5
 -7.482242672745E-04  1.332714125772E-03  3.372866012397E-05 -4.074432994452E+02 -3.568093286824E+03 -5.773106236435E+03 -9.525129496218E+00 -4.882812500000E-04   1   5
 -7.734032452926E-04  1.049055398935E-03  9.474231849937E-04  5.504128265842E+02 -4.017288531610E+03 -2.294524691502E+05 -9.522703051678E+00 -4.882812500000E-04   1   5
 -1.273073374335E-03  2.434848650306E-03  1.164485726673E-03  8.360794210708E+02 -7.641517668959E+03 -2.802424189585E+05 -9.521899652308E+00 -4.882812500000E-04   1   5
  1.201012824586E-03  1.589642317715E-03 -1.423735589009E-03  2.097584032552E+03 -1.324676519304E+03  2.295204140295E+05 -9.529357646850E+00 -4.882812500000E-04   1   5
 -2.435888632613E-05 -1.258481547296E-03 -5.315836451918E-04  3.611074196065E+02  2.139484546180E+03  1.085579819808E+05 -9.526706379899E+00 -4.882812500000E-04   1   5
  6.163676559372E-03 -4.907685419827E-04  1.678562305374E-05  3.317545843818E+03  1.176695913886E+03 -5.364271138549E+03 -9.526929827811E+00 -4.882812500000E-04   1   5
  3.700840545324E-03  1.368484133704E-03  2.659511964653E-05  2.065106901595E+03 -2.711390975891E+03 -7.278446534760E+03 -9.526279121479E+00 -4.882812500000E-04   1   5
 -4.468052675505E-03 -6.489751494764E-04 -1.167549863407E-03 -2.570295613866E+03  6.415121895876E+02  2.003086422512E+05 -9.527302019938E+00 -4.882812500000E-04   1   5
 -2.049785099581E-03 -6.879929023840E-04 -4.801384840754E-04 -1.009597389780E+03  1.128131444014E+03  1.001353274848E+05 -9.526074925070E+00 -4.882812500000E-04   1   5
  5.267253389800E-03 -1.165653730156E-03  8.131363961712E-04  2.217560641981E+03  3.696657053533E+03 -1.875991281637E+05 -9.524742661639E+00 -4.882812500000E-04   1   5
 -4.919877977439E-03 -3.340971919551E-04  1.007868380139E-03 -6.327708256214E+02  1.163741570317E+03 -2.494839105895E+05 -9.521335872836E+00 -4.882812500000E-04   1   5
 -2.973663831775E-03  1.276529779416E-03 -8.885270531751E-04 -1.437903616096E+03 -2.113305364266E+03  1.673818069859E+05 -9.526885390365E+00 -4.882812500000E-04   1   5
 -1.610955265973E-04 -1.685293170492E-03  2.224095953185E-05 -3.090745613267E+01  3.392038626167E+03 -5.427034576021E+03 -9.525303788408E+00 -4.882812500000E-04   1   5
 -2.112014023214E-03  1.307602741802E-03 -1.671357827626E-04 -1.024037130510E+03 -2.924445279815E+03  3.938897666858E+04 -9.525247195581E+00 -4.882812500000E-04   1   5
 -1.758015412128E-03 -8.725544225453E-04 -5.477604412127E-04 -8.531822548530E+02  1.703838643117E+03  1.126645976768E+05 -9.526327637795E+00 -4.882812500000E-04   1   5
 -1.999180564681E-03  7.015024981272E-04 -3.231730502851E-05 -1.024458432767E+03 -1.559303594437E+03  7.875718057089E+03 -9.524965834655E+00 -4.882812500000E-04   1   5
 -3.152242971577E-03 -1.993105917433E-03  4.200100403602E-04 -1.324058114371E+03  4.755047182166E+03 -9.731698349956E+04 -9.523477707502E+00 -4.882812500000E-04   1   5
 -1.168281942782E-03  2.705951254627E-04  1.423601599986E-03  1.450467453251E+03 -1.234888710593E+03 -3.430185248530E+05 -9.521196281071E+00 -4.882812500000E-04   1   5
 -5.853951614981E-04  1.204894231168E-03 -1.327435243752E-03  6.326796348977E+02 -1.623232252367E+03  2.223008545548E+05 -9.528655892497E+00 -4.882812500000E-04   1   5
  3.836829827758E-03 -5.787191797833E-04  6.527843451876E-04  1.720891009618E+03  1.907672292551E+03 -1.467778350920E+05 -9.524769630654E+00 -4.882812500000E-04   1   5
  2.573555269515E-04  3.819314060244E-04  7.691417673317E-04  4.335063513939E+02 -2.061948142203E+03 -1.805043658517E+05 -9.523511074573E+00 -4.882812500000E-04   1   5
 -1.598396013026E-03 -1.835311343441E-03  1.051629672304E-04 -7.784078764261E+02  3.674775780757E+03 -2.513298304392E+04 -9.524718726215E+00 -4.882812500000E-04   1   5
 -3.893064559543E-04 -6.233737154528E-04  9.648514325318E-04  5.758986356817E+02  3.022951111618E+03 -2.330009682511E+05 -9.522787049648E+00 -4.882812500000E-04   1   5
 -2.500790430343E-03  6.042075081405E-04 -9.545413610725E-04 -1.262687050366E+03  8.006472819302E+01  1.737187358712E+05 -9.527228503881E+00 -4.882812500000E-04   1   5
  2.694324121150E-03  1.283534111953E-03 -2.644021849960E-04  1.805060217294E+03 -2.048372849883E+03  5.548814316493E+04 -9.526728012328E+00 -4.882812500000E-04   1   5
  8.632022178105E-04  1.222143808561E-03 -2.332243096945E-04  6.311283718493E+02 -2.600679076263E+03  5.162622098912E+04 -9.526197865081E+00 -4.882812500000E-04   1   5
 -1.205692472225E-03 -1.113597067733E-03 -7.301049410131E-04 -2.653099698391E+02  2.088492548559E+03  1.421762251779E+05 -9.526915958702E+00 -4.882812500000E-04   1   5
 -1.368254264784E-03  1.693652405395E-03  1.047783753992E-03  4.766684085502E+02 -5.548500256619E+03 -2.543509315484E+05 -9.522250006602E+00 -4.882812500000E-04   1   5
  8.959933048530E-05 -1.698052634439E-03  2.274683917745E-04  1.142934202075E+02  4.081868375871E+03 -5.181021915898E+04 -9.524851379436E+00 -4.882812500000E-04   1   5
 -3.758646843802E-03 -3.276715472906E-04 -5.263599883767E-04 -1.962375316241E+03  5.560290852171E+02  1.108907219935E+05 -9.525722881087E+00 -4.882812500000E-04   1   5
 -1.116142145050E-03  6.041971453950E-04  3.687465681690E-05 -5.580131795097E+02 -1.320815971340E+03 -8.323808890209E+03 -9.525031475014E+00 -4.882812500000E-04   1   5
 -1.236895833535E-03 -1.457456440792E-03 -9.269999013704E-04 -1.340218948794E+02  2.316499805382E+03  1.710265309420E+05 -9.527417274750E+00 -4.882812500000E-04   1   5
 -3.929135013798E-03 -9.374894771974E-05 -5.879504477542E-04 -2.301633322124E+03 -2.450967624134E+01  1.206777027598E+05 -9.525880976002E+00 -4.882812500000E-04   1   5
  4.434029303991E-03  3.981453691030E-04 -5.157501197899E-04  2.981024692793E+03 -1.141872554686E+03  1.040823540318E+05 -9.527802747027E+00 -4.882812500000E-04   1   5
 -9.658696702612E-04 -1.169720007022E-03 -1.250617568881E-03  1.845565340390E+02  6.025926177994E+02  2.044500969683E+05 -9.528407038349E+00 -4.882812500000E-04   1   5
  4.812993047080E-03 -1.867319272289E-03  1.242895654679E-03  2.501482358468E+03  6.312900692015E+03 -2.887337174227E+05 -9.523406535666E+00 -4.882812500000E-04   1   5
 -6.696207259698E-03 -2.058335204430E-03  1.087177119623E-03 -9.435297328387E+02  6.316086461594E+03 -2.716889708508E+05 -9.520549423840E+00 -4.882812500000E-04   1   5
  4.039651953439E-03  1.323689768465E-03  2.774988627294E-04  1.986491238052E+03 -3.239748395236E+03 -6.238716579634E+04 -9.525758055415E+00 -4.882812500000E-04   1   5
  1.770468652120E-03  1.009315454753E-03 -1.394645469405E-03  2.487518751252E+03 -1.372781194914E+03  2.292470101822E+05 -9.529411751320E+00 -4.882812500000E-04   1   5
 -4.953616136670E-04  6.704659750886E-04 -7.707850665599E-04  1.898501753978E+02 -5.359987509283E+02  1.470724175121E+05 -9.527217373235E+00 -4.882812500000E-04   1   5
  2.416141553154E-03  6.564827018458E-04  1.307146384383E-03  1.817388157302E+03 -2.668121848686E+03 -3.086530948563E+05 -9.522609338946E+00 -4.882812500000E-04   1   5
 -3.297237222965E-03 -1.285946481886E-03 -7.992371590992E-05 -1.723635920858E+03  2.757608440443E+03  2.005357981551E+04 -9.524724244324E+00 -4.882812500000E-04   1   5
 -6.623682035637E-03  6.316536606935E-04  6.121907189831E-04 -2.337037011466E+03 -1.736475989966E+03 -1.478243393498E+05 -9.521970533712E+00 -4.882812500000E-04   1   5
  3.791977802366E-03 -7.360740963087E-04  9.011711881657E-04  1.664527949371E+03  2.669556251230E+03 -2.115788716998E+05 -9.524141895179E+00 -4.882812500000E-04   1   5
  9.323298744301E-04  1.543751914596E-04 -3.428430530228E-05  5.121926476900E+02 -3.771702244458E+02  7.845265672438E+03 -9.525748112089E+00 -4.882812500000E-04   1   5
 -5.471162714547E-03  7.391122072317E-04 -1.220171148787E-03 -3.277197666444E+03 -7.582689006197E+02  2.118122466748E+05 -9.527162692746E+00 -4.882812500000E-04   1   5
  1.865482087417E-04 -9.033349940279E-04 -7.725492264026E-04  7.181131402215E+02  2.601258137603E+03  1.487633708632E+05 -9.527372516198E+00 -4.882812500000E-04   1   5
  1.998555912505E-03  1.187881017223E-03  1.167008281420E-04  1.015919316768E+03 -2.882858410939E+03 -2.656648512731E+04 -9.525644480258E+00 -4.882812500000E-04   1   5
  3.041424746453E-06  3.896705204746E-04 -4.624297429685E-04  2.189546740654E+02 -1.216322992657E+03  9.613227867260E+04 -9.526564741213E+00 -4.882812500000E-04   1   5
 -5.413716447376E-03  1.834755669772E-04  7.701235923654E-04 -1.432937084192E+03 -5.379328475696E+02 -1.895949489437E+05 -9.521879564995E+00 -4.882812500000E-04   1   5
  2.800661018730E-03  7.423853016532E-04 -6.867713288345E-04  2.184317015862E+03 -1.875062595590E+03  1.345675523432E+05 -9.527826292364E+00 -4.882812500000E-04   1   5
  1.611933880597E-03  3.466358384583E-04 -1.319913351010E-03  2.193468544139E+03 -1.255374137200E+03  2.213906173537E+05 -9.529187617247E+00 -4.882812500000E-04   1   5
  2.005967806319E-03  6.002463787715E-04  3.162793204079E-04  9.355070729339E+02 -1.543614558874E+03 -7.102646219250E+04 -9.525156297354E+00 -4.882812500000E-04   1   5
  8.268920574108E-04 -8.033827835141E-04 -1.498990100286E-03  1.814829258012E+03  1.154784373406E+03  2.403079908891E+05 -9.529483987042E+00 -4.882812500000E-04   1   5
 -1.146571981762E-03 -8.642214632058E-04 -1.423833869154E-03  2.955404820228E+02  1.377870863989E+03  2.337998418778E+05 -9.528779794300E+00 -4.882812500000E-04   1   5
  3.851438147084E-03 -9.753543554758E-04  1.029669826937E-03  1.838409920046E+03  3.382125088224E+03 -2.436094521885E+05 -9.523799938210E+00 -4.882812500000E-04   1   5
  3.568657454163E-03  2.759400748171E-04  5.633424448988E-04  1.421395083293E+03 -1.063456988523E+03 -1.252462671958E+05 -9.524960445849E+00 -4.882812500000E-04   1   5
 -5.821570266035E-03  6.060616381981E-04 -9.212255266666E-05 -3.197826140864E+03 -1.242251536340E+03  2.346043390213E+04 -9.524086666558E+00 -4.882812500000E-04   1   5
 -6.727997444616E-03 -6.022453053585E-04  8.625284802002E-04 -1.557264556237E+03  2.212538015869E+03 -2.189424155641E+05 -9.521223586424E+00 -4.882812500000E-04   1   5
  7.549494520448E-04 -4.314979566411E-04  9.921320878004E-04  9.270274767026E+02  2.036150775274E+03 -2.378691922920E+05 -9.523040529403E+00 -4.882812500000E-04   1   5
 -8.853091506670E-03 -5.579821678549E-05  1.196955630629E-03 -1.267104982630E+03  1.877545681237E+02 -2.986631542130E+05 -9.519575689860E+00 -4.882812500000E-04   1   5
  2.275849023589E-03  5.988729110921E-04 -1.203556012229E-03  2.472732417636E+03 -9.681571875129E+02  2.067574972478E+05 -9.529048026020E+00 -4.882812500000E-04   1   5
 -7.205377483751E-04  1.401716342780E-03  1.588632927469E-04 -2.802959262596E+02 -3.809928863192E+03 -3.474738085215E+04 -9.524807320940E+00 -4.882812500000E-04   1   5
  1.827809345674E-03  1.200272844994E-03  2.135255958979E-05  1.030945848301E+03 -2.518876407572E+03 -5.365763001598E+03 -9.525825806243E+00 -4.882812500000E-04   1   5
  4.171624783664E-03 -6.801601838556E-05 -1.145797139258E-03  3.953128010209E+03 -8.545905924184E+01  1.933976019829E+05 -9.529339458567E+00 -4.882812500000E-04   1   5
 -1.523105411926E-03  9.898986682414E-04 -2.171890441756E-04 -7.970355800610E+02 -1.964983401731E+03  4.841445511277E+04 -9.525554310705E+00 -4.882812500000E-04   1   5
 -3.328998514074E-03 -8.993944083793E-04  4.382684434847E-04 -1.380549230596E+03  2.439056430737E+03 -1.005670393901E+05 -9.523391421955E+00 -4.882812500000E-04   1   5
  1.100224260541E-03  3.801440447572E-04  2.698400111503E-04  5.966637164495E+02 -7.361017109424E+02 -6.114332444507E+04 -9.525025543218E+00 -4.882812500000E-04   1   5
 -6.371418265195E-03 -4.117832206617E-04 -1.018283326391E-03 -3.968425812586E+03  3.956071709646E+02  1.876643885279E+05 -9.526378392340E+00 -4.882812500000E-04   1   5
 -5.418652146581E-03 -7.366581589469E-05 -4.356491651065E-04 -3.404300427497E+03  2.661511478256E+01  9.310631405595E+04 -9.525124470509E+00 -4.882812500000E-04   1   5
 -1.709625431387E-03  1.146360857071E-04  1.127034648452E-03  4.334890234906E+02 -2.456975264443E+02 -2.651968707835E+05 -9.521927865806E+00 -4.882812500000E-04   1   5
 -8.144280127682E-04 -1.440975341921E-03 -5.792511743632E-04 -1.255619847964E+02  2.521417582023E+03  1.175575311230E+05 -9.526625987434E+00 -4.882812500000E-04   1   5
  1.577182368625E-03 -3.772385872264E-04 -1.150300487930E-03  2.137777709549E+03  3.518788586740E+02  1.942729757719E+05 -9.528724277918E+00 -4.882812500000E-04   1   5
  3.459296816582E-03 -1.069433324382E-03  4.001437330863E-04  1.597280400496E+03  2.857111726981E+03 -8.902552276034E+04 -9.525312494515E+00 -4.882812500000E-04   1   5
  3.892354819729E-03  8.228574056246E-04 -3.158408968931E-04  2.558321884901E+03 -1.301557534388E+03  6.501278873734E+04 -9.527156945150E+00 -4.882812500000E-04   1   5
 -6.512710480621E-03 -2.160819214600E-03 -1.395196291798E-03 -4.274333399294E+03  1.105537302692E+03  2.277046940291E+05 -9.527412972781E+00 -4.882812500000E-04   1   5
 -2.820938185903E-03 -7.161834561158E-04 -4.573953347125E-04 -1.491428383175E+03  1.280897307751E+03  9.693874044960E+04 -9.525812940310E+00 -4.882812500000E-04   1   5
 -4.336477817848E-03 -1.418885052185E-03  1.058775845869E-03 -2.641602913107E+02  5.160300113713E+03 -2.642423368922E+05 -9.521348339564E+00 -4.882812500000E-04   1   5
  4.227152500487E-03  1.061560309227E-03  5.258652352533E-04  1.999529111082E+03 -2.642186028730E+03 -1.170285123181E+05 -9.525174005886E+00 -4.882812500000E-04   1   5
 -9.427249985156E-04  6.017020681181E-04 -8.304122088050E-04 -9.755906843445E+01 -6.742286644633E+02  1.559948965447E+05 -9.527265966241E+00 -4.882812500000E-04   1   5
  7.798431212506E-03 -8.513569813042E-04 -1.491650334998E-03  7.623731128130E+03  5.863223424797E+02  2.282389940354E+05 -9.531047068637E+00 -4.882812500000E-04   1   5
 -7.556867326144E-03  4.385871294309E-05  5.508805949064E-04 -3.000856562616E+03 -1.060343251470E+01 -1.327144364344E+05 -9.521893250796E+00 -4.882812500000E-04   1   5
 -6.605904201134E-04 -1.536161622493E-03  9.603135930680E-04  6.136344138363E+02  5.329051568849E+03 -2.334696664222E+05 -9.522694080949E+00 -4.882812500000E-04   1   5
  3.805351901862E-03 -3.443715081475E-04 -4.959042876704E-04  2.661372160248E+03  5.706436448185E+02  9.985519566629E+04 -9.527589072388E+00 -4.882812500000E-04   1   5
 -1.078759714011E-02 -7.058158224967E-04  1.006154710116E-03 -2.402934676612E+03  2.280711321356E+03 -2.635065462883E+05 -9.519563971240E+00 -4.882812500000E-04   1   5
 -9.600578200631E-03 -1.581869125839E-03 -1.222114000357E-03 -6.855456079243E+03  9.124922526572E+02  2.089321452068E+05 -9.526167267109E+00 -4.882812500000E-04   1   5
  3.065457291815E-03  1.641464767594E-04 -1.260893980779E-03  3.151783318324E+03 -2.825971289887E+02  2.132640551709E+05 -9.529387814102E+00 -4.882812500000E-04   1   5
 -7.237658295050E-03  3.021841935819E-04  2.362882419518E-04 -3.508370818289E+03 -6.825846085588E+02 -5.532921714942E+04 -9.522842703982E+00 -4.882812500000E-04   1   5
 -4.400105075631E-03  8.290027645858E-04 -1.384869272063E-03 -2.437939717020E+03 -1.074889661814E+03  2.309245362825E+05 -9.527889689838E+00 -4.882812500000E-04   1   5
  5.212430055613E-03 -2.260838692706E-04  2.809778466584E-04  2.461909971489E+03  6.249784471843E+02 -6.313537555495E+04 -9.526068915524E+00 -4.882812500000E-04   1   5
  4.891160114957E-03  1.014271881687E-03 -1.212492215823E-03  4.647005265783E+03 -1.000159970663E+03  2.020064000648E+05 -9.529665937353E+00 -4.882812500000E-04   1   5
  2.403454013167E-03  4.710608942348E-04  5.033821001983E-04  1.155422873219E+03 -1.197606681776E+03 -1.126028002044E+05 -9.524772632036E+00 -4.882812500000E-04   1   5
  5.599272408033E-03  1.601829107944E-04 -3.361117617349E-04  3.490884755132E+03 -1.902686413052E+02  6.935471112756E+04 -9.527637572387E+00 -4.882812500000E-04   1   5
  9.445863270716E-03 -1.431434128002E-03 -1.513819319995E-03  9.091750529635E+03  9.982135851067E+02  2.291383141121E+05 -9.531441848163E+00 -4.882812500000E-04   1   5
 -3.412984886627E-03 -8.909274460509E-04 -1.139342766418E-03 -1.725223563336E+03  1.003936904321E+03  1.968348888835E+05 -9.527479017153E+00 -4.882812500000E-04   1   5
  1.685143571368E-04  6.907419128364E-04  2.042505625908E-04  1.019520512866E+02 -1.797361881927E+03 -4.670091781042E+04 -9.524952225401E+00 -4.882812500000E-04   1   5
 -1.607785579377E-03  7.736779360705E-04  1.226295319774E-04 -8.113229879167E+02 -1.851182034183E+03 -2.824870181002E+04 -9.524688167914E+00 -4.882812500000E-04   1   5
 -1.987623638015E-03 -1.219041002384E-03 -3.313544429315E-04 -9.667284711614E+02  2.922748253537E+03  7.307507472695E+04 -9.525697601238E+00 -4.882812500000E-04   1   5
 -4.991383975524E-03 -6.324287153879E-04  1.338307586787E-03  3.980035536384E+02  2.444886217941E+03 -3.305317040866E+05 -9.520302118707E+00 -4.882812500000E-04   1   5
 -3.972664515299E-03 -9.452605598305E-04  4.119798403854E-04 -1.645266552056E+03  2.623733139538E+03 -9.464841857151E+04 -9.523272638420E+00 -4.882812500000E-04   1   5
 -3.742693134188E-03 -1.318428933165E-04 -1.462708276968E-03 -2.055440900863E+03  1.195690993157E+02  2.319920728120E+05 -9.528329714358E+00 -4.882812500000E-04   1   5
 -5.667910097655E-03 -1.355610015157E-03  3.343680633310E-04 -2.617623589011E+03  3.258609440286E+03 -7.847904382835E+04 -9.523020868030E+00 -4.882812500000E-04   1   5
 -1.367450706619E-03  1.391334913294E-03 -1.143757953592E-05 -6.306650903462E+02 -3.115109483123E+03  3.938436156772E+03 -9.525061913973E+00 -4.882812500000E-04   1   5
