 -5.1681E-01 -5.7566E+00  4.5793E-03  7.8708E-02  1.1540E+00  1.1182E+00 -1.1166E+00
 -5.0616E-01 -5.7063E+00  3.9204E-03  6.6893E-02  1.1539E+00  1.1208E+00 -1.1016E+00
 -4.9549E-01 -5.6559E+00  3.2598E-03  5.5258E-02  1.1539E+00  1.1235E+00 -1.0759E+00
 -4.8481E-01 -5.6055E+00  2.5991E-03  4.4006E-02  1.1538E+00  1.1261E+00 -1.0276E+00
 -4.7398E-01 -5.5544E+00  1.9294E-03  3.3390E-02  1.1538E+00  1.1287E+00 -9.2233E-01
 -4.6331E-01 -5.5040E+00  1.2686E-03  2.4708E-02  1.1537E+00  1.1314E+00 -6.7050E-01
 -4.5263E-01 -5.4536E+00  6.0765E-04  2.0257E-02  1.1537E+00  1.1340E+00 -1.1544E-01
 -4.4180E-01 -5.4025E+00 -6.2431E-05  2.2756E-02  1.1537E+00  1.1367E+00  5.3101E-01
 -4.3113E-01 -5.3521E+00 -7.2359E-04  3.0499E-02  1.1538E+00  1.1394E+00  8.6280E-01
 -4.2045E-01 -5.3017E+00 -1.3848E-03  4.0580E-02  1.1538E+00  1.1420E+00  9.9917E-01
 -4.0962E-01 -5.2506E+00 -2.0549E-03  5.1803E-02  1.1539E+00  1.1448E+00  1.0612E+00
 -3.9895E-01 -5.2002E+00 -2.7162E-03  6.3347E-02  1.1540E+00  1.1474E+00  1.0926E+00
 -3.8827E-01 -5.1498E+00 -3.3774E-03  7.5144E-02  1.1540E+00  1.1501E+00  1.1105E+00
 -3.7744E-01 -5.0988E+00 -4.0476E-03  8.7253E-02  1.1540E+00  1.1529E+00  1.1218E+00
 -3.6676E-01 -5.0484E+00 -4.7088E-03  9.9296E-02  1.1525E+00  1.1559E+00  1.1276E+00
 -3.5602E-01 -4.9980E+00 -5.3700E-03  1.1141E-01  1.1393E+00  1.1603E+00  1.1196E+00
 -3.4526E-01 -4.9485E+00 -6.0196E-03  1.2335E-01  1.1124E+00  1.1642E+00  1.0967E+00
 -3.3454E-01 -4.9004E+00 -6.6515E-03  1.3500E-01  1.0849E+00  1.1670E+00  1.0721E+00
 -3.2382E-01 -4.8535E+00 -7.2678E-03  1.4639E-01  1.0598E+00  1.1695E+00  1.0491E+00
 -3.1318E-01 -4.8080E+00 -7.8657E-03  1.5745E-01  1.0373E+00  1.1720E+00  1.0282E+00
 -3.0236E-01 -4.7627E+00 -8.4614E-03  1.6849E-01  1.0165E+00  1.1745E+00  1.0087E+00
 -2.9163E-01 -4.7186E+00 -9.0405E-03  1.7923E-01  9.9777E-01  1.1769E+00  9.9099E-01
 -2.8091E-01 -4.6753E+00 -9.6092E-03  1.8978E-01  9.8065E-01  1.1793E+00  9.7468E-01
 -2.7018E-01 -4.6328E+00 -1.0169E-02  2.0017E-01  9.6497E-01  1.1816E+00  9.5967E-01
 -2.5945E-01 -4.5909E+00 -1.0719E-02  2.1040E-01  9.5059E-01  1.1839E+00  9.4585E-01
 -2.4873E-01 -4.5496E+00 -1.1262E-02  2.2049E-01  9.3738E-01  1.1861E+00  9.3311E-01
 -2.3804E-01 -4.5090E+00 -1.1795E-02  2.3041E-01  9.2528E-01  1.1884E+00  9.2140E-01
 -2.2727E-01 -4.4686E+00 -1.2326E-02  2.4029E-01  9.1405E-01  1.1906E+00  9.1052E-01
 -2.1655E-01 -4.4288E+00 -1.2849E-02  2.5001E-01  9.0376E-01  1.1928E+00  9.0052E-01
 -2.0586E-01 -4.3896E+00 -1.3364E-02  2.5960E-01  8.9431E-01  1.1950E+00  8.9133E-01
 -1.9509E-01 -4.3506E+00 -1.3877E-02  2.6916E-01  8.8555E-01  1.1971E+00  8.8280E-01
 -1.8438E-01 -4.3121E+00 -1.4383E-02  2.7858E-01  8.7753E-01  1.1992E+00  8.7498E-01
 -1.7364E-01 -4.2738E+00 -1.4886E-02  2.8796E-01  8.7014E-01  1.2014E+00  8.6776E-01
 -1.6295E-01 -4.2360E+00 -1.5383E-02  2.9721E-01  8.6340E-01  1.2035E+00  8.6117E-01
 -1.5219E-01 -4.1982E+00 -1.5879E-02  3.0646E-01  8.5718E-01  1.2056E+00  8.5510E-01
 -1.4154E-01 -4.1611E+00 -1.6366E-02  3.1554E-01  8.5157E-01  1.2076E+00  8.4961E-01
 -1.3082E-01 -4.1240E+00 -1.6854E-02  3.2463E-01  8.4643E-01  1.2097E+00  8.4458E-01
 -1.2005E-01 -4.0869E+00 -1.7341E-02  3.3372E-01  8.4175E-01  1.2118E+00  8.4000E-01
 -1.0928E-01 -4.0501E+00 -1.7825E-02  3.4275E-01  8.3754E-01  1.2138E+00  8.3589E-01
 -9.8599E-02 -4.0137E+00 -1.8304E-02  3.5167E-01  8.3381E-01  1.2159E+00  8.3225E-01
 -8.7873E-02 -3.9773E+00 -1.8782E-02  3.6059E-01  8.3050E-01  1.2179E+00  8.2901E-01
 -7.7107E-02 -3.9409E+00 -1.9260E-02  3.6951E-01  8.2759E-01  1.2199E+00  8.2617E-01
 -6.6374E-02 -3.9047E+00 -1.9735E-02  3.7837E-01  8.2509E-01  1.2220E+00  8.2374E-01
 -5.5647E-02 -3.8686E+00 -2.0209E-02  3.8721E-01  8.2299E-01  1.2240E+00  8.2169E-01
 -4.4999E-02 -3.8329E+00 -2.0678E-02  3.9596E-01  8.2128E-01  1.2260E+00  8.2004E-01
 -3.4194E-02 -3.7968E+00 -2.1153E-02  4.0482E-01  8.1992E-01  1.2280E+00  8.1874E-01
 -2.3510E-02 -3.7611E+00 -2.1622E-02  4.1358E-01  8.1924E-01  1.2287E+00  8.1811E-01
 -1.2816E-02 -3.7254E+00 -2.2092E-02  4.2234E-01  8.2039E-01  1.2263E+00  8.1931E-01
 -2.0146E-03 -3.6893E+00 -2.2567E-02  4.3122E-01  8.2436E-01  1.2266E+00  8.2333E-01
  8.6867E-03 -3.6536E+00 -2.3040E-02  4.4006E-01  8.2619E-01  1.2363E+00  8.2518E-01
  1.9388E-02 -3.6179E+00 -2.3514E-02  4.4890E-01  8.2631E-01  1.2395E+00  8.2534E-01
  3.0090E-02 -3.5822E+00 -2.3987E-02  4.5774E-01  8.2632E-01  1.2416E+00  8.2538E-01
  4.0892E-02 -3.5462E+00 -2.4465E-02  4.6667E-01  8.2633E-01  1.2437E+00  8.2542E-01
  5.1593E-02 -3.5105E+00 -2.4939E-02  4.7551E-01  8.2633E-01  1.2458E+00  8.2546E-01
  6.2295E-02 -3.4748E+00 -2.5412E-02  4.8435E-01  8.2634E-01  1.2478E+00  8.2550E-01
  7.2996E-02 -3.4391E+00 -2.5886E-02  4.9320E-01  8.2635E-01  1.2499E+00  8.2553E-01
  8.3798E-02 -3.4031E+00 -2.6364E-02  5.0213E-01  8.2636E-01  1.2520E+00  8.2557E-01
  9.4499E-02 -3.3674E+00 -2.6837E-02  5.1097E-01  8.2636E-01  1.2540E+00  8.2560E-01
  1.0520E-01 -3.3317E+00 -2.7311E-02  5.1982E-01  8.2637E-01  1.2561E+00  8.2563E-01
  1.1590E-01 -3.2960E+00 -2.7784E-02  5.2866E-01  8.2638E-01  1.2582E+00  8.2566E-01
  1.2670E-01 -3.2599E+00 -2.8262E-02  5.3759E-01  8.2638E-01  1.2603E+00  8.2568E-01
  1.3741E-01 -3.2242E+00 -2.8735E-02  5.4644E-01  8.2639E-01  1.2624E+00  8.2571E-01
  1.4811E-01 -3.1885E+00 -2.9209E-02  5.5528E-01  8.2640E-01  1.2644E+00  8.2574E-01
  1.5881E-01 -3.1528E+00 -2.9682E-02  5.6413E-01  8.2640E-01  1.2665E+00  8.2576E-01
  1.6961E-01 -3.1168E+00 -3.0160E-02  5.7306E-01  8.2641E-01  1.2686E+00  8.2578E-01
  1.8031E-01 -3.0811E+00 -3.0634E-02  5.8191E-01  8.2641E-01  1.2707E+00  8.2581E-01
  1.9101E-01 -3.0454E+00 -3.1107E-02  5.9075E-01  8.2642E-01  1.2728E+00  8.2583E-01
  2.0171E-01 -3.0097E+00 -3.1581E-02  5.9960E-01  8.2643E-01  1.2749E+00  8.2585E-01
  2.1252E-01 -2.9737E+00 -3.2058E-02  6.0853E-01  8.2643E-01  1.2770E+00  8.2587E-01
  2.2322E-01 -2.9380E+00 -3.2532E-02  6.1738E-01  8.2644E-01  1.2791E+00  8.2589E-01
  2.3392E-01 -2.9023E+00 -3.3005E-02  6.2623E-01  8.2644E-01  1.2812E+00  8.2591E-01
  2.4462E-01 -2.8666E+00 -3.3479E-02  6.3508E-01  8.2645E-01  1.2833E+00  8.2593E-01
  2.5542E-01 -2.8305E+00 -3.3957E-02  6.4401E-01  8.2645E-01  1.2854E+00  8.2595E-01
  2.6612E-01 -2.7948E+00 -3.4430E-02  6.5286E-01  8.2646E-01  1.2875E+00  8.2596E-01
  2.7683E-01 -2.7591E+00 -3.4904E-02  6.6171E-01  8.2646E-01  1.2896E+00  8.2598E-01
  2.8753E-01 -2.7234E+00 -3.5377E-02  6.7056E-01  8.2647E-01  1.2917E+00  8.2600E-01
  2.9833E-01 -2.6874E+00 -3.5855E-02  6.7949E-01  8.2647E-01  1.2938E+00  8.2601E-01
  3.0903E-01 -2.6517E+00 -3.6328E-02  6.8834E-01  8.2648E-01  1.2959E+00  8.2603E-01
  3.1973E-01 -2.6160E+00 -3.6802E-02  6.9719E-01  8.2648E-01  1.2981E+00  8.2604E-01
  3.3043E-01 -2.5803E+00 -3.7275E-02  7.0604E-01  8.2649E-01  1.3002E+00  8.2606E-01
  3.4124E-01 -2.5443E+00 -3.7753E-02  7.1497E-01  8.2649E-01  1.3023E+00  8.2607E-01
  3.5194E-01 -2.5086E+00 -3.8226E-02  7.2382E-01  8.2650E-01  1.3044E+00  8.2609E-01
  3.6264E-01 -2.4729E+00 -3.8700E-02  7.3267E-01  8.2650E-01  1.3066E+00  8.2610E-01
  3.7334E-01 -2.4372E+00 -3.9173E-02  7.4152E-01  8.2651E-01  1.3087E+00  8.2611E-01
  3.8414E-01 -2.4011E+00 -3.9651E-02  7.5045E-01  8.2651E-01  1.3108E+00  8.2613E-01
  3.9484E-01 -2.3654E+00 -4.0124E-02  7.5930E-01  8.2652E-01  1.3129E+00  8.2614E-01
  4.0554E-01 -2.3297E+00 -4.0598E-02  7.6815E-01  8.2652E-01  1.3151E+00  8.2615E-01
  4.1625E-01 -2.2940E+00 -4.1071E-02  7.7700E-01  8.2653E-01  1.3172E+00  8.2616E-01
  4.2705E-01 -2.2580E+00 -4.1549E-02  7.8594E-01  8.2653E-01  1.3194E+00  8.2617E-01
  4.3775E-01 -2.2223E+00 -4.2023E-02  7.9479E-01  8.2654E-01  1.3215E+00  8.2618E-01
  4.4845E-01 -2.1866E+00 -4.2496E-02  8.0364E-01  8.2654E-01  1.3236E+00  8.2620E-01
  4.5915E-01 -2.1509E+00 -4.2969E-02  8.1249E-01  8.2654E-01  1.3258E+00  8.2621E-01
  4.6995E-01 -2.1149E+00 -4.3447E-02  8.2143E-01  8.2655E-01  1.3279E+00  8.2622E-01
  4.8066E-01 -2.0792E+00 -4.3921E-02  8.3028E-01  8.2655E-01  1.3301E+00  8.2623E-01
  4.9136E-01 -2.0435E+00 -4.4394E-02  8.3913E-01  8.2656E-01  1.3322E+00  8.2624E-01
  5.0206E-01 -2.0078E+00 -4.4867E-02  8.4798E-01  8.2656E-01  1.3344E+00  8.2625E-01
  5.1286E-01 -1.9717E+00 -4.5345E-02  8.5691E-01  8.2656E-01  1.3365E+00  8.2626E-01
  5.2356E-01 -1.9360E+00 -4.5819E-02  8.6577E-01  8.2657E-01  1.3387E+00  8.2626E-01
  5.3426E-01 -1.9003E+00 -4.6292E-02  8.7462E-01  8.2657E-01  1.3408E+00  8.2627E-01
  5.4497E-01 -1.8646E+00 -4.6765E-02  8.8347E-01  8.2658E-01  1.3430E+00  8.2628E-01
  5.5577E-01 -1.8286E+00 -4.7243E-02  8.9241E-01  8.2658E-01  1.3451E+00  8.2629E-01
  5.6647E-01 -1.7929E+00 -4.7717E-02  9.0126E-01  8.2658E-01  1.3473E+00  8.2630E-01
  5.7717E-01 -1.7572E+00 -4.8190E-02  9.1011E-01  8.2659E-01  1.3495E+00  8.2631E-01
  5.8787E-01 -1.7215E+00 -4.8663E-02  9.1896E-01  8.2659E-01  1.3516E+00  8.2632E-01
  5.9867E-01 -1.6855E+00 -4.9141E-02  9.2790E-01  8.2660E-01  1.3538E+00  8.2632E-01
  6.0937E-01 -1.6498E+00 -4.9615E-02  9.3675E-01  8.2660E-01  1.3560E+00  8.2633E-01
  6.2008E-01 -1.6141E+00 -5.0088E-02  9.4560E-01  8.2660E-01  1.3581E+00  8.2634E-01
  6.3078E-01 -1.5784E+00 -5.0561E-02  9.5445E-01  8.2661E-01  1.3603E+00  8.2635E-01
  6.4158E-01 -1.5423E+00 -5.1039E-02  9.6339E-01  8.2661E-01  1.3625E+00  8.2636E-01
  6.5228E-01 -1.5066E+00 -5.1513E-02  9.7224E-01  8.2694E-01  1.3570E+00  8.2669E-01
  6.6298E-01 -1.4709E+00 -5.1990E-02  9.8116E-01  8.4964E-01  1.0580E+00  8.4950E-01
  6.7368E-01 -1.4352E+00 -5.2512E-02  9.9094E-01  9.9347E-01  7.5917E-01  9.9341E-01
  6.8449E-01 -1.3992E+00 -5.3138E-02  1.0027E+00  1.1768E+00  7.5451E-01  1.1768E+00
  6.9519E-01 -1.3635E+00 -5.3863E-02  1.0163E+00  1.3615E+00  7.5551E-01  1.3615E+00
  7.0589E-01 -1.3278E+00 -5.4694E-02  1.0319E+00  1.5489E+00  7.5691E-01  1.5489E+00
  7.1659E-01 -1.2921E+00 -5.5631E-02  1.0495E+00  1.7393E+00  7.5882E-01  1.7393E+00
  7.2739E-01 -1.2560E+00 -5.6689E-02  1.0693E+00  1.9350E+00  7.6142E-01  1.9349E+00
  7.3809E-01 -1.2203E+00 -5.7848E-02  1.0911E+00  2.1326E+00  7.6487E-01  2.1326E+00
  7.4880E-01 -1.1846E+00 -5.9121E-02  1.1150E+00  2.3344E+00  7.6974E-01  2.3344E+00
  7.5950E-01 -1.1489E+00 -6.0509E-02  1.1411E+00  2.5327E+00  8.5216E-01  2.5327E+00
  7.7030E-01 -1.1129E+00 -6.1999E-02  1.1692E+00  2.6223E+00  1.7136E+00  2.6222E+00
  7.8100E-01 -1.0772E+00 -6.3495E-02  1.1973E+00  2.6260E+00  1.8390E+00  2.6259E+00
  7.9170E-01 -1.0415E+00 -6.4991E-02  1.2254E+00  2.6260E+00  1.8631E+00  2.6259E+00
  8.0240E-01 -1.0058E+00 -6.6487E-02  1.2536E+00  2.6260E+00  1.8871E+00  2.6259E+00
  8.1320E-01 -9.6978E-01 -6.7998E-02  1.2820E+00  2.6260E+00  1.9115E+00  2.6259E+00
  8.2391E-01 -9.3408E-01 -6.9494E-02  1.3101E+00  2.6260E+00  1.9357E+00  2.6260E+00
  8.3461E-01 -8.9838E-01 -7.0990E-02  1.3382E+00  2.6260E+00  1.9600E+00  2.6260E+00
  8.4531E-01 -8.6268E-01 -7.2486E-02  1.3664E+00  2.6260E+00  1.9843E+00  2.6260E+00
  8.5611E-01 -8.2664E-01 -7.3997E-02  1.3948E+00  2.6261E+00  2.0090E+00  2.6260E+00
  8.6681E-01 -7.9094E-01 -7.5493E-02  1.4229E+00  2.6261E+00  2.0334E+00  2.6260E+00
  8.7751E-01 -7.5524E-01 -7.6989E-02  1.4510E+00  2.6261E+00  2.0580E+00  2.6260E+00
  8.8822E-01 -7.1954E-01 -7.8485E-02  1.4792E+00  2.6261E+00  2.0825E+00  2.6260E+00
  8.9902E-01 -6.8351E-01 -7.9996E-02  1.5076E+00  2.6261E+00  2.1074E+00  2.6260E+00
  9.0972E-01 -6.4781E-01 -8.1492E-02  1.5357E+00  2.6261E+00  2.1320E+00  2.6260E+00
  9.2042E-01 -6.1211E-01 -8.2988E-02  1.5638E+00  2.6259E+00  2.1681E+00  2.6258E+00
  9.3112E-01 -5.7641E-01 -8.4481E-02  1.5919E+00  2.6047E+00  2.8253E+00  2.6046E+00
  9.4192E-01 -5.4037E-01 -8.5928E-02  1.6191E+00  2.3908E+00  4.8166E+00  2.3904E+00
  9.5263E-01 -5.0467E-01 -8.7203E-02  1.6431E+00  2.0816E+00  4.9537E+00  2.0811E+00
  9.6333E-01 -4.6897E-01 -8.8300E-02  1.6637E+00  1.7653E+00  4.9678E+00  1.7648E+00
  9.7403E-01 -4.3327E-01 -8.9215E-02  1.6809E+00  1.4455E+00  4.9776E+00  1.4449E+00
  9.8483E-01 -3.9724E-01 -8.9953E-02  1.6947E+00  1.1197E+00  4.9839E+00  1.1189E+00
  9.9553E-01 -3.6154E-01 -9.0500E-02  1.7050E+00  7.9484E-01  4.9874E+00  7.9371E-01
  1.0062E+00 -3.2584E-01 -9.0860E-02  1.7117E+00  4.6877E-01  4.9889E+00  4.6686E-01
  1.0169E+00 -2.9014E-01 -9.1034E-02  1.7150E+00  1.4532E-01  4.9893E+00  1.3907E-01
  1.0277E+00 -2.5410E-01 -9.1022E-02  1.7147E+00  1.8977E-01  4.7405E+00 -1.8549E-01
  1.0384E+00 -2.1840E-01 -9.0854E-02  1.7115E+00  3.6737E-01  2.3138E+00 -3.6685E-01
  1.0491E+00 -1.8270E-01 -9.0642E-02  1.7075E+00  3.7874E-01  1.8713E+00 -3.7841E-01
  1.0598E+00 -1.4700E-01 -9.0428E-02  1.7034E+00  3.7876E-01  1.8678E+00 -3.7843E-01
  1.0706E+00 -1.1097E-01 -9.0212E-02  1.6993E+00  3.7876E-01  1.8683E+00 -3.7842E-01
  1.0813E+00 -7.5266E-02 -8.9998E-02  1.6953E+00  3.7876E-01  1.8688E+00 -3.7842E-01
  1.0920E+00 -3.9566E-02 -8.9784E-02  1.6912E+00  3.7875E-01  1.8693E+00 -3.7842E-01
  1.1027E+00 -3.8656E-03 -8.9570E-02  1.6872E+00  3.7875E-01  1.8698E+00 -3.7841E-01
  1.1135E+00  3.2170E-02 -8.9354E-02  1.6831E+00  3.7875E-01  1.8703E+00 -3.7841E-01
  1.1243E+00  6.7870E-02 -8.9140E-02  1.6790E+00  3.7875E-01  1.8708E+00 -3.7840E-01
  1.1350E+00  1.0357E-01 -8.8926E-02  1.6750E+00  3.7874E-01  1.8713E+00 -3.7840E-01
  1.1457E+00  1.3927E-01 -8.8713E-02  1.6709E+00  3.7874E-01  1.8718E+00 -3.7839E-01
  1.1565E+00  1.7530E-01 -8.8497E-02  1.6668E+00  3.7874E-01  1.8723E+00 -3.7839E-01
  1.1672E+00  2.1100E-01 -8.8283E-02  1.6628E+00  3.7873E-01  1.8728E+00 -3.7838E-01
  1.1779E+00  2.4670E-01 -8.8069E-02  1.6587E+00  3.7873E-01  1.8733E+00 -3.7838E-01
  1.1886E+00  2.8240E-01 -8.7855E-02  1.6546E+00  3.7873E-01  1.8738E+00 -3.7837E-01
  1.1994E+00  3.1844E-01 -8.7639E-02  1.6506E+00  3.7872E-01  1.8743E+00 -3.7837E-01
  1.2101E+00  3.5414E-01 -8.7425E-02  1.6465E+00  3.7872E-01  1.8748E+00 -3.7836E-01
  1.2208E+00  3.8984E-01 -8.7211E-02  1.6424E+00  3.7872E-01  1.8753E+00 -3.7836E-01
  1.2315E+00  4.2554E-01 -8.6997E-02  1.6384E+00  3.7872E-01  1.8758E+00 -3.7835E-01
  1.2423E+00  4.6157E-01 -8.6781E-02  1.6343E+00  3.7871E-01  1.8763E+00 -3.7835E-01
  1.2530E+00  4.9727E-01 -8.6568E-02  1.6302E+00  3.7871E-01  1.8768E+00 -3.7834E-01
  1.2637E+00  5.3297E-01 -8.6354E-02  1.6262E+00  3.7871E-01  1.8773E+00 -3.7834E-01
  1.2744E+00  5.6867E-01 -8.6140E-02  1.6221E+00  3.7870E-01  1.8778E+00 -3.7833E-01
  1.2852E+00  6.0471E-01 -8.5924E-02  1.6180E+00  3.7870E-01  1.8783E+00 -3.7833E-01
  1.2959E+00  6.4041E-01 -8.5710E-02  1.6140E+00  3.7870E-01  1.8788E+00 -3.7832E-01
  1.3066E+00  6.7611E-01 -8.5496E-02  1.6099E+00  3.7870E-01  1.8793E+00 -3.7832E-01
  1.3173E+00  7.1181E-01 -8.5282E-02  1.6059E+00  3.7869E-01  1.8798E+00 -3.7831E-01
  1.3281E+00  7.4785E-01 -8.5066E-02  1.6018E+00  3.7869E-01  1.8803E+00 -3.7831E-01
  1.3388E+00  7.8355E-01 -8.4852E-02  1.5977E+00  3.7869E-01  1.8808E+00 -3.7830E-01
  1.3495E+00  8.1925E-01 -8.4638E-02  1.5937E+00  3.7868E-01  1.8813E+00 -3.7830E-01
  1.3602E+00  8.5495E-01 -8.4424E-02  1.5896E+00  3.7868E-01  1.8818E+00 -3.7829E-01
  1.3710E+00  8.9098E-01 -8.4209E-02  1.5855E+00  3.7868E-01  1.8823E+00 -3.7829E-01
  1.3817E+00  9.2668E-01 -8.3995E-02  1.5815E+00  3.7868E-01  1.8828E+00 -3.7828E-01
  1.3924E+00  9.6238E-01 -8.3781E-02  1.5774E+00  3.7867E-01  1.8833E+00 -3.7828E-01
  1.4031E+00  9.9808E-01 -8.3567E-02  1.5734E+00  3.7867E-01  1.8838E+00 -3.7827E-01
  1.4139E+00  1.0341E+00 -8.3351E-02  1.5693E+00  3.7867E-01  1.8843E+00 -3.7827E-01
  1.4246E+00  1.0698E+00 -8.3137E-02  1.5652E+00  3.7866E-01  1.8848E+00 -3.7826E-01
  1.4353E+00  1.1055E+00 -8.2923E-02  1.5612E+00  3.7866E-01  1.8852E+00 -3.7826E-01
  1.4460E+00  1.1412E+00 -8.2709E-02  1.5571E+00  3.7866E-01  1.8857E+00 -3.7825E-01
  1.4568E+00  1.1773E+00 -8.2493E-02  1.5530E+00  3.7866E-01  1.8862E+00 -3.7825E-01
  1.4675E+00  1.2130E+00 -8.2279E-02  1.5490E+00  3.7865E-01  1.8867E+00 -3.7824E-01
  1.4782E+00  1.2487E+00 -8.2065E-02  1.5449E+00  3.7865E-01  1.8872E+00 -3.7824E-01
  1.4889E+00  1.2844E+00 -8.1851E-02  1.5409E+00  3.7865E-01  1.8877E+00 -3.7823E-01
  1.4997E+00  1.3204E+00 -8.1636E-02  1.5368E+00  3.7865E-01  1.8882E+00 -3.7823E-01
  1.5104E+00  1.3561E+00 -8.1422E-02  1.5327E+00  3.7864E-01  1.8887E+00 -3.7822E-01
  1.5211E+00  1.3918E+00 -8.1208E-02  1.5287E+00  3.7864E-01  1.8892E+00 -3.7822E-01
  1.5318E+00  1.4275E+00 -8.0994E-02  1.5246E+00  3.7864E-01  1.8897E+00 -3.7821E-01
  1.5426E+00  1.4635E+00 -8.0778E-02  1.5205E+00  3.7863E-01  1.8902E+00 -3.7821E-01
  1.5533E+00  1.4992E+00 -8.0564E-02  1.5165E+00  3.7863E-01  1.8907E+00 -3.7820E-01
  1.5640E+00  1.5349E+00 -8.0350E-02  1.5124E+00  3.7863E-01  1.8912E+00 -3.7820E-01
  1.5747E+00  1.5706E+00 -8.0136E-02  1.5084E+00  3.7863E-01  1.8917E+00 -3.7819E-01
  1.5855E+00  1.6067E+00 -7.9920E-02  1.5043E+00  3.7862E-01  1.8922E+00 -3.7818E-01
  1.5962E+00  1.6424E+00 -7.9706E-02  1.5002E+00  3.7862E-01  1.8927E+00 -3.7818E-01
  1.6069E+00  1.6781E+00 -7.9492E-02  1.4962E+00  3.7862E-01  1.8932E+00 -3.7817E-01
  1.6176E+00  1.7138E+00 -7.9278E-02  1.4921E+00  3.7862E-01  1.8937E+00 -3.7817E-01
  1.6284E+00  1.7498E+00 -7.9062E-02  1.4880E+00  3.7861E-01  1.8942E+00 -3.7816E-01
  1.6391E+00  1.7855E+00 -7.8849E-02  1.4840E+00  3.7861E-01  1.8947E+00 -3.7816E-01
  1.6498E+00  1.8212E+00 -7.8635E-02  1.4799E+00  3.7861E-01  1.8952E+00 -3.7815E-01
  1.6605E+00  1.8569E+00 -7.8421E-02  1.4759E+00  3.7861E-01  1.8957E+00 -3.7815E-01
  1.6713E+00  1.8929E+00 -7.8205E-02  1.4718E+00  3.7860E-01  1.8962E+00 -3.7814E-01
  1.6820E+00  1.9286E+00 -7.7991E-02  1.4677E+00  3.7860E-01  1.8967E+00 -3.7814E-01
  1.6927E+00  1.9643E+00 -7.7777E-02  1.4637E+00  3.7860E-01  1.8972E+00 -3.7813E-01
  1.7034E+00  2.0000E+00 -7.7563E-02  1.4596E+00  3.7860E-01  1.8977E+00 -3.7813E-01
  1.7142E+00  2.0361E+00 -7.7347E-02  1.4555E+00  3.7859E-01  1.8982E+00 -3.7812E-01
  1.7249E+00  2.0718E+00 -7.7133E-02  1.4515E+00  3.7859E-01  1.8987E+00 -3.7812E-01
  1.7356E+00  2.1075E+00 -7.6919E-02  1.4474E+00  3.7859E-01  1.8992E+00 -3.7811E-01
  1.7463E+00  2.1432E+00 -7.6705E-02  1.4434E+00  3.7859E-01  1.8997E+00 -3.7810E-01
  1.7571E+00  2.1792E+00 -7.6489E-02  1.4393E+00  3.7858E-01  1.9002E+00 -3.7810E-01
  1.7678E+00  2.2149E+00 -7.6275E-02  1.4353E+00  3.7858E-01  1.9007E+00 -3.7809E-01
  1.7785E+00  2.2506E+00 -7.6061E-02  1.4312E+00  3.7858E-01  1.9012E+00 -3.7809E-01
  1.7892E+00  2.2863E+00 -7.5848E-02  1.4271E+00  3.7857E-01  1.9017E+00 -3.7808E-01
  1.8000E+00  2.3223E+00 -7.5632E-02  1.4231E+00  3.7857E-01  1.9022E+00 -3.7808E-01
  1.8108E+00  2.3580E+00 -7.5418E-02  1.4190E+00  3.7857E-01  1.9027E+00 -3.7807E-01
  1.8215E+00  2.3937E+00 -7.5204E-02  1.4150E+00  3.7857E-01  1.9032E+00 -3.7807E-01
  1.8322E+00  2.4294E+00 -7.4990E-02  1.4109E+00  3.7856E-01  1.9037E+00 -3.7806E-01
  1.8430E+00  2.4655E+00 -7.4774E-02  1.4068E+00  3.7856E-01  1.9042E+00 -3.7805E-01
  1.8537E+00  2.5012E+00 -7.4560E-02  1.4028E+00  3.7856E-01  1.9046E+00 -3.7805E-01
  1.8644E+00  2.5369E+00 -7.4346E-02  1.3987E+00  3.7856E-01  1.9051E+00 -3.7804E-01
  1.8751E+00  2.5726E+00 -7.4132E-02  1.3947E+00  3.7856E-01  1.9056E+00 -3.7804E-01
  1.8859E+00  2.6086E+00 -7.3916E-02  1.3906E+00  3.7855E-01  1.9061E+00 -3.7803E-01
  1.8966E+00  2.6443E+00 -7.3702E-02  1.3865E+00  3.7855E-01  1.9066E+00 -3.7803E-01
  1.9073E+00  2.6800E+00 -7.3488E-02  1.3825E+00  3.7855E-01  1.9071E+00 -3.7802E-01
  1.9180E+00  2.7157E+00 -7.3274E-02  1.3784E+00  3.7855E-01  1.9076E+00 -3.7801E-01
  1.9288E+00  2.7517E+00 -7.3058E-02  1.3743E+00  3.7854E-01  1.9081E+00 -3.7801E-01
  1.9395E+00  2.7874E+00 -7.2844E-02  1.3703E+00  3.7854E-01  1.9086E+00 -3.7800E-01
  1.9502E+00  2.8231E+00 -7.2630E-02  1.3662E+00  3.7854E-01  1.9091E+00 -3.7800E-01
  1.9609E+00  2.8588E+00 -7.2417E-02  1.3622E+00  3.7854E-01  1.9096E+00 -3.7799E-01
  1.9717E+00  2.8949E+00 -7.2201E-02  1.3581E+00  3.7853E-01  1.9101E+00 -3.7798E-01
  1.9824E+00  2.9306E+00 -7.1987E-02  1.3540E+00  3.7853E-01  1.9106E+00 -3.7798E-01
  1.9931E+00  2.9663E+00 -7.1773E-02  1.3500E+00  3.7853E-01  1.9111E+00 -3.7797E-01
  2.0038E+00  3.0020E+00 -7.1559E-02  1.3459E+00  3.7853E-01  1.9116E+00 -3.7797E-01
  2.0146E+00  3.0380E+00 -7.1343E-02  1.3419E+00  3.7852E-01  1.9121E+00 -3.7796E-01
  2.0253E+00  3.0737E+00 -7.1129E-02  1.3378E+00  3.7852E-01  1.9126E+00 -3.7795E-01
  2.0360E+00  3.1094E+00 -7.0915E-02  1.3338E+00  3.7852E-01  1.9131E+00 -3.7795E-01
  2.0467E+00  3.1451E+00 -7.0701E-02  1.3297E+00  3.7852E-01  1.9136E+00 -3.7794E-01
  2.0575E+00  3.1811E+00 -7.0485E-02  1.3256E+00  3.7851E-01  1.9141E+00 -3.7794E-01
  2.0682E+00  3.2168E+00 -7.0271E-02  1.3216E+00  3.7851E-01  1.9146E+00 -3.7793E-01
  2.0789E+00  3.2525E+00 -7.0057E-02  1.3175E+00  3.7851E-01  1.9151E+00 -3.7792E-01
  2.0896E+00  3.2882E+00 -6.9843E-02  1.3135E+00  3.7851E-01  1.9156E+00 -3.7792E-01
  2.1004E+00  3.3243E+00 -6.9627E-02  1.3094E+00  3.7850E-01  1.9161E+00 -3.7791E-01
  2.1111E+00  3.3600E+00 -6.9413E-02  1.3053E+00  3.7850E-01  1.9166E+00 -3.7790E-01
  2.1218E+00  3.3957E+00 -6.9199E-02  1.3013E+00  3.7850E-01  1.9171E+00 -3.7790E-01
  2.1325E+00  3.4314E+00 -6.8985E-02  1.2972E+00  3.7850E-01  1.9176E+00 -3.7789E-01
  2.1433E+00  3.4674E+00 -6.8769E-02  1.2932E+00  3.7850E-01  1.9181E+00 -3.7788E-01
  2.1540E+00  3.5031E+00 -6.8555E-02  1.2891E+00  3.7849E-01  1.9186E+00 -3.7788E-01
  2.1647E+00  3.5388E+00 -6.8342E-02  1.2851E+00  3.7849E-01  1.9191E+00 -3.7787E-01
  2.1754E+00  3.5745E+00 -6.8128E-02  1.2810E+00  3.7849E-01  1.9196E+00 -3.7786E-01
  2.1862E+00  3.6105E+00 -6.7912E-02  1.2769E+00  3.7849E-01  1.9201E+00 -3.7786E-01
  2.1969E+00  3.6462E+00 -6.7698E-02  1.2729E+00  3.7848E-01  1.9206E+00 -3.7785E-01
  2.2076E+00  3.6819E+00 -6.7484E-02  1.2688E+00  3.7848E-01  1.9211E+00 -3.7785E-01
  2.2183E+00  3.7176E+00 -6.7270E-02  1.2648E+00  3.7848E-01  1.9216E+00 -3.7784E-01
  2.2291E+00  3.7537E+00 -6.7054E-02  1.2607E+00  3.7848E-01  1.9221E+00 -3.7783E-01
  2.2398E+00  3.7894E+00 -6.6840E-02  1.2566E+00  3.7847E-01  1.9226E+00 -3.7782E-01
  2.2505E+00  3.8251E+00 -6.6626E-02  1.2526E+00  3.7847E-01  1.9231E+00 -3.7782E-01
  2.2612E+00  3.8608E+00 -6.6412E-02  1.2485E+00  3.7847E-01  1.9236E+00 -3.7781E-01
  2.2720E+00  3.8968E+00 -6.6196E-02  1.2445E+00  3.7847E-01  1.9241E+00 -3.7780E-01
  2.2827E+00  3.9325E+00 -6.5982E-02  1.2404E+00  3.7847E-01  1.9245E+00 -3.7780E-01
  2.2934E+00  3.9682E+00 -6.5768E-02  1.2364E+00  3.7846E-01  1.9250E+00 -3.7779E-01
  2.3041E+00  4.0039E+00 -6.5554E-02  1.2323E+00  3.7846E-01  1.9255E+00 -3.7778E-01
  2.3149E+00  4.0400E+00 -6.5338E-02  1.2282E+00  3.7846E-01  1.9260E+00 -3.7778E-01
  2.3256E+00  4.0757E+00 -6.5124E-02  1.2242E+00  3.7846E-01  1.9265E+00 -3.7777E-01
  2.3363E+00  4.1114E+00 -6.4910E-02  1.2201E+00  3.7845E-01  1.9270E+00 -3.7776E-01
  2.3470E+00  4.1471E+00 -6.4696E-02  1.2161E+00  3.7845E-01  1.9275E+00 -3.7775E-01
  2.3578E+00  4.1831E+00 -6.4480E-02  1.2120E+00  3.7845E-01  1.9280E+00 -3.7775E-01
  2.3685E+00  4.2188E+00 -6.4266E-02  1.2079E+00  3.7845E-01  1.9285E+00 -3.7774E-01
  2.3792E+00  4.2545E+00 -6.4052E-02  1.2039E+00  3.7845E-01  1.9290E+00 -3.7773E-01
  2.3899E+00  4.2902E+00 -6.3838E-02  1.1999E+00  3.7844E-01  1.9295E+00 -3.7773E-01
  2.4007E+00  4.3262E+00 -6.3622E-02  1.1958E+00  3.7844E-01  1.9300E+00 -3.7772E-01
  2.4114E+00  4.3619E+00 -6.3409E-02  1.1917E+00  3.7844E-01  1.9305E+00 -3.7771E-01
  2.4221E+00  4.3976E+00 -6.3195E-02  1.1877E+00  3.7844E-01  1.9310E+00 -3.7770E-01
  2.4328E+00  4.4333E+00 -6.2981E-02  1.1836E+00  3.7843E-01  1.9315E+00 -3.7770E-01
  2.4436E+00  4.4694E+00 -6.2765E-02  1.1795E+00  3.7843E-01  1.9320E+00 -3.7769E-01
  2.4543E+00  4.5051E+00 -6.2551E-02  1.1755E+00  3.7843E-01  1.9325E+00 -3.7768E-01
  2.4650E+00  4.5408E+00 -6.2337E-02  1.1714E+00  3.7843E-01  1.9330E+00 -3.7767E-01
  2.4757E+00  4.5765E+00 -6.2123E-02  1.1674E+00  3.7843E-01  1.9335E+00 -3.7766E-01
  2.4865E+00  4.6125E+00 -6.1907E-02  1.1633E+00  3.7842E-01  1.9340E+00 -3.7766E-01
  2.4973E+00  4.6482E+00 -6.1693E-02  1.1593E+00  3.7842E-01  1.9345E+00 -3.7765E-01
  2.5080E+00  4.6839E+00 -6.1479E-02  1.1552E+00  3.7842E-01  1.9350E+00 -3.7764E-01
  2.5187E+00  4.7196E+00 -6.1265E-02  1.1512E+00  3.7842E-01  1.9355E+00 -3.7763E-01
  2.5295E+00  4.7556E+00 -6.1049E-02  1.1471E+00  3.7842E-01  1.9360E+00 -3.7762E-01
  2.5402E+00  4.7913E+00 -6.0835E-02  1.1430E+00  3.7841E-01  1.9365E+00 -3.7762E-01
  2.5509E+00  4.8270E+00 -6.0621E-02  1.1390E+00  3.7841E-01  1.9370E+00 -3.7761E-01
  2.5616E+00  4.8627E+00 -6.0407E-02  1.1350E+00  3.7841E-01  1.9375E+00 -3.7760E-01
  2.5724E+00  4.8988E+00 -6.0191E-02  1.1309E+00  3.7841E-01  1.9380E+00 -3.7759E-01
  2.5831E+00  4.9345E+00 -5.9977E-02  1.1268E+00  3.7840E-01  1.9385E+00 -3.7758E-01
  2.5938E+00  4.9702E+00 -5.9763E-02  1.1228E+00  3.7840E-01  1.9390E+00 -3.7757E-01
  2.6045E+00  5.0059E+00 -5.9549E-02  1.1187E+00  3.7840E-01  1.9395E+00 -3.7757E-01
  2.6153E+00  5.0419E+00 -5.9333E-02  1.1147E+00  3.7840E-01  1.9400E+00 -3.7756E-01
  2.6260E+00  5.0776E+00 -5.9119E-02  1.1106E+00  3.7840E-01  1.9405E+00 -3.7755E-01
  2.6367E+00  5.1133E+00 -5.8905E-02  1.1066E+00  3.7839E-01  1.9410E+00 -3.7754E-01
  2.6474E+00  5.1490E+00 -5.8691E-02  1.1025E+00  3.7839E-01  1.9415E+00 -3.7753E-01
  2.6582E+00  5.1850E+00 -5.8475E-02  1.0984E+00  3.7839E-01  1.9420E+00 -3.7752E-01
  2.6689E+00  5.2207E+00 -5.8261E-02  1.0944E+00  3.7839E-01  1.9425E+00 -3.7751E-01
  2.6796E+00  5.2564E+00 -5.8047E-02  1.0903E+00  3.7839E-01  1.9430E+00 -3.7750E-01
  2.6903E+00  5.2921E+00 -5.7833E-02  1.0863E+00  3.7838E-01  1.9435E+00 -3.7749E-01
  2.7011E+00  5.3282E+00 -5.7617E-02  1.0822E+00  3.7838E-01  1.9440E+00 -3.7749E-01
  2.7118E+00  5.3639E+00 -5.7403E-02  1.0782E+00  3.7838E-01  1.9445E+00 -3.7748E-01
  2.7225E+00  5.3996E+00 -5.7189E-02  1.0741E+00  3.7838E-01  1.9450E+00 -3.7747E-01
  2.7332E+00  5.4353E+00 -5.6975E-02  1.0701E+00  3.7838E-01  1.9455E+00 -3.7746E-01
  2.7440E+00  5.4713E+00 -5.6759E-02  1.0660E+00  3.7837E-01  1.9460E+00 -3.7745E-01
  2.7547E+00  5.5070E+00 -5.6545E-02  1.0620E+00  3.7837E-01  1.9465E+00 -3.7744E-01
  2.7654E+00  5.5427E+00 -5.6331E-02  1.0579E+00  3.7837E-01  1.9470E+00 -3.7743E-01
  2.7761E+00  5.5784E+00 -5.6117E-02  1.0539E+00  3.7837E-01  1.9475E+00 -3.7742E-01
  2.7869E+00  5.6144E+00 -5.5901E-02  1.0498E+00  3.7837E-01  1.9480E+00 -3.7741E-01
  2.7976E+00  5.6501E+00 -5.5687E-02  1.0457E+00  3.7836E-01  1.9485E+00 -3.7740E-01
  2.8083E+00  5.6858E+00 -5.5473E-02  1.0417E+00  3.7836E-01  1.9489E+00 -3.7739E-01
  2.8190E+00  5.7215E+00 -5.5259E-02  1.0377E+00  3.7836E-01  1.9494E+00 -3.7738E-01
  2.8298E+00  5.7576E+00 -5.5043E-02  1.0336E+00  3.7825E-01  1.9470E+00 -3.7726E-01
  2.8405E+00  5.7933E+00 -5.4830E-02  1.0296E+00  3.7150E-01  1.8368E+00 -3.7060E-01
  2.8512E+00  5.8290E+00 -5.4630E-02  1.0258E+00  3.3406E-01  1.7041E+00 -3.3320E-01
  2.8619E+00  5.8647E+00 -5.4454E-02  1.0224E+00  2.8889E-01  1.7001E+00 -2.8788E-01
  2.8727E+00  5.9007E+00 -5.4303E-02  1.0196E+00  2.4333E-01  1.7004E+00 -2.4212E-01
  2.8834E+00  5.9364E+00 -5.4179E-02  1.0172E+00  1.9839E-01  1.7005E+00 -1.9691E-01
  2.8941E+00  5.9721E+00 -5.4080E-02  1.0153E+00  1.5371E-01  1.7006E+00 -1.5178E-01
  2.9048E+00  6.0078E+00 -5.4008E-02  1.0140E+00  1.0958E-01  1.7035E+00 -1.0684E-01
  2.9156E+00  6.0438E+00 -5.3960E-02  1.0130E+00  7.2941E-02  1.8120E+00 -6.8179E-02
  2.9160E+00  6.0452E+00 -5.3958E-02  1.0130E+00  7.2199E-02  1.8214E+00 -6.7333E-02
  2.9263E+00  6.0795E+00 -5.3925E-02  1.0124E+00  6.6396E-02  1.9397E+00 -6.0310E-02
  2.9370E+00  6.1152E+00 -5.3892E-02  1.0117E+00  6.6286E-02  1.9439E+00 -6.0153E-02
  2.9477E+00  6.1509E+00 -5.3859E-02  1.0111E+00  6.6284E-02  1.9439E+00 -6.0143E-02
  2.9585E+00  6.1870E+00 -5.3826E-02  1.0104E+00  6.6282E-02  1.9439E+00 -6.0133E-02
  2.9692E+00  6.2227E+00 -5.3793E-02  1.0098E+00  6.6280E-02  1.9439E+00 -6.0122E-02
  2.9799E+00  6.2584E+00 -5.3760E-02  1.0091E+00  6.6279E-02  1.9439E+00 -6.0112E-02
  2.9906E+00  6.2941E+00 -5.3727E-02  1.0085E+00  6.6277E-02  1.9439E+00 -6.0102E-02
  3.0014E+00  6.3301E+00 -5.3694E-02  1.0078E+00  6.6275E-02  1.9439E+00 -6.0091E-02
  3.0121E+00  6.3658E+00 -5.3661E-02  1.0072E+00  6.6273E-02  1.9439E+00 -6.0081E-02
  3.0228E+00  6.4015E+00 -5.3628E-02  1.0065E+00  6.6271E-02  1.9439E+00 -6.0070E-02
  3.0335E+00  6.4372E+00 -5.3595E-02  1.0059E+00  6.6270E-02  1.9439E+00 -6.0060E-02
  3.0443E+00  6.4732E+00 -5.3562E-02  1.0052E+00  6.6268E-02  1.9439E+00 -6.0049E-02
  3.0550E+00  6.5089E+00 -5.3529E-02  1.0046E+00  6.6266E-02  1.9440E+00 -6.0039E-02
  3.0657E+00  6.5446E+00 -5.3496E-02  1.0040E+00  6.6264E-02  1.9440E+00 -6.0029E-02
  3.0764E+00  6.5803E+00 -5.3463E-02  1.0033E+00  6.6262E-02  1.9440E+00 -6.0018E-02
  3.0872E+00  6.6164E+00 -5.3430E-02  1.0027E+00  6.6261E-02  1.9440E+00 -6.0008E-02
  3.0979E+00  6.6521E+00 -5.3397E-02  1.0020E+00  6.6259E-02  1.9440E+00 -5.9997E-02
  3.1086E+00  6.6878E+00 -5.3364E-02  1.0014E+00  6.6257E-02  1.9440E+00 -5.9987E-02
  3.1193E+00  6.7235E+00 -5.3331E-02  1.0007E+00  6.6255E-02  1.9440E+00 -5.9976E-02
  3.1301E+00  6.7595E+00 -5.3297E-02  1.0001E+00  6.6253E-02  1.9440E+00 -5.9965E-02
  3.1408E+00  6.7952E+00 -5.3264E-02  9.9944E-01  6.6252E-02  1.9440E+00 -5.9955E-02
  3.1515E+00  6.8309E+00 -5.3231E-02  9.9879E-01  6.6250E-02  1.9440E+00 -5.9944E-02
  3.1622E+00  6.8666E+00 -5.3198E-02  9.9815E-01  6.6248E-02  1.9440E+00 -5.9934E-02
  3.1731E+00  6.9027E+00 -5.3165E-02  9.9750E-01  6.6246E-02  1.9440E+00 -5.9923E-02
  3.1838E+00  6.9384E+00 -5.3132E-02  9.9686E-01  6.6244E-02  1.9441E+00 -5.9912E-02
  3.1945E+00  6.9741E+00 -5.3099E-02  9.9622E-01  6.6243E-02  1.9441E+00 -5.9902E-02
  3.2052E+00  7.0098E+00 -5.3066E-02  9.9557E-01  6.6241E-02  1.9441E+00 -5.9891E-02
  3.2160E+00  7.0458E+00 -5.3033E-02  9.9492E-01  6.6239E-02  1.9441E+00 -5.9880E-02
  3.2267E+00  7.0815E+00 -5.3000E-02  9.9428E-01  6.6237E-02  1.9441E+00 -5.9869E-02
  3.2374E+00  7.1172E+00 -5.2967E-02  9.9364E-01  6.6235E-02  1.9441E+00 -5.9859E-02
  3.2481E+00  7.1529E+00 -5.2934E-02  9.9300E-01  6.6234E-02  1.9441E+00 -5.9848E-02
  3.2589E+00  7.1889E+00 -5.2901E-02  9.9235E-01  6.6232E-02  1.9441E+00 -5.9837E-02
  3.2696E+00  7.2246E+00 -5.2868E-02  9.9171E-01  6.6230E-02  1.9441E+00 -5.9826E-02
  3.2803E+00  7.2603E+00 -5.2835E-02  9.9106E-01  6.6228E-02  1.9441E+00 -5.9816E-02
  3.2910E+00  7.2960E+00 -5.2802E-02  9.9042E-01  6.6226E-02  1.9441E+00 -5.9805E-02
  3.3018E+00  7.3321E+00 -5.2768E-02  9.8977E-01  6.6225E-02  1.9441E+00 -5.9794E-02
  3.3125E+00  7.3678E+00 -5.2735E-02  9.8913E-01  6.6223E-02  1.9442E+00 -5.9783E-02
  3.3232E+00  7.4035E+00 -5.2702E-02  9.8849E-01  6.6221E-02  1.9442E+00 -5.9772E-02
  3.3339E+00  7.4392E+00 -5.2670E-02  9.8785E-01  6.6219E-02  1.9442E+00 -5.9761E-02
  3.3447E+00  7.4752E+00 -5.2636E-02  9.8720E-01  6.6217E-02  1.9442E+00 -5.9750E-02
  3.3554E+00  7.5109E+00 -5.2603E-02  9.8656E-01  6.6216E-02  1.9442E+00 -5.9739E-02
  3.3661E+00  7.5466E+00 -5.2570E-02  9.8592E-01  6.6214E-02  1.9442E+00 -5.9728E-02
  3.3768E+00  7.5823E+00 -5.2537E-02  9.8528E-01  6.6212E-02  1.9442E+00 -5.9717E-02
  3.3876E+00  7.6183E+00 -5.2504E-02  9.8463E-01  6.6210E-02  1.9442E+00 -5.9706E-02
  3.3983E+00  7.6540E+00 -5.2471E-02  9.8399E-01  6.6208E-02  1.9442E+00 -5.9695E-02
  3.4090E+00  7.6897E+00 -5.2438E-02  9.8335E-01  6.6207E-02  1.9442E+00 -5.9684E-02
  3.4197E+00  7.7254E+00 -5.2405E-02  9.8271E-01  6.6205E-02  1.9442E+00 -5.9673E-02
  3.4305E+00  7.7615E+00 -5.2372E-02  9.8206E-01  6.6203E-02  1.9443E+00 -5.9662E-02
  3.4412E+00  7.7972E+00 -5.2339E-02  9.8142E-01  6.6201E-02  1.9443E+00 -5.9651E-02
  3.4519E+00  7.8329E+00 -5.2306E-02  9.8078E-01  6.6200E-02  1.9443E+00 -5.9640E-02
  3.4626E+00  7.8686E+00 -5.2273E-02  9.8014E-01  6.6198E-02  1.9443E+00 -5.9629E-02
  3.4734E+00  7.9046E+00 -5.2239E-02  9.7950E-01  6.6196E-02  1.9443E+00 -5.9618E-02
  3.4841E+00  7.9403E+00 -5.2206E-02  9.7886E-01  6.6194E-02  1.9443E+00 -5.9607E-02
  3.4948E+00  7.9760E+00 -5.2173E-02  9.7822E-01  6.6192E-02  1.9443E+00 -5.9596E-02
  3.5055E+00  8.0117E+00 -5.2140E-02  9.7758E-01  6.6191E-02  1.9443E+00 -5.9585E-02
  3.5163E+00  8.0477E+00 -5.2107E-02  9.7693E-01  6.6189E-02  1.9443E+00 -5.9573E-02
  3.5270E+00  8.0834E+00 -5.2074E-02  9.7629E-01  6.6187E-02  1.9443E+00 -5.9562E-02
  3.5377E+00  8.1191E+00 -5.2041E-02  9.7565E-01  6.6185E-02  1.9443E+00 -5.9551E-02
  3.5484E+00  8.1548E+00 -5.2008E-02  9.7501E-01  6.6183E-02  1.9443E+00 -5.9540E-02
  3.5592E+00  8.1909E+00 -5.1975E-02  9.7437E-01  6.6182E-02  1.9444E+00 -5.9528E-02
  3.5699E+00  8.2266E+00 -5.1942E-02  9.7373E-01  6.6180E-02  1.9444E+00 -5.9517E-02
  3.5806E+00  8.2623E+00 -5.1909E-02  9.7309E-01  6.6178E-02  1.9444E+00 -5.9506E-02
  3.5913E+00  8.2980E+00 -5.1876E-02  9.7245E-01  6.6176E-02  1.9444E+00 -5.9494E-02
  3.6021E+00  8.3340E+00 -5.1843E-02  9.7181E-01  6.6175E-02  1.9444E+00 -5.9483E-02
  3.6128E+00  8.3697E+00 -5.1810E-02  9.7117E-01  6.6173E-02  1.9444E+00 -5.9472E-02
  3.6235E+00  8.4054E+00 -5.1777E-02  9.7053E-01  6.6171E-02  1.9444E+00 -5.9460E-02
  3.6342E+00  8.4411E+00 -5.1744E-02  9.6989E-01  6.6169E-02  1.9444E+00 -5.9449E-02
  3.6450E+00  8.4771E+00 -5.1710E-02  9.6925E-01  6.6167E-02  1.9444E+00 -5.9437E-02
  3.6557E+00  8.5128E+00 -5.1677E-02  9.6861E-01  6.6166E-02  1.9444E+00 -5.9426E-02
  3.6664E+00  8.5485E+00 -5.1644E-02  9.6797E-01  6.6164E-02  1.9444E+00 -5.9415E-02
  3.6771E+00  8.5842E+00 -5.1611E-02  9.6734E-01  6.6162E-02  1.9444E+00 -5.9403E-02
  3.6879E+00  8.6203E+00 -5.1578E-02  9.6669E-01  6.6160E-02  1.9445E+00 -5.9392E-02
  3.6986E+00  8.6560E+00 -5.1545E-02  9.6606E-01  6.6159E-02  1.9445E+00 -5.9380E-02
  3.7093E+00  8.6917E+00 -5.1512E-02  9.6542E-01  6.6157E-02  1.9445E+00 -5.9369E-02
  3.7200E+00  8.7274E+00 -5.1479E-02  9.6478E-01  6.6155E-02  1.9445E+00 -5.9357E-02
  3.7308E+00  8.7634E+00 -5.1446E-02  9.6414E-01  6.6153E-02  1.9445E+00 -5.9345E-02
  3.7415E+00  8.7991E+00 -5.1413E-02  9.6350E-01  6.6151E-02  1.9445E+00 -5.9334E-02
  3.7522E+00  8.8348E+00 -5.1380E-02  9.6286E-01  6.6150E-02  1.9445E+00 -5.9322E-02
  3.7629E+00  8.8705E+00 -5.1347E-02  9.6223E-01  6.6148E-02  1.9445E+00 -5.9311E-02
  3.7737E+00  8.9065E+00 -5.1314E-02  9.6158E-01  6.6146E-02  1.9445E+00 -5.9299E-02
  3.7844E+00  8.9422E+00 -5.1281E-02  9.6095E-01  6.6144E-02  1.9445E+00 -5.9287E-02
  3.7951E+00  8.9779E+00 -5.1248E-02  9.6031E-01  6.6142E-02  1.9445E+00 -5.9276E-02
  3.8058E+00  9.0136E+00 -5.1215E-02  9.5968E-01  6.6141E-02  1.9445E+00 -5.9264E-02
  3.8166E+00  9.0497E+00 -5.1181E-02  9.5903E-01  6.6139E-02  1.9446E+00 -5.9252E-02
  3.8273E+00  9.0854E+00 -5.1148E-02  9.5840E-01  6.6137E-02  1.9446E+00 -5.9240E-02
  3.8380E+00  9.1211E+00 -5.1115E-02  9.5776E-01  6.6135E-02  1.9446E+00 -5.9229E-02
  3.8487E+00  9.1568E+00 -5.1082E-02  9.5713E-01  6.6134E-02  1.9446E+00 -5.9217E-02
  3.8596E+00  9.1928E+00 -5.1049E-02  9.5649E-01  6.6132E-02  1.9446E+00 -5.9205E-02
  3.8703E+00  9.2285E+00 -5.1016E-02  9.5585E-01  6.6130E-02  1.9446E+00 -5.9193E-02
  3.8810E+00  9.2642E+00 -5.0983E-02  9.5521E-01  6.6128E-02  1.9446E+00 -5.9181E-02
  3.8917E+00  9.2999E+00 -5.0950E-02  9.5458E-01  6.6126E-02  1.9446E+00 -5.9170E-02
  3.9025E+00  9.3359E+00 -5.0917E-02  9.5394E-01  6.6125E-02  1.9446E+00 -5.9158E-02
  3.9132E+00  9.3716E+00 -5.0884E-02  9.5330E-01  6.6123E-02  1.9446E+00 -5.9146E-02
  3.9239E+00  9.4073E+00 -5.0851E-02  9.5267E-01  6.6121E-02  1.9446E+00 -5.9134E-02
  3.9346E+00  9.4430E+00 -5.0818E-02  9.5203E-01  6.6119E-02  1.9446E+00 -5.9122E-02
  3.9454E+00  9.4791E+00 -5.0784E-02  9.5139E-01  6.6118E-02  1.9446E+00 -5.9110E-02
  3.9561E+00  9.5148E+00 -5.0751E-02  9.5076E-01  6.6116E-02  1.9447E+00 -5.9098E-02
  3.9668E+00  9.5505E+00 -5.0718E-02  9.5013E-01  6.6114E-02  1.9447E+00 -5.9086E-02
  3.9775E+00  9.5862E+00 -5.0685E-02  9.4949E-01  6.6112E-02  1.9447E+00 -5.9074E-02
  3.9883E+00  9.6222E+00 -5.0652E-02  9.4885E-01  6.6111E-02  1.9447E+00 -5.9062E-02
  3.9990E+00  9.6579E+00 -5.0619E-02  9.4822E-01  6.6109E-02  1.9447E+00 -5.9050E-02
  4.0097E+00  9.6936E+00 -5.0586E-02  9.4758E-01  6.6107E-02  1.9447E+00 -5.9038E-02
  4.0204E+00  9.7293E+00 -5.0553E-02  9.4695E-01  6.6105E-02  1.9447E+00 -5.9026E-02
  4.0312E+00  9.7654E+00 -5.0520E-02  9.4631E-01  6.6103E-02  1.9447E+00 -5.9014E-02
  4.0419E+00  9.8011E+00 -5.0487E-02  9.4568E-01  6.6102E-02  1.9447E+00 -5.9001E-02
  4.0526E+00  9.8368E+00 -5.0454E-02  9.4504E-01  6.6100E-02  1.9447E+00 -5.8989E-02
  4.0633E+00  9.8725E+00 -5.0421E-02  9.4441E-01  6.6098E-02  1.9447E+00 -5.8977E-02
  4.0741E+00  9.9085E+00 -5.0388E-02  9.4377E-01  6.6096E-02  1.9447E+00 -5.8965E-02
  4.0848E+00  9.9442E+00 -5.0355E-02  9.4314E-01  6.6095E-02  1.9448E+00 -5.8953E-02
  4.0955E+00  9.9799E+00 -5.0322E-02  9.4251E-01  6.6093E-02  1.9448E+00 -5.8941E-02
  4.1062E+00  1.0016E+01 -5.0289E-02  9.4187E-01  6.6091E-02  1.9448E+00 -5.8928E-02
  4.1170E+00  1.0052E+01 -5.0255E-02  9.4124E-01  6.6089E-02  1.9448E+00 -5.8916E-02
  4.1277E+00  1.0087E+01 -5.0222E-02  9.4060E-01  6.6088E-02  1.9448E+00 -5.8904E-02
  4.1384E+00  1.0123E+01 -5.0189E-02  9.3997E-01  6.6086E-02  1.9448E+00 -5.8891E-02
  4.1491E+00  1.0159E+01 -5.0156E-02  9.3934E-01  6.6084E-02  1.9448E+00 -5.8879E-02
  4.1599E+00  1.0195E+01 -5.0123E-02  9.3870E-01  6.6082E-02  1.9448E+00 -5.8867E-02
  4.1706E+00  1.0230E+01 -5.0090E-02  9.3807E-01  6.6081E-02  1.9448E+00 -5.8854E-02
  4.1813E+00  1.0266E+01 -5.0057E-02  9.3744E-01  6.6079E-02  1.9448E+00 -5.8842E-02
  4.1920E+00  1.0302E+01 -5.0024E-02  9.3681E-01  6.6077E-02  1.9448E+00 -5.8829E-02
  4.2028E+00  1.0338E+01 -4.9991E-02  9.3617E-01  6.6075E-02  1.9448E+00 -5.8817E-02
  4.2135E+00  1.0374E+01 -4.9958E-02  9.3554E-01  6.6073E-02  1.9448E+00 -5.8805E-02
  4.2242E+00  1.0409E+01 -4.9925E-02  9.3491E-01  6.6072E-02  1.9449E+00 -5.8792E-02
  4.2349E+00  1.0445E+01 -4.9892E-02  9.3428E-01  6.6070E-02  1.9449E+00 -5.8780E-02
  4.2457E+00  1.0481E+01 -4.9858E-02  9.3364E-01  6.6068E-02  1.9449E+00 -5.8767E-02
  4.2564E+00  1.0517E+01 -4.9825E-02  9.3301E-01  6.6066E-02  1.9449E+00 -5.8754E-02
  4.2671E+00  1.0552E+01 -4.9792E-02  9.3238E-01  6.6065E-02  1.9449E+00 -5.8742E-02
  4.2778E+00  1.0588E+01 -4.9759E-02  9.3175E-01  6.6063E-02  1.9449E+00 -5.8729E-02
  4.2886E+00  1.0624E+01 -4.9726E-02  9.3111E-01  6.6061E-02  1.9449E+00 -5.8717E-02
  4.2993E+00  1.0660E+01 -4.9693E-02  9.3048E-01  6.6059E-02  1.9449E+00 -5.8704E-02
  4.3100E+00  1.0696E+01 -4.9660E-02  9.2985E-01  6.6058E-02  1.9449E+00 -5.8691E-02
  4.3207E+00  1.0731E+01 -4.9627E-02  9.2922E-01  6.6056E-02  1.9449E+00 -5.8679E-02
  4.3315E+00  1.0767E+01 -4.9594E-02  9.2859E-01  6.6054E-02  1.9449E+00 -5.8666E-02
  4.3422E+00  1.0803E+01 -4.9561E-02  9.2796E-01  6.6052E-02  1.9449E+00 -5.8653E-02
  4.3529E+00  1.0839E+01 -4.9528E-02  9.2733E-01  6.6051E-02  1.9449E+00 -5.8641E-02
  4.3636E+00  1.0874E+01 -4.9495E-02  9.2670E-01  6.6049E-02  1.9450E+00 -5.8628E-02
  4.3744E+00  1.0910E+01 -4.9462E-02  9.2606E-01  6.6047E-02  1.9450E+00 -5.8615E-02
  4.3851E+00  1.0946E+01 -4.9429E-02  9.2543E-01  6.6045E-02  1.9450E+00 -5.8602E-02
  4.3958E+00  1.0982E+01 -4.9396E-02  9.2481E-01  6.6044E-02  1.9450E+00 -5.8589E-02
  4.4065E+00  1.1018E+01 -4.9363E-02  9.2418E-01  6.6042E-02  1.9450E+00 -5.8576E-02
  4.4173E+00  1.1054E+01 -4.9329E-02  9.2354E-01  6.6040E-02  1.9450E+00 -5.8563E-02
  4.4280E+00  1.1089E+01 -4.9296E-02  9.2291E-01  6.6038E-02  1.9450E+00 -5.8551E-02
  4.4387E+00  1.1125E+01 -4.9263E-02  9.2229E-01  6.6037E-02  1.9450E+00 -5.8538E-02
  4.4494E+00  1.1161E+01 -4.9230E-02  9.2166E-01  6.6035E-02  1.9450E+00 -5.8525E-02
  4.4602E+00  1.1197E+01 -4.9197E-02  9.2102E-01  6.6033E-02  1.9450E+00 -5.8512E-02
  4.4709E+00  1.1232E+01 -4.9164E-02  9.2040E-01  6.6031E-02  1.9450E+00 -5.8499E-02
  4.4816E+00  1.1268E+01 -4.9131E-02  9.1977E-01  6.6030E-02  1.9450E+00 -5.8486E-02
  4.4923E+00  1.1304E+01 -4.9098E-02  9.1914E-01  6.6028E-02  1.9450E+00 -5.8473E-02
  4.5031E+00  1.1340E+01 -4.9065E-02  9.1851E-01  6.6026E-02  1.9451E+00 -5.8460E-02
  4.5138E+00  1.1376E+01 -4.9032E-02  9.1788E-01  6.6024E-02  1.9451E+00 -5.8447E-02
  4.5245E+00  1.1411E+01 -4.8999E-02  9.1725E-01  6.6023E-02  1.9451E+00 -5.8433E-02
  4.5352E+00  1.1447E+01 -4.8966E-02  9.1662E-01  6.6021E-02  1.9451E+00 -5.8420E-02
  4.5461E+00  1.1483E+01 -4.8933E-02  9.1599E-01  6.6019E-02  1.9451E+00 -5.8407E-02
  4.5568E+00  1.1519E+01 -4.8900E-02  9.1537E-01  6.6017E-02  1.9451E+00 -5.8394E-02
  4.5675E+00  1.1554E+01 -4.8867E-02  9.1474E-01  6.6016E-02  1.9451E+00 -5.8381E-02
  4.5782E+00  1.1590E+01 -4.8834E-02  9.1411E-01  6.6014E-02  1.9451E+00 -5.8368E-02
  4.5890E+00  1.1626E+01 -4.8800E-02  9.1348E-01  6.6012E-02  1.9451E+00 -5.8354E-02
  4.5997E+00  1.1662E+01 -4.8767E-02  9.1285E-01  6.6010E-02  1.9451E+00 -5.8341E-02
  4.6104E+00  1.1698E+01 -4.8734E-02  9.1223E-01  6.6009E-02  1.9451E+00 -5.8328E-02
  4.6211E+00  1.1733E+01 -4.8701E-02  9.1160E-01  6.6007E-02  1.9451E+00 -5.8315E-02
  4.6319E+00  1.1769E+01 -4.8668E-02  9.1097E-01  6.6005E-02  1.9451E+00 -5.8301E-02
  4.6426E+00  1.1805E+01 -4.8635E-02  9.1034E-01  6.6003E-02  1.9451E+00 -5.8288E-02
  4.6533E+00  1.1841E+01 -4.8602E-02  9.0972E-01  6.6001E-02  1.9452E+00 -5.8274E-02
  4.6640E+00  1.1876E+01 -4.8569E-02  9.0909E-01  6.6000E-02  1.9452E+00 -5.8261E-02
  4.6748E+00  1.1912E+01 -4.8536E-02  9.0846E-01  6.5998E-02  1.9452E+00 -5.8247E-02
  4.6855E+00  1.1948E+01 -4.8503E-02  9.0784E-01  6.5996E-02  1.9452E+00 -5.8234E-02
  4.6962E+00  1.1984E+01 -4.8470E-02  9.0721E-01  6.5995E-02  1.9452E+00 -5.8221E-02
  4.7069E+00  1.2019E+01 -4.8437E-02  9.0659E-01  6.5993E-02  1.9452E+00 -5.8207E-02
  4.7177E+00  1.2056E+01 -4.8404E-02  9.0596E-01  6.5991E-02  1.9452E+00 -5.8193E-02
  4.7284E+00  1.2091E+01 -4.8371E-02  9.0533E-01  6.5989E-02  1.9452E+00 -5.8180E-02
  4.7391E+00  1.2127E+01 -4.8338E-02  9.0471E-01  6.5988E-02  1.9452E+00 -5.8166E-02
  4.7498E+00  1.2163E+01 -4.8305E-02  9.0408E-01  6.5986E-02  1.9452E+00 -5.8153E-02
  4.7606E+00  1.2199E+01 -4.8271E-02  9.0345E-01  6.5984E-02  1.9452E+00 -5.8139E-02
  4.7713E+00  1.2234E+01 -4.8238E-02  9.0283E-01  6.5982E-02  1.9452E+00 -5.8126E-02
  4.7820E+00  1.2270E+01 -4.8205E-02  9.0221E-01  6.5981E-02  1.9452E+00 -5.8112E-02
  4.7927E+00  1.2306E+01 -4.8172E-02  9.0158E-01  6.5979E-02  1.9452E+00 -5.8098E-02
  4.8035E+00  1.2342E+01 -4.8139E-02  9.0095E-01  6.5977E-02  1.9453E+00 -5.8084E-02
  4.8142E+00  1.2377E+01 -4.8106E-02  9.0033E-01  6.5975E-02  1.9453E+00 -5.8071E-02
  4.8249E+00  1.2413E+01 -4.8073E-02  8.9971E-01  6.5974E-02  1.9453E+00 -5.8057E-02
  4.8356E+00  1.2449E+01 -4.8040E-02  8.9908E-01  6.5972E-02  1.9453E+00 -5.8043E-02
  4.8464E+00  1.2485E+01 -4.8007E-02  8.9846E-01  6.5970E-02  1.9453E+00 -5.8029E-02
  4.8571E+00  1.2521E+01 -4.7974E-02  8.9783E-01  6.5968E-02  1.9453E+00 -5.8015E-02
  4.8678E+00  1.2556E+01 -4.7941E-02  8.9721E-01  6.5967E-02  1.9453E+00 -5.8002E-02
  4.8785E+00  1.2592E+01 -4.7908E-02  8.9659E-01  6.5965E-02  1.9453E+00 -5.7988E-02
  4.8893E+00  1.2628E+01 -4.7875E-02  8.9596E-01  6.5963E-02  1.9453E+00 -5.7974E-02
  4.9000E+00  1.2664E+01 -4.7842E-02  8.9534E-01  6.5961E-02  1.9453E+00 -5.7960E-02
  4.9107E+00  1.2699E+01 -4.7809E-02  8.9472E-01  6.5960E-02  1.9453E+00 -5.7946E-02
  4.9214E+00  1.2735E+01 -4.7776E-02  8.9409E-01  6.5958E-02  1.9453E+00 -5.7932E-02
  4.9322E+00  1.2771E+01 -4.7742E-02  8.9347E-01  6.5956E-02  1.9453E+00 -5.7918E-02
  4.9429E+00  1.2807E+01 -4.7709E-02  8.9285E-01  6.5954E-02  1.9453E+00 -5.7904E-02
  4.9536E+00  1.2843E+01 -4.7676E-02  8.9222E-01  6.5953E-02  1.9454E+00 -5.7890E-02
  4.9643E+00  1.2878E+01 -4.7643E-02  8.9160E-01  6.5951E-02  1.9454E+00 -5.7876E-02
  4.9751E+00  1.2914E+01 -4.7610E-02  8.9098E-01  6.5949E-02  1.9454E+00 -5.7862E-02
  4.9858E+00  1.2950E+01 -4.7577E-02  8.9035E-01  6.6500E-02  1.9562E+00 -5.8381E-02
  4.9965E+00  1.2986E+01 -4.7541E-02  8.8968E-01  8.1036E-02  2.1042E+00 -7.3430E-02
  5.0072E+00  1.3021E+01 -4.7489E-02  8.8869E-01  1.1738E-01  2.1442E+00 -1.1205E-01
  5.0180E+00  1.3057E+01 -4.7412E-02  8.8725E-01  1.5710E-01  2.1449E+00 -1.5314E-01
  5.0287E+00  1.3093E+01 -4.7313E-02  8.8539E-01  1.9694E-01  2.1450E+00 -1.9378E-01
  5.0394E+00  1.3129E+01 -4.7191E-02  8.8310E-01  2.3696E-01  2.1451E+00 -2.3433E-01
  5.0501E+00  1.3165E+01 -4.7046E-02  8.8038E-01  2.7702E-01  2.1454E+00 -2.7475E-01
  5.0609E+00  1.3201E+01 -4.6876E-02  8.7719E-01  3.1685E-01  2.1346E+00 -3.1488E-01
  5.0716E+00  1.3236E+01 -4.6687E-02  8.7365E-01  3.4153E-01  1.9906E+00 -3.3993E-01
  5.0823E+00  1.3272E+01 -4.6492E-02  8.6999E-01  3.4349E-01  1.9541E+00 -3.4194E-01
  5.0930E+00  1.3308E+01 -4.6296E-02  8.6633E-01  3.4350E-01  1.9540E+00 -3.4194E-01
  5.1038E+00  1.3344E+01 -4.6098E-02  8.6264E-01  3.4349E-01  1.9544E+00 -3.4192E-01
  5.1145E+00  1.3379E+01 -4.5903E-02  8.5898E-01  3.4349E-01  1.9548E+00 -3.4191E-01
  5.1252E+00  1.3415E+01 -4.5707E-02  8.5532E-01  3.4349E-01  1.9552E+00 -3.4189E-01
  5.1359E+00  1.3451E+01 -4.5512E-02  8.5165E-01  3.4349E-01  1.9556E+00 -3.4187E-01
  5.1467E+00  1.3487E+01 -4.5314E-02  8.4796E-01  3.4349E-01  1.9560E+00 -3.4186E-01
  5.1574E+00  1.3523E+01 -4.5118E-02  8.4430E-01  3.4349E-01  1.9565E+00 -3.4184E-01
  5.1681E+00  1.3558E+01 -4.4923E-02  8.4064E-01  3.4348E-01  1.9569E+00 -3.4182E-01
  5.1788E+00  1.3594E+01 -4.4727E-02  8.3698E-01  3.4348E-01  1.9573E+00 -3.4181E-01
  5.1896E+00  1.3630E+01 -4.4530E-02  8.3328E-01  3.4348E-01  1.9577E+00 -3.4179E-01
  5.2003E+00  1.3666E+01 -4.4334E-02  8.2962E-01  3.4348E-01  1.9581E+00 -3.4177E-01
  5.2110E+00  1.3701E+01 -4.4139E-02  8.2597E-01  3.4348E-01  1.9585E+00 -3.4175E-01
  5.2218E+00  1.3737E+01 -4.3943E-02  8.2231E-01  3.4347E-01  1.9590E+00 -3.4173E-01
  5.2326E+00  1.3773E+01 -4.3745E-02  8.1861E-01  3.4347E-01  1.9594E+00 -3.4172E-01
  5.2433E+00  1.3809E+01 -4.3550E-02  8.1495E-01  3.4347E-01  1.9598E+00 -3.4170E-01
  5.2540E+00  1.3845E+01 -4.3354E-02  8.1130E-01  3.4347E-01  1.9602E+00 -3.4168E-01
  5.2647E+00  1.3880E+01 -4.3159E-02  8.0764E-01  3.4347E-01  1.9606E+00 -3.4166E-01
  5.2755E+00  1.3916E+01 -4.2961E-02  8.0394E-01  3.4346E-01  1.9611E+00 -3.4164E-01
  5.2862E+00  1.3952E+01 -4.2765E-02  8.0029E-01  3.4346E-01  1.9615E+00 -3.4162E-01
  5.2969E+00  1.3988E+01 -4.2570E-02  7.9663E-01  3.4346E-01  1.9619E+00 -3.4160E-01
  5.3076E+00  1.4023E+01 -4.2374E-02  7.9297E-01  3.4346E-01  1.9623E+00 -3.4158E-01
  5.3184E+00  1.4059E+01 -4.2177E-02  7.8928E-01  3.4346E-01  1.9627E+00 -3.4156E-01
  5.3291E+00  1.4095E+01 -4.1981E-02  7.8562E-01  3.4346E-01  1.9631E+00 -3.4154E-01
  5.3398E+00  1.4131E+01 -4.1786E-02  7.8196E-01  3.4345E-01  1.9636E+00 -3.4152E-01
  5.3505E+00  1.4167E+01 -4.1590E-02  7.7831E-01  3.4345E-01  1.9640E+00 -3.4150E-01
  5.3613E+00  1.4203E+01 -4.1393E-02  7.7462E-01  3.4345E-01  1.9644E+00 -3.4148E-01
  5.3720E+00  1.4238E+01 -4.1197E-02  7.7096E-01  3.4345E-01  1.9648E+00 -3.4146E-01
  5.3827E+00  1.4274E+01 -4.1001E-02  7.6731E-01  3.4345E-01  1.9652E+00 -3.4143E-01
  5.3934E+00  1.4310E+01 -4.0806E-02  7.6365E-01  3.4344E-01  1.9656E+00 -3.4141E-01
  5.4042E+00  1.4346E+01 -4.0608E-02  7.5996E-01  3.4344E-01  1.9661E+00 -3.4139E-01
  5.4149E+00  1.4381E+01 -4.0413E-02  7.5630E-01  3.4344E-01  1.9665E+00 -3.4137E-01
  5.4256E+00  1.4417E+01 -4.0217E-02  7.5265E-01  3.4344E-01  1.9669E+00 -3.4134E-01
  5.4363E+00  1.4453E+01 -4.0021E-02  7.4899E-01  3.4344E-01  1.9673E+00 -3.4132E-01
  5.4471E+00  1.4489E+01 -3.9824E-02  7.4531E-01  3.4344E-01  1.9677E+00 -3.4130E-01
  5.4578E+00  1.4525E+01 -3.9628E-02  7.4165E-01  3.4343E-01  1.9681E+00 -3.4127E-01
  5.4685E+00  1.4560E+01 -3.9433E-02  7.3800E-01  3.4343E-01  1.9686E+00 -3.4125E-01
  5.4792E+00  1.4596E+01 -3.9237E-02  7.3434E-01  3.4343E-01  1.9690E+00 -3.4122E-01
  5.4900E+00  1.4632E+01 -3.9040E-02  7.3066E-01  3.4343E-01  1.9694E+00 -3.4120E-01
  5.5007E+00  1.4668E+01 -3.8844E-02  7.2700E-01  3.4343E-01  1.9698E+00 -3.4117E-01
  5.5114E+00  1.4703E+01 -3.8648E-02  7.2335E-01  3.4342E-01  1.9702E+00 -3.4115E-01
  5.5221E+00  1.4739E+01 -3.8453E-02  7.1970E-01  3.4342E-01  1.9706E+00 -3.4112E-01
  5.5329E+00  1.4775E+01 -3.8255E-02  7.1601E-01  3.4342E-01  1.9711E+00 -3.4110E-01
  5.5436E+00  1.4811E+01 -3.8060E-02  7.1236E-01  3.4342E-01  1.9715E+00 -3.4107E-01
  5.5543E+00  1.4846E+01 -3.7864E-02  7.0871E-01  3.4342E-01  1.9719E+00 -3.4104E-01
  5.5650E+00  1.4882E+01 -3.7669E-02  7.0506E-01  3.4342E-01  1.9723E+00 -3.4101E-01
  5.5758E+00  1.4918E+01 -3.7471E-02  7.0137E-01  3.4341E-01  1.9727E+00 -3.4099E-01
  5.5865E+00  1.4954E+01 -3.7276E-02  6.9772E-01  3.4341E-01  1.9732E+00 -3.4096E-01
  5.5972E+00  1.4990E+01 -3.7080E-02  6.9407E-01  3.4341E-01  1.9736E+00 -3.4093E-01
  5.6079E+00  1.5025E+01 -3.6884E-02  6.9042E-01  3.4341E-01  1.9740E+00 -3.4090E-01
  5.6187E+00  1.5061E+01 -3.6687E-02  6.8674E-01  3.4341E-01  1.9744E+00 -3.4087E-01
  5.6294E+00  1.5097E+01 -3.6491E-02  6.8309E-01  3.4341E-01  1.9748E+00 -3.4084E-01
  5.6401E+00  1.5133E+01 -3.6296E-02  6.7944E-01  3.4340E-01  1.9752E+00 -3.4081E-01
  5.6508E+00  1.5168E+01 -3.6100E-02  6.7579E-01  3.4340E-01  1.9757E+00 -3.4078E-01
  5.6616E+00  1.5204E+01 -3.5903E-02  6.7211E-01  3.4340E-01  1.9761E+00 -3.4075E-01
  5.6723E+00  1.5240E+01 -3.5707E-02  6.6846E-01  3.4340E-01  1.9765E+00 -3.4071E-01
  5.6830E+00  1.5276E+01 -3.5512E-02  6.6481E-01  3.4340E-01  1.9769E+00 -3.4068E-01
  5.6937E+00  1.5312E+01 -3.5316E-02  6.6116E-01  3.4340E-01  1.9773E+00 -3.4065E-01
  5.7045E+00  1.5348E+01 -3.5119E-02  6.5748E-01  3.4339E-01  1.9778E+00 -3.4062E-01
  5.7152E+00  1.5383E+01 -3.4923E-02  6.5384E-01  3.4339E-01  1.9782E+00 -3.4058E-01
  5.7259E+00  1.5419E+01 -3.4727E-02  6.5019E-01  3.4339E-01  1.9786E+00 -3.4055E-01
  5.7366E+00  1.5455E+01 -3.4532E-02  6.4654E-01  3.4339E-01  1.9790E+00 -3.4051E-01
  5.7474E+00  1.5491E+01 -3.4334E-02  6.4286E-01  3.4339E-01  1.9794E+00 -3.4048E-01
  5.7581E+00  1.5526E+01 -3.4139E-02  6.3922E-01  3.4339E-01  1.9798E+00 -3.4044E-01
  5.7688E+00  1.5562E+01 -3.3943E-02  6.3557E-01  3.4338E-01  1.9803E+00 -3.4040E-01
  5.7795E+00  1.5598E+01 -3.3748E-02  6.3193E-01  3.4338E-01  1.9807E+00 -3.4036E-01
  5.7903E+00  1.5634E+01 -3.3550E-02  6.2825E-01  3.4338E-01  1.9811E+00 -3.4033E-01
  5.8010E+00  1.5670E+01 -3.3355E-02  6.2461E-01  3.4338E-01  1.9815E+00 -3.4029E-01
  5.8117E+00  1.5705E+01 -3.3159E-02  6.2097E-01  3.4338E-01  1.9819E+00 -3.4025E-01
  5.8224E+00  1.5741E+01 -3.2964E-02  6.1732E-01  3.4338E-01  1.9823E+00 -3.4021E-01
  5.8332E+00  1.5777E+01 -3.2766E-02  6.1365E-01  3.4337E-01  1.9828E+00 -3.4017E-01
  5.8439E+00  1.5813E+01 -3.2571E-02  6.1001E-01  3.4337E-01  1.9832E+00 -3.4012E-01
  5.8546E+00  1.5848E+01 -3.2375E-02  6.0637E-01  3.4337E-01  1.9836E+00 -3.4008E-01
  5.8653E+00  1.5884E+01 -3.2179E-02  6.0272E-01  3.4337E-01  1.9840E+00 -3.4004E-01
  5.8761E+00  1.5920E+01 -3.1982E-02  5.9905E-01  3.4337E-01  1.9844E+00 -3.3999E-01
  5.8868E+00  1.5956E+01 -3.1786E-02  5.9541E-01  3.4337E-01  1.9848E+00 -3.3995E-01
  5.8975E+00  1.5992E+01 -3.1591E-02  5.9177E-01  3.4336E-01  1.9853E+00 -3.3990E-01
  5.9083E+00  1.6027E+01 -3.1395E-02  5.8813E-01  3.4336E-01  1.9857E+00 -3.3986E-01
  5.9191E+00  1.6063E+01 -3.1198E-02  5.8446E-01  3.4336E-01  1.9861E+00 -3.3981E-01
  5.9298E+00  1.6099E+01 -3.1002E-02  5.8082E-01  3.4336E-01  1.9865E+00 -3.3976E-01
  5.9405E+00  1.6135E+01 -3.0807E-02  5.7719E-01  3.4336E-01  1.9869E+00 -3.3971E-01
  5.9512E+00  1.6170E+01 -3.0611E-02  5.7355E-01  3.4336E-01  1.9874E+00 -3.3966E-01
  5.9620E+00  1.6206E+01 -3.0414E-02  5.6988E-01  3.4335E-01  1.9878E+00 -3.3961E-01
  5.9727E+00  1.6242E+01 -3.0218E-02  5.6624E-01  3.4335E-01  1.9882E+00 -3.3956E-01
  5.9834E+00  1.6278E+01 -3.0023E-02  5.6261E-01  3.4335E-01  1.9886E+00 -3.3951E-01
  5.9941E+00  1.6314E+01 -2.9827E-02  5.5898E-01  3.4335E-01  1.9890E+00 -3.3946E-01
  6.0049E+00  1.6350E+01 -2.9630E-02  5.5531E-01  3.4335E-01  1.9894E+00 -3.3940E-01
  6.0156E+00  1.6385E+01 -2.9434E-02  5.5168E-01  3.4335E-01  1.9899E+00 -3.3934E-01
  6.0263E+00  1.6421E+01 -2.9238E-02  5.4804E-01  3.4335E-01  1.9903E+00 -3.3929E-01
  6.0370E+00  1.6457E+01 -2.9043E-02  5.4441E-01  3.4334E-01  1.9907E+00 -3.3923E-01
  6.0478E+00  1.6493E+01 -2.8846E-02  5.4075E-01  3.4334E-01  1.9911E+00 -3.3917E-01
  6.0585E+00  1.6528E+01 -2.8650E-02  5.3712E-01  3.4334E-01  1.9915E+00 -3.3911E-01
  6.0692E+00  1.6564E+01 -2.8454E-02  5.3349E-01  3.4334E-01  1.9919E+00 -3.3905E-01
  6.0799E+00  1.6600E+01 -2.8259E-02  5.2986E-01  3.4334E-01  1.9924E+00 -3.3899E-01
  6.0907E+00  1.6636E+01 -2.8061E-02  5.2619E-01  3.4334E-01  1.9928E+00 -3.3892E-01
  6.1014E+00  1.6672E+01 -2.7866E-02  5.2257E-01  3.4333E-01  1.9932E+00 -3.3886E-01
  6.1121E+00  1.6707E+01 -2.7670E-02  5.1894E-01  3.4333E-01  1.9936E+00 -3.3879E-01
  6.1228E+00  1.6743E+01 -2.7475E-02  5.1531E-01  3.4333E-01  1.9940E+00 -3.3872E-01
  6.1336E+00  1.6779E+01 -2.7277E-02  5.1165E-01  3.4333E-01  1.9945E+00 -3.3865E-01
  6.1443E+00  1.6815E+01 -2.7082E-02  5.0803E-01  3.4333E-01  1.9949E+00 -3.3858E-01
  6.1550E+00  1.6850E+01 -2.6886E-02  5.0441E-01  3.4333E-01  1.9953E+00 -3.3851E-01
  6.1657E+00  1.6886E+01 -2.6691E-02  5.0078E-01  3.4333E-01  1.9957E+00 -3.3843E-01
  6.1765E+00  1.6922E+01 -2.6493E-02  4.9713E-01  3.4332E-01  1.9961E+00 -3.3836E-01
  6.1872E+00  1.6958E+01 -2.6298E-02  4.9350E-01  3.4332E-01  1.9965E+00 -3.3828E-01
  6.1979E+00  1.6994E+01 -2.6102E-02  4.8988E-01  3.4332E-01  1.9970E+00 -3.3820E-01
  6.2086E+00  1.7029E+01 -2.5907E-02  4.8626E-01  3.4332E-01  1.9974E+00 -3.3812E-01
  6.2194E+00  1.7065E+01 -2.5709E-02  4.8261E-01  3.4332E-01  1.9978E+00 -3.3804E-01
  6.2301E+00  1.7101E+01 -2.5514E-02  4.7899E-01  3.4332E-01  1.9982E+00 -3.3795E-01
  6.2408E+00  1.7137E+01 -2.5318E-02  4.7538E-01  3.4332E-01  1.9986E+00 -3.3787E-01
  6.2515E+00  1.7172E+01 -2.5123E-02  4.7176E-01  3.4331E-01  1.9991E+00 -3.3778E-01
  6.2623E+00  1.7208E+01 -2.4925E-02  4.6811E-01  3.4331E-01  1.9995E+00 -3.3769E-01
  6.2730E+00  1.7244E+01 -2.4730E-02  4.6450E-01  3.4331E-01  1.9999E+00 -3.3759E-01
  6.2837E+00  1.7280E+01 -2.4534E-02  4.6089E-01  3.4331E-01  2.0003E+00 -3.3750E-01
  6.2944E+00  1.7315E+01 -2.4339E-02  4.5727E-01  3.4331E-01  2.0007E+00 -3.3740E-01
  6.3052E+00  1.7352E+01 -2.4141E-02  4.5363E-01  3.4331E-01  2.0011E+00 -3.3730E-01
  6.3130E+00  1.7377E+01 -2.3999E-02  4.5101E-01  3.4331E-01  2.0014E+00 -3.3723E-01
  6.3159E+00  1.7387E+01 -2.3946E-02  4.5002E-01  3.4331E-01  2.0016E+00 -3.3720E-01
  6.3266E+00  1.7423E+01 -2.3750E-02  4.4641E-01  3.4330E-01  2.0020E+00 -3.3710E-01
  6.3373E+00  1.7459E+01 -2.3555E-02  4.4280E-01  3.4330E-01  2.0024E+00 -3.3699E-01
  6.3481E+00  1.7495E+01 -2.3357E-02  4.3916E-01  3.4330E-01  2.0028E+00 -3.3688E-01
  6.3588E+00  1.7530E+01 -2.3162E-02  4.3556E-01  3.4330E-01  2.0032E+00 -3.3677E-01
  6.3695E+00  1.7566E+01 -2.2966E-02  4.3196E-01  3.4330E-01  2.0037E+00 -3.3665E-01
  6.3802E+00  1.7602E+01 -2.2771E-02  4.2835E-01  3.4330E-01  2.0041E+00 -3.3653E-01
  6.3910E+00  1.7638E+01 -2.2573E-02  4.2472E-01  3.4330E-01  2.0045E+00 -3.3641E-01
  6.4017E+00  1.7673E+01 -2.2378E-02  4.2112E-01  3.4329E-01  2.0049E+00 -3.3629E-01
  6.4124E+00  1.7709E+01 -2.2182E-02  4.1752E-01  3.4329E-01  2.0053E+00 -3.3616E-01
  6.4231E+00  1.7745E+01 -2.1987E-02  4.1392E-01  3.4329E-01  2.0057E+00 -3.3603E-01
  6.4339E+00  1.7781E+01 -2.1789E-02  4.1029E-01  3.4329E-01  2.0062E+00 -3.3590E-01
  6.4446E+00  1.7817E+01 -2.1594E-02  4.0670E-01  3.4329E-01  2.0066E+00 -3.3576E-01
  6.4553E+00  1.7852E+01 -2.1398E-02  4.0311E-01  3.4329E-01  2.0070E+00 -3.3562E-01
  6.4660E+00  1.7888E+01 -2.1203E-02  3.9952E-01  3.4329E-01  2.0074E+00 -3.3547E-01
  6.4768E+00  1.7924E+01 -2.1005E-02  3.9589E-01  3.4329E-01  2.0078E+00 -3.3532E-01
  6.4875E+00  1.7960E+01 -2.0810E-02  3.9231E-01  3.4328E-01  2.0083E+00 -3.3517E-01
  6.4982E+00  1.7995E+01 -2.0614E-02  3.8872E-01  3.4328E-01  2.0087E+00 -3.3501E-01
  6.5089E+00  1.8031E+01 -2.0419E-02  3.8514E-01  3.4328E-01  2.0091E+00 -3.3485E-01
  6.5197E+00  1.8067E+01 -2.0221E-02  3.8152E-01  3.4328E-01  2.0095E+00 -3.3469E-01
  6.5304E+00  1.8103E+01 -2.0026E-02  3.7794E-01  3.4328E-01  2.0099E+00 -3.3451E-01
  6.5411E+00  1.8139E+01 -1.9830E-02  3.7436E-01  3.4328E-01  2.0103E+00 -3.3434E-01
  6.5518E+00  1.8174E+01 -1.9635E-02  3.7078E-01  3.4328E-01  2.0108E+00 -3.3416E-01
  6.5626E+00  1.8210E+01 -1.9437E-02  3.6717E-01  3.4328E-01  2.0112E+00 -3.3397E-01
  6.5733E+00  1.8246E+01 -1.9242E-02  3.6360E-01  3.4327E-01  2.0116E+00 -3.3378E-01
  6.5841E+00  1.8282E+01 -1.9046E-02  3.6003E-01  3.4327E-01  2.0120E+00 -3.3358E-01
  6.5948E+00  1.8317E+01 -1.8851E-02  3.5646E-01  3.4327E-01  2.0124E+00 -3.3338E-01
  6.6056E+00  1.8353E+01 -1.8653E-02  3.5286E-01  3.4327E-01  2.0129E+00 -3.3317E-01
  6.6163E+00  1.8389E+01 -1.8458E-02  3.4930E-01  3.4327E-01  2.0133E+00 -3.3295E-01
  6.6270E+00  1.8425E+01 -1.8262E-02  3.4574E-01  3.4327E-01  2.0137E+00 -3.3273E-01
  6.6377E+00  1.8461E+01 -1.8067E-02  3.4218E-01  3.4327E-01  2.0141E+00 -3.3250E-01
  6.6485E+00  1.8497E+01 -1.7869E-02  3.3859E-01  3.4327E-01  2.0145E+00 -3.3226E-01
  6.6592E+00  1.8532E+01 -1.7674E-02  3.3504E-01  3.4326E-01  2.0149E+00 -3.3201E-01
  6.6699E+00  1.8568E+01 -1.7478E-02  3.3149E-01  3.4326E-01  2.0154E+00 -3.3176E-01
  6.6806E+00  1.8604E+01 -1.7283E-02  3.2794E-01  3.4326E-01  2.0158E+00 -3.3150E-01
  6.6914E+00  1.8640E+01 -1.7085E-02  3.2436E-01  3.4326E-01  2.0162E+00 -3.3123E-01
  6.7021E+00  1.8675E+01 -1.6890E-02  3.2082E-01  3.4326E-01  2.0166E+00 -3.3095E-01
  6.7128E+00  1.8711E+01 -1.6694E-02  3.1728E-01  3.4326E-01  2.0170E+00 -3.3066E-01
  6.7235E+00  1.8747E+01 -1.6499E-02  3.1374E-01  3.4326E-01  2.0175E+00 -3.3036E-01
  6.7343E+00  1.8783E+01 -1.6302E-02  3.1018E-01  3.4326E-01  2.0179E+00 -3.3005E-01
  6.7450E+00  1.8819E+01 -1.6106E-02  3.0665E-01  3.4325E-01  2.0183E+00 -3.2973E-01
  6.7557E+00  1.8854E+01 -1.5911E-02  3.0312E-01  3.4325E-01  2.0187E+00 -3.2940E-01
  6.7664E+00  1.8890E+01 -1.5715E-02  2.9960E-01  3.4325E-01  2.0191E+00 -3.2906E-01
  6.7772E+00  1.8926E+01 -1.5518E-02  2.9605E-01  3.4325E-01  2.0196E+00 -3.2870E-01
  6.7879E+00  1.8962E+01 -1.5322E-02  2.9253E-01  3.4325E-01  2.0200E+00 -3.2834E-01
  6.7986E+00  1.8997E+01 -1.5127E-02  2.8902E-01  3.4325E-01  2.0204E+00 -3.2796E-01
  6.8093E+00  1.9033E+01 -1.4931E-02  2.8552E-01  3.4325E-01  2.0208E+00 -3.2756E-01
  6.8201E+00  1.9069E+01 -1.4734E-02  2.8198E-01  3.4325E-01  2.0212E+00 -3.2715E-01
  6.8308E+00  1.9105E+01 -1.4538E-02  2.7849E-01  3.4325E-01  2.0216E+00 -3.2672E-01
  6.8415E+00  1.9141E+01 -1.4343E-02  2.7499E-01  3.4324E-01  2.0221E+00 -3.2628E-01
  6.8522E+00  1.9176E+01 -1.4147E-02  2.7151E-01  3.4324E-01  2.0225E+00 -3.2582E-01
  6.8630E+00  1.9212E+01 -1.3950E-02  2.6799E-01  3.4324E-01  2.0229E+00 -3.2534E-01
  6.8737E+00  1.9248E+01 -1.3754E-02  2.6451E-01  3.4324E-01  2.0233E+00 -3.2485E-01
  6.8844E+00  1.9284E+01 -1.3559E-02  2.6104E-01  3.4324E-01  2.0237E+00 -3.2433E-01
  6.8951E+00  1.9319E+01 -1.3363E-02  2.5758E-01  3.4324E-01  2.0242E+00 -3.2379E-01
  6.9059E+00  1.9355E+01 -1.3166E-02  2.5408E-01  3.4324E-01  2.0246E+00 -3.2323E-01
  6.9166E+00  1.9391E+01 -1.2970E-02  2.5063E-01  3.4324E-01  2.0250E+00 -3.2264E-01
  6.9273E+00  1.9427E+01 -1.2775E-02  2.4718E-01  3.4324E-01  2.0254E+00 -3.2204E-01
  6.9380E+00  1.9463E+01 -1.2579E-02  2.4374E-01  3.4323E-01  2.0258E+00 -3.2140E-01
  6.9488E+00  1.9499E+01 -1.2382E-02  2.4028E-01  3.4323E-01  2.0263E+00 -3.2074E-01
  6.9595E+00  1.9534E+01 -1.2187E-02  2.3685E-01  3.4323E-01  2.0267E+00 -3.2005E-01
  6.9702E+00  1.9570E+01 -1.1991E-02  2.3343E-01  3.4323E-01  2.0271E+00 -3.1932E-01
  6.9809E+00  1.9606E+01 -1.1796E-02  2.3002E-01  3.4323E-01  2.0275E+00 -3.1857E-01
  6.9917E+00  1.9642E+01 -1.1598E-02  2.2659E-01  3.4323E-01  2.0279E+00 -3.1778E-01
  7.0024E+00  1.9677E+01 -1.1403E-02  2.2320E-01  3.4323E-01  2.0284E+00 -3.1695E-01
  7.0131E+00  1.9713E+01 -1.1207E-02  2.1981E-01  3.4323E-01  2.0288E+00 -3.1609E-01
  7.0238E+00  1.9749E+01 -1.1012E-02  2.1644E-01  3.4323E-01  2.0292E+00 -3.1518E-01
  7.0346E+00  1.9785E+01 -1.0814E-02  2.1304E-01  3.4322E-01  2.0296E+00 -3.1423E-01
  7.0453E+00  1.9821E+01 -1.0619E-02  2.0969E-01  3.4322E-01  2.0300E+00 -3.1323E-01
  7.0560E+00  1.9856E+01 -1.0423E-02  2.0634E-01  3.4322E-01  2.0304E+00 -3.1219E-01
  7.0667E+00  1.9892E+01 -1.0228E-02  2.0301E-01  3.4322E-01  2.0309E+00 -3.1110E-01
  7.0775E+00  1.9928E+01 -1.0030E-02  1.9966E-01  3.4322E-01  2.0313E+00 -3.0994E-01
  7.0882E+00  1.9964E+01 -9.8349E-03  1.9636E-01  3.4322E-01  2.0317E+00 -3.0873E-01
  7.0989E+00  1.9999E+01 -9.6394E-03  1.9306E-01  3.4322E-01  2.0321E+00 -3.0746E-01
  7.1096E+00  2.0035E+01 -9.4439E-03  1.8979E-01  3.4322E-01  2.0325E+00 -3.0612E-01
  7.1204E+00  2.0071E+01 -9.2465E-03  1.8649E-01  3.4322E-01  2.0330E+00 -3.0469E-01
  7.1311E+00  2.0107E+01 -9.0510E-03  1.8324E-01  3.4318E-01  2.0332E+00 -3.0317E-01
  7.1418E+00  2.0142E+01 -8.8557E-03  1.8002E-01  3.4137E-01  2.0294E+00 -2.9973E-01
  7.1525E+00  2.0178E+01 -8.6632E-03  1.7687E-01  3.3325E-01  2.0266E+00 -2.8892E-01
  7.1633E+00  2.0214E+01 -8.4742E-03  1.7382E-01  3.2404E-01  2.0269E+00 -2.7648E-01
  7.1740E+00  2.0250E+01 -8.2925E-03  1.7093E-01  3.1520E-01  2.0273E+00 -2.6421E-01
  7.1847E+00  2.0286E+01 -8.1161E-03  1.6817E-01  3.0667E-01  2.0276E+00 -2.5202E-01
  7.1954E+00  2.0321E+01 -7.9450E-03  1.6554E-01  2.9845E-01  2.0279E+00 -2.3990E-01
  7.2062E+00  2.0357E+01 -7.7774E-03  1.6302E-01  2.9050E-01  2.0283E+00 -2.2776E-01
  7.2169E+00  2.0393E+01 -7.6163E-03  1.6065E-01  2.8436E-01  2.0314E+00 -2.1743E-01
  7.2276E+00  2.0429E+01 -7.4577E-03  1.5835E-01  2.8338E-01  2.0338E+00 -2.1367E-01
  7.2383E+00  2.0464E+01 -7.2994E-03  1.5608E-01  2.8337E-01  2.0341E+00 -2.1124E-01
  7.2491E+00  2.0500E+01 -7.1396E-03  1.5382E-01  2.8336E-01  2.0344E+00 -2.0869E-01
  7.2598E+00  2.0536E+01 -6.9812E-03  1.5160E-01  2.8336E-01  2.0346E+00 -2.0606E-01
  7.2706E+00  2.0572E+01 -6.8229E-03  1.4941E-01  2.8336E-01  2.0349E+00 -2.0331E-01
  7.2813E+00  2.0608E+01 -6.6646E-03  1.4726E-01  2.8336E-01  2.0352E+00 -2.0044E-01
  7.2921E+00  2.0644E+01 -6.5048E-03  1.4511E-01  2.8336E-01  2.0354E+00 -1.9741E-01
  7.3028E+00  2.0679E+01 -6.3464E-03  1.4302E-01  2.8336E-01  2.0357E+00 -1.9427E-01
  7.3135E+00  2.0715E+01 -6.1881E-03  1.4097E-01  2.8336E-01  2.0360E+00 -1.9100E-01
  7.3242E+00  2.0751E+01 -6.0298E-03  1.3895E-01  2.8336E-01  2.0362E+00 -1.8757E-01
  7.3350E+00  2.0787E+01 -5.8699E-03  1.3695E-01  2.8336E-01  2.0365E+00 -1.8397E-01
  7.3457E+00  2.0822E+01 -5.7116E-03  1.3500E-01  2.8336E-01  2.0367E+00 -1.8023E-01
  7.3564E+00  2.0858E+01 -5.5533E-03  1.3310E-01  2.8336E-01  2.0370E+00 -1.7634E-01
  7.3671E+00  2.0894E+01 -5.3949E-03  1.3124E-01  2.8336E-01  2.0373E+00 -1.7227E-01
  7.3779E+00  2.0930E+01 -5.2351E-03  1.2941E-01  2.8336E-01  2.0375E+00 -1.6799E-01
  7.3886E+00  2.0966E+01 -5.0768E-03  1.2764E-01  2.8336E-01  2.0378E+00 -1.6357E-01
  7.3993E+00  2.1001E+01 -4.9184E-03  1.2592E-01  2.8336E-01  2.0381E+00 -1.5896E-01
  7.4100E+00  2.1037E+01 -4.7601E-03  1.2426E-01  2.8336E-01  2.0383E+00 -1.5417E-01
  7.4208E+00  2.1073E+01 -4.6003E-03  1.2263E-01  2.8335E-01  2.0386E+00 -1.4913E-01
  7.4315E+00  2.1109E+01 -4.4419E-03  1.2107E-01  2.8335E-01  2.0389E+00 -1.4394E-01
  7.4422E+00  2.1144E+01 -4.2836E-03  1.1956E-01  2.8335E-01  2.0391E+00 -1.3854E-01
  7.4529E+00  2.1180E+01 -4.1252E-03  1.1812E-01  2.8335E-01  2.0394E+00 -1.3294E-01
  7.4637E+00  2.1216E+01 -3.9654E-03  1.1672E-01  2.8335E-01  2.0397E+00 -1.2709E-01
  7.4744E+00  2.1252E+01 -3.8070E-03  1.1540E-01  2.8335E-01  2.0399E+00 -1.2108E-01
  7.4851E+00  2.1288E+01 -3.6487E-03  1.1415E-01  2.8335E-01  2.0402E+00 -1.1486E-01
  7.4958E+00  2.1323E+01 -3.4903E-03  1.1297E-01  2.8335E-01  2.0405E+00 -1.0844E-01
  7.5066E+00  2.1359E+01 -3.3305E-03  1.1184E-01  2.8335E-01  2.0407E+00 -1.0176E-01
  7.5173E+00  2.1395E+01 -3.1721E-03  1.1080E-01  2.8335E-01  2.0410E+00 -9.4943E-02
  7.5280E+00  2.1431E+01 -3.0137E-03  1.0983E-01  2.8335E-01  2.0413E+00 -8.7938E-02
  7.5387E+00  2.1466E+01 -2.8554E-03  1.0894E-01  2.8335E-01  2.0415E+00 -8.0753E-02
  7.5495E+00  2.1502E+01 -2.6955E-03  1.0812E-01  2.8335E-01  2.0418E+00 -7.3325E-02
  7.5602E+00  2.1538E+01 -2.5371E-03  1.0738E-01  2.8335E-01  2.0421E+00 -6.5806E-02
  7.5709E+00  2.1574E+01 -2.3788E-03  1.0673E-01  2.8335E-01  2.0423E+00 -5.8138E-02
  7.5816E+00  2.1610E+01 -2.2204E-03  1.0616E-01  2.8335E-01  2.0426E+00 -5.0337E-02
  7.5924E+00  2.1646E+01 -2.0605E-03  1.0568E-01  2.8335E-01  2.0428E+00 -4.2344E-02
  7.6031E+00  2.1681E+01 -1.9021E-03  1.0528E-01  2.8335E-01  2.0431E+00 -3.4323E-02
  7.6138E+00  2.1717E+01 -1.7438E-03  1.0497E-01  2.8335E-01  2.0434E+00 -2.6220E-02
  7.6245E+00  2.1753E+01 -1.5854E-03  1.0474E-01  2.8335E-01  2.0436E+00 -1.8054E-02
  7.6353E+00  2.1789E+01 -1.4255E-03  1.0461E-01  2.8335E-01  2.0439E+00 -9.7672E-03
  7.6460E+00  2.1824E+01 -1.2671E-03  1.0456E-01  2.8335E-01  2.0442E+00 -1.5348E-03
  7.6567E+00  2.1860E+01 -1.1087E-03  1.0460E-01  2.8335E-01  2.0444E+00  6.6994E-03
  7.6674E+00  2.1896E+01 -9.5034E-04  1.0473E-01  2.8335E-01  2.0447E+00  1.4915E-02
  7.6782E+00  2.1932E+01 -7.9046E-04  1.0495E-01  2.8335E-01  2.0450E+00  2.3167E-02
  7.6889E+00  2.1968E+01 -6.3207E-04  1.0525E-01  2.8335E-01  2.0452E+00  3.1282E-02
  7.6996E+00  2.2003E+01 -4.7367E-04  1.0565E-01  2.8335E-01  2.0455E+00  3.9318E-02
  7.7103E+00  2.2039E+01 -3.1528E-04  1.0612E-01  2.8335E-01  2.0458E+00  4.7256E-02
  7.7211E+00  2.2075E+01 -1.5539E-04  1.0669E-01  2.8335E-01  2.0460E+00  5.5152E-02
  7.7318E+00  2.2111E+01  3.0075E-06  1.0734E-01  2.8335E-01  2.0463E+00  6.2844E-02
  7.7425E+00  2.2146E+01  1.6141E-04  1.0807E-01  2.8335E-01  2.0466E+00  7.0390E-02
  7.7532E+00  2.2182E+01  3.1981E-04  1.0887E-01  2.8335E-01  2.0468E+00  7.7778E-02
  7.7640E+00  2.2218E+01  4.7970E-04  1.0977E-01  2.8335E-01  2.0471E+00  8.5064E-02
  7.7747E+00  2.2254E+01  6.3811E-04  1.1073E-01  2.8335E-01  2.0474E+00  9.2102E-02
  7.7854E+00  2.2290E+01  7.9652E-04  1.1177E-01  2.8335E-01  2.0476E+00  9.8953E-02
  7.7961E+00  2.2325E+01  9.5493E-04  1.1288E-01  2.8335E-01  2.0479E+00  1.0561E-01
  7.8069E+00  2.2361E+01  1.1148E-03  1.1407E-01  2.8335E-01  2.0482E+00  1.1213E-01
  7.8176E+00  2.2397E+01  1.2732E-03  1.1532E-01  2.8335E-01  2.0484E+00  1.1838E-01
  7.8283E+00  2.2433E+01  1.4317E-03  1.1663E-01  2.8335E-01  2.0487E+00  1.2443E-01
  7.8390E+00  2.2468E+01  1.5901E-03  1.1801E-01  2.8335E-01  2.0490E+00  1.3028E-01
  7.8498E+00  2.2504E+01  1.7500E-03  1.1947E-01  2.8335E-01  2.0492E+00  1.3597E-01
  7.8605E+00  2.2540E+01  1.9084E-03  1.2097E-01  2.8336E-01  2.0495E+00  1.4140E-01
  7.8712E+00  2.2576E+01  2.0668E-03  1.2252E-01  2.8336E-01  2.0498E+00  1.4664E-01
  7.8819E+00  2.2611E+01  2.2252E-03  1.2413E-01  2.8336E-01  2.0500E+00  1.5167E-01
  7.8927E+00  2.2648E+01  2.3852E-03  1.2581E-01  2.8336E-01  2.0503E+00  1.5656E-01
  7.9034E+00  2.2683E+01  2.5436E-03  1.2753E-01  2.8336E-01  2.0506E+00  1.6121E-01
  7.9141E+00  2.2719E+01  2.7020E-03  1.2929E-01  2.8336E-01  2.0508E+00  1.6567E-01
  7.9248E+00  2.2755E+01  2.8604E-03  1.3110E-01  2.8336E-01  2.0511E+00  1.6995E-01
  7.9356E+00  2.2791E+01  3.0203E-03  1.3298E-01  2.8336E-01  2.0514E+00  1.7409E-01
  7.9463E+00  2.2826E+01  3.1788E-03  1.3488E-01  2.8336E-01  2.0516E+00  1.7803E-01
  7.9571E+00  2.2862E+01  3.3372E-03  1.3682E-01  2.8336E-01  2.0519E+00  1.8180E-01
  7.9678E+00  2.2898E+01  3.4956E-03  1.3880E-01  2.8336E-01  2.0522E+00  1.8541E-01
  7.9786E+00  2.2934E+01  3.6556E-03  1.4083E-01  2.8336E-01  2.0524E+00  1.8891E-01
  7.9893E+00  2.2969E+01  3.8140E-03  1.4289E-01  2.8337E-01  2.0527E+00  1.9222E-01
  8.0000E+00  2.3005E+01  3.9724E-03  1.4498E-01  2.8337E-01  2.0530E+00  1.9539E-01
  8.0107E+00  2.3041E+01  4.1309E-03  1.4710E-01  2.8337E-01  2.0532E+00  1.9843E-01
  8.0215E+00  2.3077E+01  4.2908E-03  1.4927E-01  2.8337E-01  2.0535E+00  2.0136E-01
  8.0322E+00  2.3113E+01  4.4492E-03  1.5146E-01  2.8337E-01  2.0538E+00  2.0415E-01
  8.0429E+00  2.3148E+01  4.6077E-03  1.5367E-01  2.8337E-01  2.0540E+00  2.0681E-01
  8.0536E+00  2.3184E+01  4.7661E-03  1.5591E-01  2.8337E-01  2.0543E+00  2.0937E-01
  8.0644E+00  2.3220E+01  4.9260E-03  1.5820E-01  2.8337E-01  2.0546E+00  2.1183E-01
  8.0751E+00  2.3256E+01  5.0845E-03  1.6049E-01  2.8337E-01  2.0548E+00  2.1417E-01
  8.0858E+00  2.3291E+01  5.2429E-03  1.6281E-01  2.8337E-01  2.0551E+00  2.1641E-01
  8.0965E+00  2.3327E+01  5.4014E-03  1.6515E-01  2.8338E-01  2.0554E+00  2.1856E-01
  8.1073E+00  2.3363E+01  5.5613E-03  1.6754E-01  2.8338E-01  2.0556E+00  2.2064E-01
  8.1180E+00  2.3399E+01  5.7198E-03  1.6993E-01  2.8338E-01  2.0559E+00  2.2261E-01
  8.1287E+00  2.3435E+01  5.8782E-03  1.7233E-01  2.8338E-01  2.0562E+00  2.2450E-01
  8.1394E+00  2.3470E+01  6.0367E-03  1.7476E-01  2.8338E-01  2.0564E+00  2.2632E-01
  8.1502E+00  2.3506E+01  6.1966E-03  1.7723E-01  2.8338E-01  2.0567E+00  2.2807E-01
  8.1609E+00  2.3542E+01  6.3551E-03  1.7969E-01  2.8338E-01  2.0570E+00  2.2974E-01
  8.1716E+00  2.3578E+01  6.5135E-03  1.8217E-01  2.8338E-01  2.0572E+00  2.3134E-01
  8.1823E+00  2.3613E+01  6.6720E-03  1.8467E-01  2.8338E-01  2.0575E+00  2.3288E-01
  8.1931E+00  2.3649E+01  6.8319E-03  1.8721E-01  2.8339E-01  2.0578E+00  2.3437E-01
  8.2038E+00  2.3685E+01  6.9904E-03  1.8973E-01  2.8339E-01  2.0580E+00  2.3579E-01
  8.2145E+00  2.3721E+01  7.1489E-03  1.9228E-01  2.8339E-01  2.0583E+00  2.3715E-01
  8.2252E+00  2.3757E+01  7.3073E-03  1.9484E-01  2.8339E-01  2.0586E+00  2.3846E-01
  8.2360E+00  2.3793E+01  7.4673E-03  1.9743E-01  2.8339E-01  2.0588E+00  2.3973E-01
  8.2467E+00  2.3828E+01  7.6258E-03  2.0002E-01  2.8339E-01  2.0591E+00  2.4094E-01
  8.2574E+00  2.3864E+01  7.7842E-03  2.0261E-01  2.8339E-01  2.0594E+00  2.4210E-01
  8.2681E+00  2.3900E+01  7.9427E-03  2.0522E-01  2.8339E-01  2.0597E+00  2.4322E-01
  8.2789E+00  2.3936E+01  8.1027E-03  2.0787E-01  2.8340E-01  2.0599E+00  2.4431E-01
  8.2896E+00  2.3971E+01  8.2611E-03  2.1050E-01  2.8340E-01  2.0602E+00  2.4535E-01
  8.3003E+00  2.4007E+01  8.4196E-03  2.1315E-01  2.8340E-01  2.0605E+00  2.4635E-01
  8.3110E+00  2.4043E+01  8.5781E-03  2.1580E-01  2.8340E-01  2.0607E+00  2.4731E-01
  8.3218E+00  2.4079E+01  8.7380E-03  2.1849E-01  2.8340E-01  2.0610E+00  2.4825E-01
  8.3325E+00  2.4115E+01  8.8965E-03  2.2116E-01  2.8340E-01  2.0613E+00  2.4914E-01
  8.3432E+00  2.4150E+01  9.0550E-03  2.2385E-01  2.8340E-01  2.0615E+00  2.5000E-01
  8.3539E+00  2.4186E+01  9.2135E-03  2.2654E-01  2.8340E-01  2.0618E+00  2.5084E-01
  8.3647E+00  2.4222E+01  9.3734E-03  2.2927E-01  2.8341E-01  2.0621E+00  2.5165E-01
  8.3754E+00  2.4258E+01  9.5319E-03  2.3198E-01  2.8341E-01  2.0623E+00  2.5242E-01
  8.3861E+00  2.4293E+01  9.6904E-03  2.3469E-01  2.8341E-01  2.0626E+00  2.5317E-01
  8.3968E+00  2.4329E+01  9.8489E-03  2.3742E-01  2.8341E-01  2.0629E+00  2.5390E-01
  8.4076E+00  2.4365E+01  1.0009E-02  2.4018E-01  2.8341E-01  2.0631E+00  2.5460E-01
  8.4183E+00  2.4401E+01  1.0167E-02  2.4292E-01  2.8341E-01  2.0634E+00  2.5528E-01
  8.4290E+00  2.4437E+01  1.0326E-02  2.4567E-01  2.8341E-01  2.0637E+00  2.5593E-01
  8.4397E+00  2.4472E+01  1.0484E-02  2.4842E-01  2.8342E-01  2.0639E+00  2.5656E-01
  8.4505E+00  2.4508E+01  1.0644E-02  2.5121E-01  2.8342E-01  2.0642E+00  2.5718E-01
  8.4612E+00  2.4544E+01  1.0803E-02  2.5397E-01  2.8342E-01  2.0645E+00  2.5777E-01
  8.4719E+00  2.4580E+01  1.0961E-02  2.5675E-01  2.8342E-01  2.0648E+00  2.5835E-01
  8.4826E+00  2.4615E+01  1.1120E-02  2.5953E-01  2.8342E-01  2.0650E+00  2.5890E-01
  8.4934E+00  2.4651E+01  1.1280E-02  2.6234E-01  2.8342E-01  2.0653E+00  2.5944E-01
  8.5041E+00  2.4687E+01  1.1438E-02  2.6513E-01  2.8342E-01  2.0656E+00  2.5996E-01
  8.5148E+00  2.4723E+01  1.1597E-02  2.6793E-01  2.8343E-01  2.0658E+00  2.6047E-01
  8.5255E+00  2.4759E+01  1.1755E-02  2.7073E-01  2.8343E-01  2.0661E+00  2.6095E-01
  8.5363E+00  2.4795E+01  1.1915E-02  2.7356E-01  2.8343E-01  2.0664E+00  2.6143E-01
  8.5470E+00  2.4830E+01  1.2074E-02  2.7637E-01  2.8343E-01  2.0666E+00  2.6189E-01
  8.5577E+00  2.4866E+01  1.2232E-02  2.7919E-01  2.8343E-01  2.0669E+00  2.6234E-01
  8.5684E+00  2.4902E+01  1.2391E-02  2.8201E-01  2.8343E-01  2.0672E+00  2.6277E-01
  8.5792E+00  2.4938E+01  1.2551E-02  2.8486E-01  2.8343E-01  2.0674E+00  2.6319E-01
  8.5899E+00  2.4973E+01  1.2709E-02  2.8769E-01  2.8344E-01  2.0677E+00  2.6360E-01
  8.6006E+00  2.5009E+01  1.2868E-02  2.9053E-01  2.8344E-01  2.0680E+00  2.6400E-01
  8.6113E+00  2.5045E+01  1.3026E-02  2.9337E-01  2.8344E-01  2.0683E+00  2.6438E-01
  8.6221E+00  2.5081E+01  1.3186E-02  2.9623E-01  2.8344E-01  2.0685E+00  2.6476E-01
  8.6329E+00  2.5117E+01  1.3345E-02  2.9908E-01  2.8344E-01  2.0688E+00  2.6512E-01
  8.6436E+00  2.5152E+01  1.3503E-02  3.0193E-01  2.8344E-01  2.0691E+00  2.6547E-01
  8.6543E+00  2.5188E+01  1.3662E-02  3.0479E-01  2.8345E-01  2.0693E+00  2.6582E-01
  8.6651E+00  2.5224E+01  1.3822E-02  3.0767E-01  2.8345E-01  2.0696E+00  2.6615E-01
  8.6758E+00  2.5260E+01  1.3980E-02  3.1053E-01  2.8345E-01  2.0699E+00  2.6648E-01
  8.6865E+00  2.5295E+01  1.4139E-02  3.1340E-01  2.8345E-01  2.0701E+00  2.6679E-01
  8.6972E+00  2.5331E+01  1.4297E-02  3.1626E-01  2.8345E-01  2.0704E+00  2.6710E-01
  8.7080E+00  2.5367E+01  1.4457E-02  3.1916E-01  2.8345E-01  2.0707E+00  2.6740E-01
  8.7187E+00  2.5403E+01  1.4616E-02  3.2204E-01  2.8345E-01  2.0710E+00  2.6769E-01
  8.7294E+00  2.5438E+01  1.4774E-02  3.2491E-01  2.8346E-01  2.0712E+00  2.6798E-01
  8.7401E+00  2.5474E+01  1.4933E-02  3.2779E-01  2.8346E-01  2.0715E+00  2.6825E-01
  8.7509E+00  2.5510E+01  1.5093E-02  3.3070E-01  2.8346E-01  2.0718E+00  2.6853E-01
  8.7616E+00  2.5546E+01  1.5252E-02  3.3359E-01  2.8346E-01  2.0720E+00  2.6879E-01
  8.7723E+00  2.5582E+01  1.5410E-02  3.3648E-01  2.8346E-01  2.0723E+00  2.6904E-01
  8.7830E+00  2.5617E+01  1.5569E-02  3.3937E-01  2.8346E-01  2.0726E+00  2.6929E-01
  8.7938E+00  2.5653E+01  1.5729E-02  3.4229E-01  2.8347E-01  2.0728E+00  2.6954E-01
  8.8045E+00  2.5689E+01  1.5887E-02  3.4519E-01  2.8347E-01  2.0731E+00  2.6977E-01
  8.8152E+00  2.5725E+01  1.6046E-02  3.4809E-01  2.8347E-01  2.0734E+00  2.7000E-01
  8.8259E+00  2.5760E+01  1.6204E-02  3.5099E-01  2.8347E-01  2.0737E+00  2.7023E-01
  8.8367E+00  2.5796E+01  1.6364E-02  3.5392E-01  2.8347E-01  2.0739E+00  2.7045E-01
  8.8474E+00  2.5832E+01  1.6523E-02  3.5682E-01  2.8347E-01  2.0742E+00  2.7067E-01
  8.8581E+00  2.5868E+01  1.6681E-02  3.5973E-01  2.8348E-01  2.0745E+00  2.7088E-01
  8.8688E+00  2.5904E+01  1.6840E-02  3.6264E-01  2.8348E-01  2.0747E+00  2.7108E-01
  8.8796E+00  2.5940E+01  1.7000E-02  3.6558E-01  2.8348E-01  2.0750E+00  2.7128E-01
  8.8903E+00  2.5975E+01  1.7158E-02  3.6850E-01  2.8348E-01  2.0753E+00  2.7148E-01
  8.9010E+00  2.6011E+01  1.7317E-02  3.7141E-01  2.8348E-01  2.0756E+00  2.7167E-01
  8.9117E+00  2.6047E+01  1.7475E-02  3.7433E-01  2.8349E-01  2.0758E+00  2.7185E-01
  8.9225E+00  2.6083E+01  1.7635E-02  3.7728E-01  2.8349E-01  2.0761E+00  2.7204E-01
  8.9332E+00  2.6118E+01  1.7794E-02  3.8020E-01  2.8349E-01  2.0764E+00  2.7222E-01
  8.9439E+00  2.6154E+01  1.7953E-02  3.8313E-01  2.8349E-01  2.0766E+00  2.7239E-01
  8.9546E+00  2.6190E+01  1.8111E-02  3.8605E-01  2.8349E-01  2.0769E+00  2.7256E-01
  8.9654E+00  2.6226E+01  1.8271E-02  3.8901E-01  2.8349E-01  2.0772E+00  2.7273E-01
  8.9761E+00  2.6262E+01  1.8430E-02  3.9194E-01  2.8350E-01  2.0775E+00  2.7289E-01
  8.9868E+00  2.6297E+01  1.8588E-02  3.9487E-01  2.8350E-01  2.0777E+00  2.7305E-01
  8.9975E+00  2.6333E+01  1.8747E-02  3.9780E-01  2.8350E-01  2.0780E+00  2.7320E-01
  9.0083E+00  2.6369E+01  1.8907E-02  4.0077E-01  2.8350E-01  2.0783E+00  2.7336E-01
  9.0190E+00  2.6405E+01  1.9065E-02  4.0370E-01  2.8350E-01  2.0785E+00  2.7351E-01
  9.0297E+00  2.6440E+01  1.9224E-02  4.0664E-01  2.8351E-01  2.0788E+00  2.7365E-01
  9.0404E+00  2.6476E+01  1.9382E-02  4.0958E-01  2.8351E-01  2.0791E+00  2.7380E-01
  9.0512E+00  2.6512E+01  1.9543E-02  4.1255E-01  2.8351E-01  2.0794E+00  2.7394E-01
  9.0619E+00  2.6548E+01  1.9701E-02  4.1549E-01  2.8351E-01  2.0796E+00  2.7407E-01
  9.0726E+00  2.6584E+01  1.9860E-02  4.1843E-01  2.8351E-01  2.0799E+00  2.7421E-01
  9.0833E+00  2.6619E+01  2.0018E-02  4.2138E-01  2.8351E-01  2.0802E+00  2.7434E-01
  9.0941E+00  2.6655E+01  2.0178E-02  4.2435E-01  2.8352E-01  2.0804E+00  2.7447E-01
  9.1048E+00  2.6691E+01  2.0337E-02  4.2730E-01  2.8352E-01  2.0807E+00  2.7459E-01
  9.1155E+00  2.6727E+01  2.0495E-02  4.3025E-01  2.8352E-01  2.0810E+00  2.7472E-01
  9.1262E+00  2.6762E+01  2.0654E-02  4.3320E-01  2.8352E-01  2.0813E+00  2.7484E-01
  9.1370E+00  2.6798E+01  2.0814E-02  4.3618E-01  2.8352E-01  2.0815E+00  2.7496E-01
  9.1477E+00  2.6834E+01  2.0973E-02  4.3913E-01  2.8353E-01  2.0818E+00  2.7508E-01
  9.1584E+00  2.6870E+01  2.1131E-02  4.4209E-01  2.8353E-01  2.0821E+00  2.7519E-01
  9.1691E+00  2.6906E+01  2.1290E-02  4.4504E-01  2.8353E-01  2.0824E+00  2.7530E-01
  9.1799E+00  2.6942E+01  2.1450E-02  4.4803E-01  2.8353E-01  2.0826E+00  2.7541E-01
  9.1906E+00  2.6977E+01  2.1608E-02  4.5099E-01  2.8353E-01  2.0829E+00  2.7552E-01
  9.2013E+00  2.7013E+01  2.1767E-02  4.5395E-01  2.8354E-01  2.0832E+00  2.7563E-01
  9.2120E+00  2.7049E+01  2.1925E-02  4.5691E-01  2.8354E-01  2.0834E+00  2.7573E-01
  9.2228E+00  2.7085E+01  2.2085E-02  4.5989E-01  2.8354E-01  2.0837E+00  2.7583E-01
  9.2335E+00  2.7120E+01  2.2244E-02  4.6286E-01  2.8354E-01  2.0840E+00  2.7593E-01
  9.2442E+00  2.7156E+01  2.2403E-02  4.6582E-01  2.8354E-01  2.0843E+00  2.7603E-01
  9.2549E+00  2.7192E+01  2.2561E-02  4.6878E-01  2.8355E-01  2.0845E+00  2.7613E-01
  9.2657E+00  2.7228E+01  2.2721E-02  4.7178E-01  2.8355E-01  2.0848E+00  2.7622E-01
  9.2764E+00  2.7264E+01  2.2880E-02  4.7474E-01  2.8355E-01  2.0851E+00  2.7631E-01
  9.2871E+00  2.7299E+01  2.3038E-02  4.7771E-01  2.8355E-01  2.0854E+00  2.7640E-01
  9.2978E+00  2.7335E+01  2.3197E-02  4.8068E-01  2.8355E-01  2.0856E+00  2.7649E-01
  9.3086E+00  2.7371E+01  2.3357E-02  4.8368E-01  2.8356E-01  2.0859E+00  2.7658E-01
  9.3194E+00  2.7407E+01  2.3516E-02  4.8665E-01  2.8356E-01  2.0862E+00  2.7667E-01
  9.3301E+00  2.7442E+01  2.3674E-02  4.8962E-01  2.8356E-01  2.0865E+00  2.7675E-01
  9.3408E+00  2.7478E+01  2.3833E-02  4.9259E-01  2.8356E-01  2.0867E+00  2.7684E-01
  9.3516E+00  2.7514E+01  2.3993E-02  4.9559E-01  2.8356E-01  2.0870E+00  2.7692E-01
  9.3623E+00  2.7550E+01  2.4151E-02  4.9856E-01  2.8357E-01  2.0873E+00  2.7700E-01
  9.3730E+00  2.7586E+01  2.4310E-02  5.0154E-01  2.8357E-01  2.0875E+00  2.7708E-01
  9.3837E+00  2.7621E+01  2.4469E-02  5.0451E-01  2.8357E-01  2.0878E+00  2.7716E-01
  9.3945E+00  2.7657E+01  2.4629E-02  5.0752E-01  2.8357E-01  2.0881E+00  2.7723E-01
  9.4052E+00  2.7693E+01  2.4787E-02  5.1049E-01  2.8358E-01  2.0884E+00  2.7731E-01
  9.4159E+00  2.7729E+01  2.4946E-02  5.1347E-01  2.8358E-01  2.0886E+00  2.7738E-01
  9.4266E+00  2.7764E+01  2.5104E-02  5.1645E-01  2.8358E-01  2.0889E+00  2.7745E-01
  9.4374E+00  2.7800E+01  2.5264E-02  5.1946E-01  2.8358E-01  2.0892E+00  2.7753E-01
  9.4481E+00  2.7836E+01  2.5423E-02  5.2244E-01  2.8358E-01  2.0895E+00  2.7760E-01
  9.4588E+00  2.7872E+01  2.5582E-02  5.2542E-01  2.8359E-01  2.0897E+00  2.7767E-01
  9.4695E+00  2.7907E+01  2.5740E-02  5.2840E-01  2.8359E-01  2.0900E+00  2.7773E-01
  9.4803E+00  2.7944E+01  2.5900E-02  5.3141E-01  2.8359E-01  2.0903E+00  2.7780E-01
  9.4910E+00  2.7979E+01  2.6059E-02  5.3439E-01  2.8359E-01  2.0906E+00  2.7787E-01
  9.5017E+00  2.8015E+01  2.6217E-02  5.3737E-01  2.8360E-01  2.0908E+00  2.7793E-01
  9.5124E+00  2.8051E+01  2.6376E-02  5.4036E-01  2.8360E-01  2.0911E+00  2.7800E-01
  9.5232E+00  2.8087E+01  2.6536E-02  5.4337E-01  2.8360E-01  2.0914E+00  2.7806E-01
  9.5339E+00  2.8122E+01  2.6695E-02  5.4636E-01  2.8360E-01  2.0917E+00  2.7812E-01
  9.5446E+00  2.8158E+01  2.6853E-02  5.4934E-01  2.8360E-01  2.0919E+00  2.7818E-01
  9.5553E+00  2.8194E+01  2.7012E-02  5.5233E-01  2.8361E-01  2.0922E+00  2.7824E-01
  9.5661E+00  2.8230E+01  2.7172E-02  5.5534E-01  2.8361E-01  2.0925E+00  2.7830E-01
  9.5768E+00  2.8265E+01  2.7331E-02  5.5833E-01  2.8361E-01  2.0928E+00  2.7836E-01
  9.5875E+00  2.8301E+01  2.7489E-02  5.6132E-01  2.8361E-01  2.0930E+00  2.7842E-01
  9.5982E+00  2.8337E+01  2.7648E-02  5.6431E-01  2.8362E-01  2.0933E+00  2.7847E-01
  9.6090E+00  2.8373E+01  2.7808E-02  5.6733E-01  2.8362E-01  2.0936E+00  2.7853E-01
  9.6197E+00  2.8409E+01  2.7966E-02  5.7032E-01  2.8362E-01  2.0939E+00  2.7858E-01
  9.6304E+00  2.8444E+01  2.8125E-02  5.7331E-01  2.8362E-01  2.0941E+00  2.7864E-01
  9.6411E+00  2.8480E+01  2.8284E-02  5.7630E-01  2.8362E-01  2.0944E+00  2.7869E-01
  9.6519E+00  2.8516E+01  2.8444E-02  5.7932E-01  2.8363E-01  2.0947E+00  2.7874E-01
  9.6626E+00  2.8552E+01  2.8602E-02  5.8231E-01  2.8363E-01  2.0950E+00  2.7880E-01
  9.6733E+00  2.8587E+01  2.8761E-02  5.8531E-01  2.8363E-01  2.0952E+00  2.7885E-01
  9.6840E+00  2.8623E+01  2.8919E-02  5.8830E-01  2.8363E-01  2.0955E+00  2.7890E-01
  9.6948E+00  2.8659E+01  2.9079E-02  5.9132E-01  2.8364E-01  2.0958E+00  2.7895E-01
  9.7055E+00  2.8695E+01  2.9238E-02  5.9432E-01  2.8364E-01  2.0961E+00  2.7900E-01
  9.7162E+00  2.8731E+01  2.9397E-02  5.9731E-01  2.8364E-01  2.0963E+00  2.7904E-01
  9.7269E+00  2.8766E+01  2.9555E-02  6.0031E-01  2.8364E-01  2.0966E+00  2.7909E-01
  9.7377E+00  2.8802E+01  2.9715E-02  6.0333E-01  2.8365E-01  2.0969E+00  2.7914E-01
  9.7484E+00  2.8838E+01  2.9874E-02  6.0633E-01  2.8365E-01  2.0972E+00  2.7918E-01
  9.7591E+00  2.8874E+01  3.0033E-02  6.0933E-01  2.8365E-01  2.0975E+00  2.7923E-01
  9.7698E+00  2.8909E+01  3.0191E-02  6.1232E-01  2.8365E-01  2.0977E+00  2.7927E-01
  9.7806E+00  2.8945E+01  3.0351E-02  6.1535E-01  2.8366E-01  2.0980E+00  2.7932E-01
  9.7913E+00  2.8981E+01  3.0510E-02  6.1835E-01  2.8366E-01  2.0983E+00  2.7936E-01
  9.8020E+00  2.9017E+01  3.0668E-02  6.2135E-01  2.8366E-01  2.0986E+00  2.7941E-01
  9.8127E+00  2.9053E+01  3.0827E-02  6.2435E-01  2.8366E-01  2.0988E+00  2.7945E-01
  9.8235E+00  2.9089E+01  3.0987E-02  6.2737E-01  2.8367E-01  2.0991E+00  2.7949E-01
  9.8342E+00  2.9124E+01  3.1146E-02  6.3037E-01  2.8367E-01  2.0994E+00  2.7953E-01
  9.8449E+00  2.9160E+01  3.1304E-02  6.3337E-01  2.8367E-01  2.0997E+00  2.7957E-01
  9.8556E+00  2.9196E+01  3.1463E-02  6.3638E-01  2.8367E-01  2.0999E+00  2.7961E-01
  9.8664E+00  2.9232E+01  3.1623E-02  6.3941E-01  2.8368E-01  2.1002E+00  2.7965E-01
  9.8771E+00  2.9267E+01  3.1781E-02  6.4241E-01  2.8368E-01  2.1005E+00  2.7969E-01
  9.8878E+00  2.9303E+01  3.1940E-02  6.4541E-01  2.8368E-01  2.1008E+00  2.7973E-01
  9.8985E+00  2.9339E+01  3.2099E-02  6.4841E-01  2.8368E-01  2.1011E+00  2.7977E-01
  9.9093E+00  2.9375E+01  3.2259E-02  6.5144E-01  2.8369E-01  2.1013E+00  2.7981E-01
  9.9200E+00  2.9411E+01  3.2417E-02  6.5445E-01  2.8369E-01  2.1016E+00  2.7985E-01
  9.9307E+00  2.9446E+01  3.2576E-02  6.5745E-01  2.8369E-01  2.1019E+00  2.7988E-01
  9.9414E+00  2.9482E+01  3.2735E-02  6.6046E-01  2.8370E-01  2.1022E+00  2.7992E-01
  9.9522E+00  2.9518E+01  3.2895E-02  6.6349E-01  2.8370E-01  2.1025E+00  2.7996E-01
  9.9629E+00  2.9554E+01  3.3053E-02  6.6649E-01  2.8370E-01  2.1027E+00  2.7999E-01
  9.9736E+00  2.9589E+01  3.3212E-02  6.6950E-01  2.8370E-01  2.1030E+00  2.8003E-01
  9.9843E+00  2.9625E+01  3.3370E-02  6.7251E-01  2.8371E-01  2.1033E+00  2.8006E-01
  9.9951E+00  2.9661E+01  3.3530E-02  6.7554E-01  2.8371E-01  2.1036E+00  2.8010E-01
  1.0006E+01  2.9697E+01  3.3689E-02  6.7855E-01  2.8371E-01  2.1038E+00  2.8013E-01
  1.0017E+01  2.9733E+01  3.3848E-02  6.8155E-01  2.8371E-01  2.1041E+00  2.8016E-01
  1.0027E+01  2.9768E+01  3.4006E-02  6.8456E-01  2.8372E-01  2.1044E+00  2.8020E-01
  1.0038E+01  2.9804E+01  3.4166E-02  6.8760E-01  2.8372E-01  2.1047E+00  2.8023E-01
  1.0049E+01  2.9840E+01  3.4325E-02  6.9060E-01  2.8372E-01  2.1050E+00  2.8026E-01
  1.0059E+01  2.9876E+01  3.4484E-02  6.9361E-01  2.8373E-01  2.1052E+00  2.8030E-01
  1.0070E+01  2.9911E+01  3.4642E-02  6.9662E-01  2.8373E-01  2.1055E+00  2.8033E-01
  1.0081E+01  2.9947E+01  3.4802E-02  6.9966E-01  2.8373E-01  2.1058E+00  2.8036E-01
  1.0092E+01  2.9983E+01  3.4961E-02  7.0267E-01  2.8373E-01  2.1061E+00  2.8039E-01
  1.0102E+01  3.0019E+01  3.5119E-02  7.0568E-01  2.8374E-01  2.1064E+00  2.8042E-01
  1.0113E+01  3.0055E+01  3.5278E-02  7.0869E-01  2.8374E-01  2.1066E+00  2.8045E-01
  1.0124E+01  3.0091E+01  3.5438E-02  7.1173E-01  2.8374E-01  2.1069E+00  2.8048E-01
  1.0135E+01  3.0126E+01  3.5597E-02  7.1474E-01  2.8375E-01  2.1072E+00  2.8051E-01
  1.0145E+01  3.0162E+01  3.5755E-02  7.1775E-01  2.8375E-01  2.1075E+00  2.8054E-01
  1.0156E+01  3.0198E+01  3.5914E-02  7.2076E-01  2.8375E-01  2.1078E+00  2.8057E-01
  1.0167E+01  3.0234E+01  3.6074E-02  7.2380E-01  2.8376E-01  2.1080E+00  2.8060E-01
  1.0177E+01  3.0269E+01  3.6232E-02  7.2681E-01  2.8376E-01  2.1083E+00  2.8063E-01
  1.0188E+01  3.0305E+01  3.6391E-02  7.2982E-01  2.8376E-01  2.1086E+00  2.8065E-01
  1.0199E+01  3.0341E+01  3.6550E-02  7.3284E-01  2.8376E-01  2.1089E+00  2.8068E-01
  1.0210E+01  3.0377E+01  3.6710E-02  7.3588E-01  2.8377E-01  2.1092E+00  2.8071E-01
  1.0220E+01  3.0413E+01  3.6868E-02  7.3889E-01  2.8377E-01  2.1094E+00  2.8074E-01
  1.0231E+01  3.0448E+01  3.7027E-02  7.4191E-01  2.8496E-01  2.0972E+00  2.8200E-01
  1.0242E+01  3.0484E+01  3.7190E-02  7.4501E-01  3.0318E-01  2.0230E+00  3.0062E-01
  1.0253E+01  3.0520E+01  3.7370E-02  7.4844E-01  3.3521E-01  2.0149E+00  3.3293E-01
  1.0263E+01  3.0556E+01  3.7566E-02  7.5219E-01  3.6772E-01  2.0153E+00  3.6567E-01
  1.0274E+01  3.0591E+01  3.7780E-02  7.5629E-01  4.0045E-01  2.0158E+00  3.9858E-01
  1.0285E+01  3.0627E+01  3.8011E-02  7.6074E-01  4.3338E-01  2.0164E+00  4.3167E-01
  1.0295E+01  3.0663E+01  3.8262E-02  7.6560E-01  4.6685E-01  2.0171E+00  4.6528E-01
  1.0306E+01  3.0699E+01  3.8529E-02  7.7078E-01  4.9893E-01  2.0316E+00  4.9746E-01
  1.0317E+01  3.0734E+01  3.8809E-02  7.7622E-01  5.1313E-01  2.1136E+00  5.1161E-01
  1.0328E+01  3.0770E+01  3.9092E-02  7.8171E-01  5.1372E-01  2.1235E+00  5.1221E-01
  1.0338E+01  3.0806E+01  3.9378E-02  7.8726E-01  5.1373E-01  2.1243E+00  5.1224E-01
  1.0349E+01  3.0842E+01  3.9661E-02  7.9276E-01  5.1373E-01  2.1252E+00  5.1226E-01
  1.0360E+01  3.0878E+01  3.9944E-02  7.9826E-01  5.1373E-01  2.1260E+00  5.1228E-01
  1.0371E+01  3.0913E+01  4.0227E-02  8.0376E-01  5.1374E-01  2.1269E+00  5.1230E-01
  1.0381E+01  3.0949E+01  4.0512E-02  8.0931E-01  5.1374E-01  2.1277E+00  5.1233E-01
  1.0392E+01  3.0985E+01  4.0795E-02  8.1481E-01  5.1374E-01  2.1285E+00  5.1235E-01
  1.0403E+01  3.1021E+01  4.1078E-02  8.2031E-01  5.1375E-01  2.1294E+00  5.1237E-01
  1.0413E+01  3.1056E+01  4.1361E-02  8.2581E-01  5.1375E-01  2.1302E+00  5.1239E-01
  1.0424E+01  3.1092E+01  4.1647E-02  8.3137E-01  5.1375E-01  2.1311E+00  5.1241E-01
  1.0435E+01  3.1128E+01  4.1929E-02  8.3687E-01  5.1376E-01  2.1319E+00  5.1243E-01
  1.0446E+01  3.1164E+01  4.2212E-02  8.4237E-01  5.1376E-01  2.1328E+00  5.1245E-01
  1.0456E+01  3.1200E+01  4.2495E-02  8.4787E-01  5.1376E-01  2.1336E+00  5.1247E-01
  1.0467E+01  3.1236E+01  4.2781E-02  8.5342E-01  5.1377E-01  2.1344E+00  5.1249E-01
  1.0478E+01  3.1271E+01  4.3064E-02  8.5892E-01  5.1377E-01  2.1353E+00  5.1251E-01
  1.0489E+01  3.1307E+01  4.3347E-02  8.6443E-01  5.1378E-01  2.1361E+00  5.1253E-01
  1.0499E+01  3.1343E+01  4.3630E-02  8.6993E-01  5.1378E-01  2.1370E+00  5.1254E-01
  1.0510E+01  3.1379E+01  4.3915E-02  8.7548E-01  5.1378E-01  2.1378E+00  5.1256E-01
  1.0521E+01  3.1414E+01  4.4198E-02  8.8098E-01  5.1379E-01  2.1387E+00  5.1258E-01
  1.0531E+01  3.1450E+01  4.4481E-02  8.8649E-01  5.1379E-01  2.1395E+00  5.1260E-01
  1.0542E+01  3.1486E+01  4.4764E-02  8.9199E-01  5.1379E-01  2.1404E+00  5.1262E-01
  1.0553E+01  3.1522E+01  4.5050E-02  8.9754E-01  5.1380E-01  2.1412E+00  5.1263E-01
  1.0564E+01  3.1558E+01  4.5333E-02  9.0305E-01  5.1380E-01  2.1420E+00  5.1265E-01
  1.0574E+01  3.1593E+01  4.5616E-02  9.0855E-01  5.1381E-01  2.1429E+00  5.1267E-01
  1.0585E+01  3.1629E+01  4.5898E-02  9.1405E-01  5.1381E-01  2.1437E+00  5.1268E-01
  1.0596E+01  3.1665E+01  4.6184E-02  9.1961E-01  5.1381E-01  2.1446E+00  5.1270E-01
  1.0607E+01  3.1701E+01  4.6467E-02  9.2511E-01  5.1382E-01  2.1454E+00  5.1272E-01
  1.0617E+01  3.1736E+01  4.6750E-02  9.3062E-01  5.1382E-01  2.1463E+00  5.1273E-01
  1.0628E+01  3.1772E+01  4.7033E-02  9.3612E-01  5.1382E-01  2.1471E+00  5.1275E-01
  1.0639E+01  3.1808E+01  4.7318E-02  9.4168E-01  5.1383E-01  2.1480E+00  5.1276E-01
  1.0649E+01  3.1844E+01  4.7601E-02  9.4718E-01  5.1383E-01  2.1488E+00  5.1278E-01
  1.0660E+01  3.1880E+01  4.7884E-02  9.5269E-01  5.1384E-01  2.1497E+00  5.1280E-01
  1.0671E+01  3.1915E+01  4.8167E-02  9.5819E-01  5.1384E-01  2.1505E+00  5.1281E-01
  1.0682E+01  3.1951E+01  4.8453E-02  9.6375E-01  5.1385E-01  2.1514E+00  5.1283E-01
  1.0692E+01  3.1987E+01  4.8736E-02  9.6925E-01  5.1385E-01  2.1522E+00  5.1284E-01
  1.0703E+01  3.2023E+01  4.9019E-02  9.7476E-01  5.1385E-01  2.1531E+00  5.1286E-01
  1.0714E+01  3.2058E+01  4.9302E-02  9.8026E-01  5.1386E-01  2.1539E+00  5.1287E-01
  1.0725E+01  3.2094E+01  4.9587E-02  9.8582E-01  5.1386E-01  2.1548E+00  5.1289E-01
  1.0746E+01  3.2166E+01  5.0154E-02  9.9686E-01  5.1387E-01  2.1565E+00  5.1291E-01
