 -5.1681E-01 -5.7566E+00  3.0601E+02  6.6449E-01  2.7029E+00  8.5376E+01  6.0387E-01
 -5.0616E-01 -5.7063E+00  2.9535E+02  6.1947E-01  2.7031E+00  7.9206E+01  6.5788E-01
 -4.9549E-01 -5.6559E+00  2.8467E+02  5.7464E-01  2.7033E+00  7.3022E+01  7.2007E-01
 -4.8481E-01 -5.6055E+00  2.7398E+02  5.3022E-01  2.7036E+00  6.6841E+01  7.9210E-01
 -4.7398E-01 -5.5544E+00  2.6315E+02  4.8573E-01  2.7038E+00  6.0581E+01  8.7755E-01
 -4.6331E-01 -5.5040E+00  2.5246E+02  4.4251E-01  2.7040E+00  5.4412E+01  9.7714E-01
 -4.5263E-01 -5.4536E+00  2.4177E+02  4.0020E-01  2.7043E+00  4.8252E+01  1.0957E+00
 -4.4180E-01 -5.4025E+00  2.3094E+02  3.5854E-01  2.7045E+00  4.2023E+01  1.2402E+00
 -4.3113E-01 -5.3521E+00  2.2025E+02  3.1915E-01  2.7046E+00  3.5901E+01  1.4123E+00
 -4.2045E-01 -5.3017E+00  2.0956E+02  2.8216E-01  2.7048E+00  2.9816E+01  1.6190E+00
 -4.0962E-01 -5.2506E+00  1.9873E+02  2.4821E-01  2.7050E+00  2.3716E+01  1.8650E+00
 -3.9895E-01 -5.2002E+00  1.8804E+02  2.1984E-01  2.7052E+00  1.7835E+01  2.1332E+00
 -3.8827E-01 -5.1498E+00  1.7735E+02  1.9875E-01  2.7053E+00  1.2288E+01  2.3898E+00
 -3.7744E-01 -5.0988E+00  1.6652E+02  1.8734E-01  2.7063E+00  7.7400E+00  2.5703E+00
 -3.6676E-01 -5.0484E+00  1.5584E+02  1.8770E-01  2.7268E+00  7.8139E+00  2.5902E+00
 -3.5602E-01 -4.9980E+00  1.4522E+02  1.9795E-01  2.9736E+00  1.9114E+01  2.2423E+00
 -3.4526E-01 -4.9485E+00  1.3501E+02  2.1267E-01  3.0385E+00  2.5909E+01  1.8600E+00
 -3.3454E-01 -4.9004E+00  1.2539E+02  2.3025E-01  2.9579E+00  2.9685E+01  1.6133E+00
 -3.2382E-01 -4.8535E+00  1.1629E+02  2.4990E-01  2.8778E+00  3.3215E+01  1.4309E+00
 -3.1318E-01 -4.8080E+00  1.0776E+02  2.7068E-01  2.8092E+00  3.6699E+01  1.2954E+00
 -3.0236E-01 -4.7627E+00  9.9543E+01  2.9254E-01  2.7490E+00  4.0203E+01  1.1944E+00
 -2.9163E-01 -4.7186E+00  9.1834E+01  3.1455E-01  2.6973E+00  4.3624E+01  1.1227E+00
 -2.8091E-01 -4.6753E+00  8.4536E+01  3.3662E-01  2.6523E+00  4.6982E+01  1.0728E+00
 -2.7018E-01 -4.6328E+00  7.7629E+01  3.5857E-01  2.6133E+00  5.0269E+01  1.0397E+00
 -2.5945E-01 -4.5909E+00  7.1092E+01  3.8027E-01  2.5792E+00  5.3478E+01  1.0196E+00
 -2.4873E-01 -4.5496E+00  6.4911E+01  4.0164E-01  2.5495E+00  5.6603E+01  1.0095E+00
 -2.3804E-01 -4.5090E+00  5.9091E+01  4.2256E-01  2.5237E+00  5.9629E+01  1.0075E+00
 -2.2727E-01 -4.4686E+00  5.3557E+01  4.4321E-01  2.5011E+00  6.2584E+01  1.0119E+00
 -2.1655E-01 -4.4288E+00  4.8360E+01  4.6337E-01  2.4814E+00  6.5431E+01  1.0215E+00
 -2.0586E-01 -4.3896E+00  4.3483E+01  4.8304E-01  2.4644E+00  6.8167E+01  1.0352E+00
 -1.9509E-01 -4.3506E+00  3.8870E+01  5.0243E-01  2.4495E+00  7.0816E+01  1.0526E+00
 -1.8438E-01 -4.3121E+00  3.4567E+01  5.2131E-01  2.4366E+00  7.3344E+01  1.0729E+00
 -1.7364E-01 -4.2738E+00  3.0529E+01  5.3988E-01  2.4255E+00  7.5768E+01  1.0959E+00
 -1.6295E-01 -4.2360E+00  2.6781E+01  5.5800E-01  2.4160E+00  7.8066E+01  1.1209E+00
 -1.5219E-01 -4.1982E+00  2.3277E+01  5.7591E-01  2.4079E+00  8.0258E+01  1.1480E+00
 -1.4154E-01 -4.1611E+00  2.0067E+01  5.9333E-01  2.4010E+00  8.2307E+01  1.1765E+00
 -1.3082E-01 -4.1240E+00  1.7090E+01  6.1061E-01  2.3953E+00  8.4243E+01  1.2067E+00
 -1.2005E-01 -4.0869E+00  1.4348E+01  6.2776E-01  2.3904E+00  8.6060E+01  1.2384E+00
 -1.0928E-01 -4.0501E+00  1.1858E+01  6.4470E-01  2.3864E+00  8.7741E+01  1.2713E+00
 -9.8599E-02 -4.0137E+00  9.6285E+00  6.6136E-01  2.3832E+00  8.9272E+01  1.3051E+00
 -8.7873E-02 -3.9773E+00  7.6286E+00  6.7798E-01  2.3807E+00  9.0670E+01  1.3399E+00
 -7.7107E-02 -3.9409E+00  5.8590E+00  6.9461E-01  2.3787E+00  9.1929E+01  1.3757E+00
 -6.6374E-02 -3.9047E+00  4.3297E+00  7.1118E-01  2.3772E+00  9.3034E+01  1.4122E+00
 -5.5647E-02 -3.8686E+00  3.0332E+00  7.2776E-01  2.3761E+00  9.3987E+01  1.4492E+00
 -4.4999E-02 -3.8329E+00  1.9739E+00  7.4430E-01  2.3754E+00  9.4777E+01  1.4866E+00
 -3.4194E-02 -3.7968E+00  1.1294E+00  7.6121E-01  2.3750E+00  9.5417E+01  1.5248E+00
 -2.3510E-02 -3.7611E+00  5.2118E-01  7.7811E-01  2.3643E+00  9.5067E+01  1.5645E+00
 -1.2816E-02 -3.7254E+00  1.3480E-01  7.9529E-01  2.2931E+00  8.9549E+01  1.6104E+00
 -2.0146E-03 -3.6893E+00 -4.8897E-02  8.1311E-01  1.9743E+00  5.8602E+01  1.6754E+00
  8.6867E-03 -3.6536E+00 -9.8465E-02  8.3137E-01  1.7447E+00  1.5645E+01  1.7233E+00
  1.9388E-02 -3.6179E+00 -1.0716E-01  8.4991E-01  1.7362E+00  4.9183E+00  1.7341E+00
  3.0090E-02 -3.5822E+00 -1.0938E-01  8.6849E-01  1.7374E+00  4.4145E+00  1.7358E+00
  4.0892E-02 -3.5462E+00 -1.1098E-01  8.8726E-01  1.7374E+00  4.4674E+00  1.7359E+00
  5.1593E-02 -3.5105E+00 -1.1257E-01  9.0585E-01  1.7374E+00  4.4747E+00  1.7360E+00
  6.2295E-02 -3.4748E+00 -1.1415E-01  9.2444E-01  1.7374E+00  4.4820E+00  1.7360E+00
  7.2996E-02 -3.4391E+00 -1.1573E-01  9.4303E-01  1.7374E+00  4.4893E+00  1.7361E+00
  8.3798E-02 -3.4031E+00 -1.1733E-01  9.6180E-01  1.7375E+00  4.4966E+00  1.7361E+00
  9.4499E-02 -3.3674E+00 -1.1891E-01  9.8040E-01  1.7375E+00  4.5040E+00  1.7362E+00
  1.0520E-01 -3.3317E+00 -1.2049E-01  9.9899E-01  1.7375E+00  4.5114E+00  1.7362E+00
  1.1590E-01 -3.2960E+00 -1.2208E-01  1.0176E+00  1.7375E+00  4.5188E+00  1.7363E+00
  1.2670E-01 -3.2599E+00 -1.2367E-01  1.0364E+00  1.7375E+00  4.5262E+00  1.7363E+00
  1.3741E-01 -3.2242E+00 -1.2526E-01  1.0550E+00  1.7375E+00  4.5337E+00  1.7364E+00
  1.4811E-01 -3.1885E+00 -1.2684E-01  1.0736E+00  1.7375E+00  4.5411E+00  1.7364E+00
  1.5881E-01 -3.1528E+00 -1.2842E-01  1.0921E+00  1.7375E+00  4.5486E+00  1.7364E+00
  1.6961E-01 -3.1168E+00 -1.3002E-01  1.1109E+00  1.7375E+00  4.5562E+00  1.7365E+00
  1.8031E-01 -3.0811E+00 -1.3160E-01  1.1295E+00  1.7375E+00  4.5637E+00  1.7365E+00
  1.9101E-01 -3.0454E+00 -1.3319E-01  1.1481E+00  1.7375E+00  4.5712E+00  1.7366E+00
  2.0171E-01 -3.0097E+00 -1.3477E-01  1.1667E+00  1.7375E+00  4.5788E+00  1.7366E+00
  2.1252E-01 -2.9737E+00 -1.3637E-01  1.1855E+00  1.7375E+00  4.5865E+00  1.7366E+00
  2.2322E-01 -2.9380E+00 -1.3795E-01  1.2041E+00  1.7375E+00  4.5941E+00  1.7366E+00
  2.3392E-01 -2.9023E+00 -1.3953E-01  1.2227E+00  1.7375E+00  4.6017E+00  1.7367E+00
  2.4462E-01 -2.8666E+00 -1.4111E-01  1.2413E+00  1.7375E+00  4.6094E+00  1.7367E+00
  2.5542E-01 -2.8305E+00 -1.4271E-01  1.2601E+00  1.7375E+00  4.6171E+00  1.7367E+00
  2.6612E-01 -2.7948E+00 -1.4429E-01  1.2787E+00  1.7375E+00  4.6248E+00  1.7368E+00
  2.7683E-01 -2.7591E+00 -1.4588E-01  1.2973E+00  1.7376E+00  4.6325E+00  1.7368E+00
  2.8753E-01 -2.7234E+00 -1.4746E-01  1.3159E+00  1.7376E+00  4.6402E+00  1.7368E+00
  2.9833E-01 -2.6874E+00 -1.4906E-01  1.3346E+00  1.7376E+00  4.6481E+00  1.7368E+00
  3.0903E-01 -2.6517E+00 -1.5064E-01  1.3532E+00  1.7376E+00  4.6558E+00  1.7369E+00
  3.1973E-01 -2.6160E+00 -1.5222E-01  1.3718E+00  1.7376E+00  4.6636E+00  1.7369E+00
  3.3043E-01 -2.5803E+00 -1.5381E-01  1.3904E+00  1.7376E+00  4.6715E+00  1.7369E+00
  3.4124E-01 -2.5443E+00 -1.5540E-01  1.4092E+00  1.7376E+00  4.6794E+00  1.7369E+00
  3.5194E-01 -2.5086E+00 -1.5699E-01  1.4278E+00  1.7376E+00  4.6872E+00  1.7369E+00
  3.6264E-01 -2.4729E+00 -1.5857E-01  1.4464E+00  1.7376E+00  4.6951E+00  1.7370E+00
  3.7334E-01 -2.4372E+00 -1.6015E-01  1.4650E+00  1.7376E+00  4.7030E+00  1.7370E+00
  3.8414E-01 -2.4011E+00 -1.6175E-01  1.4838E+00  1.7376E+00  4.7110E+00  1.7370E+00
  3.9484E-01 -2.3654E+00 -1.6333E-01  1.5024E+00  1.7376E+00  4.7189E+00  1.7370E+00
  4.0554E-01 -2.3297E+00 -1.6491E-01  1.5210E+00  1.7376E+00  4.7269E+00  1.7370E+00
  4.1625E-01 -2.2940E+00 -1.6650E-01  1.5396E+00  1.7376E+00  4.7348E+00  1.7370E+00
  4.2705E-01 -2.2580E+00 -1.6809E-01  1.5584E+00  1.7376E+00  4.7429E+00  1.7371E+00
  4.3775E-01 -2.2223E+00 -1.6968E-01  1.5770E+00  1.7376E+00  4.7509E+00  1.7371E+00
  4.4845E-01 -2.1866E+00 -1.7126E-01  1.5956E+00  1.7376E+00  4.7590E+00  1.7371E+00
  4.5915E-01 -2.1509E+00 -1.7284E-01  1.6142E+00  1.7376E+00  4.7670E+00  1.7371E+00
  4.6995E-01 -2.1149E+00 -1.7444E-01  1.6330E+00  1.7376E+00  4.7752E+00  1.7371E+00
  4.8066E-01 -2.0792E+00 -1.7602E-01  1.6516E+00  1.7376E+00  4.7832E+00  1.7371E+00
  4.9136E-01 -2.0435E+00 -1.7761E-01  1.6702E+00  1.7376E+00  4.7913E+00  1.7371E+00
  5.0206E-01 -2.0078E+00 -1.7919E-01  1.6888E+00  1.7376E+00  4.7995E+00  1.7372E+00
  5.1286E-01 -1.9717E+00 -1.8079E-01  1.7076E+00  1.7376E+00  4.8077E+00  1.7372E+00
  5.2356E-01 -1.9360E+00 -1.8237E-01  1.7262E+00  1.7376E+00  4.8159E+00  1.7372E+00
  5.3426E-01 -1.9003E+00 -1.8395E-01  1.7448E+00  1.7377E+00  4.8240E+00  1.7372E+00
  5.4497E-01 -1.8646E+00 -1.8553E-01  1.7634E+00  1.7377E+00  4.8322E+00  1.7372E+00
  5.5577E-01 -1.8286E+00 -1.8713E-01  1.7822E+00  1.7377E+00  4.8405E+00  1.7372E+00
  5.6647E-01 -1.7929E+00 -1.8871E-01  1.8008E+00  1.7377E+00  4.8488E+00  1.7372E+00
  5.7717E-01 -1.7572E+00 -1.9030E-01  1.8194E+00  1.7377E+00  4.8570E+00  1.7372E+00
  5.8787E-01 -1.7215E+00 -1.9188E-01  1.8380E+00  1.7377E+00  4.8653E+00  1.7372E+00
  5.9867E-01 -1.6855E+00 -1.9348E-01  1.8568E+00  1.7377E+00  4.8737E+00  1.7373E+00
  6.0937E-01 -1.6498E+00 -1.9506E-01  1.8754E+00  1.7377E+00  4.8820E+00  1.7373E+00
  6.2008E-01 -1.6141E+00 -1.9664E-01  1.8940E+00  1.7377E+00  4.8903E+00  1.7373E+00
  6.3078E-01 -1.5784E+00 -1.9823E-01  1.9126E+00  1.7377E+00  4.8986E+00  1.7373E+00
  6.4158E-01 -1.5423E+00 -1.9982E-01  1.9314E+00  1.7377E+00  4.9071E+00  1.7373E+00
  6.5228E-01 -1.5066E+00 -2.0141E-01  1.9500E+00  1.7370E+00  4.9429E+00  1.7367E+00
  6.6298E-01 -1.4709E+00 -2.0297E-01  1.9684E+00  1.6924E+00  6.2398E+00  1.6918E+00
  6.7368E-01 -1.4352E+00 -2.0436E-01  1.9852E+00  1.4063E+00  8.4557E+00  1.4049E+00
  6.8449E-01 -1.3992E+00 -2.0537E-01  1.9984E+00  1.0404E+00  8.5474E+00  1.0385E+00
  6.9519E-01 -1.3635E+00 -2.0596E-01  2.0076E+00  6.7476E-01  8.5502E+00  6.7193E-01
  7.0589E-01 -1.3278E+00 -2.0616E-01  2.0128E+00  3.1019E-01  8.5510E+00  3.0402E-01
  7.1659E-01 -1.2921E+00 -2.0594E-01  2.0141E+00  8.9136E-02  8.5510E+00 -6.4491E-02
  7.2739E-01 -1.2560E+00 -2.0532E-01  2.0114E+00  4.4066E-01  8.5512E+00 -4.3633E-01
  7.3809E-01 -1.2203E+00 -2.0429E-01  2.0047E+00  8.0622E-01  8.5526E+00 -8.0385E-01
  7.4880E-01 -1.1846E+00 -2.0287E-01  1.9942E+00  1.1714E+00  8.5512E+00 -1.1698E+00
  7.5950E-01 -1.1489E+00 -2.0104E-01  1.9797E+00  1.5206E+00  7.9849E+00 -1.5195E+00
  7.7030E-01 -1.1129E+00 -1.9891E-01  1.9622E+00  1.6760E+00  5.1799E+00 -1.6755E+00
  7.8100E-01 -1.0772E+00 -1.9674E-01  1.9441E+00  1.6824E+00  4.9556E+00 -1.6820E+00
  7.9170E-01 -1.0415E+00 -1.9457E-01  1.9261E+00  1.6824E+00  4.9637E+00 -1.6820E+00
  8.0240E-01 -1.0058E+00 -1.9239E-01  1.9081E+00  1.6824E+00  4.9717E+00 -1.6820E+00
  8.1320E-01 -9.6978E-01 -1.9020E-01  1.8899E+00  1.6824E+00  4.9799E+00 -1.6819E+00
  8.2391E-01 -9.3408E-01 -1.8803E-01  1.8719E+00  1.6824E+00  4.9879E+00 -1.6819E+00
  8.3461E-01 -8.9838E-01 -1.8586E-01  1.8539E+00  1.6824E+00  4.9960E+00 -1.6819E+00
  8.4531E-01 -8.6268E-01 -1.8368E-01  1.8359E+00  1.6824E+00  5.0042E+00 -1.6819E+00
  8.5611E-01 -8.2664E-01 -1.8149E-01  1.8177E+00  1.6824E+00  5.0124E+00 -1.6819E+00
  8.6681E-01 -7.9094E-01 -1.7932E-01  1.7997E+00  1.6824E+00  5.0205E+00 -1.6819E+00
  8.7751E-01 -7.5524E-01 -1.7714E-01  1.7817E+00  1.6824E+00  5.0287E+00 -1.6819E+00
  8.8822E-01 -7.1954E-01 -1.7497E-01  1.7637E+00  1.6824E+00  5.0368E+00 -1.6819E+00
  8.9902E-01 -6.8351E-01 -1.7278E-01  1.7455E+00  1.6824E+00  5.0451E+00 -1.6818E+00
  9.0972E-01 -6.4781E-01 -1.7061E-01  1.7275E+00  1.6824E+00  5.0533E+00 -1.6818E+00
  9.2042E-01 -6.1211E-01 -1.6843E-01  1.7094E+00  1.6822E+00  5.0507E+00 -1.6816E+00
  9.3112E-01 -5.7641E-01 -1.6627E-01  1.6915E+00  1.6599E+00  4.5335E+00 -1.6595E+00
  9.4192E-01 -5.4037E-01 -1.6420E-01  1.6745E+00  1.4381E+00  3.6678E+00 -1.4377E+00
  9.5263E-01 -5.0467E-01 -1.6246E-01  1.6608E+00  1.1222E+00  3.6613E+00 -1.1217E+00
  9.6333E-01 -4.6897E-01 -1.6106E-01  1.6505E+00  8.0569E-01  3.6615E+00 -8.0505E-01
  9.7403E-01 -4.3327E-01 -1.5998E-01  1.6436E+00  4.9109E-01  3.6617E+00 -4.9003E-01
  9.8483E-01 -3.9724E-01 -1.5923E-01  1.6400E+00  1.7606E-01  3.6617E+00 -1.7306E-01
  9.9553E-01 -3.6154E-01 -1.5881E-01  1.6398E+00  1.4427E-01  3.6617E+00  1.4060E-01
  1.0062E+00 -3.2584E-01 -1.5873E-01  1.6430E+00  4.5569E-01  3.6617E+00  4.5454E-01
  1.0169E+00 -2.9014E-01 -1.5896E-01  1.6496E+00  7.7009E-01  3.6618E+00  7.6942E-01
  1.0277E+00 -2.5410E-01 -1.5953E-01  1.6596E+00  1.0831E+00  3.6839E+00  1.0826E+00
  1.0384E+00 -2.1840E-01 -1.6036E-01  1.6724E+00  1.2613E+00  4.7135E+00  1.2607E+00
  1.0491E+00 -1.8270E-01 -1.6127E-01  1.6860E+00  1.2732E+00  5.0408E+00  1.2725E+00
  1.0598E+00 -1.4700E-01 -1.6218E-01  1.6996E+00  1.2733E+00  5.0485E+00  1.2725E+00
  1.0706E+00 -1.1097E-01 -1.6309E-01  1.7133E+00  1.2733E+00  5.0531E+00  1.2725E+00
  1.0813E+00 -7.5266E-02 -1.6400E-01  1.7270E+00  1.2733E+00  5.0577E+00  1.2726E+00
  1.0920E+00 -3.9566E-02 -1.6491E-01  1.7406E+00  1.2733E+00  5.0623E+00  1.2726E+00
  1.1027E+00 -3.8656E-03 -1.6582E-01  1.7542E+00  1.2733E+00  5.0670E+00  1.2726E+00
  1.1135E+00  3.2170E-02 -1.6673E-01  1.7680E+00  1.2733E+00  5.0716E+00  1.2726E+00
  1.1243E+00  6.7870E-02 -1.6764E-01  1.7816E+00  1.2733E+00  5.0762E+00  1.2726E+00
  1.1350E+00  1.0357E-01 -1.6855E-01  1.7952E+00  1.2733E+00  5.0809E+00  1.2726E+00
  1.1457E+00  1.3927E-01 -1.6946E-01  1.8089E+00  1.2733E+00  5.0855E+00  1.2726E+00
  1.1565E+00  1.7530E-01 -1.7037E-01  1.8226E+00  1.2733E+00  5.0902E+00  1.2726E+00
  1.1672E+00  2.1100E-01 -1.7128E-01  1.8362E+00  1.2733E+00  5.0948E+00  1.2726E+00
  1.1779E+00  2.4670E-01 -1.7219E-01  1.8499E+00  1.2733E+00  5.0994E+00  1.2727E+00
  1.1886E+00  2.8240E-01 -1.7310E-01  1.8635E+00  1.2733E+00  5.1041E+00  1.2727E+00
  1.1994E+00  3.1844E-01 -1.7401E-01  1.8773E+00  1.2733E+00  5.1088E+00  1.2727E+00
  1.2101E+00  3.5414E-01 -1.7492E-01  1.8909E+00  1.2733E+00  5.1134E+00  1.2727E+00
  1.2208E+00  3.8984E-01 -1.7583E-01  1.9045E+00  1.2733E+00  5.1181E+00  1.2727E+00
  1.2315E+00  4.2554E-01 -1.7674E-01  1.9181E+00  1.2733E+00  5.1228E+00  1.2727E+00
  1.2423E+00  4.6157E-01 -1.7766E-01  1.9319E+00  1.2733E+00  5.1275E+00  1.2727E+00
  1.2530E+00  4.9727E-01 -1.7856E-01  1.9455E+00  1.2733E+00  5.1322E+00  1.2727E+00
  1.2637E+00  5.3297E-01 -1.7947E-01  1.9592E+00  1.2733E+00  5.1368E+00  1.2727E+00
  1.2744E+00  5.6867E-01 -1.8038E-01  1.9728E+00  1.2733E+00  5.1415E+00  1.2727E+00
  1.2852E+00  6.0471E-01 -1.8130E-01  1.9865E+00  1.2733E+00  5.1463E+00  1.2728E+00
  1.2959E+00  6.4041E-01 -1.8220E-01  2.0002E+00  1.2733E+00  5.1509E+00  1.2728E+00
  1.3066E+00  6.7611E-01 -1.8311E-01  2.0138E+00  1.2733E+00  5.1556E+00  1.2728E+00
  1.3173E+00  7.1181E-01 -1.8402E-01  2.0274E+00  1.2733E+00  5.1603E+00  1.2728E+00
  1.3281E+00  7.4785E-01 -1.8494E-01  2.0412E+00  1.2733E+00  5.1651E+00  1.2728E+00
  1.3388E+00  7.8355E-01 -1.8584E-01  2.0548E+00  1.2733E+00  5.1698E+00  1.2728E+00
  1.3495E+00  8.1925E-01 -1.8675E-01  2.0684E+00  1.2733E+00  5.1745E+00  1.2728E+00
  1.3602E+00  8.5495E-01 -1.8766E-01  2.0821E+00  1.2733E+00  5.1792E+00  1.2728E+00
  1.3710E+00  8.9098E-01 -1.8858E-01  2.0958E+00  1.2733E+00  5.1840E+00  1.2728E+00
  1.3817E+00  9.2668E-01 -1.8948E-01  2.1095E+00  1.2733E+00  5.1887E+00  1.2728E+00
  1.3924E+00  9.6238E-01 -1.9039E-01  2.1231E+00  1.2733E+00  5.1935E+00  1.2728E+00
  1.4031E+00  9.9808E-01 -1.9130E-01  2.1367E+00  1.2733E+00  5.1982E+00  1.2728E+00
  1.4139E+00  1.0341E+00 -1.9222E-01  2.1505E+00  1.2733E+00  5.2030E+00  1.2729E+00
  1.4246E+00  1.0698E+00 -1.9313E-01  2.1641E+00  1.2733E+00  5.2077E+00  1.2729E+00
  1.4353E+00  1.1055E+00 -1.9403E-01  2.1777E+00  1.2733E+00  5.2125E+00  1.2729E+00
  1.4460E+00  1.1412E+00 -1.9494E-01  2.1914E+00  1.2733E+00  5.2172E+00  1.2729E+00
  1.4568E+00  1.1773E+00 -1.9586E-01  2.2051E+00  1.2734E+00  5.2220E+00  1.2729E+00
  1.4675E+00  1.2130E+00 -1.9677E-01  2.2188E+00  1.2734E+00  5.2268E+00  1.2729E+00
  1.4782E+00  1.2487E+00 -1.9767E-01  2.2324E+00  1.2734E+00  5.2315E+00  1.2729E+00
  1.4889E+00  1.2844E+00 -1.9858E-01  2.2460E+00  1.2734E+00  5.2363E+00  1.2729E+00
  1.4997E+00  1.3204E+00 -1.9950E-01  2.2598E+00  1.2734E+00  5.2411E+00  1.2729E+00
  1.5104E+00  1.3561E+00 -2.0041E-01  2.2734E+00  1.2734E+00  5.2459E+00  1.2729E+00
  1.5211E+00  1.3918E+00 -2.0131E-01  2.2870E+00  1.2734E+00  5.2507E+00  1.2729E+00
  1.5318E+00  1.4275E+00 -2.0222E-01  2.3007E+00  1.2734E+00  5.2555E+00  1.2729E+00
  1.5426E+00  1.4635E+00 -2.0314E-01  2.3144E+00  1.2734E+00  5.2603E+00  1.2729E+00
  1.5533E+00  1.4992E+00 -2.0405E-01  2.3281E+00  1.2734E+00  5.2651E+00  1.2730E+00
  1.5640E+00  1.5349E+00 -2.0496E-01  2.3417E+00  1.2734E+00  5.2699E+00  1.2730E+00
  1.5747E+00  1.5706E+00 -2.0586E-01  2.3553E+00  1.2734E+00  5.2747E+00  1.2730E+00
  1.5855E+00  1.6067E+00 -2.0678E-01  2.3691E+00  1.2734E+00  5.2795E+00  1.2730E+00
  1.5962E+00  1.6424E+00 -2.0769E-01  2.3827E+00  1.2734E+00  5.2843E+00  1.2730E+00
  1.6069E+00  1.6781E+00 -2.0860E-01  2.3963E+00  1.2734E+00  5.2892E+00  1.2730E+00
  1.6176E+00  1.7138E+00 -2.0950E-01  2.4100E+00  1.2734E+00  5.2940E+00  1.2730E+00
  1.6284E+00  1.7498E+00 -2.1042E-01  2.4237E+00  1.2734E+00  5.2988E+00  1.2730E+00
  1.6391E+00  1.7855E+00 -2.1133E-01  2.4374E+00  1.2734E+00  5.3037E+00  1.2730E+00
  1.6498E+00  1.8212E+00 -2.1224E-01  2.4510E+00  1.2734E+00  5.3085E+00  1.2730E+00
  1.6605E+00  1.8569E+00 -2.1314E-01  2.4646E+00  1.2734E+00  5.3133E+00  1.2730E+00
  1.6713E+00  1.8929E+00 -2.1406E-01  2.4784E+00  1.2734E+00  5.3182E+00  1.2730E+00
  1.6820E+00  1.9286E+00 -2.1497E-01  2.4920E+00  1.2734E+00  5.3230E+00  1.2730E+00
  1.6927E+00  1.9643E+00 -2.1588E-01  2.5056E+00  1.2734E+00  5.3279E+00  1.2730E+00
  1.7034E+00  2.0000E+00 -2.1679E-01  2.5193E+00  1.2734E+00  5.3327E+00  1.2730E+00
  1.7142E+00  2.0361E+00 -2.1770E-01  2.5330E+00  1.2734E+00  5.3376E+00  1.2730E+00
  1.7249E+00  2.0718E+00 -2.1861E-01  2.5467E+00  1.2734E+00  5.3425E+00  1.2730E+00
  1.7356E+00  2.1075E+00 -2.1952E-01  2.5603E+00  1.2734E+00  5.3474E+00  1.2731E+00
  1.7463E+00  2.1432E+00 -2.2043E-01  2.5739E+00  1.2734E+00  5.3522E+00  1.2731E+00
  1.7571E+00  2.1792E+00 -2.2134E-01  2.5877E+00  1.2734E+00  5.3571E+00  1.2731E+00
  1.7678E+00  2.2149E+00 -2.2225E-01  2.6013E+00  1.2734E+00  5.3620E+00  1.2731E+00
  1.7785E+00  2.2506E+00 -2.2316E-01  2.6149E+00  1.2734E+00  5.3669E+00  1.2731E+00
  1.7892E+00  2.2863E+00 -2.2407E-01  2.6286E+00  1.2734E+00  5.3718E+00  1.2731E+00
  1.8000E+00  2.3223E+00 -2.2498E-01  2.6423E+00  1.2734E+00  5.3767E+00  1.2731E+00
  1.8108E+00  2.3580E+00 -2.2589E-01  2.6560E+00  1.2734E+00  5.3816E+00  1.2731E+00
  1.8215E+00  2.3937E+00 -2.2680E-01  2.6696E+00  1.2734E+00  5.3865E+00  1.2731E+00
  1.8322E+00  2.4294E+00 -2.2771E-01  2.6832E+00  1.2734E+00  5.3914E+00  1.2731E+00
  1.8430E+00  2.4655E+00 -2.2862E-01  2.6970E+00  1.2734E+00  5.3963E+00  1.2731E+00
  1.8537E+00  2.5012E+00 -2.2953E-01  2.7106E+00  1.2734E+00  5.4012E+00  1.2731E+00
  1.8644E+00  2.5369E+00 -2.3044E-01  2.7243E+00  1.2734E+00  5.4061E+00  1.2731E+00
  1.8751E+00  2.5726E+00 -2.3135E-01  2.7379E+00  1.2734E+00  5.4110E+00  1.2731E+00
  1.8859E+00  2.6086E+00 -2.3226E-01  2.7517E+00  1.2734E+00  5.4160E+00  1.2731E+00
  1.8966E+00  2.6443E+00 -2.3317E-01  2.7653E+00  1.2734E+00  5.4209E+00  1.2731E+00
  1.9073E+00  2.6800E+00 -2.3408E-01  2.7789E+00  1.2734E+00  5.4258E+00  1.2731E+00
  1.9180E+00  2.7157E+00 -2.3499E-01  2.7926E+00  1.2735E+00  5.4307E+00  1.2731E+00
  1.9288E+00  2.7517E+00 -2.3591E-01  2.8063E+00  1.2735E+00  5.4357E+00  1.2731E+00
  1.9395E+00  2.7874E+00 -2.3681E-01  2.8199E+00  1.2735E+00  5.4406E+00  1.2731E+00
  1.9502E+00  2.8231E+00 -2.3772E-01  2.8336E+00  1.2735E+00  5.4456E+00  1.2732E+00
  1.9609E+00  2.8588E+00 -2.3863E-01  2.8472E+00  1.2735E+00  5.4505E+00  1.2732E+00
  1.9717E+00  2.8949E+00 -2.3955E-01  2.8610E+00  1.2735E+00  5.4555E+00  1.2732E+00
  1.9824E+00  2.9306E+00 -2.4045E-01  2.8746E+00  1.2735E+00  5.4605E+00  1.2732E+00
  1.9931E+00  2.9663E+00 -2.4136E-01  2.8882E+00  1.2735E+00  5.4654E+00  1.2732E+00
  2.0038E+00  3.0020E+00 -2.4227E-01  2.9019E+00  1.2735E+00  5.4704E+00  1.2732E+00
  2.0146E+00  3.0380E+00 -2.4319E-01  2.9156E+00  1.2735E+00  5.4754E+00  1.2732E+00
  2.0253E+00  3.0737E+00 -2.4409E-01  2.9293E+00  1.2735E+00  5.4803E+00  1.2732E+00
  2.0360E+00  3.1094E+00 -2.4500E-01  2.9429E+00  1.2735E+00  5.4853E+00  1.2732E+00
  2.0467E+00  3.1451E+00 -2.4591E-01  2.9565E+00  1.2735E+00  5.4903E+00  1.2732E+00
  2.0575E+00  3.1811E+00 -2.4683E-01  2.9703E+00  1.2735E+00  5.4953E+00  1.2732E+00
  2.0682E+00  3.2168E+00 -2.4774E-01  2.9839E+00  1.2735E+00  5.5002E+00  1.2732E+00
  2.0789E+00  3.2525E+00 -2.4864E-01  2.9976E+00  1.2735E+00  5.5052E+00  1.2732E+00
  2.0896E+00  3.2882E+00 -2.4955E-01  3.0112E+00  1.2735E+00  5.5102E+00  1.2732E+00
  2.1004E+00  3.3243E+00 -2.5047E-01  3.0249E+00  1.2735E+00  5.5152E+00  1.2732E+00
  2.1111E+00  3.3600E+00 -2.5138E-01  3.0386E+00  1.2735E+00  5.5202E+00  1.2732E+00
  2.1218E+00  3.3957E+00 -2.5228E-01  3.0522E+00  1.2735E+00  5.5252E+00  1.2732E+00
  2.1325E+00  3.4314E+00 -2.5319E-01  3.0658E+00  1.2735E+00  5.5302E+00  1.2732E+00
  2.1433E+00  3.4674E+00 -2.5411E-01  3.0796E+00  1.2735E+00  5.5353E+00  1.2732E+00
  2.1540E+00  3.5031E+00 -2.5502E-01  3.0932E+00  1.2735E+00  5.5403E+00  1.2732E+00
  2.1647E+00  3.5388E+00 -2.5593E-01  3.1069E+00  1.2735E+00  5.5453E+00  1.2732E+00
  2.1754E+00  3.5745E+00 -2.5683E-01  3.1205E+00  1.2735E+00  5.5503E+00  1.2732E+00
  2.1862E+00  3.6105E+00 -2.5775E-01  3.1343E+00  1.2735E+00  5.5553E+00  1.2732E+00
  2.1969E+00  3.6462E+00 -2.5866E-01  3.1479E+00  1.2735E+00  5.5604E+00  1.2733E+00
  2.2076E+00  3.6819E+00 -2.5957E-01  3.1615E+00  1.2735E+00  5.5654E+00  1.2733E+00
  2.2183E+00  3.7176E+00 -2.6047E-01  3.1752E+00  1.2735E+00  5.5704E+00  1.2733E+00
  2.2291E+00  3.7537E+00 -2.6139E-01  3.1889E+00  1.2735E+00  5.5755E+00  1.2733E+00
  2.2398E+00  3.7894E+00 -2.6230E-01  3.2026E+00  1.2735E+00  5.5805E+00  1.2733E+00
  2.2505E+00  3.8251E+00 -2.6321E-01  3.2162E+00  1.2735E+00  5.5855E+00  1.2733E+00
  2.2612E+00  3.8608E+00 -2.6411E-01  3.2298E+00  1.2735E+00  5.5906E+00  1.2733E+00
  2.2720E+00  3.8968E+00 -2.6503E-01  3.2436E+00  1.2735E+00  5.5957E+00  1.2733E+00
  2.2827E+00  3.9325E+00 -2.6594E-01  3.2572E+00  1.2735E+00  5.6007E+00  1.2733E+00
  2.2934E+00  3.9682E+00 -2.6685E-01  3.2709E+00  1.2735E+00  5.6058E+00  1.2733E+00
  2.3041E+00  4.0039E+00 -2.6776E-01  3.2845E+00  1.2735E+00  5.6108E+00  1.2733E+00
  2.3149E+00  4.0400E+00 -2.6867E-01  3.2983E+00  1.2735E+00  5.6159E+00  1.2733E+00
  2.3256E+00  4.0757E+00 -2.6958E-01  3.3119E+00  1.2735E+00  5.6210E+00  1.2733E+00
  2.3363E+00  4.1114E+00 -2.7049E-01  3.3255E+00  1.2735E+00  5.6260E+00  1.2733E+00
  2.3470E+00  4.1471E+00 -2.7140E-01  3.3392E+00  1.2735E+00  5.6311E+00  1.2733E+00
  2.3578E+00  4.1831E+00 -2.7231E-01  3.3529E+00  1.2735E+00  5.6362E+00  1.2733E+00
  2.3685E+00  4.2188E+00 -2.7322E-01  3.3666E+00  1.2735E+00  5.6413E+00  1.2733E+00
  2.3792E+00  4.2545E+00 -2.7413E-01  3.3802E+00  1.2735E+00  5.6464E+00  1.2733E+00
  2.3899E+00  4.2902E+00 -2.7504E-01  3.3938E+00  1.2735E+00  5.6514E+00  1.2733E+00
  2.4007E+00  4.3262E+00 -2.7595E-01  3.4076E+00  1.2735E+00  5.6566E+00  1.2733E+00
  2.4114E+00  4.3619E+00 -2.7686E-01  3.4212E+00  1.2736E+00  5.6616E+00  1.2733E+00
  2.4221E+00  4.3976E+00 -2.7777E-01  3.4349E+00  1.2736E+00  5.6667E+00  1.2733E+00
  2.4328E+00  4.4333E+00 -2.7868E-01  3.4485E+00  1.2736E+00  5.6718E+00  1.2733E+00
  2.4436E+00  4.4694E+00 -2.7959E-01  3.4623E+00  1.2736E+00  5.6770E+00  1.2733E+00
  2.4543E+00  4.5051E+00 -2.8050E-01  3.4759E+00  1.2736E+00  5.6821E+00  1.2733E+00
  2.4650E+00  4.5408E+00 -2.8141E-01  3.4895E+00  1.2736E+00  5.6872E+00  1.2733E+00
  2.4757E+00  4.5765E+00 -2.8232E-01  3.5032E+00  1.2736E+00  5.6923E+00  1.2733E+00
  2.4865E+00  4.6125E+00 -2.8324E-01  3.5169E+00  1.2736E+00  5.6974E+00  1.2733E+00
  2.4973E+00  4.6482E+00 -2.8414E-01  3.5306E+00  1.2736E+00  5.7025E+00  1.2734E+00
  2.5080E+00  4.6839E+00 -2.8505E-01  3.5442E+00  1.2736E+00  5.7076E+00  1.2734E+00
  2.5187E+00  4.7196E+00 -2.8596E-01  3.5578E+00  1.2736E+00  5.7128E+00  1.2734E+00
  2.5295E+00  4.7556E+00 -2.8688E-01  3.5716E+00  1.2736E+00  5.7179E+00  1.2734E+00
  2.5402E+00  4.7913E+00 -2.8778E-01  3.5852E+00  1.2736E+00  5.7230E+00  1.2734E+00
  2.5509E+00  4.8270E+00 -2.8869E-01  3.5989E+00  1.2736E+00  5.7282E+00  1.2734E+00
  2.5616E+00  4.8627E+00 -2.8960E-01  3.6125E+00  1.2736E+00  5.7333E+00  1.2734E+00
  2.5724E+00  4.8988E+00 -2.9052E-01  3.6263E+00  1.2736E+00  5.7385E+00  1.2734E+00
  2.5831E+00  4.9345E+00 -2.9143E-01  3.6399E+00  1.2736E+00  5.7436E+00  1.2734E+00
  2.5938E+00  4.9702E+00 -2.9233E-01  3.6535E+00  1.2736E+00  5.7487E+00  1.2734E+00
  2.6045E+00  5.0059E+00 -2.9324E-01  3.6672E+00  1.2736E+00  5.7539E+00  1.2734E+00
  2.6153E+00  5.0419E+00 -2.9416E-01  3.6809E+00  1.2736E+00  5.7591E+00  1.2734E+00
  2.6260E+00  5.0776E+00 -2.9507E-01  3.6946E+00  1.2736E+00  5.7642E+00  1.2734E+00
  2.6367E+00  5.1133E+00 -2.9597E-01  3.7082E+00  1.2736E+00  5.7694E+00  1.2734E+00
  2.6474E+00  5.1490E+00 -2.9688E-01  3.7218E+00  1.2736E+00  5.7745E+00  1.2734E+00
  2.6582E+00  5.1850E+00 -2.9780E-01  3.7356E+00  1.2736E+00  5.7797E+00  1.2734E+00
  2.6689E+00  5.2207E+00 -2.9871E-01  3.7492E+00  1.2736E+00  5.7849E+00  1.2734E+00
  2.6796E+00  5.2564E+00 -2.9962E-01  3.7629E+00  1.2736E+00  5.7901E+00  1.2734E+00
  2.6903E+00  5.2921E+00 -3.0052E-01  3.7765E+00  1.2736E+00  5.7952E+00  1.2734E+00
  2.7011E+00  5.3282E+00 -3.0144E-01  3.7903E+00  1.2736E+00  5.8004E+00  1.2734E+00
  2.7118E+00  5.3639E+00 -3.0235E-01  3.8039E+00  1.2736E+00  5.8056E+00  1.2734E+00
  2.7225E+00  5.3996E+00 -3.0326E-01  3.8175E+00  1.2736E+00  5.8108E+00  1.2734E+00
  2.7332E+00  5.4353E+00 -3.0416E-01  3.8312E+00  1.2736E+00  5.8160E+00  1.2734E+00
  2.7440E+00  5.4713E+00 -3.0508E-01  3.8449E+00  1.2736E+00  5.8212E+00  1.2734E+00
  2.7547E+00  5.5070E+00 -3.0599E-01  3.8586E+00  1.2736E+00  5.8264E+00  1.2734E+00
  2.7654E+00  5.5427E+00 -3.0690E-01  3.8722E+00  1.2736E+00  5.8316E+00  1.2734E+00
  2.7761E+00  5.5784E+00 -3.0781E-01  3.8858E+00  1.2736E+00  5.8367E+00  1.2734E+00
  2.7869E+00  5.6144E+00 -3.0872E-01  3.8996E+00  1.2736E+00  5.8420E+00  1.2734E+00
  2.7976E+00  5.6501E+00 -3.0963E-01  3.9132E+00  1.2736E+00  5.8472E+00  1.2734E+00
  2.8083E+00  5.6858E+00 -3.1054E-01  3.9269E+00  1.2736E+00  5.8524E+00  1.2734E+00
  2.8190E+00  5.7215E+00 -3.1145E-01  3.9405E+00  1.2736E+00  5.8576E+00  1.2734E+00
  2.8298E+00  5.7576E+00 -3.1236E-01  3.9543E+00  1.2732E+00  5.9015E+00  1.2730E+00
  2.8405E+00  5.7933E+00 -3.1326E-01  3.9678E+00  1.2481E+00  7.4769E+00  1.2478E+00
  2.8512E+00  5.8290E+00 -3.1409E-01  3.9805E+00  1.1042E+00  9.5645E+00  1.1037E+00
  2.8619E+00  5.8647E+00 -3.1477E-01  3.9914E+00  9.2798E-01  9.6387E+00  9.2732E-01
  2.8727E+00  5.9007E+00 -3.1531E-01  4.0004E+00  7.4908E-01  9.6413E+00  7.4826E-01
  2.8834E+00  5.9364E+00 -3.1569E-01  4.0075E+00  5.7158E-01  9.6429E+00  5.7051E-01
  2.8941E+00  5.9721E+00 -3.1592E-01  4.0126E+00  3.9403E-01  9.6438E+00  3.9249E-01
  2.9048E+00  6.0078E+00 -3.1600E-01  4.0159E+00  2.1747E-01  9.5969E+00  2.1470E-01
  2.9156E+00  6.0438E+00 -3.1594E-01  4.0173E+00  6.7346E-02  7.8023E+00  6.1182E-02
  2.9160E+00  6.0452E+00 -3.1593E-01  4.0173E+00  6.4045E-02  7.6506E+00  5.7792E-02
  2.9263E+00  6.0795E+00 -3.1580E-01  4.0177E+00  3.6234E-02  5.8553E+00  2.9441E-02
  2.9370E+00  6.1152E+00 -3.1565E-01  4.0180E+00  3.5624E-02  5.7975E+00  2.8840E-02
  2.9477E+00  6.1509E+00 -3.1551E-01  4.0183E+00  3.5625E-02  5.7975E+00  2.8843E-02
  2.9585E+00  6.1870E+00 -3.1536E-01  4.0186E+00  3.5627E-02  5.7975E+00  2.8846E-02
  2.9692E+00  6.2227E+00 -3.1522E-01  4.0189E+00  3.5628E-02  5.7975E+00  2.8849E-02
  2.9799E+00  6.2584E+00 -3.1507E-01  4.0193E+00  3.5630E-02  5.7975E+00  2.8852E-02
  2.9906E+00  6.2941E+00 -3.1493E-01  4.0196E+00  3.5631E-02  5.7975E+00  2.8855E-02
  3.0014E+00  6.3301E+00 -3.1478E-01  4.0199E+00  3.5633E-02  5.7975E+00  2.8858E-02
  3.0121E+00  6.3658E+00 -3.1463E-01  4.0202E+00  3.5634E-02  5.7975E+00  2.8861E-02
  3.0228E+00  6.4015E+00 -3.1449E-01  4.0205E+00  3.5636E-02  5.7975E+00  2.8864E-02
  3.0335E+00  6.4372E+00 -3.1434E-01  4.0208E+00  3.5637E-02  5.7975E+00  2.8867E-02
  3.0443E+00  6.4732E+00 -3.1420E-01  4.0211E+00  3.5639E-02  5.7975E+00  2.8870E-02
  3.0550E+00  6.5089E+00 -3.1405E-01  4.0214E+00  3.5640E-02  5.7976E+00  2.8873E-02
  3.0657E+00  6.5446E+00 -3.1390E-01  4.0217E+00  3.5642E-02  5.7976E+00  2.8876E-02
  3.0764E+00  6.5803E+00 -3.1376E-01  4.0220E+00  3.5643E-02  5.7976E+00  2.8879E-02
  3.0872E+00  6.6164E+00 -3.1361E-01  4.0223E+00  3.5645E-02  5.7976E+00  2.8882E-02
  3.0979E+00  6.6521E+00 -3.1347E-01  4.0227E+00  3.5646E-02  5.7976E+00  2.8885E-02
  3.1086E+00  6.6878E+00 -3.1332E-01  4.0230E+00  3.5648E-02  5.7976E+00  2.8888E-02
  3.1193E+00  6.7235E+00 -3.1318E-01  4.0233E+00  3.5649E-02  5.7976E+00  2.8891E-02
  3.1301E+00  6.7595E+00 -3.1303E-01  4.0236E+00  3.5651E-02  5.7976E+00  2.8894E-02
  3.1408E+00  6.7952E+00 -3.1288E-01  4.0239E+00  3.5652E-02  5.7976E+00  2.8897E-02
  3.1515E+00  6.8309E+00 -3.1274E-01  4.0242E+00  3.5654E-02  5.7976E+00  2.8900E-02
  3.1622E+00  6.8666E+00 -3.1259E-01  4.0245E+00  3.5655E-02  5.7976E+00  2.8903E-02
  3.1731E+00  6.9027E+00 -3.1245E-01  4.0248E+00  3.5657E-02  5.7976E+00  2.8906E-02
  3.1838E+00  6.9384E+00 -3.1230E-01  4.0251E+00  3.5658E-02  5.7976E+00  2.8909E-02
  3.1945E+00  6.9741E+00 -3.1215E-01  4.0254E+00  3.5660E-02  5.7976E+00  2.8912E-02
  3.2052E+00  7.0098E+00 -3.1201E-01  4.0257E+00  3.5661E-02  5.7976E+00  2.8915E-02
  3.2160E+00  7.0458E+00 -3.1186E-01  4.0261E+00  3.5663E-02  5.7976E+00  2.8918E-02
  3.2267E+00  7.0815E+00 -3.1172E-01  4.0264E+00  3.5664E-02  5.7976E+00  2.8921E-02
  3.2374E+00  7.1172E+00 -3.1157E-01  4.0267E+00  3.5666E-02  5.7976E+00  2.8924E-02
  3.2481E+00  7.1529E+00 -3.1143E-01  4.0270E+00  3.5667E-02  5.7976E+00  2.8927E-02
  3.2589E+00  7.1889E+00 -3.1128E-01  4.0273E+00  3.5669E-02  5.7976E+00  2.8930E-02
  3.2696E+00  7.2246E+00 -3.1113E-01  4.0276E+00  3.5670E-02  5.7976E+00  2.8933E-02
  3.2803E+00  7.2603E+00 -3.1099E-01  4.0279E+00  3.5672E-02  5.7976E+00  2.8936E-02
  3.2910E+00  7.2960E+00 -3.1084E-01  4.0282E+00  3.5673E-02  5.7976E+00  2.8939E-02
  3.3018E+00  7.3321E+00 -3.1070E-01  4.0285E+00  3.5675E-02  5.7976E+00  2.8942E-02
  3.3125E+00  7.3678E+00 -3.1055E-01  4.0288E+00  3.5676E-02  5.7976E+00  2.8945E-02
  3.3232E+00  7.4035E+00 -3.1040E-01  4.0291E+00  3.5678E-02  5.7976E+00  2.8948E-02
  3.3339E+00  7.4392E+00 -3.1026E-01  4.0295E+00  3.5679E-02  5.7976E+00  2.8951E-02
  3.3447E+00  7.4752E+00 -3.1011E-01  4.0298E+00  3.5681E-02  5.7976E+00  2.8954E-02
  3.3554E+00  7.5109E+00 -3.0997E-01  4.0301E+00  3.5682E-02  5.7976E+00  2.8957E-02
  3.3661E+00  7.5466E+00 -3.0982E-01  4.0304E+00  3.5684E-02  5.7976E+00  2.8960E-02
  3.3768E+00  7.5823E+00 -3.0968E-01  4.0307E+00  3.5685E-02  5.7976E+00  2.8963E-02
  3.3876E+00  7.6183E+00 -3.0953E-01  4.0310E+00  3.5687E-02  5.7976E+00  2.8966E-02
  3.3983E+00  7.6540E+00 -3.0938E-01  4.0313E+00  3.5688E-02  5.7977E+00  2.8969E-02
  3.4090E+00  7.6897E+00 -3.0924E-01  4.0316E+00  3.5690E-02  5.7977E+00  2.8972E-02
  3.4197E+00  7.7254E+00 -3.0909E-01  4.0319E+00  3.5691E-02  5.7977E+00  2.8975E-02
  3.4305E+00  7.7615E+00 -3.0895E-01  4.0322E+00  3.5693E-02  5.7977E+00  2.8978E-02
  3.4412E+00  7.7972E+00 -3.0880E-01  4.0326E+00  3.5694E-02  5.7977E+00  2.8981E-02
  3.4519E+00  7.8329E+00 -3.0866E-01  4.0329E+00  3.5696E-02  5.7977E+00  2.8984E-02
  3.4626E+00  7.8686E+00 -3.0851E-01  4.0332E+00  3.5697E-02  5.7977E+00  2.8987E-02
  3.4734E+00  7.9046E+00 -3.0836E-01  4.0335E+00  3.5699E-02  5.7977E+00  2.8990E-02
  3.4841E+00  7.9403E+00 -3.0822E-01  4.0338E+00  3.5700E-02  5.7977E+00  2.8993E-02
  3.4948E+00  7.9760E+00 -3.0807E-01  4.0341E+00  3.5702E-02  5.7977E+00  2.8996E-02
  3.5055E+00  8.0117E+00 -3.0793E-01  4.0344E+00  3.5703E-02  5.7977E+00  2.8999E-02
  3.5163E+00  8.0477E+00 -3.0778E-01  4.0347E+00  3.5705E-02  5.7977E+00  2.9002E-02
  3.5270E+00  8.0834E+00 -3.0763E-01  4.0350E+00  3.5706E-02  5.7977E+00  2.9005E-02
  3.5377E+00  8.1191E+00 -3.0749E-01  4.0353E+00  3.5708E-02  5.7977E+00  2.9008E-02
  3.5484E+00  8.1548E+00 -3.0734E-01  4.0357E+00  3.5709E-02  5.7977E+00  2.9011E-02
  3.5592E+00  8.1909E+00 -3.0720E-01  4.0360E+00  3.5711E-02  5.7977E+00  2.9014E-02
  3.5699E+00  8.2266E+00 -3.0705E-01  4.0363E+00  3.5712E-02  5.7977E+00  2.9017E-02
  3.5806E+00  8.2623E+00 -3.0691E-01  4.0366E+00  3.5714E-02  5.7977E+00  2.9020E-02
  3.5913E+00  8.2980E+00 -3.0676E-01  4.0369E+00  3.5715E-02  5.7977E+00  2.9023E-02
  3.6021E+00  8.3340E+00 -3.0661E-01  4.0372E+00  3.5717E-02  5.7977E+00  2.9026E-02
  3.6128E+00  8.3697E+00 -3.0647E-01  4.0375E+00  3.5718E-02  5.7977E+00  2.9029E-02
  3.6235E+00  8.4054E+00 -3.0632E-01  4.0378E+00  3.5720E-02  5.7977E+00  2.9032E-02
  3.6342E+00  8.4411E+00 -3.0618E-01  4.0381E+00  3.5721E-02  5.7977E+00  2.9035E-02
  3.6450E+00  8.4771E+00 -3.0603E-01  4.0385E+00  3.5723E-02  5.7977E+00  2.9038E-02
  3.6557E+00  8.5128E+00 -3.0588E-01  4.0388E+00  3.5725E-02  5.7977E+00  2.9041E-02
  3.6664E+00  8.5485E+00 -3.0574E-01  4.0391E+00  3.5726E-02  5.7977E+00  2.9044E-02
  3.6771E+00  8.5842E+00 -3.0559E-01  4.0394E+00  3.5728E-02  5.7977E+00  2.9047E-02
  3.6879E+00  8.6203E+00 -3.0545E-01  4.0397E+00  3.5729E-02  5.7977E+00  2.9050E-02
  3.6986E+00  8.6560E+00 -3.0530E-01  4.0400E+00  3.5731E-02  5.7977E+00  2.9053E-02
  3.7093E+00  8.6917E+00 -3.0516E-01  4.0403E+00  3.5732E-02  5.7977E+00  2.9056E-02
  3.7200E+00  8.7274E+00 -3.0501E-01  4.0406E+00  3.5734E-02  5.7977E+00  2.9059E-02
  3.7308E+00  8.7634E+00 -3.0486E-01  4.0409E+00  3.5735E-02  5.7978E+00  2.9062E-02
  3.7415E+00  8.7991E+00 -3.0472E-01  4.0413E+00  3.5737E-02  5.7978E+00  2.9065E-02
  3.7522E+00  8.8348E+00 -3.0457E-01  4.0416E+00  3.5738E-02  5.7978E+00  2.9068E-02
  3.7629E+00  8.8705E+00 -3.0443E-01  4.0419E+00  3.5740E-02  5.7978E+00  2.9071E-02
  3.7737E+00  8.9065E+00 -3.0428E-01  4.0422E+00  3.5741E-02  5.7978E+00  2.9074E-02
  3.7844E+00  8.9422E+00 -3.0414E-01  4.0425E+00  3.5743E-02  5.7978E+00  2.9077E-02
  3.7951E+00  8.9779E+00 -3.0399E-01  4.0428E+00  3.5744E-02  5.7978E+00  2.9080E-02
  3.8058E+00  9.0136E+00 -3.0384E-01  4.0431E+00  3.5746E-02  5.7978E+00  2.9083E-02
  3.8166E+00  9.0497E+00 -3.0370E-01  4.0434E+00  3.5747E-02  5.7978E+00  2.9086E-02
  3.8273E+00  9.0854E+00 -3.0355E-01  4.0437E+00  3.5749E-02  5.7978E+00  2.9089E-02
  3.8380E+00  9.1211E+00 -3.0341E-01  4.0441E+00  3.5750E-02  5.7978E+00  2.9092E-02
  3.8487E+00  9.1568E+00 -3.0326E-01  4.0444E+00  3.5752E-02  5.7978E+00  2.9095E-02
  3.8596E+00  9.1928E+00 -3.0311E-01  4.0447E+00  3.5753E-02  5.7978E+00  2.9098E-02
  3.8703E+00  9.2285E+00 -3.0297E-01  4.0450E+00  3.5755E-02  5.7978E+00  2.9101E-02
  3.8810E+00  9.2642E+00 -3.0282E-01  4.0453E+00  3.5756E-02  5.7978E+00  2.9104E-02
  3.8917E+00  9.2999E+00 -3.0268E-01  4.0456E+00  3.5758E-02  5.7978E+00  2.9107E-02
  3.9025E+00  9.3359E+00 -3.0253E-01  4.0459E+00  3.5759E-02  5.7978E+00  2.9110E-02
  3.9132E+00  9.3716E+00 -3.0239E-01  4.0462E+00  3.5761E-02  5.7978E+00  2.9113E-02
  3.9239E+00  9.4073E+00 -3.0224E-01  4.0465E+00  3.5762E-02  5.7978E+00  2.9116E-02
  3.9346E+00  9.4430E+00 -3.0210E-01  4.0469E+00  3.5764E-02  5.7978E+00  2.9119E-02
  3.9454E+00  9.4791E+00 -3.0195E-01  4.0472E+00  3.5765E-02  5.7978E+00  2.9122E-02
  3.9561E+00  9.5148E+00 -3.0180E-01  4.0475E+00  3.5767E-02  5.7978E+00  2.9125E-02
  3.9668E+00  9.5505E+00 -3.0166E-01  4.0478E+00  3.5768E-02  5.7978E+00  2.9128E-02
  3.9775E+00  9.5862E+00 -3.0151E-01  4.0481E+00  3.5770E-02  5.7978E+00  2.9131E-02
  3.9883E+00  9.6222E+00 -3.0137E-01  4.0484E+00  3.5771E-02  5.7978E+00  2.9134E-02
  3.9990E+00  9.6579E+00 -3.0122E-01  4.0487E+00  3.5773E-02  5.7978E+00  2.9137E-02
  4.0097E+00  9.6936E+00 -3.0107E-01  4.0490E+00  3.5774E-02  5.7978E+00  2.9140E-02
  4.0204E+00  9.7293E+00 -3.0093E-01  4.0493E+00  3.5776E-02  5.7978E+00  2.9143E-02
  4.0312E+00  9.7654E+00 -3.0078E-01  4.0497E+00  3.5777E-02  5.7978E+00  2.9146E-02
  4.0419E+00  9.8011E+00 -3.0064E-01  4.0500E+00  3.5779E-02  5.7978E+00  2.9149E-02
  4.0526E+00  9.8368E+00 -3.0049E-01  4.0503E+00  3.5780E-02  5.7978E+00  2.9152E-02
  4.0633E+00  9.8725E+00 -3.0035E-01  4.0506E+00  3.5782E-02  5.7978E+00  2.9155E-02
  4.0741E+00  9.9085E+00 -3.0020E-01  4.0509E+00  3.5783E-02  5.7978E+00  2.9158E-02
  4.0848E+00  9.9442E+00 -3.0005E-01  4.0512E+00  3.5785E-02  5.7978E+00  2.9161E-02
  4.0955E+00  9.9799E+00 -2.9991E-01  4.0515E+00  3.5786E-02  5.7978E+00  2.9164E-02
  4.1062E+00  1.0016E+01 -2.9976E-01  4.0518E+00  3.5788E-02  5.7978E+00  2.9167E-02
  4.1170E+00  1.0052E+01 -2.9962E-01  4.0522E+00  3.5789E-02  5.7978E+00  2.9170E-02
  4.1277E+00  1.0087E+01 -2.9947E-01  4.0525E+00  3.5791E-02  5.7978E+00  2.9173E-02
  4.1384E+00  1.0123E+01 -2.9933E-01  4.0528E+00  3.5792E-02  5.7978E+00  2.9176E-02
  4.1491E+00  1.0159E+01 -2.9918E-01  4.0531E+00  3.5794E-02  5.7978E+00  2.9179E-02
  4.1599E+00  1.0195E+01 -2.9903E-01  4.0534E+00  3.5795E-02  5.7978E+00  2.9182E-02
  4.1706E+00  1.0230E+01 -2.9889E-01  4.0537E+00  3.5797E-02  5.7978E+00  2.9185E-02
  4.1813E+00  1.0266E+01 -2.9874E-01  4.0540E+00  3.5799E-02  5.7978E+00  2.9188E-02
  4.1920E+00  1.0302E+01 -2.9860E-01  4.0543E+00  3.5800E-02  5.7978E+00  2.9191E-02
  4.2028E+00  1.0338E+01 -2.9845E-01  4.0547E+00  3.5802E-02  5.7978E+00  2.9194E-02
  4.2135E+00  1.0374E+01 -2.9830E-01  4.0550E+00  3.5803E-02  5.7978E+00  2.9197E-02
  4.2242E+00  1.0409E+01 -2.9816E-01  4.0553E+00  3.5805E-02  5.7978E+00  2.9200E-02
  4.2349E+00  1.0445E+01 -2.9801E-01  4.0556E+00  3.5806E-02  5.7979E+00  2.9203E-02
  4.2457E+00  1.0481E+01 -2.9787E-01  4.0559E+00  3.5808E-02  5.7979E+00  2.9206E-02
  4.2564E+00  1.0517E+01 -2.9772E-01  4.0562E+00  3.5809E-02  5.7979E+00  2.9209E-02
  4.2671E+00  1.0552E+01 -2.9758E-01  4.0565E+00  3.5811E-02  5.7979E+00  2.9212E-02
  4.2778E+00  1.0588E+01 -2.9743E-01  4.0568E+00  3.5812E-02  5.7979E+00  2.9215E-02
  4.2886E+00  1.0624E+01 -2.9728E-01  4.0572E+00  3.5814E-02  5.7979E+00  2.9218E-02
  4.2993E+00  1.0660E+01 -2.9714E-01  4.0575E+00  3.5815E-02  5.7979E+00  2.9221E-02
  4.3100E+00  1.0696E+01 -2.9699E-01  4.0578E+00  3.5817E-02  5.7979E+00  2.9224E-02
  4.3207E+00  1.0731E+01 -2.9685E-01  4.0581E+00  3.5818E-02  5.7979E+00  2.9227E-02
  4.3315E+00  1.0767E+01 -2.9670E-01  4.0584E+00  3.5820E-02  5.7979E+00  2.9230E-02
  4.3422E+00  1.0803E+01 -2.9656E-01  4.0587E+00  3.5821E-02  5.7979E+00  2.9233E-02
  4.3529E+00  1.0839E+01 -2.9641E-01  4.0590E+00  3.5823E-02  5.7979E+00  2.9236E-02
  4.3636E+00  1.0874E+01 -2.9626E-01  4.0593E+00  3.5824E-02  5.7979E+00  2.9239E-02
  4.3744E+00  1.0910E+01 -2.9612E-01  4.0597E+00  3.5826E-02  5.7979E+00  2.9242E-02
  4.3851E+00  1.0946E+01 -2.9597E-01  4.0600E+00  3.5827E-02  5.7979E+00  2.9245E-02
  4.3958E+00  1.0982E+01 -2.9583E-01  4.0603E+00  3.5829E-02  5.7979E+00  2.9248E-02
  4.4065E+00  1.1018E+01 -2.9568E-01  4.0606E+00  3.5830E-02  5.7979E+00  2.9251E-02
  4.4173E+00  1.1054E+01 -2.9553E-01  4.0609E+00  3.5832E-02  5.7979E+00  2.9254E-02
  4.4280E+00  1.1089E+01 -2.9539E-01  4.0612E+00  3.5833E-02  5.7979E+00  2.9257E-02
  4.4387E+00  1.1125E+01 -2.9524E-01  4.0615E+00  3.5835E-02  5.7979E+00  2.9259E-02
  4.4494E+00  1.1161E+01 -2.9510E-01  4.0618E+00  3.5836E-02  5.7979E+00  2.9262E-02
  4.4602E+00  1.1197E+01 -2.9495E-01  4.0622E+00  3.5838E-02  5.7979E+00  2.9265E-02
  4.4709E+00  1.1232E+01 -2.9481E-01  4.0625E+00  3.5840E-02  5.7979E+00  2.9268E-02
  4.4816E+00  1.1268E+01 -2.9466E-01  4.0628E+00  3.5841E-02  5.7979E+00  2.9271E-02
  4.4923E+00  1.1304E+01 -2.9452E-01  4.0631E+00  3.5843E-02  5.7979E+00  2.9274E-02
  4.5031E+00  1.1340E+01 -2.9437E-01  4.0634E+00  3.5844E-02  5.7979E+00  2.9277E-02
  4.5138E+00  1.1376E+01 -2.9422E-01  4.0637E+00  3.5846E-02  5.7979E+00  2.9280E-02
  4.5245E+00  1.1411E+01 -2.9408E-01  4.0640E+00  3.5847E-02  5.7979E+00  2.9283E-02
  4.5352E+00  1.1447E+01 -2.9393E-01  4.0643E+00  3.5849E-02  5.7979E+00  2.9286E-02
  4.5461E+00  1.1483E+01 -2.9379E-01  4.0647E+00  3.5850E-02  5.7979E+00  2.9289E-02
  4.5568E+00  1.1519E+01 -2.9364E-01  4.0650E+00  3.5852E-02  5.7979E+00  2.9292E-02
  4.5675E+00  1.1554E+01 -2.9349E-01  4.0653E+00  3.5853E-02  5.7979E+00  2.9295E-02
  4.5782E+00  1.1590E+01 -2.9335E-01  4.0656E+00  3.5855E-02  5.7979E+00  2.9298E-02
  4.5890E+00  1.1626E+01 -2.9320E-01  4.0659E+00  3.5856E-02  5.7979E+00  2.9301E-02
  4.5997E+00  1.1662E+01 -2.9306E-01  4.0662E+00  3.5858E-02  5.7979E+00  2.9304E-02
  4.6104E+00  1.1698E+01 -2.9291E-01  4.0665E+00  3.5859E-02  5.7979E+00  2.9307E-02
  4.6211E+00  1.1733E+01 -2.9277E-01  4.0669E+00  3.5861E-02  5.7979E+00  2.9310E-02
  4.6319E+00  1.1769E+01 -2.9262E-01  4.0672E+00  3.5862E-02  5.7979E+00  2.9313E-02
  4.6426E+00  1.1805E+01 -2.9247E-01  4.0675E+00  3.5864E-02  5.7979E+00  2.9316E-02
  4.6533E+00  1.1841E+01 -2.9233E-01  4.0678E+00  3.5865E-02  5.7979E+00  2.9319E-02
  4.6640E+00  1.1876E+01 -2.9218E-01  4.0681E+00  3.5867E-02  5.7979E+00  2.9322E-02
  4.6748E+00  1.1912E+01 -2.9204E-01  4.0684E+00  3.5868E-02  5.7979E+00  2.9325E-02
  4.6855E+00  1.1948E+01 -2.9189E-01  4.0687E+00  3.5870E-02  5.7979E+00  2.9328E-02
  4.6962E+00  1.1984E+01 -2.9175E-01  4.0691E+00  3.5871E-02  5.7979E+00  2.9331E-02
  4.7069E+00  1.2019E+01 -2.9160E-01  4.0694E+00  3.5873E-02  5.7979E+00  2.9334E-02
  4.7177E+00  1.2056E+01 -2.9145E-01  4.0697E+00  3.5874E-02  5.7979E+00  2.9337E-02
  4.7284E+00  1.2091E+01 -2.9131E-01  4.0700E+00  3.5876E-02  5.7979E+00  2.9340E-02
  4.7391E+00  1.2127E+01 -2.9116E-01  4.0703E+00  3.5878E-02  5.7979E+00  2.9343E-02
  4.7498E+00  1.2163E+01 -2.9102E-01  4.0706E+00  3.5879E-02  5.7979E+00  2.9346E-02
  4.7606E+00  1.2199E+01 -2.9087E-01  4.0709E+00  3.5881E-02  5.7979E+00  2.9349E-02
  4.7713E+00  1.2234E+01 -2.9072E-01  4.0713E+00  3.5882E-02  5.7979E+00  2.9352E-02
  4.7820E+00  1.2270E+01 -2.9058E-01  4.0716E+00  3.5884E-02  5.7979E+00  2.9355E-02
  4.7927E+00  1.2306E+01 -2.9043E-01  4.0719E+00  3.5885E-02  5.7979E+00  2.9358E-02
  4.8035E+00  1.2342E+01 -2.9029E-01  4.0722E+00  3.5887E-02  5.7979E+00  2.9361E-02
  4.8142E+00  1.2377E+01 -2.9014E-01  4.0725E+00  3.5888E-02  5.7979E+00  2.9364E-02
  4.8249E+00  1.2413E+01 -2.9000E-01  4.0728E+00  3.5890E-02  5.7979E+00  2.9367E-02
  4.8356E+00  1.2449E+01 -2.8985E-01  4.0731E+00  3.5891E-02  5.7979E+00  2.9370E-02
  4.8464E+00  1.2485E+01 -2.8970E-01  4.0735E+00  3.5893E-02  5.7979E+00  2.9373E-02
  4.8571E+00  1.2521E+01 -2.8956E-01  4.0738E+00  3.5894E-02  5.7979E+00  2.9376E-02
  4.8678E+00  1.2556E+01 -2.8941E-01  4.0741E+00  3.5896E-02  5.7979E+00  2.9379E-02
  4.8785E+00  1.2592E+01 -2.8927E-01  4.0744E+00  3.5897E-02  5.7979E+00  2.9382E-02
  4.8893E+00  1.2628E+01 -2.8912E-01  4.0747E+00  3.5899E-02  5.7979E+00  2.9385E-02
  4.9000E+00  1.2664E+01 -2.8898E-01  4.0750E+00  3.5900E-02  5.7979E+00  2.9388E-02
  4.9107E+00  1.2699E+01 -2.8883E-01  4.0753E+00  3.5902E-02  5.7979E+00  2.9391E-02
  4.9214E+00  1.2735E+01 -2.8868E-01  4.0756E+00  3.5903E-02  5.7979E+00  2.9394E-02
  4.9322E+00  1.2771E+01 -2.8854E-01  4.0760E+00  3.5905E-02  5.7979E+00  2.9397E-02
  4.9429E+00  1.2807E+01 -2.8839E-01  4.0763E+00  3.5906E-02  5.7979E+00  2.9400E-02
  4.9536E+00  1.2843E+01 -2.8825E-01  4.0766E+00  3.5908E-02  5.7979E+00  2.9403E-02
  4.9643E+00  1.2878E+01 -2.8810E-01  4.0769E+00  3.5910E-02  5.7979E+00  2.9406E-02
  4.9751E+00  1.2914E+01 -2.8795E-01  4.0772E+00  3.5911E-02  5.7979E+00  2.9409E-02
  4.9858E+00  1.2950E+01 -2.8781E-01  4.0775E+00  3.7611E-02  5.6018E+00  3.1908E-02
  4.9965E+00  1.2986E+01 -2.8769E-01  4.0781E+00  1.0235E-01  3.7588E+00  1.0148E-01
  5.0072E+00  1.3021E+01 -2.8767E-01  4.0801E+00  2.7912E-01  3.7070E+00  2.7881E-01
  5.0180E+00  1.3057E+01 -2.8779E-01  4.0842E+00  4.6794E-01  3.7083E+00  4.6776E-01
  5.0287E+00  1.3093E+01 -2.8805E-01  4.0902E+00  6.5536E-01  3.7082E+00  6.5523E-01
  5.0394E+00  1.3129E+01 -2.8846E-01  4.0982E+00  8.4313E-01  3.7081E+00  8.4303E-01
  5.0501E+00  1.3165E+01 -2.8901E-01  4.1082E+00  1.0313E+00  3.7079E+00  1.0312E+00
  5.0609E+00  1.3201E+01 -2.8971E-01  4.1204E+00  1.2192E+00  3.7037E+00  1.2191E+00
  5.0716E+00  1.3236E+01 -2.9052E-01  4.1342E+00  1.3366E+00  5.2047E+00  1.3365E+00
  5.0823E+00  1.3272E+01 -2.9137E-01  4.1486E+00  1.3462E+00  5.9006E+00  1.3460E+00
  5.0930E+00  1.3308E+01 -2.9222E-01  4.1630E+00  1.3462E+00  5.9176E+00  1.3461E+00
  5.1038E+00  1.3344E+01 -2.9308E-01  4.1776E+00  1.3462E+00  5.9235E+00  1.3461E+00
  5.1145E+00  1.3379E+01 -2.9393E-01  4.1920E+00  1.3462E+00  5.9293E+00  1.3461E+00
  5.1252E+00  1.3415E+01 -2.9478E-01  4.2064E+00  1.3462E+00  5.9351E+00  1.3461E+00
  5.1359E+00  1.3451E+01 -2.9563E-01  4.2208E+00  1.3462E+00  5.9410E+00  1.3461E+00
  5.1467E+00  1.3487E+01 -2.9649E-01  4.2353E+00  1.3462E+00  5.9469E+00  1.3461E+00
  5.1574E+00  1.3523E+01 -2.9734E-01  4.2498E+00  1.3462E+00  5.9527E+00  1.3461E+00
  5.1681E+00  1.3558E+01 -2.9819E-01  4.2642E+00  1.3462E+00  5.9585E+00  1.3461E+00
  5.1788E+00  1.3594E+01 -2.9905E-01  4.2786E+00  1.3462E+00  5.9644E+00  1.3461E+00
  5.1896E+00  1.3630E+01 -2.9990E-01  4.2931E+00  1.3462E+00  5.9703E+00  1.3461E+00
  5.2003E+00  1.3666E+01 -3.0076E-01  4.3075E+00  1.3462E+00  5.9761E+00  1.3461E+00
  5.2110E+00  1.3701E+01 -3.0161E-01  4.3220E+00  1.3462E+00  5.9820E+00  1.3461E+00
  5.2218E+00  1.3737E+01 -3.0246E-01  4.3364E+00  1.3462E+00  5.9878E+00  1.3461E+00
  5.2326E+00  1.3773E+01 -3.0332E-01  4.3509E+00  1.3463E+00  5.9937E+00  1.3461E+00
  5.2433E+00  1.3809E+01 -3.0417E-01  4.3653E+00  1.3463E+00  5.9996E+00  1.3461E+00
  5.2540E+00  1.3845E+01 -3.0502E-01  4.3797E+00  1.3463E+00  6.0055E+00  1.3461E+00
  5.2647E+00  1.3880E+01 -3.0587E-01  4.3941E+00  1.3463E+00  6.0113E+00  1.3461E+00
  5.2755E+00  1.3916E+01 -3.0673E-01  4.4087E+00  1.3463E+00  6.0173E+00  1.3461E+00
  5.2862E+00  1.3952E+01 -3.0758E-01  4.4231E+00  1.3463E+00  6.0232E+00  1.3461E+00
  5.2969E+00  1.3988E+01 -3.0843E-01  4.4375E+00  1.3463E+00  6.0290E+00  1.3461E+00
  5.3076E+00  1.4023E+01 -3.0928E-01  4.4519E+00  1.3463E+00  6.0349E+00  1.3461E+00
  5.3184E+00  1.4059E+01 -3.1014E-01  4.4665E+00  1.3463E+00  6.0409E+00  1.3461E+00
  5.3291E+00  1.4095E+01 -3.1099E-01  4.4809E+00  1.3463E+00  6.0467E+00  1.3461E+00
  5.3398E+00  1.4131E+01 -3.1184E-01  4.4953E+00  1.3463E+00  6.0526E+00  1.3461E+00
  5.3505E+00  1.4167E+01 -3.1269E-01  4.5097E+00  1.3463E+00  6.0585E+00  1.3461E+00
  5.3613E+00  1.4203E+01 -3.1355E-01  4.5243E+00  1.3463E+00  6.0645E+00  1.3461E+00
  5.3720E+00  1.4238E+01 -3.1440E-01  4.5387E+00  1.3463E+00  6.0704E+00  1.3461E+00
  5.3827E+00  1.4274E+01 -3.1525E-01  4.5531E+00  1.3463E+00  6.0763E+00  1.3461E+00
  5.3934E+00  1.4310E+01 -3.1610E-01  4.5675E+00  1.3463E+00  6.0822E+00  1.3461E+00
  5.4042E+00  1.4346E+01 -3.1696E-01  4.5821E+00  1.3463E+00  6.0882E+00  1.3461E+00
  5.4149E+00  1.4381E+01 -3.1781E-01  4.5965E+00  1.3463E+00  6.0941E+00  1.3461E+00
  5.4256E+00  1.4417E+01 -3.1866E-01  4.6109E+00  1.3463E+00  6.1000E+00  1.3461E+00
  5.4363E+00  1.4453E+01 -3.1952E-01  4.6253E+00  1.3463E+00  6.1059E+00  1.3461E+00
  5.4471E+00  1.4489E+01 -3.2037E-01  4.6398E+00  1.3463E+00  6.1119E+00  1.3461E+00
  5.4578E+00  1.4525E+01 -3.2123E-01  4.6542E+00  1.3463E+00  6.1178E+00  1.3462E+00
  5.4685E+00  1.4560E+01 -3.2208E-01  4.6687E+00  1.3463E+00  6.1238E+00  1.3462E+00
  5.4792E+00  1.4596E+01 -3.2293E-01  4.6831E+00  1.3463E+00  6.1297E+00  1.3462E+00
  5.4900E+00  1.4632E+01 -3.2379E-01  4.6976E+00  1.3463E+00  6.1357E+00  1.3462E+00
  5.5007E+00  1.4668E+01 -3.2464E-01  4.7120E+00  1.3463E+00  6.1416E+00  1.3462E+00
  5.5114E+00  1.4703E+01 -3.2549E-01  4.7264E+00  1.3463E+00  6.1476E+00  1.3462E+00
  5.5221E+00  1.4739E+01 -3.2634E-01  4.7409E+00  1.3463E+00  6.1535E+00  1.3462E+00
  5.5329E+00  1.4775E+01 -3.2720E-01  4.7554E+00  1.3463E+00  6.1595E+00  1.3462E+00
  5.5436E+00  1.4811E+01 -3.2805E-01  4.7698E+00  1.3463E+00  6.1655E+00  1.3462E+00
  5.5543E+00  1.4846E+01 -3.2890E-01  4.7842E+00  1.3463E+00  6.1714E+00  1.3462E+00
  5.5650E+00  1.4882E+01 -3.2975E-01  4.7986E+00  1.3463E+00  6.1774E+00  1.3462E+00
  5.5758E+00  1.4918E+01 -3.3061E-01  4.8132E+00  1.3463E+00  6.1834E+00  1.3462E+00
  5.5865E+00  1.4954E+01 -3.3146E-01  4.8276E+00  1.3463E+00  6.1894E+00  1.3462E+00
  5.5972E+00  1.4990E+01 -3.3231E-01  4.8420E+00  1.3463E+00  6.1954E+00  1.3462E+00
  5.6079E+00  1.5025E+01 -3.3316E-01  4.8564E+00  1.3463E+00  6.2013E+00  1.3462E+00
  5.6187E+00  1.5061E+01 -3.3402E-01  4.8710E+00  1.3463E+00  6.2074E+00  1.3462E+00
  5.6294E+00  1.5097E+01 -3.3487E-01  4.8854E+00  1.3463E+00  6.2133E+00  1.3462E+00
  5.6401E+00  1.5133E+01 -3.3572E-01  4.8998E+00  1.3463E+00  6.2193E+00  1.3462E+00
  5.6508E+00  1.5168E+01 -3.3657E-01  4.9142E+00  1.3463E+00  6.2253E+00  1.3462E+00
  5.6616E+00  1.5204E+01 -3.3743E-01  4.9288E+00  1.3463E+00  6.2313E+00  1.3462E+00
  5.6723E+00  1.5240E+01 -3.3828E-01  4.9432E+00  1.3463E+00  6.2373E+00  1.3462E+00
  5.6830E+00  1.5276E+01 -3.3914E-01  4.9576E+00  1.3463E+00  6.2433E+00  1.3462E+00
  5.6937E+00  1.5312E+01 -3.3999E-01  4.9720E+00  1.3463E+00  6.2493E+00  1.3462E+00
  5.7045E+00  1.5348E+01 -3.4085E-01  4.9866E+00  1.3463E+00  6.2554E+00  1.3462E+00
  5.7152E+00  1.5383E+01 -3.4170E-01  5.0010E+00  1.3463E+00  6.2614E+00  1.3462E+00
  5.7259E+00  1.5419E+01 -3.4255E-01  5.0154E+00  1.3463E+00  6.2674E+00  1.3462E+00
  5.7366E+00  1.5455E+01 -3.4340E-01  5.0298E+00  1.3463E+00  6.2734E+00  1.3462E+00
  5.7474E+00  1.5491E+01 -3.4426E-01  5.0443E+00  1.3463E+00  6.2795E+00  1.3462E+00
  5.7581E+00  1.5526E+01 -3.4511E-01  5.0588E+00  1.3463E+00  6.2855E+00  1.3462E+00
  5.7688E+00  1.5562E+01 -3.4596E-01  5.0732E+00  1.3463E+00  6.2915E+00  1.3462E+00
  5.7795E+00  1.5598E+01 -3.4681E-01  5.0876E+00  1.3463E+00  6.2975E+00  1.3462E+00
  5.7903E+00  1.5634E+01 -3.4767E-01  5.1021E+00  1.3463E+00  6.3036E+00  1.3462E+00
  5.8010E+00  1.5670E+01 -3.4852E-01  5.1165E+00  1.3463E+00  6.3096E+00  1.3462E+00
  5.8117E+00  1.5705E+01 -3.4937E-01  5.1310E+00  1.3463E+00  6.3156E+00  1.3462E+00
  5.8224E+00  1.5741E+01 -3.5022E-01  5.1454E+00  1.3463E+00  6.3217E+00  1.3462E+00
  5.8332E+00  1.5777E+01 -3.5108E-01  5.1599E+00  1.3463E+00  6.3278E+00  1.3462E+00
  5.8439E+00  1.5813E+01 -3.5193E-01  5.1743E+00  1.3463E+00  6.3338E+00  1.3462E+00
  5.8546E+00  1.5848E+01 -3.5278E-01  5.1887E+00  1.3463E+00  6.3398E+00  1.3462E+00
  5.8653E+00  1.5884E+01 -3.5363E-01  5.2032E+00  1.3463E+00  6.3459E+00  1.3462E+00
  5.8761E+00  1.5920E+01 -3.5449E-01  5.2177E+00  1.3464E+00  6.3520E+00  1.3462E+00
  5.8868E+00  1.5956E+01 -3.5534E-01  5.2321E+00  1.3464E+00  6.3580E+00  1.3462E+00
  5.8975E+00  1.5992E+01 -3.5619E-01  5.2465E+00  1.3464E+00  6.3641E+00  1.3462E+00
  5.9083E+00  1.6027E+01 -3.5705E-01  5.2609E+00  1.3464E+00  6.3701E+00  1.3462E+00
  5.9191E+00  1.6063E+01 -3.5790E-01  5.2755E+00  1.3464E+00  6.3763E+00  1.3462E+00
  5.9298E+00  1.6099E+01 -3.5875E-01  5.2899E+00  1.3464E+00  6.3823E+00  1.3462E+00
  5.9405E+00  1.6135E+01 -3.5961E-01  5.3043E+00  1.3464E+00  6.3884E+00  1.3462E+00
  5.9512E+00  1.6170E+01 -3.6046E-01  5.3187E+00  1.3464E+00  6.3944E+00  1.3462E+00
  5.9620E+00  1.6206E+01 -3.6132E-01  5.3333E+00  1.3464E+00  6.4006E+00  1.3463E+00
  5.9727E+00  1.6242E+01 -3.6217E-01  5.3477E+00  1.3464E+00  6.4066E+00  1.3463E+00
  5.9834E+00  1.6278E+01 -3.6302E-01  5.3621E+00  1.3464E+00  6.4127E+00  1.3463E+00
  5.9941E+00  1.6314E+01 -3.6387E-01  5.3765E+00  1.3464E+00  6.4188E+00  1.3463E+00
  6.0049E+00  1.6350E+01 -3.6473E-01  5.3911E+00  1.3464E+00  6.4249E+00  1.3463E+00
  6.0156E+00  1.6385E+01 -3.6558E-01  5.4055E+00  1.3464E+00  6.4310E+00  1.3463E+00
  6.0263E+00  1.6421E+01 -3.6643E-01  5.4199E+00  1.3464E+00  6.4371E+00  1.3463E+00
  6.0370E+00  1.6457E+01 -3.6728E-01  5.4343E+00  1.3464E+00  6.4432E+00  1.3463E+00
  6.0478E+00  1.6493E+01 -3.6814E-01  5.4489E+00  1.3464E+00  6.4493E+00  1.3463E+00
  6.0585E+00  1.6528E+01 -3.6899E-01  5.4633E+00  1.3464E+00  6.4554E+00  1.3463E+00
  6.0692E+00  1.6564E+01 -3.6984E-01  5.4777E+00  1.3464E+00  6.4615E+00  1.3463E+00
  6.0799E+00  1.6600E+01 -3.7069E-01  5.4921E+00  1.3464E+00  6.4676E+00  1.3463E+00
  6.0907E+00  1.6636E+01 -3.7155E-01  5.5067E+00  1.3464E+00  6.4738E+00  1.3463E+00
  6.1014E+00  1.6672E+01 -3.7240E-01  5.5211E+00  1.3464E+00  6.4799E+00  1.3463E+00
  6.1121E+00  1.6707E+01 -3.7325E-01  5.5355E+00  1.3464E+00  6.4860E+00  1.3463E+00
  6.1228E+00  1.6743E+01 -3.7410E-01  5.5499E+00  1.3464E+00  6.4921E+00  1.3463E+00
  6.1336E+00  1.6779E+01 -3.7496E-01  5.5644E+00  1.3464E+00  6.4983E+00  1.3463E+00
  6.1443E+00  1.6815E+01 -3.7581E-01  5.5789E+00  1.3464E+00  6.5044E+00  1.3463E+00
  6.1550E+00  1.6850E+01 -3.7666E-01  5.5933E+00  1.3464E+00  6.5105E+00  1.3463E+00
  6.1657E+00  1.6886E+01 -3.7752E-01  5.6077E+00  1.3464E+00  6.5166E+00  1.3463E+00
  6.1765E+00  1.6922E+01 -3.7837E-01  5.6222E+00  1.3464E+00  6.5228E+00  1.3463E+00
  6.1872E+00  1.6958E+01 -3.7923E-01  5.6367E+00  1.3464E+00  6.5289E+00  1.3463E+00
  6.1979E+00  1.6994E+01 -3.8008E-01  5.6511E+00  1.3464E+00  6.5350E+00  1.3463E+00
  6.2086E+00  1.7029E+01 -3.8093E-01  5.6655E+00  1.3464E+00  6.5412E+00  1.3463E+00
  6.2194E+00  1.7065E+01 -3.8179E-01  5.6800E+00  1.3464E+00  6.5474E+00  1.3463E+00
  6.2301E+00  1.7101E+01 -3.8264E-01  5.6944E+00  1.3464E+00  6.5535E+00  1.3463E+00
  6.2408E+00  1.7137E+01 -3.8349E-01  5.7089E+00  1.3464E+00  6.5596E+00  1.3463E+00
  6.2515E+00  1.7172E+01 -3.8434E-01  5.7233E+00  1.3464E+00  6.5658E+00  1.3463E+00
  6.2623E+00  1.7208E+01 -3.8520E-01  5.7378E+00  1.3464E+00  6.5720E+00  1.3463E+00
  6.2730E+00  1.7244E+01 -3.8605E-01  5.7522E+00  1.3464E+00  6.5781E+00  1.3463E+00
  6.2837E+00  1.7280E+01 -3.8690E-01  5.7667E+00  1.3464E+00  6.5843E+00  1.3463E+00
  6.2944E+00  1.7315E+01 -3.8775E-01  5.7811E+00  1.3464E+00  6.5904E+00  1.3463E+00
  6.3052E+00  1.7352E+01 -3.8861E-01  5.7956E+00  1.3464E+00  6.5966E+00  1.3463E+00
  6.3130E+00  1.7377E+01 -3.8923E-01  5.8061E+00  1.3464E+00  6.6011E+00  1.3463E+00
  6.3159E+00  1.7387E+01 -3.8946E-01  5.8100E+00  1.3464E+00  6.6028E+00  1.3463E+00
  6.3266E+00  1.7423E+01 -3.9031E-01  5.8244E+00  1.3464E+00  6.6089E+00  1.3463E+00
  6.3373E+00  1.7459E+01 -3.9116E-01  5.8389E+00  1.3464E+00  6.6151E+00  1.3463E+00
  6.3481E+00  1.7495E+01 -3.9202E-01  5.8534E+00  1.3464E+00  6.6213E+00  1.3463E+00
  6.3588E+00  1.7530E+01 -3.9287E-01  5.8678E+00  1.3464E+00  6.6275E+00  1.3463E+00
  6.3695E+00  1.7566E+01 -3.9372E-01  5.8822E+00  1.3464E+00  6.6337E+00  1.3463E+00
  6.3802E+00  1.7602E+01 -3.9457E-01  5.8966E+00  1.3464E+00  6.6398E+00  1.3463E+00
  6.3910E+00  1.7638E+01 -3.9543E-01  5.9112E+00  1.3464E+00  6.6461E+00  1.3463E+00
  6.4017E+00  1.7673E+01 -3.9628E-01  5.9256E+00  1.3464E+00  6.6522E+00  1.3463E+00
  6.4124E+00  1.7709E+01 -3.9714E-01  5.9400E+00  1.3464E+00  6.6584E+00  1.3463E+00
  6.4231E+00  1.7745E+01 -3.9799E-01  5.9544E+00  1.3464E+00  6.6646E+00  1.3463E+00
  6.4339E+00  1.7781E+01 -3.9885E-01  5.9690E+00  1.3464E+00  6.6708E+00  1.3463E+00
  6.4446E+00  1.7817E+01 -3.9970E-01  5.9834E+00  1.3464E+00  6.6770E+00  1.3463E+00
  6.4553E+00  1.7852E+01 -4.0055E-01  5.9978E+00  1.3464E+00  6.6832E+00  1.3463E+00
  6.4660E+00  1.7888E+01 -4.0140E-01  6.0122E+00  1.3464E+00  6.6894E+00  1.3463E+00
  6.4768E+00  1.7924E+01 -4.0226E-01  6.0268E+00  1.3464E+00  6.6957E+00  1.3463E+00
  6.4875E+00  1.7960E+01 -4.0311E-01  6.0412E+00  1.3464E+00  6.7019E+00  1.3463E+00
  6.4982E+00  1.7995E+01 -4.0396E-01  6.0556E+00  1.3464E+00  6.7081E+00  1.3463E+00
  6.5089E+00  1.8031E+01 -4.0481E-01  6.0700E+00  1.3464E+00  6.7143E+00  1.3463E+00
  6.5197E+00  1.8067E+01 -4.0567E-01  6.0846E+00  1.3464E+00  6.7205E+00  1.3463E+00
  6.5304E+00  1.8103E+01 -4.0652E-01  6.0990E+00  1.3464E+00  6.7267E+00  1.3463E+00
  6.5411E+00  1.8139E+01 -4.0737E-01  6.1134E+00  1.3464E+00  6.7329E+00  1.3463E+00
  6.5518E+00  1.8174E+01 -4.0822E-01  6.1278E+00  1.3464E+00  6.7391E+00  1.3464E+00
  6.5626E+00  1.8210E+01 -4.0908E-01  6.1424E+00  1.3464E+00  6.7454E+00  1.3464E+00
  6.5733E+00  1.8246E+01 -4.0993E-01  6.1568E+00  1.3464E+00  6.7516E+00  1.3464E+00
  6.5841E+00  1.8282E+01 -4.1078E-01  6.1712E+00  1.3464E+00  6.7578E+00  1.3464E+00
  6.5948E+00  1.8317E+01 -4.1163E-01  6.1856E+00  1.3465E+00  6.7641E+00  1.3464E+00
  6.6056E+00  1.8353E+01 -4.1249E-01  6.2002E+00  1.3465E+00  6.7703E+00  1.3464E+00
  6.6163E+00  1.8389E+01 -4.1334E-01  6.2146E+00  1.3465E+00  6.7766E+00  1.3464E+00
  6.6270E+00  1.8425E+01 -4.1419E-01  6.2290E+00  1.3465E+00  6.7828E+00  1.3464E+00
  6.6377E+00  1.8461E+01 -4.1505E-01  6.2434E+00  1.3465E+00  6.7890E+00  1.3464E+00
  6.6485E+00  1.8497E+01 -4.1590E-01  6.2580E+00  1.3465E+00  6.7953E+00  1.3464E+00
  6.6592E+00  1.8532E+01 -4.1675E-01  6.2724E+00  1.3465E+00  6.8015E+00  1.3464E+00
  6.6699E+00  1.8568E+01 -4.1761E-01  6.2868E+00  1.3465E+00  6.8078E+00  1.3464E+00
  6.6806E+00  1.8604E+01 -4.1846E-01  6.3012E+00  1.3465E+00  6.8140E+00  1.3464E+00
  6.6914E+00  1.8640E+01 -4.1932E-01  6.3158E+00  1.3465E+00  6.8203E+00  1.3464E+00
  6.7021E+00  1.8675E+01 -4.2017E-01  6.3302E+00  1.3465E+00  6.8266E+00  1.3464E+00
  6.7128E+00  1.8711E+01 -4.2102E-01  6.3446E+00  1.3465E+00  6.8328E+00  1.3464E+00
  6.7235E+00  1.8747E+01 -4.2187E-01  6.3590E+00  1.3465E+00  6.8391E+00  1.3464E+00
  6.7343E+00  1.8783E+01 -4.2273E-01  6.3735E+00  1.3465E+00  6.8454E+00  1.3464E+00
  6.7450E+00  1.8819E+01 -4.2358E-01  6.3880E+00  1.3465E+00  6.8516E+00  1.3464E+00
  6.7557E+00  1.8854E+01 -4.2443E-01  6.4024E+00  1.3465E+00  6.8579E+00  1.3464E+00
  6.7664E+00  1.8890E+01 -4.2528E-01  6.4168E+00  1.3465E+00  6.8641E+00  1.3464E+00
  6.7772E+00  1.8926E+01 -4.2614E-01  6.4313E+00  1.3465E+00  6.8704E+00  1.3464E+00
  6.7879E+00  1.8962E+01 -4.2699E-01  6.4458E+00  1.3465E+00  6.8767E+00  1.3464E+00
  6.7986E+00  1.8997E+01 -4.2784E-01  6.4602E+00  1.3465E+00  6.8830E+00  1.3464E+00
  6.8093E+00  1.9033E+01 -4.2869E-01  6.4746E+00  1.3465E+00  6.8892E+00  1.3464E+00
  6.8201E+00  1.9069E+01 -4.2955E-01  6.4891E+00  1.3465E+00  6.8956E+00  1.3464E+00
  6.8308E+00  1.9105E+01 -4.3040E-01  6.5036E+00  1.3465E+00  6.9018E+00  1.3464E+00
  6.8415E+00  1.9141E+01 -4.3125E-01  6.5180E+00  1.3465E+00  6.9081E+00  1.3464E+00
  6.8522E+00  1.9176E+01 -4.3210E-01  6.5324E+00  1.3465E+00  6.9144E+00  1.3464E+00
  6.8630E+00  1.9212E+01 -4.3296E-01  6.5469E+00  1.3465E+00  6.9207E+00  1.3464E+00
  6.8737E+00  1.9248E+01 -4.3381E-01  6.5613E+00  1.3465E+00  6.9270E+00  1.3464E+00
  6.8844E+00  1.9284E+01 -4.3466E-01  6.5758E+00  1.3465E+00  6.9333E+00  1.3464E+00
  6.8951E+00  1.9319E+01 -4.3552E-01  6.5902E+00  1.3465E+00  6.9396E+00  1.3464E+00
  6.9059E+00  1.9355E+01 -4.3637E-01  6.6047E+00  1.3465E+00  6.9459E+00  1.3464E+00
  6.9166E+00  1.9391E+01 -4.3723E-01  6.6191E+00  1.3465E+00  6.9522E+00  1.3464E+00
  6.9273E+00  1.9427E+01 -4.3808E-01  6.6336E+00  1.3465E+00  6.9585E+00  1.3464E+00
  6.9380E+00  1.9463E+01 -4.3893E-01  6.6480E+00  1.3465E+00  6.9648E+00  1.3464E+00
  6.9488E+00  1.9499E+01 -4.3979E-01  6.6625E+00  1.3465E+00  6.9711E+00  1.3464E+00
  6.9595E+00  1.9534E+01 -4.4064E-01  6.6769E+00  1.3465E+00  6.9774E+00  1.3464E+00
  6.9702E+00  1.9570E+01 -4.4149E-01  6.6914E+00  1.3465E+00  6.9837E+00  1.3464E+00
  6.9809E+00  1.9606E+01 -4.4234E-01  6.7058E+00  1.3465E+00  6.9900E+00  1.3464E+00
  6.9917E+00  1.9642E+01 -4.4320E-01  6.7203E+00  1.3465E+00  6.9964E+00  1.3464E+00
  7.0024E+00  1.9677E+01 -4.4405E-01  6.7347E+00  1.3465E+00  7.0027E+00  1.3464E+00
  7.0131E+00  1.9713E+01 -4.4490E-01  6.7492E+00  1.3465E+00  7.0090E+00  1.3464E+00
  7.0238E+00  1.9749E+01 -4.4575E-01  6.7636E+00  1.3465E+00  7.0153E+00  1.3464E+00
  7.0346E+00  1.9785E+01 -4.4661E-01  6.7781E+00  1.3465E+00  7.0217E+00  1.3464E+00
  7.0453E+00  1.9821E+01 -4.4746E-01  6.7925E+00  1.3465E+00  7.0280E+00  1.3464E+00
  7.0560E+00  1.9856E+01 -4.4831E-01  6.8069E+00  1.3465E+00  7.0343E+00  1.3464E+00
  7.0667E+00  1.9892E+01 -4.4916E-01  6.8214E+00  1.3465E+00  7.0406E+00  1.3464E+00
  7.0775E+00  1.9928E+01 -4.5002E-01  6.8359E+00  1.3465E+00  7.0470E+00  1.3464E+00
  7.0882E+00  1.9964E+01 -4.5087E-01  6.8503E+00  1.3465E+00  7.0533E+00  1.3464E+00
  7.0989E+00  1.9999E+01 -4.5172E-01  6.8647E+00  1.3465E+00  7.0596E+00  1.3464E+00
  7.1096E+00  2.0035E+01 -4.5257E-01  6.8792E+00  1.3465E+00  7.0660E+00  1.3464E+00
  7.1204E+00  2.0071E+01 -4.5343E-01  6.8937E+00  1.3465E+00  7.0723E+00  1.3464E+00
  7.1311E+00  2.0107E+01 -4.5428E-01  6.9081E+00  1.3447E+00  7.3746E+00  1.3446E+00
  7.1418E+00  2.0142E+01 -4.5511E-01  6.9223E+00  1.2591E+00  1.6760E+01  1.2586E+00
  7.1525E+00  2.0178E+01 -4.5577E-01  6.9339E+00  8.9320E-01  2.4033E+01  8.9179E-01
  7.1633E+00  2.0214E+01 -4.5614E-01  6.9413E+00  4.7083E-01  2.4220E+01  4.6810E-01
  7.1740E+00  2.0250E+01 -4.5620E-01  6.9440E+00  6.9210E-02  2.4220E+01  4.7273E-02
  7.1847E+00  2.0286E+01 -4.5597E-01  6.9423E+00  3.7699E-01  2.4220E+01 -3.7359E-01
  7.1954E+00  2.0321E+01 -4.5544E-01  6.9360E+00  7.9582E-01  2.4221E+01 -7.9420E-01
  7.2062E+00  2.0357E+01 -4.5461E-01  6.9251E+00  1.2174E+00  2.3869E+01 -1.2164E+00
  7.2169E+00  2.0393E+01 -4.5351E-01  6.9101E+00  1.5475E+00  1.3970E+01 -1.5472E+00
  7.2276E+00  2.0429E+01 -4.5229E-01  6.8932E+00  1.5986E+00  7.3038E+00 -1.5985E+00
  7.2383E+00  2.0464E+01 -4.5106E-01  6.8760E+00  1.5993E+00  7.1629E+00 -1.5992E+00
  7.2491E+00  2.0500E+01 -4.4982E-01  6.8587E+00  1.5993E+00  7.1720E+00 -1.5992E+00
  7.2598E+00  2.0536E+01 -4.4859E-01  6.8416E+00  1.5993E+00  7.1810E+00 -1.5992E+00
  7.2706E+00  2.0572E+01 -4.4736E-01  6.8245E+00  1.5993E+00  7.1901E+00 -1.5992E+00
  7.2813E+00  2.0608E+01 -4.4613E-01  6.8074E+00  1.5993E+00  7.1991E+00 -1.5992E+00
  7.2921E+00  2.0644E+01 -4.4489E-01  6.7901E+00  1.5993E+00  7.2082E+00 -1.5992E+00
  7.3028E+00  2.0679E+01 -4.4366E-01  6.7730E+00  1.5993E+00  7.2172E+00 -1.5992E+00
  7.3135E+00  2.0715E+01 -4.4243E-01  6.7558E+00  1.5993E+00  7.2263E+00 -1.5992E+00
  7.3242E+00  2.0751E+01 -4.4120E-01  6.7387E+00  1.5993E+00  7.2353E+00 -1.5992E+00
  7.3350E+00  2.0787E+01 -4.3996E-01  6.7214E+00  1.5993E+00  7.2445E+00 -1.5992E+00
  7.3457E+00  2.0822E+01 -4.3873E-01  6.7043E+00  1.5993E+00  7.2535E+00 -1.5992E+00
  7.3564E+00  2.0858E+01 -4.3750E-01  6.6872E+00  1.5993E+00  7.2626E+00 -1.5992E+00
  7.3671E+00  2.0894E+01 -4.3627E-01  6.6701E+00  1.5993E+00  7.2716E+00 -1.5992E+00
  7.3779E+00  2.0930E+01 -4.3503E-01  6.6528E+00  1.5993E+00  7.2808E+00 -1.5992E+00
  7.3886E+00  2.0966E+01 -4.3381E-01  6.6357E+00  1.5993E+00  7.2898E+00 -1.5992E+00
  7.3993E+00  2.1001E+01 -4.3258E-01  6.6185E+00  1.5993E+00  7.2989E+00 -1.5992E+00
  7.4100E+00  2.1037E+01 -4.3135E-01  6.6014E+00  1.5993E+00  7.3080E+00 -1.5992E+00
  7.4208E+00  2.1073E+01 -4.3011E-01  6.5841E+00  1.5993E+00  7.3171E+00 -1.5992E+00
  7.4315E+00  2.1109E+01 -4.2888E-01  6.5670E+00  1.5993E+00  7.3262E+00 -1.5992E+00
  7.4422E+00  2.1144E+01 -4.2765E-01  6.5499E+00  1.5993E+00  7.3353E+00 -1.5992E+00
  7.4529E+00  2.1180E+01 -4.2642E-01  6.5328E+00  1.5993E+00  7.3444E+00 -1.5992E+00
  7.4637E+00  2.1216E+01 -4.2518E-01  6.5155E+00  1.5993E+00  7.3536E+00 -1.5992E+00
  7.4744E+00  2.1252E+01 -4.2395E-01  6.4984E+00  1.5993E+00  7.3627E+00 -1.5992E+00
  7.4851E+00  2.1288E+01 -4.2272E-01  6.4812E+00  1.5993E+00  7.3718E+00 -1.5992E+00
  7.4958E+00  2.1323E+01 -4.2149E-01  6.4641E+00  1.5993E+00  7.3809E+00 -1.5992E+00
  7.5066E+00  2.1359E+01 -4.2025E-01  6.4468E+00  1.5993E+00  7.3901E+00 -1.5992E+00
  7.5173E+00  2.1395E+01 -4.1902E-01  6.4297E+00  1.5993E+00  7.3992E+00 -1.5992E+00
  7.5280E+00  2.1431E+01 -4.1779E-01  6.4126E+00  1.5993E+00  7.4083E+00 -1.5992E+00
  7.5387E+00  2.1466E+01 -4.1656E-01  6.3955E+00  1.5993E+00  7.4174E+00 -1.5992E+00
  7.5495E+00  2.1502E+01 -4.1532E-01  6.3782E+00  1.5992E+00  7.4266E+00 -1.5992E+00
  7.5602E+00  2.1538E+01 -4.1409E-01  6.3611E+00  1.5992E+00  7.4357E+00 -1.5992E+00
  7.5709E+00  2.1574E+01 -4.1286E-01  6.3439E+00  1.5992E+00  7.4449E+00 -1.5992E+00
  7.5816E+00  2.1610E+01 -4.1164E-01  6.3268E+00  1.5992E+00  7.4540E+00 -1.5992E+00
  7.5924E+00  2.1646E+01 -4.1039E-01  6.3095E+00  1.5992E+00  7.4632E+00 -1.5992E+00
  7.6031E+00  2.1681E+01 -4.0917E-01  6.2924E+00  1.5992E+00  7.4723E+00 -1.5991E+00
  7.6138E+00  2.1717E+01 -4.0794E-01  6.2753E+00  1.5992E+00  7.4815E+00 -1.5991E+00
  7.6245E+00  2.1753E+01 -4.0671E-01  6.2582E+00  1.5992E+00  7.4906E+00 -1.5991E+00
  7.6353E+00  2.1789E+01 -4.0547E-01  6.2409E+00  1.5992E+00  7.4999E+00 -1.5991E+00
  7.6460E+00  2.1824E+01 -4.0424E-01  6.2238E+00  1.5992E+00  7.5090E+00 -1.5991E+00
  7.6567E+00  2.1860E+01 -4.0301E-01  6.2066E+00  1.5992E+00  7.5182E+00 -1.5991E+00
  7.6674E+00  2.1896E+01 -4.0178E-01  6.1895E+00  1.5992E+00  7.5273E+00 -1.5991E+00
  7.6782E+00  2.1932E+01 -4.0054E-01  6.1722E+00  1.5992E+00  7.5366E+00 -1.5991E+00
  7.6889E+00  2.1968E+01 -3.9931E-01  6.1551E+00  1.5992E+00  7.5457E+00 -1.5991E+00
  7.6996E+00  2.2003E+01 -3.9808E-01  6.1380E+00  1.5992E+00  7.5549E+00 -1.5991E+00
  7.7103E+00  2.2039E+01 -3.9685E-01  6.1209E+00  1.5992E+00  7.5641E+00 -1.5991E+00
  7.7211E+00  2.2075E+01 -3.9561E-01  6.1036E+00  1.5992E+00  7.5733E+00 -1.5991E+00
  7.7318E+00  2.2111E+01 -3.9438E-01  6.0865E+00  1.5992E+00  7.5825E+00 -1.5991E+00
  7.7425E+00  2.2146E+01 -3.9315E-01  6.0693E+00  1.5992E+00  7.5917E+00 -1.5991E+00
  7.7532E+00  2.2182E+01 -3.9192E-01  6.0522E+00  1.5992E+00  7.6009E+00 -1.5991E+00
  7.7640E+00  2.2218E+01 -3.9068E-01  6.0349E+00  1.5992E+00  7.6102E+00 -1.5991E+00
  7.7747E+00  2.2254E+01 -3.8945E-01  6.0178E+00  1.5992E+00  7.6193E+00 -1.5991E+00
  7.7854E+00  2.2290E+01 -3.8822E-01  6.0007E+00  1.5992E+00  7.6285E+00 -1.5991E+00
  7.7961E+00  2.2325E+01 -3.8700E-01  5.9836E+00  1.5992E+00  7.6377E+00 -1.5991E+00
  7.8069E+00  2.2361E+01 -3.8575E-01  5.9663E+00  1.5992E+00  7.6470E+00 -1.5991E+00
  7.8176E+00  2.2397E+01 -3.8453E-01  5.9492E+00  1.5992E+00  7.6562E+00 -1.5991E+00
  7.8283E+00  2.2433E+01 -3.8330E-01  5.9320E+00  1.5992E+00  7.6654E+00 -1.5991E+00
  7.8390E+00  2.2468E+01 -3.8207E-01  5.9149E+00  1.5992E+00  7.6746E+00 -1.5991E+00
  7.8498E+00  2.2504E+01 -3.8083E-01  5.8976E+00  1.5992E+00  7.6839E+00 -1.5991E+00
  7.8605E+00  2.2540E+01 -3.7960E-01  5.8805E+00  1.5992E+00  7.6932E+00 -1.5991E+00
  7.8712E+00  2.2576E+01 -3.7837E-01  5.8634E+00  1.5992E+00  7.7024E+00 -1.5991E+00
  7.8819E+00  2.2611E+01 -3.7714E-01  5.8463E+00  1.5992E+00  7.7116E+00 -1.5991E+00
  7.8927E+00  2.2648E+01 -3.7590E-01  5.8290E+00  1.5992E+00  7.7209E+00 -1.5991E+00
  7.9034E+00  2.2683E+01 -3.7467E-01  5.8119E+00  1.5992E+00  7.7301E+00 -1.5991E+00
  7.9141E+00  2.2719E+01 -3.7344E-01  5.7947E+00  1.5992E+00  7.7394E+00 -1.5991E+00
  7.9248E+00  2.2755E+01 -3.7221E-01  5.7776E+00  1.5992E+00  7.7486E+00 -1.5991E+00
  7.9356E+00  2.2791E+01 -3.7097E-01  5.7603E+00  1.5992E+00  7.7579E+00 -1.5991E+00
  7.9463E+00  2.2826E+01 -3.6974E-01  5.7432E+00  1.5992E+00  7.7672E+00 -1.5991E+00
  7.9571E+00  2.2862E+01 -3.6851E-01  5.7261E+00  1.5992E+00  7.7764E+00 -1.5991E+00
  7.9678E+00  2.2898E+01 -3.6728E-01  5.7090E+00  1.5992E+00  7.7857E+00 -1.5991E+00
  7.9786E+00  2.2934E+01 -3.6604E-01  5.6917E+00  1.5992E+00  7.7950E+00 -1.5991E+00
  7.9893E+00  2.2969E+01 -3.6481E-01  5.6746E+00  1.5992E+00  7.8043E+00 -1.5991E+00
  8.0000E+00  2.3005E+01 -3.6358E-01  5.6574E+00  1.5992E+00  7.8135E+00 -1.5991E+00
  8.0107E+00  2.3041E+01 -3.6236E-01  5.6403E+00  1.5992E+00  7.8228E+00 -1.5991E+00
  8.0215E+00  2.3077E+01 -3.6112E-01  5.6230E+00  1.5992E+00  7.8321E+00 -1.5991E+00
  8.0322E+00  2.3113E+01 -3.5989E-01  5.6059E+00  1.5992E+00  7.8414E+00 -1.5991E+00
  8.0429E+00  2.3148E+01 -3.5866E-01  5.5888E+00  1.5992E+00  7.8507E+00 -1.5991E+00
  8.0536E+00  2.3184E+01 -3.5743E-01  5.5717E+00  1.5992E+00  7.8599E+00 -1.5990E+00
  8.0644E+00  2.3220E+01 -3.5619E-01  5.5544E+00  1.5992E+00  7.8693E+00 -1.5990E+00
  8.0751E+00  2.3256E+01 -3.5496E-01  5.5373E+00  1.5992E+00  7.8786E+00 -1.5990E+00
  8.0858E+00  2.3291E+01 -3.5373E-01  5.5202E+00  1.5992E+00  7.8878E+00 -1.5990E+00
  8.0965E+00  2.3327E+01 -3.5250E-01  5.5030E+00  1.5992E+00  7.8971E+00 -1.5990E+00
  8.1073E+00  2.3363E+01 -3.5126E-01  5.4857E+00  1.5992E+00  7.9065E+00 -1.5990E+00
  8.1180E+00  2.3399E+01 -3.5003E-01  5.4686E+00  1.5992E+00  7.9158E+00 -1.5990E+00
  8.1287E+00  2.3435E+01 -3.4880E-01  5.4515E+00  1.5992E+00  7.9251E+00 -1.5990E+00
  8.1394E+00  2.3470E+01 -3.4757E-01  5.4344E+00  1.5992E+00  7.9344E+00 -1.5990E+00
  8.1502E+00  2.3506E+01 -3.4633E-01  5.4171E+00  1.5992E+00  7.9438E+00 -1.5990E+00
  8.1609E+00  2.3542E+01 -3.4510E-01  5.4000E+00  1.5992E+00  7.9531E+00 -1.5990E+00
  8.1716E+00  2.3578E+01 -3.4387E-01  5.3829E+00  1.5992E+00  7.9624E+00 -1.5990E+00
  8.1823E+00  2.3613E+01 -3.4264E-01  5.3657E+00  1.5992E+00  7.9717E+00 -1.5990E+00
  8.1931E+00  2.3649E+01 -3.4140E-01  5.3485E+00  1.5992E+00  7.9811E+00 -1.5990E+00
  8.2038E+00  2.3685E+01 -3.4017E-01  5.3313E+00  1.5992E+00  7.9904E+00 -1.5990E+00
  8.2145E+00  2.3721E+01 -3.3895E-01  5.3142E+00  1.5992E+00  7.9997E+00 -1.5990E+00
  8.2252E+00  2.3757E+01 -3.3772E-01  5.2971E+00  1.5992E+00  8.0090E+00 -1.5990E+00
  8.2360E+00  2.3793E+01 -3.3648E-01  5.2798E+00  1.5992E+00  8.0184E+00 -1.5990E+00
  8.2467E+00  2.3828E+01 -3.3525E-01  5.2627E+00  1.5991E+00  8.0277E+00 -1.5990E+00
  8.2574E+00  2.3864E+01 -3.3402E-01  5.2456E+00  1.5991E+00  8.0371E+00 -1.5990E+00
  8.2681E+00  2.3900E+01 -3.3279E-01  5.2285E+00  1.5991E+00  8.0464E+00 -1.5990E+00
  8.2789E+00  2.3936E+01 -3.3155E-01  5.2112E+00  1.5991E+00  8.0558E+00 -1.5990E+00
  8.2896E+00  2.3971E+01 -3.3032E-01  5.1941E+00  1.5991E+00  8.0651E+00 -1.5990E+00
  8.3003E+00  2.4007E+01 -3.2909E-01  5.1769E+00  1.5991E+00  8.0745E+00 -1.5990E+00
  8.3110E+00  2.4043E+01 -3.2786E-01  5.1598E+00  1.5991E+00  8.0838E+00 -1.5990E+00
  8.3218E+00  2.4079E+01 -3.2662E-01  5.1425E+00  1.5991E+00  8.0932E+00 -1.5990E+00
  8.3325E+00  2.4115E+01 -3.2539E-01  5.1254E+00  1.5991E+00  8.1026E+00 -1.5990E+00
  8.3432E+00  2.4150E+01 -3.2416E-01  5.1083E+00  1.5991E+00  8.1119E+00 -1.5990E+00
  8.3539E+00  2.4186E+01 -3.2293E-01  5.0912E+00  1.5991E+00  8.1213E+00 -1.5990E+00
  8.3647E+00  2.4222E+01 -3.2169E-01  5.0739E+00  1.5991E+00  8.1307E+00 -1.5990E+00
  8.3754E+00  2.4258E+01 -3.2046E-01  5.0568E+00  1.5991E+00  8.1401E+00 -1.5990E+00
  8.3861E+00  2.4293E+01 -3.1923E-01  5.0396E+00  1.5991E+00  8.1494E+00 -1.5990E+00
  8.3968E+00  2.4329E+01 -3.1800E-01  5.0225E+00  1.5991E+00  8.1588E+00 -1.5990E+00
  8.4076E+00  2.4365E+01 -3.1676E-01  5.0052E+00  1.5991E+00  8.1682E+00 -1.5989E+00
  8.4183E+00  2.4401E+01 -3.1553E-01  4.9881E+00  1.5991E+00  8.1776E+00 -1.5989E+00
  8.4290E+00  2.4437E+01 -3.1431E-01  4.9710E+00  1.5991E+00  8.1870E+00 -1.5989E+00
  8.4397E+00  2.4472E+01 -3.1308E-01  4.9539E+00  1.5991E+00  8.1963E+00 -1.5989E+00
  8.4505E+00  2.4508E+01 -3.1184E-01  4.9366E+00  1.5991E+00  8.2058E+00 -1.5989E+00
  8.4612E+00  2.4544E+01 -3.1061E-01  4.9195E+00  1.5991E+00  8.2152E+00 -1.5989E+00
  8.4719E+00  2.4580E+01 -3.0938E-01  4.9024E+00  1.5991E+00  8.2245E+00 -1.5989E+00
  8.4826E+00  2.4615E+01 -3.0815E-01  4.8852E+00  1.5991E+00  8.2339E+00 -1.5989E+00
  8.4934E+00  2.4651E+01 -3.0691E-01  4.8680E+00  1.5991E+00  8.2434E+00 -1.5989E+00
  8.5041E+00  2.4687E+01 -3.0568E-01  4.8508E+00  1.5991E+00  8.2528E+00 -1.5989E+00
  8.5148E+00  2.4723E+01 -3.0445E-01  4.8337E+00  1.5991E+00  8.2621E+00 -1.5989E+00
  8.5255E+00  2.4759E+01 -3.0322E-01  4.8166E+00  1.5991E+00  8.2715E+00 -1.5989E+00
  8.5363E+00  2.4795E+01 -3.0198E-01  4.7993E+00  1.5991E+00  8.2810E+00 -1.5989E+00
  8.5470E+00  2.4830E+01 -3.0075E-01  4.7822E+00  1.5991E+00  8.2904E+00 -1.5989E+00
  8.5577E+00  2.4866E+01 -2.9952E-01  4.7651E+00  1.5991E+00  8.2998E+00 -1.5989E+00
  8.5684E+00  2.4902E+01 -2.9829E-01  4.7480E+00  1.5991E+00  8.3092E+00 -1.5989E+00
  8.5792E+00  2.4938E+01 -2.9705E-01  4.7307E+00  1.5991E+00  8.3187E+00 -1.5989E+00
  8.5899E+00  2.4973E+01 -2.9582E-01  4.7136E+00  1.5991E+00  8.3281E+00 -1.5989E+00
  8.6006E+00  2.5009E+01 -2.9459E-01  4.6964E+00  1.5991E+00  8.3375E+00 -1.5989E+00
  8.6113E+00  2.5045E+01 -2.9336E-01  4.6793E+00  1.5991E+00  8.3469E+00 -1.5989E+00
  8.6221E+00  2.5081E+01 -2.9212E-01  4.6620E+00  1.5991E+00  8.3564E+00 -1.5989E+00
  8.6329E+00  2.5117E+01 -2.9090E-01  4.6449E+00  1.5991E+00  8.3658E+00 -1.5989E+00
  8.6436E+00  2.5152E+01 -2.8967E-01  4.6278E+00  1.5991E+00  8.3752E+00 -1.5989E+00
  8.6543E+00  2.5188E+01 -2.8844E-01  4.6107E+00  1.5991E+00  8.3847E+00 -1.5989E+00
  8.6651E+00  2.5224E+01 -2.8720E-01  4.5934E+00  1.5991E+00  8.3942E+00 -1.5989E+00
  8.6758E+00  2.5260E+01 -2.8597E-01  4.5763E+00  1.5991E+00  8.4036E+00 -1.5989E+00
  8.6865E+00  2.5295E+01 -2.8474E-01  4.5592E+00  1.5991E+00  8.4130E+00 -1.5989E+00
  8.6972E+00  2.5331E+01 -2.8351E-01  4.5421E+00  1.5991E+00  8.4224E+00 -1.5988E+00
  8.7080E+00  2.5367E+01 -2.8227E-01  4.5248E+00  1.5991E+00  8.4320E+00 -1.5988E+00
  8.7187E+00  2.5403E+01 -2.8104E-01  4.5077E+00  1.5991E+00  8.4414E+00 -1.5988E+00
  8.7294E+00  2.5438E+01 -2.7981E-01  4.4905E+00  1.5991E+00  8.4508E+00 -1.5988E+00
  8.7401E+00  2.5474E+01 -2.7858E-01  4.4734E+00  1.5991E+00  8.4603E+00 -1.5988E+00
  8.7509E+00  2.5510E+01 -2.7734E-01  4.4561E+00  1.5991E+00  8.4698E+00 -1.5988E+00
  8.7616E+00  2.5546E+01 -2.7611E-01  4.4390E+00  1.5991E+00  8.4792E+00 -1.5988E+00
  8.7723E+00  2.5582E+01 -2.7488E-01  4.4219E+00  1.5991E+00  8.4887E+00 -1.5988E+00
  8.7830E+00  2.5617E+01 -2.7365E-01  4.4048E+00  1.5991E+00  8.4981E+00 -1.5988E+00
  8.7938E+00  2.5653E+01 -2.7241E-01  4.3875E+00  1.5991E+00  8.5076E+00 -1.5988E+00
  8.8045E+00  2.5689E+01 -2.7118E-01  4.3704E+00  1.5991E+00  8.5171E+00 -1.5988E+00
  8.8152E+00  2.5725E+01 -2.6995E-01  4.3533E+00  1.5991E+00  8.5266E+00 -1.5988E+00
  8.8259E+00  2.5760E+01 -2.6873E-01  4.3362E+00  1.5991E+00  8.5360E+00 -1.5988E+00
  8.8367E+00  2.5796E+01 -2.6748E-01  4.3189E+00  1.5990E+00  8.5455E+00 -1.5988E+00
  8.8474E+00  2.5832E+01 -2.6626E-01  4.3018E+00  1.5990E+00  8.5550E+00 -1.5988E+00
  8.8581E+00  2.5868E+01 -2.6503E-01  4.2846E+00  1.5990E+00  8.5645E+00 -1.5988E+00
  8.8688E+00  2.5904E+01 -2.6380E-01  4.2675E+00  1.5990E+00  8.5739E+00 -1.5988E+00
  8.8796E+00  2.5940E+01 -2.6256E-01  4.2502E+00  1.5990E+00  8.5835E+00 -1.5988E+00
  8.8903E+00  2.5975E+01 -2.6133E-01  4.2331E+00  1.5990E+00  8.5930E+00 -1.5988E+00
  8.9010E+00  2.6011E+01 -2.6010E-01  4.2160E+00  1.5990E+00  8.6024E+00 -1.5988E+00
  8.9117E+00  2.6047E+01 -2.5887E-01  4.1989E+00  1.5990E+00  8.6119E+00 -1.5988E+00
  8.9225E+00  2.6083E+01 -2.5763E-01  4.1816E+00  1.5990E+00  8.6215E+00 -1.5988E+00
  8.9332E+00  2.6118E+01 -2.5640E-01  4.1645E+00  1.5990E+00  8.6309E+00 -1.5987E+00
  8.9439E+00  2.6154E+01 -2.5517E-01  4.1474E+00  1.5990E+00  8.6404E+00 -1.5987E+00
  8.9546E+00  2.6190E+01 -2.5394E-01  4.1303E+00  1.5990E+00  8.6499E+00 -1.5987E+00
  8.9654E+00  2.6226E+01 -2.5270E-01  4.1130E+00  1.5990E+00  8.6595E+00 -1.5987E+00
  8.9761E+00  2.6262E+01 -2.5147E-01  4.0959E+00  1.5990E+00  8.6690E+00 -1.5987E+00
  8.9868E+00  2.6297E+01 -2.5024E-01  4.0787E+00  1.5990E+00  8.6784E+00 -1.5987E+00
  8.9975E+00  2.6333E+01 -2.4901E-01  4.0616E+00  1.5990E+00  8.6879E+00 -1.5987E+00
  9.0083E+00  2.6369E+01 -2.4777E-01  4.0443E+00  1.5990E+00  8.6975E+00 -1.5987E+00
  9.0190E+00  2.6405E+01 -2.4654E-01  4.0272E+00  1.5990E+00  8.7070E+00 -1.5987E+00
  9.0297E+00  2.6440E+01 -2.4531E-01  4.0101E+00  1.5990E+00  8.7165E+00 -1.5987E+00
  9.0404E+00  2.6476E+01 -2.4409E-01  3.9930E+00  1.5990E+00  8.7260E+00 -1.5987E+00
  9.0512E+00  2.6512E+01 -2.4285E-01  3.9757E+00  1.5990E+00  8.7356E+00 -1.5987E+00
  9.0619E+00  2.6548E+01 -2.4162E-01  3.9586E+00  1.5990E+00  8.7451E+00 -1.5987E+00
  9.0726E+00  2.6584E+01 -2.4039E-01  3.9415E+00  1.5990E+00  8.7546E+00 -1.5987E+00
  9.0833E+00  2.6619E+01 -2.3916E-01  3.9244E+00  1.5990E+00  8.7641E+00 -1.5987E+00
  9.0941E+00  2.6655E+01 -2.3792E-01  3.9071E+00  1.5990E+00  8.7737E+00 -1.5987E+00
  9.1048E+00  2.6691E+01 -2.3669E-01  3.8900E+00  1.5990E+00  8.7832E+00 -1.5987E+00
  9.1155E+00  2.6727E+01 -2.3546E-01  3.8729E+00  1.5990E+00  8.7927E+00 -1.5987E+00
  9.1262E+00  2.6762E+01 -2.3423E-01  3.8557E+00  1.5990E+00  8.8022E+00 -1.5987E+00
  9.1370E+00  2.6798E+01 -2.3299E-01  3.8385E+00  1.5990E+00  8.8118E+00 -1.5986E+00
  9.1477E+00  2.6834E+01 -2.3176E-01  3.8213E+00  1.5990E+00  8.8213E+00 -1.5986E+00
  9.1584E+00  2.6870E+01 -2.3053E-01  3.8042E+00  1.5990E+00  8.8309E+00 -1.5986E+00
  9.1691E+00  2.6906E+01 -2.2930E-01  3.7871E+00  1.5990E+00  8.8404E+00 -1.5986E+00
  9.1799E+00  2.6942E+01 -2.2806E-01  3.7698E+00  1.5990E+00  8.8500E+00 -1.5986E+00
  9.1906E+00  2.6977E+01 -2.2683E-01  3.7527E+00  1.5990E+00  8.8595E+00 -1.5986E+00
  9.2013E+00  2.7013E+01 -2.2560E-01  3.7356E+00  1.5990E+00  8.8690E+00 -1.5986E+00
  9.2120E+00  2.7049E+01 -2.2437E-01  3.7185E+00  1.5990E+00  8.8786E+00 -1.5986E+00
  9.2228E+00  2.7085E+01 -2.2313E-01  3.7012E+00  1.5990E+00  8.8882E+00 -1.5986E+00
  9.2335E+00  2.7120E+01 -2.2190E-01  3.6841E+00  1.5990E+00  8.8977E+00 -1.5986E+00
  9.2442E+00  2.7156E+01 -2.2068E-01  3.6670E+00  1.5990E+00  8.9073E+00 -1.5986E+00
  9.2549E+00  2.7192E+01 -2.1945E-01  3.6499E+00  1.5990E+00  8.9168E+00 -1.5986E+00
  9.2657E+00  2.7228E+01 -2.1821E-01  3.6326E+00  1.5990E+00  8.9264E+00 -1.5986E+00
  9.2764E+00  2.7264E+01 -2.1698E-01  3.6155E+00  1.5990E+00  8.9360E+00 -1.5986E+00
  9.2871E+00  2.7299E+01 -2.1575E-01  3.5984E+00  1.5990E+00  8.9455E+00 -1.5986E+00
  9.2978E+00  2.7335E+01 -2.1452E-01  3.5812E+00  1.5990E+00  8.9550E+00 -1.5985E+00
  9.3086E+00  2.7371E+01 -2.1328E-01  3.5640E+00  1.5990E+00  8.9647E+00 -1.5985E+00
  9.3194E+00  2.7407E+01 -2.1205E-01  3.5469E+00  1.5990E+00  8.9742E+00 -1.5985E+00
  9.3301E+00  2.7442E+01 -2.1082E-01  3.5297E+00  1.5990E+00  8.9838E+00 -1.5985E+00
  9.3408E+00  2.7478E+01 -2.0959E-01  3.5126E+00  1.5989E+00  8.9933E+00 -1.5985E+00
  9.3516E+00  2.7514E+01 -2.0835E-01  3.4954E+00  1.5989E+00  9.0030E+00 -1.5985E+00
  9.3623E+00  2.7550E+01 -2.0712E-01  3.4782E+00  1.5989E+00  9.0125E+00 -1.5985E+00
  9.3730E+00  2.7586E+01 -2.0589E-01  3.4611E+00  1.5989E+00  9.0221E+00 -1.5985E+00
  9.3837E+00  2.7621E+01 -2.0466E-01  3.4440E+00  1.5989E+00  9.0316E+00 -1.5985E+00
  9.3945E+00  2.7657E+01 -2.0342E-01  3.4267E+00  1.5989E+00  9.0413E+00 -1.5985E+00
  9.4052E+00  2.7693E+01 -2.0219E-01  3.4096E+00  1.5989E+00  9.0509E+00 -1.5985E+00
  9.4159E+00  2.7729E+01 -2.0096E-01  3.3925E+00  1.5989E+00  9.0604E+00 -1.5985E+00
  9.4266E+00  2.7764E+01 -1.9973E-01  3.3754E+00  1.5989E+00  9.0700E+00 -1.5985E+00
  9.4374E+00  2.7800E+01 -1.9849E-01  3.3581E+00  1.5989E+00  9.0797E+00 -1.5984E+00
  9.4481E+00  2.7836E+01 -1.9726E-01  3.3410E+00  1.5989E+00  9.0892E+00 -1.5984E+00
  9.4588E+00  2.7872E+01 -1.9604E-01  3.3239E+00  1.5989E+00  9.0988E+00 -1.5984E+00
  9.4695E+00  2.7907E+01 -1.9481E-01  3.3068E+00  1.5989E+00  9.1084E+00 -1.5984E+00
  9.4803E+00  2.7944E+01 -1.9357E-01  3.2895E+00  1.5989E+00  9.1180E+00 -1.5984E+00
  9.4910E+00  2.7979E+01 -1.9234E-01  3.2724E+00  1.5989E+00  9.1276E+00 -1.5984E+00
  9.5017E+00  2.8015E+01 -1.9111E-01  3.2553E+00  1.5989E+00  9.1372E+00 -1.5984E+00
  9.5124E+00  2.8051E+01 -1.8988E-01  3.2382E+00  1.5989E+00  9.1468E+00 -1.5984E+00
  9.5232E+00  2.8087E+01 -1.8864E-01  3.2209E+00  1.5989E+00  9.1564E+00 -1.5984E+00
  9.5339E+00  2.8122E+01 -1.8741E-01  3.2038E+00  1.5989E+00  9.1660E+00 -1.5984E+00
  9.5446E+00  2.8158E+01 -1.8618E-01  3.1867E+00  1.5989E+00  9.1756E+00 -1.5984E+00
  9.5553E+00  2.8194E+01 -1.8495E-01  3.1695E+00  1.5989E+00  9.1852E+00 -1.5983E+00
  9.5661E+00  2.8230E+01 -1.8371E-01  3.1523E+00  1.5989E+00  9.1949E+00 -1.5983E+00
  9.5768E+00  2.8265E+01 -1.8248E-01  3.1352E+00  1.5989E+00  9.2045E+00 -1.5983E+00
  9.5875E+00  2.8301E+01 -1.8125E-01  3.1181E+00  1.5989E+00  9.2141E+00 -1.5983E+00
  9.5982E+00  2.8337E+01 -1.8002E-01  3.1009E+00  1.5989E+00  9.2237E+00 -1.5983E+00
  9.6090E+00  2.8373E+01 -1.7878E-01  3.0837E+00  1.5989E+00  9.2333E+00 -1.5983E+00
  9.6197E+00  2.8409E+01 -1.7755E-01  3.0666E+00  1.5989E+00  9.2429E+00 -1.5983E+00
  9.6304E+00  2.8444E+01 -1.7632E-01  3.0494E+00  1.5989E+00  9.2525E+00 -1.5983E+00
  9.6411E+00  2.8480E+01 -1.7509E-01  3.0323E+00  1.5989E+00  9.2621E+00 -1.5983E+00
  9.6519E+00  2.8516E+01 -1.7385E-01  3.0151E+00  1.5989E+00  9.2718E+00 -1.5983E+00
  9.6626E+00  2.8552E+01 -1.7262E-01  2.9979E+00  1.5989E+00  9.2814E+00 -1.5982E+00
  9.6733E+00  2.8587E+01 -1.7140E-01  2.9808E+00  1.5989E+00  9.2910E+00 -1.5982E+00
  9.6840E+00  2.8623E+01 -1.7017E-01  2.9637E+00  1.5989E+00  9.3007E+00 -1.5982E+00
  9.6948E+00  2.8659E+01 -1.6893E-01  2.9465E+00  1.5989E+00  9.3104E+00 -1.5982E+00
  9.7055E+00  2.8695E+01 -1.6770E-01  2.9293E+00  1.5989E+00  9.3200E+00 -1.5982E+00
  9.7162E+00  2.8731E+01 -1.6647E-01  2.9122E+00  1.5989E+00  9.3296E+00 -1.5982E+00
  9.7269E+00  2.8766E+01 -1.6524E-01  2.8951E+00  1.5989E+00  9.3392E+00 -1.5982E+00
  9.7377E+00  2.8802E+01 -1.6400E-01  2.8779E+00  1.5989E+00  9.3489E+00 -1.5982E+00
  9.7484E+00  2.8838E+01 -1.6277E-01  2.8607E+00  1.5989E+00  9.3585E+00 -1.5982E+00
  9.7591E+00  2.8874E+01 -1.6154E-01  2.8436E+00  1.5989E+00  9.3681E+00 -1.5981E+00
  9.7698E+00  2.8909E+01 -1.6031E-01  2.8265E+00  1.5988E+00  9.3778E+00 -1.5981E+00
  9.7806E+00  2.8945E+01 -1.5907E-01  2.8092E+00  1.5988E+00  9.3875E+00 -1.5981E+00
  9.7913E+00  2.8981E+01 -1.5784E-01  2.7921E+00  1.5988E+00  9.3971E+00 -1.5981E+00
  9.8020E+00  2.9017E+01 -1.5661E-01  2.7750E+00  1.5988E+00  9.4067E+00 -1.5981E+00
  9.8127E+00  2.9053E+01 -1.5538E-01  2.7579E+00  1.5988E+00  9.4163E+00 -1.5981E+00
  9.8235E+00  2.9089E+01 -1.5414E-01  2.7407E+00  1.5988E+00  9.4261E+00 -1.5981E+00
  9.8342E+00  2.9124E+01 -1.5291E-01  2.7235E+00  1.5988E+00  9.4357E+00 -1.5980E+00
  9.8449E+00  2.9160E+01 -1.5168E-01  2.7064E+00  1.5988E+00  9.4453E+00 -1.5980E+00
  9.8556E+00  2.9196E+01 -1.5045E-01  2.6893E+00  1.5988E+00  9.4550E+00 -1.5980E+00
  9.8664E+00  2.9232E+01 -1.4921E-01  2.6721E+00  1.5988E+00  9.4647E+00 -1.5980E+00
  9.8771E+00  2.9267E+01 -1.4798E-01  2.6549E+00  1.5988E+00  9.4743E+00 -1.5980E+00
  9.8878E+00  2.9303E+01 -1.4676E-01  2.6378E+00  1.5988E+00  9.4840E+00 -1.5980E+00
  9.8985E+00  2.9339E+01 -1.4553E-01  2.6207E+00  1.5988E+00  9.4936E+00 -1.5980E+00
  9.9093E+00  2.9375E+01 -1.4429E-01  2.6035E+00  1.5988E+00  9.5033E+00 -1.5979E+00
  9.9200E+00  2.9411E+01 -1.4306E-01  2.5864E+00  1.5988E+00  9.5130E+00 -1.5979E+00
  9.9307E+00  2.9446E+01 -1.4183E-01  2.5692E+00  1.5988E+00  9.5226E+00 -1.5979E+00
  9.9414E+00  2.9482E+01 -1.4060E-01  2.5521E+00  1.5988E+00  9.5323E+00 -1.5979E+00
  9.9522E+00  2.9518E+01 -1.3936E-01  2.5349E+00  1.5988E+00  9.5420E+00 -1.5979E+00
  9.9629E+00  2.9554E+01 -1.3813E-01  2.5178E+00  1.5988E+00  9.5517E+00 -1.5979E+00
  9.9736E+00  2.9589E+01 -1.3690E-01  2.5007E+00  1.5988E+00  9.5613E+00 -1.5978E+00
  9.9843E+00  2.9625E+01 -1.3567E-01  2.4836E+00  1.5988E+00  9.5710E+00 -1.5978E+00
  9.9951E+00  2.9661E+01 -1.3443E-01  2.4663E+00  1.5988E+00  9.5807E+00 -1.5978E+00
  1.0006E+01  2.9697E+01 -1.3320E-01  2.4492E+00  1.5988E+00  9.5904E+00 -1.5978E+00
  1.0017E+01  2.9733E+01 -1.3197E-01  2.4321E+00  1.5988E+00  9.6000E+00 -1.5978E+00
  1.0027E+01  2.9768E+01 -1.3074E-01  2.4150E+00  1.5988E+00  9.6097E+00 -1.5977E+00
  1.0038E+01  2.9804E+01 -1.2950E-01  2.3977E+00  1.5988E+00  9.6194E+00 -1.5977E+00
  1.0049E+01  2.9840E+01 -1.2827E-01  2.3806E+00  1.5988E+00  9.6291E+00 -1.5977E+00
  1.0059E+01  2.9876E+01 -1.2704E-01  2.3635E+00  1.5988E+00  9.6388E+00 -1.5977E+00
  1.0070E+01  2.9911E+01 -1.2581E-01  2.3464E+00  1.5988E+00  9.6484E+00 -1.5977E+00
  1.0081E+01  2.9947E+01 -1.2457E-01  2.3291E+00  1.5988E+00  9.6582E+00 -1.5976E+00
  1.0092E+01  2.9983E+01 -1.2334E-01  2.3120E+00  1.5988E+00  9.6678E+00 -1.5976E+00
  1.0102E+01  3.0019E+01 -1.2212E-01  2.2949E+00  1.5988E+00  9.6775E+00 -1.5976E+00
  1.0113E+01  3.0055E+01 -1.2089E-01  2.2778E+00  1.5988E+00  9.6872E+00 -1.5976E+00
  1.0124E+01  3.0091E+01 -1.1965E-01  2.2606E+00  1.5988E+00  9.6969E+00 -1.5975E+00
  1.0135E+01  3.0126E+01 -1.1842E-01  2.2434E+00  1.5988E+00  9.7066E+00 -1.5975E+00
  1.0145E+01  3.0162E+01 -1.1719E-01  2.2263E+00  1.5987E+00  9.7163E+00 -1.5975E+00
  1.0156E+01  3.0198E+01 -1.1596E-01  2.2092E+00  1.5987E+00  9.7260E+00 -1.5975E+00
  1.0167E+01  3.0234E+01 -1.1472E-01  2.1920E+00  1.5987E+00  9.7357E+00 -1.5974E+00
  1.0177E+01  3.0269E+01 -1.1349E-01  2.1749E+00  1.5987E+00  9.7454E+00 -1.5974E+00
  1.0188E+01  3.0305E+01 -1.1226E-01  2.1578E+00  1.5987E+00  9.7551E+00 -1.5974E+00
  1.0199E+01  3.0341E+01 -1.1103E-01  2.1407E+00  1.5987E+00  9.7648E+00 -1.5974E+00
  1.0210E+01  3.0377E+01 -1.0979E-01  2.1234E+00  1.5987E+00  9.7745E+00 -1.5973E+00
  1.0220E+01  3.0413E+01 -1.0856E-01  2.1063E+00  1.5987E+00  9.7849E+00 -1.5973E+00
  1.0231E+01  3.0448E+01 -1.0733E-01  2.0892E+00  1.6016E+00  9.9273E+00 -1.6002E+00
  1.0242E+01  3.0484E+01 -1.0609E-01  2.0719E+00  1.6498E+00  1.0775E+01 -1.6481E+00
  1.0253E+01  3.0520E+01 -1.0479E-01  2.0536E+00  1.7385E+00  1.0887E+01 -1.7368E+00
  1.0263E+01  3.0556E+01 -1.0346E-01  2.0345E+00  1.8275E+00  1.0899E+01 -1.8259E+00
  1.0274E+01  3.0591E+01 -1.0208E-01  2.0145E+00  1.9157E+00  1.0912E+01 -1.9141E+00
  1.0285E+01  3.0627E+01 -1.0065E-01  1.9936E+00  2.0030E+00  1.0927E+01 -2.0014E+00
  1.0295E+01  3.0663E+01 -9.9154E-02  1.9715E+00  2.0902E+00  1.0943E+01 -2.0887E+00
  1.0306E+01  3.0699E+01 -9.7630E-02  1.9486E+00  2.1728E+00  1.0838E+01 -2.1713E+00
  1.0317E+01  3.0734E+01 -9.6072E-02  1.9251E+00  2.2118E+00  1.0130E+01 -2.2104E+00
  1.0328E+01  3.0770E+01 -9.4508E-02  1.9015E+00  2.2136E+00  1.0067E+01 -2.2123E+00
  1.0338E+01  3.0806E+01 -9.2928E-02  1.8776E+00  2.2136E+00  1.0086E+01 -2.2122E+00
  1.0349E+01  3.0842E+01 -9.1363E-02  1.8539E+00  2.2136E+00  1.0104E+01 -2.2122E+00
  1.0360E+01  3.0878E+01 -8.9799E-02  1.8302E+00  2.2136E+00  1.0123E+01 -2.2121E+00
  1.0371E+01  3.0913E+01 -8.8234E-02  1.8065E+00  2.2136E+00  1.0142E+01 -2.2121E+00
  1.0381E+01  3.0949E+01 -8.6654E-02  1.7826E+00  2.2136E+00  1.0160E+01 -2.2120E+00
  1.0392E+01  3.0985E+01 -8.5089E-02  1.7589E+00  2.2136E+00  1.0179E+01 -2.2120E+00
  1.0403E+01  3.1021E+01 -8.3525E-02  1.7353E+00  2.2136E+00  1.0198E+01 -2.2119E+00
  1.0413E+01  3.1056E+01 -8.1960E-02  1.7116E+00  2.2136E+00  1.0216E+01 -2.2119E+00
  1.0424E+01  3.1092E+01 -8.0380E-02  1.6877E+00  2.2136E+00  1.0235E+01 -2.2118E+00
  1.0435E+01  3.1128E+01 -7.8815E-02  1.6640E+00  2.2136E+00  1.0254E+01 -2.2118E+00
  1.0446E+01  3.1164E+01 -7.7251E-02  1.6403E+00  2.2136E+00  1.0272E+01 -2.2117E+00
  1.0456E+01  3.1200E+01 -7.5686E-02  1.6167E+00  2.2136E+00  1.0291E+01 -2.2116E+00
  1.0467E+01  3.1236E+01 -7.4106E-02  1.5928E+00  2.2135E+00  1.0310E+01 -2.2116E+00
  1.0478E+01  3.1271E+01 -7.2541E-02  1.5691E+00  2.2135E+00  1.0329E+01 -2.2115E+00
  1.0489E+01  3.1307E+01 -7.0976E-02  1.5454E+00  2.2135E+00  1.0347E+01 -2.2114E+00
  1.0499E+01  3.1343E+01 -6.9412E-02  1.5217E+00  2.2135E+00  1.0366E+01 -2.2113E+00
  1.0510E+01  3.1379E+01 -6.7832E-02  1.4978E+00  2.2135E+00  1.0385E+01 -2.2113E+00
  1.0521E+01  3.1414E+01 -6.6267E-02  1.4742E+00  2.2135E+00  1.0403E+01 -2.2112E+00
  1.0531E+01  3.1450E+01 -6.4702E-02  1.4505E+00  2.2135E+00  1.0422E+01 -2.2111E+00
  1.0542E+01  3.1486E+01 -6.3138E-02  1.4268E+00  2.2135E+00  1.0441E+01 -2.2110E+00
  1.0553E+01  3.1522E+01 -6.1558E-02  1.4030E+00  2.2135E+00  1.0460E+01 -2.2109E+00
  1.0564E+01  3.1558E+01 -5.9993E-02  1.3793E+00  2.2135E+00  1.0478E+01 -2.2108E+00
  1.0574E+01  3.1593E+01 -5.8428E-02  1.3556E+00  2.2135E+00  1.0497E+01 -2.2107E+00
  1.0585E+01  3.1629E+01 -5.6863E-02  1.3320E+00  2.2135E+00  1.0516E+01 -2.2105E+00
  1.0596E+01  3.1665E+01 -5.5284E-02  1.3081E+00  2.2135E+00  1.0535E+01 -2.2104E+00
  1.0607E+01  3.1701E+01 -5.3719E-02  1.2844E+00  2.2135E+00  1.0553E+01 -2.2103E+00
  1.0617E+01  3.1736E+01 -5.2154E-02  1.2608E+00  2.2135E+00  1.0572E+01 -2.2102E+00
  1.0628E+01  3.1772E+01 -5.0589E-02  1.2371E+00  2.2135E+00  1.0591E+01 -2.2100E+00
  1.0639E+01  3.1808E+01 -4.9010E-02  1.2132E+00  2.2135E+00  1.0610E+01 -2.2099E+00
  1.0649E+01  3.1844E+01 -4.7445E-02  1.1896E+00  2.2135E+00  1.0629E+01 -2.2097E+00
  1.0660E+01  3.1880E+01 -4.5880E-02  1.1659E+00  2.2135E+00  1.0647E+01 -2.2095E+00
  1.0671E+01  3.1915E+01 -4.4315E-02  1.1423E+00  2.2135E+00  1.0666E+01 -2.2093E+00
  1.0682E+01  3.1951E+01 -4.2736E-02  1.1184E+00  2.2135E+00  1.0685E+01 -2.2091E+00
  1.0692E+01  3.1987E+01 -4.1171E-02  1.0948E+00  2.2135E+00  1.0704E+01 -2.2089E+00
  1.0703E+01  3.2023E+01 -3.9606E-02  1.0711E+00  2.2135E+00  1.0722E+01 -2.2087E+00
  1.0714E+01  3.2058E+01 -3.8041E-02  1.0475E+00  2.2135E+00  1.0741E+01 -2.2085E+00
  1.0725E+01  3.2094E+01 -3.6461E-02  1.0236E+00  2.2135E+00  1.0760E+01 -2.2082E+00
  1.0746E+01  3.2166E+01 -3.3324E-02  9.7627E-01  2.2134E+00  1.0798E+01 -2.2076E+00
