 -4.486757288780E-05  8.756194253462E-05  1.074605831485E+01  3.651042524144E+03  1.747988087310E+03  3.527238891072E+07  4.167277395669E+01 -4.882812500000E-04   1   5
 -1.913174499006E-04  6.262830536938E-04  4.126559596802E-04  1.597228696704E+04  1.177628145529E+04 -9.405775295058E+04 -9.524133400073E+00 -4.882812500000E-04   1   3
 -1.309075320698E-03 -7.637063800410E-05 -5.156195947098E-04  1.004056472616E+05 -1.640755633492E+03  1.051826028397E+05 -9.525393936377E+00 -4.882812500000E-04   1   3
 -6.942529779887E-05  7.912599732634E-04  7.967372266631E-04  8.255559471372E+03  1.320357461570E+04 -1.902248566941E+05 -9.523185122232E+00 -4.882812500000E-04   1   3
 -6.322855319653E-04 -7.630238684864E-05 -9.796976110081E-04  5.013284329740E+04 -1.502353820889E+03  1.756266719540E+05 -9.527259903109E+00 -4.882812500000E-04   1   3
 -3.451112794927E-04  2.137404979185E-03  1.271010178362E-03  3.712427102349E+04  3.690543278836E+04 -3.093085706317E+05 -9.521315904759E+00 -4.882812500000E-04   1   3
 -1.992600142325E-03 -1.961579180932E-04 -1.313178412305E-03  1.504980997293E+05 -4.358515751131E+03  2.190135031204E+05 -9.526837249604E+00 -4.882812500000E-04   1   3
 -3.173075857865E-04  8.795585044799E-04 -8.261717945111E-04  2.610663403241E+04  1.738486231398E+04  1.550788003702E+05 -9.527154921191E+00 -4.882812500000E-04   1   5
 -2.335390041286E-03 -1.671032640139E-04 -1.488654417001E-03  1.749124911185E+05 -4.019010505705E+03  2.352939198055E+05 -9.527026194173E+00 -4.882812500000E-04   1   5
  1.003208766854E-03  2.350457184554E-03  1.186047014775E-03 -8.260320209990E+04  4.102647137476E+04 -2.806393357556E+05 -9.523349266769E+00 -4.882812500000E-04   1   5
 -6.451563779244E-04 -1.707685685300E-04 -1.175834108071E-04  5.083368942530E+04 -3.106160170301E+03  2.668268172438E+04 -9.525019081256E+00 -4.882812500000E-04   1   5
 -1.768165228971E-04 -1.485257870306E-03  7.762885556133E-04  1.723632101599E+04 -2.587663303854E+04 -1.853041543769E+05 -9.523100877201E+00 -4.882812500000E-04   1   5
 -1.007491732312E-03  8.314836015810E-04 -4.046712143051E-04  7.853804071294E+04  1.568009496072E+04  8.656033065546E+04 -9.525350046317E+00 -4.882812500000E-04   1   5
  1.075780293302E-03 -1.216895505941E-03  5.971383457339E-04 -8.832295387470E+04 -2.202446870497E+04 -1.363779249626E+05 -9.525048233855E+00 -4.882812500000E-04   1   5
  2.270090301223E-04 -1.089042739055E-03  7.091404933295E-04 -1.746566667108E+04 -1.936336132689E+04 -1.657173957607E+05 -9.523800262229E+00 -4.882812500000E-04   1   5
 -4.667031988450E-04 -7.978059669853E-04  7.570042557603E-04  4.173983377773E+04 -1.396925445454E+04 -1.825486571012E+05 -9.522791434674E+00 -4.882812500000E-04   1   5
  8.778663749624E-04 -5.869451772019E-04 -4.486507381323E-04 -6.655117515161E+04 -1.156138471396E+04  9.015415028136E+04 -9.527358411441E+00 -4.882812500000E-04   1   5
 -4.800488238846E-04  1.891424661312E-03  2.184681525659E-04  3.887316490527E+04  3.533112956618E+04 -5.176514786454E+04 -9.524299215858E+00 -4.882812500000E-04   1   5
 -8.279660253952E-04  1.116170583347E-03  3.864250342644E-04  6.799856986329E+04  2.007334902949E+04 -9.017603776671E+04 -9.523440958530E+00 -4.882812500000E-04   1   5
 -1.456618413377E-03 -3.654974285182E-04  1.089576488290E-03  1.308432927259E+05 -6.533711255958E+03 -2.728520099273E+05 -9.520408785615E+00 -4.882812500000E-04   1   5
 -7.330687485848E-04 -1.571016707332E-03  1.141666459537E-03  6.843513973455E+04 -2.794392290841E+04 -2.744375902569E+05 -9.521244656347E+00 -4.882812500000E-04   1   5
  9.219528099200E-04  4.834390570782E-04  8.989144804872E-05 -7.398790992789E+04  8.902408523469E+03 -2.183394745867E+04 -9.526178528149E+00 -4.882812500000E-04   1   5
  5.732285013452E-04  1.455665640786E-03  5.800119906372E-04 -4.662947364960E+04  2.616219220803E+04 -1.316042901244E+05 -9.524540538786E+00 -4.882812500000E-04   1   5
  9.799905122955E-04  7.840179473811E-04 -5.089978453334E-04 -7.454151153742E+04  1.477009342769E+04  1.014988011773E+05 -9.527623504268E+00 -4.882812500000E-04   1   5
  1.372863900337E-04  3.447020252513E-04  1.075220708668E-03 -9.304377040356E+03  5.861680505228E+03 -2.605247032072E+05 -9.522731255100E+00 -4.882812500000E-04   1   5
 -7.120174934974E-04 -1.317134474337E-03  1.326807204382E-03  7.074600273719E+04 -2.258295557143E+04 -3.288666331418E+05 -9.520613018399E+00 -4.882812500000E-04   1   5
  1.803442255975E-05  7.549235383663E-04 -1.363469633500E-03  2.611445920271E+03  1.556810897208E+04  2.257258932022E+05 -9.528878667530E+00 -4.882812500000E-04   1   5
 -9.313558426162E-04  2.543101266300E-03  1.140825606086E-03  8.729838005626E+04  4.430272269209E+04 -2.874611747150E+05 -9.520905541689E+00 -4.882812500000E-04   1   5
 -7.630229343327E-04  7.917061253391E-05  8.434875530980E-04  6.838982192195E+04  1.229107975334E+03 -2.091895143077E+05 -9.522121836947E+00 -4.882812500000E-04   1   5
 -8.995172813181E-04  1.649763815074E-03  3.715755798233E-04  7.367189572810E+04  3.010270352494E+04 -8.778968473554E+04 -9.523394385742E+00 -4.882812500000E-04   1   5
  9.073917905152E-04  8.249575360592E-05 -9.794915322452E-04 -6.452436711247E+04  2.066557208985E+03  1.719665889507E+05 -9.528638542134E+00 -4.882812500000E-04   1   5
  3.921944757845E-04 -9.219615677321E-04 -6.994579082527E-04 -2.799042818676E+04 -1.768725127357E+04  1.354254047763E+05 -9.527505777097E+00 -4.882812500000E-04   1   5
  2.339384568701E-04 -1.127977230575E-03 -4.195696545288E-04 -1.695380101578E+04 -2.178294790821E+04  8.752691394827E+04 -9.526654158871E+00 -4.882812500000E-04   1   5
  2.569685737296E-04  1.770484000724E-03  7.197885438934E-04 -1.991882658181E+04  3.134213187576E+04 -1.683023331253E+05 -9.523794936300E+00 -4.882812500000E-04   1   5
  1.802718843723E-03 -8.213707535803E-04  3.843295363666E-04 -1.468222730123E+05 -1.512130993948E+04 -9.169729167788E+04 -9.526315027254E+00 -4.882812500000E-04   1   5
 -6.086684329056E-04 -1.704823156901E-03  7.796483244391E-04  5.374166767649E+04 -2.978627416901E+04 -1.906520568952E+05 -9.522551828393E+00 -4.882812500000E-04   1   5
  1.314844779818E-03  4.309845649133E-04  1.233003914409E-03 -1.104667983391E+05  7.289499240781E+03 -2.912653093868E+05 -9.523644182226E+00 -4.882812500000E-04   1   5
 -3.925752950071E-05  1.236751726799E-03 -6.726025764614E-04  4.870168969433E+03  2.409716265996E+04  1.330078082887E+05 -9.527004543878E+00 -4.882812500000E-04   1   5
  6.704425125959E-04  1.205765558296E-03  6.927737563522E-04 -5.457687249573E+04  2.160100165840E+04 -1.605269279336E+05 -9.524350428154E+00 -4.882812500000E-04   1   5
 -6.429212962528E-04 -9.294162707990E-04  9.238479028699E-04  5.873765455466E+04 -1.581183563852E+04 -2.296170325581E+05 -9.522053273524E+00 -4.882812500000E-04   1   5
  9.509449294259E-04 -6.916157277796E-04  4.040953305378E-04 -7.733298699936E+04 -1.242472584098E+04 -9.163547332070E+04 -9.525411895479E+00 -4.882812500000E-04   1   5
  1.053062185485E-03  8.571411094147E-05  5.682124959847E-04 -8.712673399701E+04  1.400027887560E+03 -1.288509397593E+05 -9.525151224968E+00 -4.882812500000E-04   1   5
  2.051605838491E-04  2.059260685342E-03  7.956752865343E-04 -1.502410196591E+04  3.631858317663E+04 -1.895318716339E+05 -9.523508661442E+00 -4.882812500000E-04   1   5
  1.080739923382E-03  5.517715884608E-04 -4.336417451807E-04 -8.220694075264E+04  1.047183461611E+04  8.631949202497E+04 -9.527505967336E+00 -4.882812500000E-04   1   5
 -1.118544097150E-03  6.706451685784E-05 -2.825266634119E-04  8.788424320181E+04  1.086457143316E+03  6.272380438395E+04 -9.524886244691E+00 -4.882812500000E-04   1   5
  4.760918949359E-04 -1.710039943243E-03  8.577622805639E-05 -3.767047082749E+04 -3.191198755965E+04 -1.997547503007E+04 -9.525670850783E+00 -4.882812500000E-04   1   5
 -1.710611066863E-04 -7.496620097227E-04  8.108792567736E-04  1.707935768992E+04 -1.254655539551E+04 -1.947521326113E+05 -9.523012164363E+00 -4.882812500000E-04   1   5
  1.387354727536E-03  9.469720533274E-05 -1.131268119918E-03 -1.005730558158E+05  2.187854519086E+03  1.896329499756E+05 -9.529493333209E+00 -4.882812500000E-04   1   5
  3.926525330954E-04  8.924430525262E-04 -3.339806454647E-04 -2.947584811573E+04  1.708800047695E+04  7.011721337136E+04 -9.526604896399E+00 -4.882812500000E-04   1   5
 -5.534579776908E-04 -6.565509159534E-04 -1.590760604824E-04  4.387535125528E+04 -1.159335256765E+04  3.719444538978E+04 -9.525199235542E+00 -4.882812500000E-04   1   5
  7.968993037601E-04 -8.475681984917E-04  6.156950800857E-04 -6.529386705193E+04 -1.516857685874E+04 -1.399733638253E+05 -9.524707444310E+00 -4.882812500000E-04   1   5
  1.201613315132E-03  1.318857320477E-03  7.886122518030E-05 -9.563948854662E+04  2.455792408685E+04 -2.128358156214E+04 -9.526433582493E+00 -4.882812500000E-04   1   5
  2.317180315496E-04  1.144016706809E-03  5.296910007431E-04 -1.819296850272E+04  2.057081856861E+04 -1.198851959861E+05 -9.524279542514E+00 -4.882812500000E-04   1   5
 -1.202165335323E-03 -1.457366670324E-03  7.802182848202E-04  1.045805134590E+05 -2.570891394622E+04 -1.989123414182E+05 -9.521752956148E+00 -4.882812500000E-04   1   5
 -1.339241483680E-03  7.419727321020E-05 -1.018579136577E-03  1.028975178913E+05  1.817881795660E+03  1.818070404339E+05 -9.526661650979E+00 -4.882812500000E-04   1   5
 -2.774455421500E-04 -1.085872238034E-03 -2.495436965599E-04  2.223590903393E+04 -2.055638278376E+04  5.570910452979E+04 -9.525719234517E+00 -4.882812500000E-04   1   5
 -8.669135080740E-04 -8.891486405572E-04 -1.613493135597E-04  6.832915031451E+04 -1.696978198161E+04  3.691317724477E+04 -9.524864665671E+00 -4.882812500000E-04   1   5
 -1.532296505256E-04 -2.924876226900E-05 -1.518773035478E-03  1.639903237286E+04 -5.575533669504E+02  2.420289697207E+05 -9.529112340124E+00 -4.882812500000E-04   1   5
  2.373123095608E-04  1.595737009535E-03  1.048226581716E-03 -1.643756073321E+04  2.800098551668E+04 -2.507115429948E+05 -9.522819757767E+00 -4.882812500000E-04   1   5
  1.741084961011E-03 -3.552684072019E-04  1.233728554491E-03 -1.475192243579E+05 -6.230105464367E+03 -2.894904257228E+05 -9.524109582668E+00 -4.882812500000E-04   1   5
 -7.708932106103E-05  1.285036243725E-03 -2.965373922574E-04  6.527041685786E+03  2.432749965820E+04  6.476365173033E+04 -9.526051773331E+00 -4.882812500000E-04   1   5
 -1.941096845905E-03 -6.092397016763E-04  2.662313613051E-04  1.570338824384E+05 -1.143500303063E+04 -7.195074278278E+04 -9.522446913021E+00 -4.882812500000E-04   1   5
  3.036574557015E-04 -4.019904978452E-04 -8.948531018174E-04 -2.030171782761E+04 -7.723856343553E+03  1.628280520758E+05 -9.527922176664E+00 -4.882812500000E-04   1   5
 -4.123469391379E-06  2.723031543774E-03  1.120297540101E-03  5.326007497565E+03  4.776294694905E+04 -2.701327510934E+05 -9.522253715886E+00 -4.882812500000E-04   1   5
  7.073486898917E-04  6.801426968681E-04  7.907505176021E-04 -5.805063371829E+04  1.204013438028E+04 -1.861287609151E+05 -9.524162878249E+00 -4.882812500000E-04   1   5
  4.678364746568E-04  5.098486696393E-05 -1.590878528811E-03 -2.849403449246E+04  2.275588467399E+03  2.510082282088E+05 -9.529814742349E+00 -4.882812500000E-04   1   5
  1.356136986075E-03  1.710686074870E-03  1.205017589772E-03 -1.136706232157E+05  2.960343089725E+04 -2.849688354175E+05 -9.523737437033E+00 -4.882812500000E-04   1   5
  5.657847826507E-04 -9.375632525629E-04 -7.078375061695E-04 -4.149332819147E+04 -1.800084082971E+04  1.374446625163E+05 -9.527705166270E+00 -4.882812500000E-04   1   5
 -1.352881770038E-04 -2.012733491591E-03  3.953079522656E-04  1.172087821702E+04 -3.697683185142E+04 -9.064303376213E+04 -9.524200895139E+00 -4.882812500000E-04   1   5
  1.417863943898E-03 -1.455275017115E-03  3.324442015256E-04 -1.146807281968E+05 -2.689121836708E+04 -7.883628193548E+04 -9.526033445619E+00 -4.882812500000E-04   1   5
 -5.876100185818E-04 -7.149506366514E-04 -6.134853321811E-04  4.672868237039E+04 -1.351235371059E+04  1.241845820452E+05 -9.526301181190E+00 -4.882812500000E-04   1   5
 -1.473327731000E-03  1.079954726593E-04  1.214709389208E-03  1.350907818249E+05  1.933730822251E+03 -3.048671579529E+05 -9.519933922432E+00 -4.882812500000E-04   1   5
  4.485356238794E-05 -1.563827737819E-03  1.214457419128E-04 -3.234068788103E+03 -2.910625275452E+04 -2.775797994126E+04 -9.525127414305E+00 -4.882812500000E-04   1   5
 -1.781826149472E-03  6.788994885786E-05 -1.265356145966E-03  1.352666530534E+05  1.078306956448E+03  2.150491022753E+05 -9.526896622220E+00 -4.882812500000E-04   1   5
  1.044258234992E-03 -6.814802334756E-04  5.772782273930E-04 -8.554954507117E+04 -1.215394880236E+04 -1.311135869370E+05 -9.525066304552E+00 -4.882812500000E-04   1   5
 -1.296089408627E-03 -2.539819405116E-04  5.872867029346E-04  1.089025686965E+05 -4.470517169412E+03 -1.438593493702E+05 -9.522262161828E+00 -4.882812500000E-04   1   5
 -7.155749642794E-04 -7.418169348780E-04  8.464918210489E-04  6.422203689190E+04 -1.276750698669E+04 -2.095637354773E+05 -9.522182884004E+00 -4.882812500000E-04   1   5
 -5.001366388923E-04  2.917382484271E-04 -1.077815917343E-03  4.052747761352E+04  5.837307329770E+03  1.876029926292E+05 -9.527645378225E+00 -4.882812500000E-04   1   5
  4.485620600852E-04 -1.666523685716E-04 -7.724238266889E-04 -3.161079622522E+04 -4.061066520495E+03  1.451629790972E+05 -9.527733421060E+00 -4.882812500000E-04   1   5
  1.359420482283E-03 -6.255688483956E-04 -8.237234495976E-04 -1.006614786010E+05 -1.255917077151E+04  1.493514397614E+05 -9.528689884245E+00 -4.882812500000E-04   1   5
 -4.956299139108E-04 -8.684942448034E-04 -1.156244675398E-03  4.006257511210E+04 -1.824898819665E+04  1.993326271159E+05 -9.527858399840E+00 -4.882812500000E-04   1   5
 -3.288808435618E-04  8.569651968250E-04 -9.644176486230E-04  2.735825274161E+04  1.728828499402E+04  1.733827624736E+05 -9.527505250038E+00 -4.882812500000E-04   1   5
  3.195381445026E-04  8.597020061494E-04  4.788352863692E-04 -2.683186928698E+04  1.482247853157E+04 -1.069492547377E+05 -9.524596073731E+00 -4.882812500000E-04   1   5
 -1.259189089075E-03 -1.017960474019E-03  2.411345796247E-04  1.015821775152E+05 -1.873708224447E+04 -6.007308513698E+04 -9.523357764832E+00 -4.882812500000E-04   1   5
 -1.538340284543E-03 -1.791882480298E-03  1.022027079394E-03  1.383876827763E+05 -3.143811191252E+04 -2.676164863536E+05 -9.520448932977E+00 -4.882812500000E-04   1   5
 -3.234186975487E-04 -8.882389003787E-04  9.197605342592E-05  2.574053362255E+04 -1.633975912584E+04 -2.134914695490E+04 -9.524837887392E+00 -4.882812500000E-04   1   5
 -1.142507932274E-03  2.372896045238E-04 -6.648198069801E-04  8.867877525727E+04  4.795113139058E+03  1.327493199763E+05 -9.525878883267E+00 -4.882812500000E-04   1   5
  1.177503775439E-03 -7.009787696535E-04 -1.443121151404E-03 -8.240548799915E+04 -1.584268962664E+04  2.272785227607E+05 -9.530079971932E+00 -4.882812500000E-04   1   5
 -8.571664330434E-05  3.179170004602E-04  1.159196226830E-05  7.090620447957E+03  6.214254872689E+03 -2.576980645277E+03 -9.525284144413E+00 -4.882812500000E-04   1   5
 -1.019333767530E-03  7.139273283570E-04 -1.181735315107E-03  7.913291230170E+04  1.508781899136E+04  2.032476524160E+05 -9.527413742928E+00 -4.882812500000E-04   1   5
 -1.261023255523E-03  6.640267018066E-05  1.192512471054E-03  1.176525001526E+05  1.227751516979E+03 -3.041555443095E+05 -9.520251390620E+00 -4.882812500000E-04   1   5
  3.096727727852E-04  2.147420281392E-05 -1.566881885230E-03 -1.701280205214E+04 -1.829662078335E+01  2.486581777987E+05 -9.529616736030E+00 -4.882812500000E-04   1   5
 -1.009463887784E-03 -1.015800452875E-03 -5.125734821192E-04  7.846991892482E+04 -1.940918722362E+04  1.068579278630E+05 -9.525627164227E+00 -4.882812500000E-04   1   5
  8.741394289008E-04  5.655779488089E-04 -6.975209423139E-04 -6.424905517752E+04  1.204474230941E+04  1.318540744249E+05 -9.527928959636E+00 -4.882812500000E-04   1   5
  1.497076614785E-03  3.209262703595E-04  5.150038936286E-05 -1.194146862064E+05  5.846410318691E+03 -1.612710555506E+04 -9.526815690754E+00 -4.882812500000E-04   1   5
  1.040403187670E-03 -1.476140053667E-04 -9.046245022386E-04 -7.658605737228E+04 -2.946200499818E+03  1.637373354013E+05 -9.528652648330E+00 -4.882812500000E-04   1   5
  7.391469610866E-04 -1.002195861561E-03  1.454319404861E-03 -5.717214075773E+04 -1.780351480796E+04 -3.431188826787E+05 -9.522168460295E+00 -4.882812500000E-04   1   5
  1.310128160989E-03 -1.188772318574E-03  1.407085652669E-04 -1.047178587778E+05 -2.215259823882E+04 -3.610407639875E+04 -9.526395692325E+00 -4.882812500000E-04   1   5
  3.791099350331E-04  6.598307769404E-04 -8.224873212512E-04 -2.654206341150E+04  1.334917537072E+04  1.527050889955E+05 -9.527815859568E+00 -4.882812500000E-04   1   5
 -2.361703080614E-04  1.050391241011E-03  1.376326450053E-03  2.846593627278E+04  1.823508549339E+04 -3.314872969742E+05 -9.521145579918E+00 -4.882812500000E-04   1   5
  1.663242525436E-03  6.719828503062E-04  4.872584422291E-04 -1.363438928012E+05  1.202129050489E+04 -1.133429997926E+05 -9.525938717987E+00 -4.882812500000E-04   1   5
 -5.072224356678E-04 -7.043010160280E-04  6.871599481428E-06  4.103118146269E+04 -1.212854100066E+04  6.660513337925E+02 -9.524794360988E+00 -4.882812500000E-04   1   5
 -3.902461289415E-04  1.687595104994E-03  9.022039731086E-04  3.637409434473E+04  2.914501652938E+04 -2.220592239433E+05 -9.522471185792E+00 -4.882812500000E-04   1   5
  1.662020414441E-03 -7.305144661162E-04  4.309046096438E-04 -1.355964977270E+05 -1.326535129080E+04 -1.007942380782E+05 -9.526061898199E+00 -4.882812500000E-04   1   5
  7.959349468090E-05  1.227289280115E-03  5.358397886184E-04 -5.606647333537E+03  2.178798937632E+04 -1.212461524912E+05 -9.524086005147E+00 -4.882812500000E-04   1   5
  1.001832344248E-03  5.891761991200E-04 -6.802261074998E-04 -7.386084992945E+04  1.232468148322E+04  1.283807297399E+05 -9.527989496775E+00 -4.882812500000E-04   1   5
 -1.351311851860E-03  1.502374004821E-04 -4.196022170291E-04  1.047700781964E+05  2.706695223797E+03  8.885385524207E+04 -9.525034022789E+00 -4.882812500000E-04   1   5
  3.393098579340E-04  3.724570253354E-04 -1.095639900933E-03 -2.227704249180E+04  7.303550029173E+03  1.879896462952E+05 -9.528488146743E+00 -4.882812500000E-04   1   5
 -1.036002840132E-03 -1.103405649671E-03  5.151283534772E-04  8.608115183436E+04 -1.981867223710E+04 -1.225610860109E+05 -9.522824010011E+00 -4.882812500000E-04   1   5
  3.330526746674E-05 -1.036409622878E-03 -6.174949054003E-04 -7.643548093955E+02 -1.988593365363E+04  1.234190303741E+05 -9.526939709814E+00 -4.882812500000E-04   1   5
  9.143974606494E-04  2.112275223452E-03  1.107120792248E-03 -7.486318066186E+04  3.697526080273E+04 -2.622425227832E+05 -9.523468290563E+00 -4.882812500000E-04   1   5
  5.596016004139E-04  5.458294180809E-04  3.631055055546E-04 -4.538575719983E+04  9.809037891013E+03 -8.179124435996E+04 -9.525106010409E+00 -4.882812500000E-04   1   5
  1.037070866050E-03  7.831743031044E-04 -2.677870760195E-04 -7.997567766856E+04  1.515024934235E+04  5.427797349767E+04 -9.527073379296E+00 -4.882812500000E-04   1   5
  1.560864910742E-03 -9.643032829039E-05  8.210064351992E-04 -1.306654851022E+05 -1.651183050034E+03 -1.949305805862E+05 -9.525049610450E+00 -4.882812500000E-04   1   5
 -2.069121305617E-03 -2.950253686478E-04 -1.374085677680E-03  1.559080903843E+05 -6.922491572433E+03  2.243875495883E+05 -9.526944898886E+00 -4.882812500000E-04   1   5
  1.867900928779E-03 -2.778855180122E-05  1.283562108650E-03 -1.575743891779E+05 -5.400564793676E+02 -2.933068877513E+05 -9.524032216603E+00 -4.882812500000E-04   1   5
 -1.730209382335E-04  5.389890941315E-04 -1.467470462149E-03  1.722452214586E+04  1.144679529766E+04  2.339578980337E+05 -9.528990903724E+00 -4.882812500000E-04   1   5
 -2.116049475079E-03  1.028155889886E-03  9.774020766304E-04  1.875957022412E+05  1.802942088488E+04 -2.655870454972E+05 -9.519769215763E+00 -4.882812500000E-04   1   5
 -5.872736030828E-04 -3.065740043219E-04 -7.419354212921E-04  4.628889261890E+04 -6.283947475476E+03  1.434200417443E+05 -9.526676596431E+00 -4.882812500000E-04   1   5
  5.453758013219E-04 -1.307127807397E-03 -1.761080629414E-04 -4.211198378124E+04 -2.458955917974E+04  3.855265142681E+04 -9.526371887875E+00 -4.882812500000E-04   1   5
 -5.826144098179E-05  3.095480854934E-04 -9.017018526123E-04  6.781965602838E+03  6.020198760330E+03  1.647920900405E+05 -9.527611308156E+00 -4.882812500000E-04   1   5
 -1.293217979471E-03  2.184883726042E-04 -5.620402916104E-04  9.906019851871E+04  4.604589538437E+03  1.135739514820E+05 -9.525533766722E+00 -4.882812500000E-04   1   5
  8.481027423758E-04  1.736565756532E-03  2.062013115172E-04 -6.778563977988E+04  3.216616806415E+04 -4.854366873074E+04 -9.525755227820E+00 -4.882812500000E-04   1   5
 -6.581013231532E-04 -1.681406826642E-03  5.192690535694E-04  5.517342872853E+04 -3.059320822511E+04 -1.215285995293E+05 -9.523253664244E+00 -4.882812500000E-04   1   5
 -1.376808292400E-03 -1.712850920329E-04  1.030384353376E-03  1.232096782331E+05 -3.040476282171E+03 -2.606538295171E+05 -9.520715595676E+00 -4.882812500000E-04   1   5
  9.536431670302E-04  1.314847962376E-04 -2.777403670020E-04 -7.435217788330E+04  2.385659194428E+03  5.834494040699E+04 -9.527074829834E+00 -4.882812500000E-04   1   5
 -7.377038560620E-04 -6.598084559741E-04  2.310954472762E-05  5.855701910828E+04 -1.217773085016E+04 -5.955488731392E+03 -9.524552546285E+00 -4.882812500000E-04   1   5
  1.744480033647E-04  4.738785456076E-05  3.241933414984E-04 -1.376634629972E+04  7.294533091091E+02 -7.346910429011E+04 -9.524772526275E+00 -4.882812500000E-04   1   5
  2.688271659138E-04  3.652369431216E-04  7.576378867089E-04 -2.172276380704E+04  5.976105369614E+03 -1.775335257553E+05 -9.523774016098E+00 -4.882812500000E-04   1   5
  4.878901210756E-04 -6.039967302222E-04 -7.907057649401E-04 -3.560663596140E+04 -1.104092895712E+04  1.498355662841E+05 -9.527874115478E+00 -4.882812500000E-04   1   5
  4.522170756067E-04 -1.804532710982E-03  1.486051871105E-04 -3.579413076237E+04 -3.348966245008E+04 -3.423566387195E+04 -9.525482807627E+00 -4.882812500000E-04   1   5
 -2.073964989624E-04  1.704304904043E-03  1.334665359888E-03  2.565344307995E+04  2.907891364635E+04 -3.251303835710E+05 -9.521313990311E+00 -4.882812500000E-04   1   5
 -7.305138743461E-04  1.620231172268E-03  1.332398093613E-03  7.159815830640E+04  2.876727365129E+04 -3.249615355092E+05 -9.520593620875E+00 -4.882812500000E-04   1   5
 -1.153234096166E-03 -9.293284526457E-05  5.991883746752E-04  9.704534215001E+04 -1.554166165187E+03 -1.454891679146E+05 -9.522417251805E+00 -4.882812500000E-04   1   5
  9.181997338667E-05 -2.199345749173E-03  9.625951017291E-04 -4.211291099455E+03 -3.829406381228E+04 -2.349458720668E+05 -9.522882452402E+00 -4.882812500000E-04   1   5
  3.107244282299E-04 -8.497862702155E-04 -1.233033814803E-04 -2.471056698905E+04 -1.484442940583E+04  2.932947996096E+04 -9.526063276720E+00 -4.882812500000E-04   1   5
  1.613729313990E-04  6.484301394190E-04 -5.449385976632E-04 -1.105642841439E+04  1.285697313161E+04  1.097778626275E+05 -9.526908393607E+00 -4.882812500000E-04   1   5
 -6.525584758371E-04 -1.336541507207E-03  7.772850857464E-04  5.775132833523E+04 -2.350342598774E+04 -1.899724462840E+05 -9.522485834847E+00 -4.882812500000E-04   1   5
  4.260764988653E-04 -1.190141617757E-03 -1.575988683324E-04 -3.284932693005E+04 -2.319423508195E+04  3.391197064868E+04 -9.526211495183E+00 -4.882812500000E-04   1   5
 -1.085293680583E-03 -3.279940284292E-04 -1.448428924954E-03  8.412709173102E+04 -7.401724627530E+03  2.327371430326E+05 -9.528098222193E+00 -4.882812500000E-04   1   5
  7.229783520398E-04 -1.814950521755E-04 -1.102319673937E-03 -5.086507747120E+04 -3.565482904529E+03  1.876535961350E+05 -9.528845079319E+00 -4.882812500000E-04   1   5
  3.223231818678E-04  4.972297801141E-04 -7.463532178207E-04 -2.252139033608E+04  1.001860028955E+04  1.420391529749E+05 -9.527567548264E+00 -4.882812500000E-04   1   5
  1.371398441600E-03 -5.383793604824E-04 -5.634636367855E-04 -1.039230299641E+05 -1.033146815016E+04  1.084818944705E+05 -9.528092067730E+00 -4.882812500000E-04   1   5
  3.089453235876E-03 -2.909051756907E-04 -1.573846673034E-03 -2.222159666018E+05 -6.745851950316E+03  2.237911689529E+05 -9.531837895482E+00 -4.882812500000E-04   1   5
 -1.830738328433E-04 -1.201508209675E-03  8.935630564171E-04  1.860540078720E+04 -2.043794849289E+04 -2.171369455415E+05 -9.522763210971E+00 -4.882812500000E-04   1   5
  1.111301216880E-03 -1.540191916420E-04 -9.602690544988E-04 -8.153083657927E+04 -2.976579294701E+03  1.718988814302E+05 -9.528848774388E+00 -4.882812500000E-04   1   5
  7.778493912238E-05 -1.588878127025E-03  9.129856981218E-04 -3.450904594541E+03 -2.759389616558E+04 -2.209318624674E+05 -9.523023014078E+00 -4.882812500000E-04   1   5
  4.995072844164E-04 -1.229096861549E-03 -5.745457281545E-04 -3.658512655296E+04 -2.361985023054E+04  1.149188806886E+05 -9.527280149474E+00 -4.882812500000E-04   1   5
 -1.468632604980E-03  8.604476879379E-04  9.852037810401E-04  1.316149040283E+05  1.507094859681E+04 -2.575451972848E+05 -9.520685661355E+00 -4.882812500000E-04   1   5
  3.932165349813E-04  7.383554460227E-04  9.728968599294E-04 -3.140517420343E+04  1.247080061668E+04 -2.335793987969E+05 -9.523317049370E+00 -4.882812500000E-04   1   5
 -1.758866183815E-03  8.706732149647E-04  9.461786272702E-05  1.401996812149E+05  1.615576825469E+04 -2.833895500601E+04 -9.523175464741E+00 -4.882812500000E-04   1   5
 -4.956650501840E-06 -2.238606667738E-04  8.508822317488E-04  1.644196368657E+03 -3.433783700164E+03 -2.045142853188E+05 -9.523200371136E+00 -4.882812500000E-04   1   5
  1.186974644513E-05  2.193412023341E-04 -1.102440820720E-03  2.042408103302E+03  4.951481767418E+03  1.893507869803E+05 -9.528217321397E+00 -4.882812500000E-04   1   5
  3.505758099095E-04  9.213515365243E-04 -5.508647636727E-04 -2.539408605141E+04  1.765398591449E+04  1.109455771118E+05 -9.527093702479E+00 -4.882812500000E-04   1   5
 -1.836433147194E-03 -2.763992480170E-05 -8.485424740261E-04  1.399746595292E+05 -5.286792802235E+02  1.593135933447E+05 -9.525694830971E+00 -4.882812500000E-04   1   5
  3.354940216022E-04  2.391595622665E-03  1.345678450262E-03 -2.254492308728E+04  4.162824888193E+04 -3.186765070207E+05 -9.521989516367E+00 -4.882812500000E-04   1   5
 -7.821627965544E-04  2.147513195553E-04 -9.779360042721E-04  6.127172812709E+04  4.511286470776E+03  1.755137046122E+05 -9.527111760900E+00 -4.882812500000E-04   1   5
 -1.521815180093E-03  6.353088961269E-04 -7.033272323618E-04  1.169968581211E+05  1.230423565853E+04  1.394494943518E+05 -9.525597533400E+00 -4.882812500000E-04   1   5
  6.484939293757E-04 -1.248943724381E-03  7.813384911888E-04 -5.311814538807E+04 -2.194463368435E+04 -1.831238903300E+05 -9.524115011294E+00 -4.882812500000E-04   1   5
  6.212722613388E-04  7.957605011616E-04 -9.117463115871E-04 -4.467444688493E+04  1.488316918343E+04  1.672632541138E+05 -9.528273781786E+00 -4.882812500000E-04   1   5
  2.416313922315E-04  8.488443168840E-05  9.587063242602E-04 -1.849366749370E+04  1.438946512764E+03 -2.311703464210E+05 -9.523176822610E+00 -4.882812500000E-04   1   5
  5.317455462599E-04  9.178285077951E-04 -7.713090872024E-04 -3.846109663554E+04  1.746630842904E+04  1.461313670978E+05 -9.527829350918E+00 -4.882812500000E-04   1   5
 -6.058534964887E-04  1.100869927713E-03 -2.208668994328E-04  4.802120162651E+04  2.041906315084E+04  5.024591292740E+04 -9.525285531473E+00 -4.882812500000E-04   1   5
 -6.513093260828E-04 -4.222671345025E-04  3.311337916152E-04  5.415316028240E+04 -7.053059074338E+03 -7.514884846690E+04 -9.523752398908E+00 -4.882812500000E-04   1   5
  1.799559326418E-04 -8.441208920951E-04 -1.149221303633E-03 -9.916487980363E+03 -1.752005365093E+04  1.965807526619E+05 -9.528453051164E+00 -4.882812500000E-04   1   5
  1.124674446062E-03  5.646408352888E-04  1.343849917658E-03 -9.216718293132E+04  9.934608896280E+03 -3.063903823809E+05 -9.522988495243E+00 -4.882812500000E-04   1   5
  9.663120997126E-04 -5.017965924133E-05 -4.995545507072E-04 -7.289347206641E+04 -1.239375940365E+03  9.837801746325E+04 -9.527559122850E+00 -4.882812500000E-04   1   5
  8.152816718162E-04  8.242634222117E-04 -6.146680891508E-04 -6.087782802079E+04  1.571940712889E+04  1.200207471188E+05 -9.527704612075E+00 -4.882812500000E-04   1   5
 -1.855844800772E-04 -6.846759660560E-04  1.013590657362E-03  1.973446957478E+04 -1.209323192723E+04 -2.453330428413E+05 -9.522400747906E+00 -4.882812500000E-04   1   5
 -1.280131441416E-03  6.925738663882E-04 -4.162658910492E-04  9.895529395331E+04  1.371928975099E+04  8.758033739780E+04 -9.525123736248E+00 -4.882812500000E-04   1   5
 -5.022075171108E-04  5.346160468150E-04  4.553050625873E-04  4.130377713556E+04  1.001205683743E+04 -1.051401714799E+05 -9.523672519762E+00 -4.882812500000E-04   1   5
 -5.632112528984E-04 -8.495376167937E-04  7.025648516326E-04  4.889782389365E+04 -1.490700678235E+04 -1.682832182361E+05 -9.522854090381E+00 -4.882812500000E-04   1   5
 -2.140819371010E-04 -9.795183918208E-05  1.398025048513E-03  2.704951321098E+04 -1.994920519252E+03 -3.379159751154E+05 -9.521097302088E+00 -4.882812500000E-04   1   5
 -8.318839669959E-04  2.816571393053E-04  1.154510330426E-03  7.933860900909E+04  4.811459640270E+03 -2.895609529095E+05 -9.520992164530E+00 -4.882812500000E-04   1   5
 -8.267359734831E-04 -4.265441826612E-04  5.174602622624E-04  6.977673379436E+04 -7.354031479943E+03 -1.208250608836E+05 -9.523020185951E+00 -4.882812500000E-04   1   5
  1.498417787827E-03 -8.523378579806E-04  7.835737126261E-04 -1.251229735078E+05 -1.519303725673E+04 -1.852220826788E+05 -9.525070078896E+00 -4.882812500000E-04   1   5
  3.303106063465E-04 -6.048181506116E-04  4.147082266961E-04 -2.623005723452E+04 -1.125098481060E+04 -9.352676279654E+04 -9.524691966218E+00 -4.882812500000E-04   1   5
 -6.685765880306E-04 -1.519805991055E-03  7.038840938360E-04  5.815837208377E+04 -2.672850081078E+04 -1.697189723358E+05 -9.522687575558E+00 -4.882812500000E-04   1   5
  2.676115790889E-04  2.919615639751E-04 -2.328123958009E-04 -2.050364225361E+04  5.538664341378E+03  5.005355661901E+04 -9.526265921576E+00 -4.882812500000E-04   1   5
 -1.249842144668E-03 -6.407131262319E-04  4.190823365455E-04  1.029109773794E+05 -1.173880707398E+04 -1.008530393460E+05 -9.522829279768E+00 -4.882812500000E-04   1   5
 -1.524765403567E-03 -2.508690981597E-04 -5.619430839197E-04  1.171889827752E+05 -4.844184363116E+03  1.145292128101E+05 -9.525248746738E+00 -4.882812500000E-04   1   5
 -8.424993951537E-04  4.983093193007E-04 -4.589259154439E-04  6.595484490155E+04  9.436477873650E+03  9.685922431721E+04 -9.525657841290E+00 -4.882812500000E-04   1   5
 -1.556469270004E-03  3.944280970031E-04 -8.497956614519E-04  1.192460333927E+05  7.593989865232E+03  1.604897954659E+05 -9.525971040356E+00 -4.882812500000E-04   1   5
 -1.160319453947E-03 -9.201638884089E-04 -9.004892685258E-04  8.941643882854E+04 -1.921769340504E+04  1.663712886465E+05 -9.526517922243E+00 -4.882812500000E-04   1   5
  6.398445006969E-04  9.927918240455E-04 -2.165811176589E-04 -4.922477207962E+04  1.936766629074E+04  4.506091390821E+04 -9.526564509505E+00 -4.882812500000E-04   1   5
 -2.170027738967E-04  1.669123647814E-03  1.015036717984E-04  1.771061982755E+04  3.115422881742E+04 -2.326185202625E+04 -9.524887695242E+00 -4.882812500000E-04   1   5
  1.476636644158E-03  9.077589894134E-04  5.474597509139E-04 -1.213154531638E+05  1.627139346499E+04 -1.261197082149E+05 -9.525597935314E+00 -4.882812500000E-04   1   5
 -7.681851328819E-04  5.195930211217E-04 -1.045336517095E-03  6.090896949339E+04  9.905567324795E+03  1.891328983777E+05 -9.527245612511E+00 -4.882812500000E-04   1   5
 -6.259969392309E-04 -3.238323916125E-04  2.273434892679E-04  5.024474492724E+04 -6.010084041255E+03 -5.337816151712E+04 -9.524155476989E+00 -4.882812500000E-04   1   5
  5.685293560183E-04  1.575776428078E-03  1.083359985147E-03 -4.517852132516E+04  2.746441536382E+04 -2.570389469576E+05 -9.523141579437E+00 -4.882812500000E-04   1   5
 -1.101001036886E-03  8.167479936795E-04  9.205964697756E-04  9.876728304313E+04  1.416413674037E+04 -2.362403848734E+05 -9.521413700693E+00 -4.882812500000E-04   1   5
  1.156332140227E-03 -2.136771015296E-05 -6.268571488199E-04 -8.675760296138E+04 -5.959376063768E+02  1.200377696982E+05 -9.528044153299E+00 -4.882812500000E-04   1   5
 -3.924602193262E-05  9.466093231036E-04 -1.220995951277E-03  6.614261312528E+03  2.049642355864E+04  2.053669895772E+05 -9.528439295521E+00 -4.882812500000E-04   1   5
 -1.003720083401E-03 -8.212252509348E-04 -9.459738858038E-04  7.785646518627E+04 -1.618948767101E+04  1.746469378033E+05 -9.526783467143E+00 -4.882812500000E-04   1   5
 -3.276071487692E-04  7.614759100128E-04  1.364896175827E-03  3.612107299905E+04  1.332021872854E+04 -3.280407807678E+05 -9.521072508277E+00 -4.882812500000E-04   1   5
 -2.031389017964E-03 -1.034054060924E-04 -1.208816599146E-03  1.533816762299E+05 -2.124584703624E+03  2.039792299121E+05 -9.526527891565E+00 -4.882812500000E-04   1   5
  1.040327115794E-03 -4.565304653711E-04  9.789370770221E-04 -8.665956720395E+04 -7.823457129753E+03 -2.335116800357E+05 -9.524051764284E+00 -4.882812500000E-04   1   5
 -7.122316720802E-04 -6.555560649391E-04  1.046799419781E-03  6.723198615986E+04 -1.131317006646E+04 -2.620225462626E+05 -9.521517688301E+00 -4.882812500000E-04   1   5
 -7.483672183021E-04 -4.518590342747E-04  3.778918181574E-05  5.995278460181E+04 -8.100156662672E+03 -8.481430024765E+03 -9.524469954770E+00 -4.882812500000E-04   1   5
  6.632364673976E-04  1.063170054312E-03  5.179378590725E-05 -5.257761916665E+04  1.962034073788E+04 -1.300579127924E+04 -9.525968105628E+00 -4.882812500000E-04   1   5
  3.616895673212E-04  2.908319206315E-04 -1.398387706271E-04 -2.892790628928E+04  5.044351369485E+03  3.185120244513E+04 -9.526177035312E+00 -4.882812500000E-04   1   5
 -3.514532386798E-04  7.412148143295E-04 -1.360290277876E-04  2.846914822949E+04  1.347139602975E+04  3.210987879572E+04 -9.525333126039E+00 -4.882812500000E-04   1   5
 -1.544642424569E-03 -1.346246428511E-04  9.832165661887E-04  1.378728354756E+05 -2.417668738449E+03 -2.565361618529E+05 -9.520597904144E+00 -4.882812500000E-04   1   5
 -9.130928816995E-05  6.051757998117E-04 -1.242828649586E-03  1.071672135984E+04  1.070428274976E+04  2.126130876068E+05 -9.528436186943E+00 -4.882812500000E-04   1   5
 -1.525484606021E-04 -9.196928883659E-04  9.957959371576E-05  1.220272892625E+04 -1.704610159296E+04 -2.309016453888E+04 -9.525000810345E+00 -4.882812500000E-04   1   5
  7.444610262901E-04  6.537149036076E-04 -7.096721960203E-04 -5.460378585381E+04  1.285936696084E+04  1.350905387559E+05 -9.527856735854E+00 -4.882812500000E-04   1   5
  1.063678341770E-03 -1.654878657668E-03  9.198019825352E-04 -8.834910467865E+04 -2.887227977661E+04 -2.201395197415E+05 -9.524214798946E+00 -4.882812500000E-04   1   5
  6.464713978923E-04  3.100498359866E-04 -5.207137227714E-04 -4.855191346438E+04  5.602105347439E+03  1.044681992242E+05 -9.527329211352E+00 -4.882812500000E-04   1   5
 -4.656407205669E-04 -7.459050529275E-04 -7.477276345256E-04  3.771172733274E+04 -1.371120494658E+04  1.457203196555E+05 -9.526766520036E+00 -4.882812500000E-04   1   5
  1.290274879133E-04  8.216766950964E-04 -2.620675883698E-04 -9.455056860623E+03  1.479598637937E+04  5.758068001965E+04 -9.526179692343E+00 -4.882812500000E-04   1   5
  2.688250472531E-04 -6.474695650903E-04 -1.544738369050E-03 -1.497893536663E+04 -1.454152340620E+04  2.432451493873E+05 -9.529578166491E+00 -4.882812500000E-04   1   5
  6.122642683930E-05  5.856731277895E-04 -5.906319851174E-04 -3.179810357060E+03  1.131730627151E+04  1.182349774740E+05 -9.526920499998E+00 -4.882812500000E-04   1   5
  6.215325844452E-04  8.781552740032E-04 -1.964232204479E-04 -4.871096131168E+04  1.600617994695E+04  4.340558506996E+04 -9.526545374431E+00 -4.882812500000E-04   1   5
 -1.548925297510E-03 -3.140593038894E-04 -9.965184395018E-04  1.185690898278E+05 -6.415112279999E+03  1.814851581121E+05 -9.526371911846E+00 -4.882812500000E-04   1   5
  1.105781856585E-03  1.882822658184E-04 -4.459314307148E-04 -8.443057360100E+04  3.395367696558E+03  8.887727515528E+04 -9.527581458460E+00 -4.882812500000E-04   1   5
  1.397320034326E-03  5.981626478517E-05 -1.108896907631E-05 -1.109185863141E+05  8.464069909173E+02 -1.538800287075E+03 -9.526863150858E+00 -4.882812500000E-04   1   5
 -1.617751175193E-03  4.796590603550E-04  6.948711554902E-04  1.381202530650E+05  8.598190247423E+03 -1.804632359795E+05 -9.521483132493E+00 -4.882812500000E-04   1   5
 -7.146724545229E-04  4.708993659689E-04  9.098700143504E-04  6.466936923863E+04  8.220793192274E+03 -2.270843370932E+05 -9.522007696265E+00 -4.882812500000E-04   1   5
  7.863888172468E-04 -7.738898365105E-04  3.941454153615E-04 -6.406901705656E+04 -1.394860717126E+04 -8.886983545275E+04 -9.525274264873E+00 -4.882812500000E-04   1   5
  5.697298522065E-05  7.105211233307E-04  3.738825692192E-04 -4.086319965883E+03  1.295183243478E+04 -8.439476315404E+04 -9.524501769204E+00 -4.882812500000E-04   1   5
  1.103029070993E-03  7.440827406141E-04  5.052994610111E-04 -9.045706870482E+04  1.329861306801E+04 -1.143787787071E+05 -9.525328328890E+00 -4.882812500000E-04   1   5
  6.482092873521E-04 -1.187930350044E-03  6.302260542324E-04 -5.349571460643E+04 -2.101386396052E+04 -1.437793032967E+05 -9.524533892816E+00 -4.882812500000E-04   1   5
  2.673955615836E-04 -7.681949614202E-04  1.386181889650E-03 -1.682304582205E+04 -1.296552813808E+04 -3.334181226322E+05 -9.521846520610E+00 -4.882812500000E-04   1   5
 -4.855787474637E-04  4.143952963112E-04 -1.253912439662E-03  4.021870706311E+04  7.146838524860E+03  2.144253402901E+05 -9.528083414016E+00 -4.882812500000E-04   1   5
 -2.287485519449E-04  3.288743626287E-04 -2.218376348928E-05  1.815967140020E+04  6.469910621447E+03  5.128176036648E+03 -9.525230084475E+00 -4.882812500000E-04   1   5
 -3.004525399589E-04 -2.146435299981E-03  1.329818773735E-03  3.408886987625E+04 -3.709699364035E+04 -3.240644853124E+05 -9.521176781007E+00 -4.882812500000E-04   1   5
  2.304465266460E-04  3.193583677989E-04 -1.553934173547E-03 -1.218659056240E+04  5.752446495492E+03  2.459902432776E+05 -9.529575966158E+00 -4.882812500000E-04   1   5
  1.022849209136E-04  1.957606883498E-03  7.523434927528E-04 -6.456599728306E+03  3.458570970177E+04 -1.780543779929E+05 -9.523501087767E+00 -4.882812500000E-04   1   5
  5.664965044014E-04 -1.059476699310E-03  6.940114508645E-04 -4.600634153775E+04 -1.900059769325E+04 -1.607660307812E+05 -9.524238033176E+00 -4.882812500000E-04   1   5
  8.410974553905E-04 -8.203694055231E-04 -2.740988957246E-04 -6.480979919307E+04 -1.536408069481E+04  5.745155447715E+04 -9.526908729981E+00 -4.882812500000E-04   1   5
  6.170025105741E-04  4.279022106357E-04 -1.070326506143E-03 -4.317404680695E+04  9.099511646581E+03  1.840976312435E+05 -9.528670058139E+00 -4.882812500000E-04   1   5
  1.158773241608E-03  2.494676272921E-03  1.144303242471E-03 -9.612197218517E+04  4.367891838475E+04 -2.714540114699E+05 -9.523645801762E+00 -4.882812500000E-04   1   5
  1.009551409258E-03  7.512244560156E-04 -1.443765148091E-03 -7.000802547922E+04  1.660499286735E+04  2.293685675020E+05 -9.529939520351E+00 -4.882812500000E-04   1   5
 -4.692963379683E-04  2.101904944838E-03  1.149845715512E-03  4.672599124595E+04  3.625766029821E+04 -2.843584170839E+05 -9.521539576656E+00 -4.882812500000E-04   1   5
  4.909826401701E-04 -2.811003657959E-04 -5.875431109050E-04 -3.578599278511E+04 -6.087138716149E+03  1.151244249194E+05 -9.527318296402E+00 -4.882812500000E-04   1   5
 -1.575229621321E-03 -5.922681370945E-04 -6.723556405515E-04  1.210554449140E+05 -1.152395762222E+04  1.342247577331E+05 -9.525461568489E+00 -4.882812500000E-04   1   5
  1.635162039853E-04  9.909032733139E-04  9.927354742576E-04 -1.103984901960E+04  1.668036998276E+04 -2.394254137718E+05 -9.522943530355E+00 -4.882812500000E-04   1   5
 -1.232285332456E-03  1.921367109332E-04  5.521305311138E-04  1.030422681865E+05  3.257579485111E+03 -1.336083975337E+05 -9.522454994299E+00 -4.882812500000E-04   1   5
  1.282239683725E-03 -6.456083767206E-04 -1.328663632801E-03 -9.095016110029E+04 -1.355166776943E+04  2.162352425792E+05 -9.529870871124E+00 -4.882812500000E-04   1   5
  3.443979099431E-04 -1.847726835661E-03  3.896760509416E-04 -2.779343770373E+04 -3.363837962212E+04 -8.807002580484E+04 -9.524778881057E+00 -4.882812500000E-04   1   5
  1.518694382424E-03 -6.066112176294E-04  6.780595538327E-04 -1.259305192118E+05 -1.068096468039E+04 -1.580696214108E+05 -9.525339293168E+00 -4.882812500000E-04   1   5
 -1.750597667791E-03 -2.331025057658E-03  1.051870802954E-03  1.577126975245E+05 -4.101182926947E+04 -2.778862635704E+05 -9.520011326289E+00 -4.882812500000E-04   1   5
 -4.043996189274E-04 -5.362250772578E-04 -1.462472553662E-03  3.435401227704E+04 -1.135065245601E+04  2.364242146065E+05 -9.528747443109E+00 -4.882812500000E-04   1   5
  1.082535905797E-03 -1.170453005845E-03  2.832036212066E-04 -8.763199214825E+04 -2.105844353589E+04 -6.486600371323E+04 -9.525848519571E+00 -4.882812500000E-04   1   5
  5.883427130933E-04  1.482123772570E-03  5.048323508046E-04 -4.764670924962E+04  2.652267430206E+04 -1.137397846308E+05 -9.524742772301E+00 -4.882812500000E-04   1   5
 -4.406571342037E-04 -2.850786802499E-04 -8.548919882774E-04  3.679702845637E+04 -5.454793271650E+03  1.625229889835E+05 -9.527021056859E+00 -4.882812500000E-04   1   5
  1.246458787158E-03 -2.356721156733E-05 -9.307380322099E-05 -9.790518903560E+04 -3.835670571513E+02  1.644156765100E+04 -9.526886846509E+00 -4.882812500000E-04   1   5
  1.501385567628E-03 -6.807322806025E-05 -6.553053712235E-04 -1.129672036898E+05 -1.416205077274E+03  1.227622637566E+05 -9.528417584062E+00 -4.882812500000E-04   1   5
  5.509307725432E-06 -1.428394723222E-03  3.899683373536E-04  1.626932274865E+02 -2.579053180349E+04 -8.805150622173E+04 -9.524390551005E+00 -4.882812500000E-04   1   5
 -2.321289206173E-03  1.060259787511E-03  1.018372366016E-03  2.075598650915E+05  1.846510618474E+04 -2.825683123533E+05 -9.519258088131E+00 -4.882812500000E-04   1   5
 -9.837071848380E-04  4.804529556227E-04 -1.267113421903E-04  7.748809901016E+04  9.096489036699E+03  2.859260994755E+04 -9.524658479939E+00 -4.882812500000E-04   1   5
  7.697975575257E-05  1.859596305626E-03  4.518814771437E-04 -5.529233289502E+03  3.370688877605E+04 -1.025628925284E+05 -9.524296176942E+00 -4.882812500000E-04   1   5
  7.804412199773E-04  7.381760180716E-05 -1.012868556714E-03 -5.579173691406E+04  1.756681691076E+03  1.764218056708E+05 -9.528672845910E+00 -4.882812500000E-04   1   5
 -1.022798993048E-03 -2.170992648134E-03  1.019210547396E-03  9.315691280228E+04 -3.794773488677E+04 -2.598147362280E+05 -9.521205359983E+00 -4.882812500000E-04   1   5
 -4.121714716453E-04 -7.138627037638E-04 -1.002267206367E-03  3.418179973317E+04 -1.324327788732E+04  1.828801414150E+05 -9.527481697330E+00 -4.882812500000E-04   1   5
 -1.419746268748E-03  4.790180396643E-04  1.244081567705E-03  1.320017655202E+05  8.258344093423E+03 -3.164051650254E+05 -9.519866344690E+00 -4.882812500000E-04   1   5
 -6.505324581213E-05  1.479601364048E-04  8.599251141774E-04  6.884117103981E+03  2.082150477884E+03 -2.076379986251E+05 -9.523097246196E+00 -4.882812500000E-04   1   5
  1.428223101417E-04  9.104856803732E-04 -1.203202408819E-03 -7.067554901908E+03  1.985810814421E+04  2.014541918591E+05 -9.528569766008E+00 -4.882812500000E-04   1   5
 -1.336483883068E-03  2.355816798113E-04  6.513387346097E-04  1.134075668454E+05  4.014329472093E+03 -1.624948373046E+05 -9.522005904032E+00 -4.882812500000E-04   1   5
  1.848783952665E-04  2.358490783541E-03  1.131051810415E-03 -1.136097498608E+04  4.087658230042E+04 -2.738192020214E+05 -9.522501378409E+00 -4.882812500000E-04   1   5
 -1.549281715563E-03  2.531385334183E-04  1.801353420312E-04  1.243188577475E+05  4.646774512423E+03 -4.812916670118E+04 -9.523192510963E+00 -4.882812500000E-04   1   5
 -1.797525224095E-04 -1.236615012293E-03  9.832682418907E-04  1.949895024363E+04 -2.121331961836E+04 -2.397639245454E+05 -9.522472649265E+00 -4.882812500000E-04   1   5
 -1.979641676086E-05  1.751997262366E-03  1.020079548931E-03  5.582874459551E+03  3.040206578921E+04 -2.474079579511E+05 -9.522583080583E+00 -4.882812500000E-04   1   5
  3.974156114057E-04  6.883534046428E-04 -3.293850775634E-04 -3.042486165432E+04  1.272396214826E+04  6.997964393596E+04 -9.526633555427E+00 -4.882812500000E-04   1   5
  9.014212718297E-04 -2.281856412941E-03  1.227394580496E-03 -7.352408394258E+04 -3.958890067816E+04 -2.910888429061E+05 -9.523104699257E+00 -4.882812500000E-04   1   5
 -9.892215135928E-04 -2.775143529945E-04 -7.177003933023E-04  7.739055347223E+04 -5.352763470497E+03  1.425249645170E+05 -9.526149663135E+00 -4.882812500000E-04   1   5
  1.370076588579E-04 -9.610465985760E-04 -7.147308843383E-04 -8.679328840966E+03 -1.899906644502E+04  1.382139298914E+05 -9.527308470592E+00 -4.882812500000E-04   1   5
 -7.926736788358E-04 -1.491871046849E-03  5.682616113667E-05  6.297496324140E+04 -2.793198050337E+04 -1.383130918618E+04 -9.524394181434E+00 -4.882812500000E-04   1   5
 -6.671624358103E-04 -8.087240633188E-05  1.149420494368E-03  6.480755204579E+04 -1.554280305909E+03 -2.855063738091E+05 -9.521236809988E+00 -4.882812500000E-04   1   5
 -2.051546905381E-03 -2.944459603420E-04  2.732190219756E-04  1.660817316874E+05 -5.637299679366E+03 -7.486077955509E+04 -9.522288314730E+00 -4.882812500000E-04   1   5
  8.503003988182E-04 -8.464495310549E-04 -1.378510327394E-03 -5.865224820053E+04 -1.974519163484E+04  2.169696852937E+05 -9.529649019986E+00 -4.882812500000E-04   1   5
  5.184521588111E-04  1.673243651642E-04  6.592675762995E-05 -4.250598325751E+04  2.762062220168E+03 -1.343288228145E+04 -9.525869277278E+00 -4.882812500000E-04   1   5
  5.372199403176E-04  7.701453672695E-04  1.575217408600E-05 -4.238232515854E+04  1.419887385749E+04 -4.566699025579E+03 -9.525927457169E+00 -4.882812500000E-04   1   5
 -6.256918075142E-04 -1.084945143853E-05  4.571509369526E-04  5.124830521705E+04 -3.451043387310E+02 -1.064084977506E+05 -9.523535100016E+00 -4.882812500000E-04   1   5
  7.468859794673E-04 -5.865702012056E-04  9.062311229826E-04 -6.170462892351E+04 -1.004945717295E+04 -2.156879700033E+05 -9.523918853027E+00 -4.882812500000E-04   1   5
  1.483910976937E-03 -4.725671597607E-04  1.317079372271E-03 -1.237800869884E+05 -8.378906776510E+03 -2.995153059535E+05 -9.523490169281E+00 -4.882812500000E-04   1   5
  1.199659733252E-03  6.416635243281E-04 -1.435650318548E-03 -8.409686090661E+04  1.533455917281E+04  2.193400316514E+05 -9.530100191636E+00 -4.882812500000E-04   1   5
 -1.390645066807E-03  1.047437091328E-03 -1.411990400873E-03  1.062826799813E+05  2.472667193367E+04  2.267109477237E+05 -9.527700700840E+00 -4.882812500000E-04   1   5
  4.011633583135E-04 -8.569708483095E-04 -1.163787122950E-03 -2.645303270538E+04 -1.770500605959E+04  1.989693956010E+05 -9.528693229521E+00 -4.882812500000E-04   1   5
  1.123897472575E-03 -4.560857190762E-04 -7.062424111286E-04 -8.374315733784E+04 -9.230943259315E+03  1.329942776881E+05 -9.528206529572E+00 -4.882812500000E-04   1   5
  1.121190729829E-03  7.151570300370E-04 -1.136906640079E-03 -8.039393950289E+04  1.424486915504E+04  1.944512659325E+05 -9.529256074041E+00 -4.882812500000E-04   1   5
  5.628914108695E-04 -1.737578291534E-03  1.118676262017E-03 -4.430856632982E+04 -3.057538194995E+04 -2.632206651853E+05 -9.523007096199E+00 -4.882812500000E-04   1   5
 -5.106545602311E-04  2.794471258563E-04  4.206340335262E-04  4.172028406508E+04  5.274978098012E+03 -9.709025088986E+04 -9.523765583689E+00 -4.882812500000E-04   1   5
  1.124139496446E-03 -7.699692654537E-04 -3.707009305831E-04 -8.627953790860E+04 -1.448574066767E+04  7.476893723464E+04 -9.527409706211E+00 -4.882812500000E-04   1   5
 -2.630178793299E-04 -1.144088527640E-03 -5.261115905117E-04  2.159995181028E+04 -2.179155351784E+04  1.089820616422E+05 -9.526414958517E+00 -4.882812500000E-04   1   5
  3.980002883377E-04  7.309419178536E-04 -6.277406281772E-04 -2.951362994463E+04  1.360380383508E+04  1.243547409247E+05 -9.527380380832E+00 -4.882812500000E-04   1   5
  4.978531249144E-04 -1.247443013219E-03 -1.540702522060E-04 -3.890912314160E+04 -2.326011788346E+04  3.442744333945E+04 -9.526298353166E+00 -4.882812500000E-04   1   5
  8.190675338354E-04  4.927007722576E-04  4.544638046209E-04 -6.691325315946E+04  8.950612005707E+03 -1.022918032483E+05 -9.525157611111E+00 -4.882812500000E-04   1   5
  1.621387417651E-03  6.396879956724E-04 -1.142301651461E-03 -1.177065232558E+05  1.313302460135E+04  1.916019224627E+05 -9.529683478839E+00 -4.882812500000E-04   1   5
  1.035478267707E-03 -6.633741600636E-04 -2.942629479605E-04 -7.962266647478E+04 -1.309680735193E+04  5.912401204173E+04 -9.527133475782E+00 -4.882812500000E-04   1   5
 -1.283139395184E-04 -7.396581987032E-04 -8.878922470679E-05  1.089074799416E+04 -1.312215032110E+04  2.165332288685E+04 -9.525456506601E+00 -4.882812500000E-04   1   5
  9.653709004417E-05 -8.312755456228E-04  1.365916584078E-03 -7.170471174458E+02 -1.384053208448E+04 -3.301313187406E+05 -9.521619439740E+00 -4.882812500000E-04   1   5
 -6.204455370659E-04  5.339565531988E-04 -8.891982358765E-04  4.911383706672E+04  1.083121757816E+04  1.638526588823E+05 -9.527025304673E+00 -4.882812500000E-04   1   5
  1.662168853797E-03 -1.895012727797E-04  5.058662703004E-04 -1.360259009120E+05 -3.509258237945E+03 -1.175734019249E+05 -9.525874034696E+00 -4.882812500000E-04   1   5
  6.390640840484E-04  4.649483918498E-04  9.693708344738E-04 -5.287939294943E+04  8.142550482770E+03 -2.326634842300E+05 -9.523647539310E+00 -4.882812500000E-04   1   5
 -7.102528157586E-04 -8.942575617954E-04 -7.102599387601E-04  5.558691727655E+04 -1.769402822119E+04  1.391978631358E+05 -9.526459360948E+00 -4.882812500000E-04   1   5
  1.753609369822E-04 -7.572101008251E-04  8.117986797807E-04 -1.263191228498E+04 -1.346109500643E+04 -1.941016797883E+05 -9.523457835155E+00 -4.882812500000E-04   1   5
 -6.012420946833E-04 -6.142504009593E-04  9.609294314359E-04  5.527001602847E+04 -1.072282718618E+04 -2.378258070584E+05 -9.522010923002E+00 -4.882812500000E-04   1   5
  1.024822740532E-03 -2.624314391051E-04  1.503136534096E-03 -8.199757567509E+04 -4.600832170405E+03 -3.617089734855E+05 -9.522377542381E+00 -4.882812500000E-04   1   5
  1.417885095377E-03  5.939927747478E-04 -1.223017322113E-03 -1.019107594193E+05  1.273793177984E+04  2.005872488599E+05 -9.529727803182E+00 -4.882812500000E-04   1   5
  1.342875315483E-03 -4.029082113424E-04 -1.170079475955E-03 -9.688833627551E+04 -7.893361867984E+03  1.978683998957E+05 -9.529538428533E+00 -4.882812500000E-04   1   5
 -9.091898305345E-04  7.386291356095E-04  2.110771229500E-04  7.359137353732E+04  1.347249350714E+04 -5.038680936860E+04 -9.523828460864E+00 -4.882812500000E-04   1   5
 -1.722334005311E-03 -4.103545865101E-05  1.186982438362E-03  1.585298247269E+05 -7.107609290353E+02 -3.114482675271E+05 -9.519574254003E+00 -4.882812500000E-04   1   5
 -4.739729609158E-04  5.141970721890E-04 -1.773703832892E-04  3.731658846537E+04  9.834609957399E+03  3.957766112764E+04 -9.525356494662E+00 -4.882812500000E-04   1   5
  1.993777070535E-03  1.574072347982E-03  1.134779881870E-03 -1.687924881769E+05  2.765468702644E+04 -2.690938266867E+05 -9.524629110461E+00 -4.882812500000E-04   1   5
 -4.658851603996E-04  5.068094694358E-04  1.797065230225E-04  3.767815126848E+04  9.380135405572E+03 -4.192236490085E+04 -9.524434432226E+00 -4.882812500000E-04   1   5
  5.506488503783E-04  2.521101836524E-03  1.187144682364E-03 -4.270954991948E+04  4.373118094871E+04 -2.839890859811E+05 -9.522774268984E+00 -4.882812500000E-04   1   5
 -6.862441092585E-04  6.163765327557E-04 -4.543538419455E-05  5.469371994941E+04  1.120220135396E+04  1.114173422055E+04 -9.524756752486E+00 -4.882812500000E-04   1   5
 -1.073260603039E-03 -6.689772852023E-04  5.173334227209E-04  8.917434379140E+04 -1.206360630914E+04 -1.233924234595E+05 -9.522775113847E+00 -4.882812500000E-04   1   5
 -1.741970343449E-03  1.082994259071E-03  1.173664266178E-03  1.590203710840E+05  1.892005699352E+04 -3.041207213853E+05 -9.519627580919E+00 -4.882812500000E-04   1   5
  9.540291894403E-04 -9.406521654926E-04  2.768506230311E-04 -7.709127911175E+04 -1.705091325844E+04 -6.390149294968E+04 -9.525732614442E+00 -4.882812500000E-04   1   5
  1.161250847538E-03 -6.147786357872E-04  4.432244385448E-04 -9.527674340913E+04 -1.104401992283E+04 -1.004896409609E+05 -9.525563873026E+00 -4.882812500000E-04   1   5
 -1.438420340238E-03  7.070409216590E-04 -1.234546226627E-03  1.098783625460E+05  1.519240307079E+04  2.096967583989E+05 -9.527162214790E+00 -4.882812500000E-04   1   5
  3.779649758699E-05  1.778063076743E-03  9.082462488816E-04 -1.779164237923E+02  3.076288031796E+04 -2.201360727501E+05 -9.522992093656E+00 -4.882812500000E-04   1   5
 -8.847261355235E-04 -1.422456329957E-03  1.279548080799E-03  8.553855689032E+04 -2.438067644005E+04 -3.203709545365E+05 -9.520515049306E+00 -4.882812500000E-04   1   5
  1.185577918413E-03  9.464848898322E-04 -5.428283420663E-04 -8.969921597350E+04  1.792127319571E+04  1.059320385271E+05 -9.527865376924E+00 -4.882812500000E-04   1   5
 -1.081248643934E-03 -4.991360487957E-04 -7.203114962380E-04  8.359919621777E+04 -9.804447116224E+03  1.408698584287E+05 -9.526116503963E+00 -4.882812500000E-04   1   5
  2.268008461614E-04 -1.100920212272E-03  9.955458513922E-05 -1.861694562383E+04 -1.947378303391E+04 -2.079437669928E+04 -9.525434013468E+00 -4.882812500000E-04   1   5
 -5.880572485343E-04  2.754963910838E-03  1.116272538866E-03  5.649580026546E+04  4.818355159268E+04 -2.762646513864E+05 -9.521476942408E+00 -4.882812500000E-04   1   5
 -1.442427491137E-03  8.856455855233E-04  3.557900393396E-04  1.178234958908E+05  1.595325811506E+04 -8.765002834657E+04 -9.522785362650E+00 -4.882812500000E-04   1   5
  2.883239213553E-04  7.360909068377E-04  3.784854281008E-05 -2.275696310162E+04  1.350262920694E+04 -8.959067288280E+03 -9.525621302291E+00 -4.882812500000E-04   1   5
  6.932128927190E-04 -6.848956636605E-04 -7.644538096301E-04 -5.106612225026E+04 -1.278168836441E+04  1.458447516337E+05 -9.527979857418E+00 -4.882812500000E-04   1   5
  4.941213711912E-04 -4.230382341124E-04 -9.733121004061E-04 -3.421740706361E+04 -8.339262088396E+03  1.723408931248E+05 -9.528296464689E+00 -4.882812500000E-04   1   5
 -9.665672609560E-05  6.719901011630E-04 -3.520892875688E-04  8.308730873469E+03  1.327360420134E+04  7.436316742400E+04 -9.526173090661E+00 -4.882812500000E-04   1   5
  2.695227793567E-04 -1.304906070055E-03  1.270001533626E-05 -2.123423567910E+04 -2.414420808103E+04 -2.275342953816E+03 -9.525652711726E+00 -4.882812500000E-04   1   5
 -1.466473761457E-03 -3.685236911560E-04 -1.640296715912E-04  1.149539345853E+05 -6.726158064446E+03  3.589333135675E+04 -9.524222380857E+00 -4.882812500000E-04   1   5
  1.190358169353E-03  6.612659599780E-04 -1.231146013620E-03 -8.485556135031E+04  1.390121527432E+04  2.023701430252E+05 -9.529558795101E+00 -4.882812500000E-04   1   5
  4.954072015135E-04 -3.751399325037E-04 -1.580751389062E-03 -3.150324997726E+04 -8.569724982297E+03  2.461712296539E+05 -9.529879342033E+00 -4.882812500000E-04   1   5
 -6.589975552356E-04 -2.019005008255E-03  3.185742928586E-04  5.393302291468E+04 -3.751966659676E+04 -7.537986944117E+04 -9.523809926285E+00 -4.882812500000E-04   1   5
  1.775640649859E-04 -1.071337492621E-03 -4.198378889946E-04 -1.253141575181E+04 -2.050356241395E+04  8.792061006773E+04 -9.526595847450E+00 -4.882812500000E-04   1   5
  7.371008203906E-04  4.637401918640E-04  3.438569143199E-05 -5.946049156784E+04  8.342180295788E+03 -7.165180802479E+03 -9.526148679856E+00 -4.882812500000E-04   1   5
 -6.151855037146E-05 -1.992331090011E-03  7.230016943112E-04  6.917448344046E+03 -3.551579338437E+04 -1.711909053912E+05 -9.523398633672E+00 -4.882812500000E-04   1   5
 -9.438804023746E-04  7.401584376264E-04 -8.417200532040E-04  7.354355635159E+04  1.381278603274E+04  1.608403787891E+05 -9.526550575002E+00 -4.882812500000E-04   1   5
 -3.462055761284E-04 -4.035864452332E-04 -2.684169059020E-04  2.820989108603E+04 -7.290583385154E+03  5.968624257915E+04 -9.525664635498E+00 -4.882812500000E-04   1   5
 -1.445869610855E-03 -3.517783610539E-04 -6.421812587742E-04  1.115012084719E+05 -6.903026941644E+03  1.294325957495E+05 -9.525509134202E+00 -4.882812500000E-04   1   5
 -1.859553392256E-03 -1.980072747984E-03  1.125423727336E-03  1.694704502910E+05 -3.457804294085E+04 -2.996454335439E+05 -9.519565123446E+00 -4.882812500000E-04   1   5
  4.407068816534E-04  2.423136421851E-03  1.344106303167E-03 -3.202366957247E+04  4.205591626902E+04 -3.187547599169E+05 -9.522143319913E+00 -4.882812500000E-04   1   5
  8.079349085335E-04  2.754766658548E-03  1.169280356013E-03 -6.531480678692E+04  4.810489736941E+04 -2.781695065586E+05 -9.523139150677E+00 -4.882812500000E-04   1   5
 -1.870746347332E-04  1.011155843792E-03 -9.827640652844E-04  1.681711666806E+04  2.083884786123E+04  1.760315812115E+05 -9.527679691948E+00 -4.882812500000E-04   1   5
 -8.144644173062E-04  9.385023570153E-04 -8.753814002844E-04  6.379132846792E+04  1.896384136673E+04  1.635517287106E+05 -9.526775401961E+00 -4.882812500000E-04   1   5
  6.725520310021E-04 -6.656697589845E-04 -8.124095781756E-04 -4.882559337837E+04 -1.314313344214E+04  1.506066904414E+05 -9.528062409331E+00 -4.882812500000E-04   1   5
  1.724050603090E-03  3.927521762217E-04 -9.895939314948E-04 -1.267655353160E+05  8.276833079934E+03  1.695771873129E+05 -9.529401268785E+00 -4.882812500000E-04   1   5
 -2.702632454657E-04  2.106708213764E-03  1.336045702647E-03  3.135742350269E+04  3.634661233709E+04 -3.251197189358E+05 -9.521206144164E+00 -4.882812500000E-04   1   5
 -4.992049110948E-04 -1.116730462110E-04 -2.228449071175E-04  3.940409327673E+04 -2.259362261626E+03  4.925202689837E+04 -9.525436877664E+00 -4.882812500000E-04   1   5
  1.141625084646E-04  1.204047167770E-03 -7.276740985329E-04 -6.772107280141E+03  2.342721519334E+04  1.415529457447E+05 -9.527302674752E+00 -4.882812500000E-04   1   5
  1.613974786015E-03  6.065123826891E-04  4.762738207731E-05 -1.285481667981E+05  1.137031019136E+04 -1.652908481611E+04 -9.526924152815E+00 -4.882812500000E-04   1   5
 -1.721430847207E-03  8.114708822885E-04 -1.461084031526E-03  1.303645645024E+05  1.920291659016E+04  2.339995697414E+05 -9.527524505572E+00 -4.882812500000E-04   1   5
  8.175609586445E-04  6.953556597460E-04 -7.467809610517E-04 -5.995433650831E+04  1.354393343166E+04  1.404358353858E+05 -9.528015684100E+00 -4.882812500000E-04   1   5
 -5.641200142265E-04 -6.363831428344E-04 -1.142506230224E-03  4.579552064051E+04 -1.270131481714E+04  2.005037618411E+05 -9.527709541598E+00 -4.882812500000E-04   1   5
  3.313195276198E-04 -9.223496051457E-04 -8.583589086122E-04 -2.272163007352E+04 -1.866059772948E+04  1.579859842580E+05 -9.527854399775E+00 -4.882812500000E-04   1   5
  1.306509584410E-03  1.985846067544E-04 -1.229798849545E-03 -9.388082374432E+04  3.612451705336E+03  2.054974868442E+05 -9.529668560901E+00 -4.882812500000E-04   1   5
 -2.626305580319E-04  8.642570005364E-04 -3.598843161949E-04  2.101226541536E+04  1.615639251887E+04  7.741046607959E+04 -9.526025932867E+00 -4.882812500000E-04   1   5
 -5.071757291045E-04  1.458846894020E-03  4.902492207410E-04  4.272543552706E+04  2.603547626980E+04 -1.128617066559E+05 -9.523509166642E+00 -4.882812500000E-04   1   5
  1.822481853824E-03 -6.772664088908E-04  1.351977460534E-03 -1.546881304945E+05 -1.175517466092E+04 -3.152868223239E+05 -9.523844824169E+00 -4.882812500000E-04   1   5
 -1.616123039650E-03 -1.293010396718E-03  1.152391110875E-04  1.290259248527E+05 -2.424739735648E+04 -3.290565834847E+04 -9.523285038242E+00 -4.882812500000E-04   1   5
  1.881501145512E-03  4.524676025119E-04 -1.449198623339E-03 -1.343633187220E+05  1.009250910203E+04  2.249761146856E+05 -9.530655297857E+00 -4.882812500000E-04   1   5
  6.594303076342E-04 -9.657592245580E-04 -4.667540840870E-04 -4.960745463868E+04 -1.857519920324E+04  9.479502084476E+04 -9.527189057998E+00 -4.882812500000E-04   1   5
 -9.501769342238E-04  6.640114709220E-04 -2.342446729653E-04  7.425621854414E+04  1.291513840396E+04  5.112307811292E+04 -9.524991660799E+00 -4.882812500000E-04   1   5
  6.420112301835E-04 -9.612149377953E-04 -6.581948436946E-06 -5.061679370535E+04 -1.818293863878E+04 -3.380223296583E+01 -9.526084767131E+00 -4.882812500000E-04   1   5
  5.307564983706E-04  2.122627408216E-03  1.102078511943E-03 -4.160407626764E+04  3.727878644111E+04 -2.614846137777E+05 -9.523015493307E+00 -4.882812500000E-04   1   5
  8.930534803093E-04  4.763564637653E-04 -1.171965189270E-03 -6.310848575282E+04  9.916957139144E+03  1.950384891105E+05 -9.529166681527E+00 -4.882812500000E-04   1   5
 -4.512369960082E-04  2.561221341407E-04 -1.239394909625E-03  3.674457193217E+04  6.521895837760E+03  2.022629605854E+05 -9.528174741614E+00 -4.882812500000E-04   1   5
 -6.546987888766E-04  3.724575652208E-04 -7.662203791163E-04  5.128508598054E+04  7.939995487397E+03  1.468672399032E+05 -9.526680898446E+00 -4.882812500000E-04   1   5
  1.077988223791E-06  4.685855101786E-04 -1.469629061793E-03  3.934001482039E+03  9.094416106540E+03  2.372037236775E+05 -9.529172858163E+00 -4.882812500000E-04   1   5
  1.511209245033E-03 -3.641670693060E-04  7.235888152479E-04 -1.259044639216E+05 -6.453079456662E+03 -1.695489768028E+05 -9.525238668372E+00 -4.882812500000E-04   1   5
 -1.029205895934E-04 -1.919849341096E-05 -1.666504996024E-03  1.256174096104E+04 -1.212792281561E+03  2.643312041210E+05 -9.529566162745E+00 -4.882812500000E-04   1   5
  6.640434493497E-04  1.507017025253E-03  8.783653562912E-04 -5.419642034518E+04  2.629488638723E+04 -2.092483198547E+05 -9.523862593267E+00 -4.882812500000E-04   1   5
  8.411123208194E-04  1.222295897032E-03  1.654230135433E-04 -6.722532415291E+04  2.240990943799E+04 -3.941988814762E+04 -9.525871094645E+00 -4.882812500000E-04   1   5
  1.046356895584E-03 -7.383017987005E-04  2.092102957523E-04 -8.441942693675E+04 -1.354403858795E+04 -4.931572674568E+04 -9.526004961255E+00 -4.882812500000E-04   1   5
  5.103164230009E-05 -7.173563560934E-04 -1.769318880420E-04 -3.604508759926E+03 -1.237674040758E+04  4.058624225347E+04 -9.525894060909E+00 -4.882812500000E-04   1   5
 -1.623377448494E-03 -4.205726513981E-05 -5.554641262631E-04  1.252135240318E+05 -8.318209869799E+02  1.140767217157E+05 -9.525089677037E+00 -4.882812500000E-04   1   5
 -8.384099459690E-04  8.736377006749E-04 -4.538055862202E-04  6.548255783003E+04  1.701819528052E+04  9.553627104384E+04 -9.525655368734E+00 -4.882812500000E-04   1   5
  9.209823891698E-04  1.028778797977E-04  3.111326254004E-04 -7.454766595682E+04  1.828451628237E+03 -7.133384472477E+04 -9.525618298894E+00 -4.882812500000E-04   1   5
 -1.462854116344E-03  9.603312218616E-04  1.224632223067E-03  1.353885655246E+05  1.679700604941E+04 -3.118621488590E+05 -9.519867981584E+00 -4.882812500000E-04   1   5
  3.344669365820E-04 -3.653376895879E-04 -9.361783106581E-04 -2.243892661276E+04 -6.961356005196E+03  1.681025593797E+05 -9.528057744915E+00 -4.882812500000E-04   1   5
  8.281834430454E-04 -8.466332421134E-04 -1.123386649375E-04 -6.511668990191E+04 -1.588971988627E+04  2.410406391403E+04 -9.526536659803E+00 -4.882812500000E-04   1   5
  1.306952342541E-03  1.004382962498E-03  3.610586256624E-04 -1.064288358759E+05  1.812329253811E+04 -8.320187180649E+04 -9.525894384227E+00 -4.882812500000E-04   1   5
 -9.348001007487E-04 -1.192537862298E-03  2.900143808251E-04  7.584613353212E+04 -2.192934948607E+04 -6.931268171261E+04 -9.523596404140E+00 -4.882812500000E-04   1   5
  4.877983368566E-05  1.363904625796E-03 -5.434198936438E-04 -2.484686620745E+03  2.633614633417E+04  1.106667950101E+05 -9.526781091064E+00 -4.882812500000E-04   1   5
  3.016246261600E-03 -1.309970691357E-04 -1.604034294539E-03 -2.164723703135E+05 -3.035652495390E+03  2.279377589447E+05 -9.531865238834E+00 -4.882812500000E-04   1   5
 -6.713293427602E-04  5.712815599760E-04 -1.418232520376E-03  5.372044824802E+04  1.157010983362E+04  2.328638273561E+05 -9.528385902619E+00 -4.882812500000E-04   1   5
 -1.381883859198E-03  1.340824519150E-03  1.919283604312E-04  1.111823459733E+05  2.461434459050E+04 -4.855113796258E+04 -9.523332660110E+00 -4.882812500000E-04   1   5
  4.022082483942E-04  3.214794047864E-04  6.478243775021E-05 -3.153820008547E+04  6.630268047256E+03 -1.563268468086E+04 -9.525657430644E+00 -4.882812500000E-04   1   5
 -2.898511979315E-04 -3.622538774005E-04 -1.569806889490E-03  2.585189618210E+04 -8.222139461051E+03  2.477864924529E+05 -9.529167922409E+00 -4.882812500000E-04   1   5
  1.197858549020E-03  1.228932261815E-04 -7.298802315585E-04 -8.949334552292E+04  2.344884088382E+03  1.366776089912E+05 -9.528347724275E+00 -4.882812500000E-04   1   5
 -1.205314476616E-03 -1.572229878646E-03  2.811699476961E-04  9.771140087650E+04 -2.890243935850E+04 -6.869744526082E+04 -9.523289633538E+00 -4.882812500000E-04   1   5
 -1.136191649235E-03  5.168931152320E-04 -1.018080390580E-03  8.776755864584E+04  1.056913860834E+04  1.817151013737E+05 -9.526861021139E+00 -4.882812500000E-04   1   5
  1.236837258363E-03  8.581365477885E-04 -7.656249527219E-04 -9.188847071771E+04  1.655990145646E+04  1.427566169062E+05 -9.528441146383E+00 -4.882812500000E-04   1   5
  1.494192024667E-03 -2.068611050203E-04 -1.295721322860E-03 -1.068546520462E+05 -4.826709135555E+03  2.041612034228E+05 -9.529982793101E+00 -4.882812500000E-04   1   5
 -1.989690162019E-03  3.531776853599E-04 -1.397122590260E-03  1.500975737257E+05  7.982080650686E+03  2.286299881712E+05 -9.527078830654E+00 -4.882812500000E-04   1   5
  1.338409820636E-03  1.153735702378E-04 -8.831824092272E-04 -9.748958670785E+04  2.744619626047E+03  1.570405155236E+05 -9.528759517332E+00 -4.882812500000E-04   1   5
 -2.238858144404E-03 -1.189855196193E-04 -1.395822028220E-03  1.679014409821E+05 -2.897243058928E+03  2.202953036677E+05 -9.526895539957E+00 -4.882812500000E-04   1   5
 -1.013192349202E-03  6.618954798308E-04 -1.140893506223E-03  7.874889256703E+04  1.395812090913E+04  1.981220051730E+05 -9.527304052777E+00 -4.882812500000E-04   1   5
 -1.527749187241E-03 -5.968452264796E-04 -1.292743129294E-03  1.164844436921E+05 -1.348109994534E+04  2.160353321851E+05 -9.527235168447E+00 -4.882812500000E-04   1   5
 -1.015292710892E-03 -2.350547974460E-03  1.113866795629E-03  9.409399432211E+04 -4.085280478840E+04 -2.826759357496E+05 -9.520892149711E+00 -4.882812500000E-04   1   5
  9.380517919111E-04  6.695574237431E-04  1.247474070871E-03 -7.754705525479E+04  1.159495436320E+04 -2.957996373605E+05 -9.523161210708E+00 -4.882812500000E-04   1   5
 -1.686519984214E-04 -5.634691808116E-04 -4.250241213910E-05  1.344992795870E+04 -1.036619828801E+04  9.943007292688E+03 -9.525341158245E+00 -4.882812500000E-04   1   5
 -9.057563927560E-04 -4.262880303859E-04 -7.593263182688E-04  7.091058963442E+04 -7.890011002995E+03  1.475934184318E+05 -9.526361188246E+00 -4.882812500000E-04   1   5
 -6.017564948911E-04 -9.442195860995E-04 -3.611804432389E-04  4.719941325002E+04 -1.811126001677E+04  7.793590186743E+04 -9.525674764108E+00 -4.882812500000E-04   1   5
  1.150477872733E-03  1.260687822604E-03  4.875002368774E-04 -9.432230137454E+04  2.271706375852E+04 -1.111285203571E+05 -9.525419503770E+00 -4.882812500000E-04   1   5
  5.694514877566E-04 -1.533657134002E-04 -1.600697506754E-03 -3.709130464677E+04 -3.376059064829E+03  2.508470714566E+05 -9.530003860569E+00 -4.882812500000E-04   1   5
 -1.059428579525E-03 -3.129359672289E-04 -6.914929775625E-04  8.217784284378E+04 -6.112543984158E+03  1.366314800215E+05 -9.526049466226E+00 -4.882812500000E-04   1   5
 -1.524778658308E-03  3.194012823821E-05 -2.099882497966E-04  1.186241661189E+05  5.583758811813E+02  4.398994722594E+04 -9.524325878367E+00 -4.882812500000E-04   1   5
  3.899242693678E-04  6.430065488878E-04 -1.455621458291E-03 -2.437497795469E+04  1.401134567160E+04  2.299641932527E+05 -9.529467080103E+00 -4.882812500000E-04   1   5
  1.145948885142E-03 -4.086149163514E-04 -5.401333231170E-04 -8.717173739198E+04 -7.966919381310E+03  1.062866383455E+05 -9.527856905264E+00 -4.882812500000E-04   1   5
 -7.988575458763E-04  1.388970084641E-03  5.738693095410E-04  6.757510215905E+04  2.478343323936E+04 -1.358292411955E+05 -9.522912098035E+00 -4.882812500000E-04   1   5
 -1.173697662431E-03 -1.279834635496E-03  1.316995665361E-03  1.112550278944E+05 -2.274066315466E+04 -3.319911505658E+05 -9.519993805455E+00 -4.882812500000E-04   1   5
  4.281847916895E-04  1.063539737957E-03 -1.384994347635E-04 -3.348452088968E+04  1.985868735908E+04  3.115517240205E+04 -9.526193712686E+00 -4.882812500000E-04   1   5
 -9.590400828792E-05 -7.680998089355E-04 -5.722047147216E-06  8.890019856846E+03 -1.332871357384E+04  3.836182764351E+03 -9.525246482505E+00 -4.882812500000E-04   1   5
 -1.845460865780E-04 -1.371206745574E-03  3.265540691899E-05  1.459669205745E+04 -2.490418055456E+04 -5.679721633233E+03 -9.525129496242E+00 -4.882812500000E-04   1   5
 -1.144927385597E-04 -1.442331497752E-03  9.359833241351E-04  1.340411442709E+04 -2.477180718950E+04 -2.279232353346E+05 -9.522703051702E+00 -4.882812500000E-04   1   5
 -1.918288444948E-04 -2.921175114835E-03  1.148481993384E-03  2.220608039473E+04 -5.127852967839E+04 -2.784516497675E+05 -9.521899652332E+00 -4.882812500000E-04   1   5
  4.068588171943E-04 -7.794906537265E-04 -1.414408027076E-03 -2.577067642987E+04 -1.736914435989E+04  2.273723004552E+05 -9.529357646874E+00 -4.882812500000E-04   1   5
  2.176846026823E-05  9.411438689346E-04 -5.269551619538E-04 -1.925971910192E+02  1.842639431120E+04  1.074611031238E+05 -9.526706379923E+00 -4.882812500000E-04   1   5
  1.517395987264E-03  4.690068544023E-04 -6.342011005245E-08 -1.201576483128E+05  8.649754320691E+03 -5.967379609838E+03 -9.526929827835E+00 -4.882812500000E-04   1   5
  9.168996153187E-04 -1.155476040244E-03  1.977189771729E-05 -7.228087661422E+04 -2.191049216717E+04 -7.476495532311E+03 -9.526279121503E+00 -4.882812500000E-04   1   5
 -1.124715542542E-03  3.502629432895E-04 -1.166873194025E-03  8.675290639699E+04  7.554888234275E+03  1.982324344377E+05 -9.527302019962E+00 -4.882812500000E-04   1   5
 -5.026007900243E-04  5.046483302019E-04 -4.774038309048E-04  3.968304970314E+04  9.929289994880E+03  9.907508107250E+04 -9.526074925094E+00 -4.882812500000E-04   1   5
  1.224898221936E-03  1.391214558994E-03  7.917330078175E-04 -1.019510774936E+05  2.448414370746E+04 -1.867285076819E+05 -9.524742661663E+00 -4.882812500000E-04   1   5
 -1.027951872938E-03  4.298861786150E-04  9.859932760214E-04  9.270532842801E+04  7.459789302719E+03 -2.482657812056E+05 -9.521335872860E+00 -4.882812500000E-04   1   5
 -7.291907695074E-04 -9.237661395066E-04 -8.849203863566E-04  5.736875462990E+04 -1.825995314191E+04  1.656874698665E+05 -9.526885390389E+00 -4.882812500000E-04   1   5
 -3.542417584381E-05  1.436721452448E-03  2.120571360820E-05  3.041161947616E+03  2.718065396284E+04 -5.384172576539E+03 -9.525303788432E+00 -4.882812500000E-04   1   5
 -5.141781624133E-04 -1.181692441093E-03 -1.677059766685E-04  4.093330041591E+04 -2.207933045607E+04  3.898764426854E+04 -9.525247195605E+00 -4.882812500000E-04   1   5
 -4.304765046179E-04  7.100763534700E-04 -5.440597304016E-04  3.399793024185E+04  1.361363341673E+04  1.114873083319E+05 -9.526327637819E+00 -4.882812500000E-04   1   5
 -4.892762710990E-04 -6.346681839642E-04 -3.380713535073E-05  3.887257168248E+04 -1.184881854536E+04  7.748534143344E+03 -9.524965834679E+00 -4.882812500000E-04   1   5
 -7.411358315927E-04  1.928942725159E-03  4.099706077341E-04  6.090638812618E+04  3.542067163382E+04 -9.659434923908E+04 -9.523477707526E+00 -4.882812500000E-04   1   5
 -1.241769335139E-04 -4.304319722418E-04  1.406961200642E-03  1.916385320169E+04 -7.220674237103E+03 -3.409925543383E+05 -9.521196281095E+00 -4.882812500000E-04   1   5
 -7.508929926322E-05 -7.569241928667E-04 -1.317637090551E-03  9.631502933133E+03 -1.557872218959E+04  2.202858628657E+05 -9.528655892521E+00 -4.882812500000E-04   1   5
  9.054260413683E-04  7.056984475828E-04  6.393865086114E-04 -7.440639408696E+04  1.238277307082E+04 -1.458873945290E+05 -9.524769630678E+00 -4.882812500000E-04   1   5
  8.396422585686E-05 -6.816576839140E-04  7.605941156577E-04 -5.563382534125E+03 -1.129266008051E+04 -1.792000462432E+05 -9.523511074597E+00 -4.882812500000E-04   1   5
 -3.866879467942E-04  1.565933888278E-03  1.019687122916E-04  3.102822799650E+04  2.960915891847E+04 -2.496082262719E+04 -9.524718726239E+00 -4.882812500000E-04   1   5
 -3.564153194168E-05  1.027580090534E-03  9.536842377003E-04  6.211073359889E+03  1.718172439685E+04 -2.314710025080E+05 -9.522787049672E+00 -4.882812500000E-04   1   5
 -6.169639284971E-04 -1.500238461278E-04 -9.492182247293E-04  4.831818130188E+04 -4.466212960066E+03  1.719906857542E+05 -9.527228503905E+00 -4.882812500000E-04   1   5
  6.937434556800E-04 -9.376429972126E-04 -2.654309127106E-04 -5.307758523304E+04 -1.845156157906E+04  5.479918237089E+04 -9.526728012352E+00 -4.882812500000E-04   1   5
  2.262279703932E-04 -1.066212134553E-03 -2.315725436297E-04 -1.710232407302E+04 -2.008521734614E+04  5.114144499139E+04 -9.526197865105E+00 -4.882812500000E-04   1   5
 -2.718090167992E-04  8.765400885921E-04 -7.244451294302E-04  2.272032774117E+04  1.695137128936E+04  1.407732880695E+05 -9.526915958726E+00 -4.882812500000E-04   1   5
 -2.380002641101E-04 -2.086140060474E-03  1.034018282423E-03  2.461457935322E+04 -3.647025297636E+04 -2.527130787216E+05 -9.522250006626E+00 -4.882812500000E-04   1   5
  2.699861174795E-05  1.637903162220E-03  2.241843555630E-04 -1.866536282837E+03  3.012111324930E+04 -5.133135713676E+04 -9.524851379460E+00 -4.882812500000E-04   1   5
 -9.306510901415E-04  2.449824630141E-04 -5.272877166931E-04  7.294495914347E+04  4.797910088603E+03  1.095870387286E+05 -9.525722881111E+00 -4.882812500000E-04   1   5
 -2.715847035311E-04 -5.423301958650E-04  3.586214492302E-05  2.168538592786E+04 -1.013993344064E+04 -8.263631951466E+03 -9.525031475038E+00 -4.882812500000E-04   1   5
 -2.686728338543E-04  1.028118587177E-03 -9.202241502422E-04  2.303095409691E+04  2.046509231498E+04  1.694137191577E+05 -9.527417274774E+00 -4.882812500000E-04   1   5
 -9.918107592637E-04  2.154379744759E-05 -5.890238631707E-04  7.666904202476E+04  6.683620338523E+02  1.192308295433E+05 -9.525880976026E+00 -4.882812500000E-04   1   5
  1.146294319571E-03 -4.209252431998E-04 -5.196011802564E-04 -8.723844083023E+04 -7.617499218888E+03  1.026783724607E+05 -9.527802747051E+00 -4.882812500000E-04   1   5
 -1.877073203876E-04  4.820069171937E-04 -1.241796160100E-03  1.742640418807E+04  1.144500914659E+04  2.024991594267E+05 -9.528407038373E+00 -4.882812500000E-04   1   5
  1.138150863242E-03  2.366531164663E-03  1.217507572798E-03 -9.416166866881E+04  4.113973239899E+04 -2.872564670719E+05 -9.523406535690E+00 -4.882812500000E-04   1   5
 -1.399605268084E-03  2.429029170726E-03  1.053975009684E-03  1.263562688222E+05  4.277183872839E+04 -2.706215057568E+05 -9.520549423864E+00 -4.882812500000E-04   1   5
  9.754899934711E-04 -1.294810296060E-03  2.669629397403E-04 -7.851842842572E+04 -2.373972762045E+04 -6.210589829071E+04 -9.525758055439E+00 -4.882812500000E-04   1   5
  5.550483464600E-04 -6.353755617091E-04 -1.385840741751E-03 -3.692517051305E+04 -1.307053409046E+04  2.271235805620E+05 -9.529411751344E+00 -4.882812500000E-04   1   5
 -8.944587938980E-05 -3.354977074542E-04 -7.641681735819E-04  8.800678953336E+03 -7.410040153639E+03  1.456360393774E+05 -9.527217373259E+00 -4.882812500000E-04   1   5
  6.107799662570E-04 -9.531669548576E-04  1.289701097933E-03 -4.828911791476E+04 -1.621107396553E+04 -3.068383327573E+05 -9.522609338970E+00 -4.882812500000E-04   1   5
 -8.105252058905E-04  1.135375366456E-03 -8.415625507752E-05  6.415761623594E+04  2.131743725511E+04  1.971410554297E+04 -9.524724244348E+00 -4.882812500000E-04   1   5
 -1.513806514113E-03 -6.777795679357E-04  5.863083822213E-04  1.272843108259E+05 -1.217857987525E+04 -1.473930284210E+05 -9.521970533736E+00 -4.882812500000E-04   1   5
  8.841825098102E-04  9.706172350960E-04  8.847272230401E-04 -7.354236539486E+04  1.678661089829E+04 -2.103826614711E+05 -9.524141895203E+00 -4.882812500000E-04   1   5
  2.308881503502E-04 -1.484558330329E-04 -3.428732797595E-05 -1.818947235396E+04 -2.734815773081E+03  7.757278753601E+03 -9.525748112113E+00 -4.882812500000E-04   1   5
 -1.387697307658E-03 -4.044664616454E-04 -1.223252593148E-03  1.064216631947E+05 -8.683647612078E+03  2.095868946684E+05 -9.527162692770E+00 -4.882812500000E-04   1   5
  9.242455276980E-05  9.496334179972E-04 -7.659717998330E-04 -4.718342542073E+03  1.722049899399E+04  1.473566749970E+05 -9.527372516222E+00 -4.882812500000E-04   1   5
  4.869899455199E-04 -1.147351782106E-03  1.133143578986E-04 -3.887459569437E+04 -2.110571849967E+04 -2.638641810142E+04 -9.525644480282E+00 -4.882812500000E-04   1   5
  1.693513331330E-05 -4.386120256857E-04 -4.580262698877E-04 -4.459463585409E+02 -7.841456734768E+03  9.518745828491E+04 -9.526564741237E+00 -4.882812500000E-04   1   5
 -1.195216162119E-03 -2.068289639123E-04  7.487819371264E-04  1.032420176253E+05 -3.679650191879E+03 -1.887482793138E+05 -9.521879565019E+00 -4.882812500000E-04   1   5
  7.477605123382E-04 -7.128472183728E-04 -6.842029426970E-04 -5.558028489123E+04 -1.316486215131E+04  1.330987492630E+05 -9.527826292388E+00 -4.882812500000E-04   1   5
  5.002218614873E-04 -4.253897009274E-04 -1.311017409769E-03 -3.351055765449E+04 -7.500930393809E+03  2.193636283688E+05 -9.529187617271E+00 -4.882812500000E-04   1   5
  4.803848756286E-04 -6.070827627389E-04  3.111318639153E-04 -3.890676002930E+04 -1.105278052901E+04 -7.045031402620E+04 -9.525156297378E+00 -4.882812500000E-04   1   5
  3.078197154739E-04  5.196695698637E-04 -1.488459464440E-03 -1.839140944718E+04  1.061171926315E+04  2.381201047707E+05 -9.529483987066E+00 -4.882812500000E-04   1   5
 -2.172560306837E-04  5.966600233645E-04 -1.413736239266E-03  2.052401985129E+04  1.196139353377E+04  2.316806343434E+05 -9.528779794324E+00 -4.882812500000E-04   1   5
  9.047523901235E-04  1.250035270698E-03  1.011280021798E-03 -7.499650860461E+04  2.170844973810E+04 -2.422678625062E+05 -9.523799938234E+00 -4.882812500000E-04   1   5
  8.314091098176E-04 -3.760093613355E-04  5.519832683678E-04 -6.885959428363E+04 -6.480259120359E+03 -1.244191851042E+05 -9.524960445873E+00 -4.882812500000E-04   1   5
 -1.442404477188E-03 -5.195555981373E-04 -1.058521518065E-04  1.135435180281E+05 -9.821629002666E+03  2.275233965778E+04 -9.524086666582E+00 -4.882812500000E-04   1   5
 -1.461960209403E-03  8.022871516915E-04  8.329092130470E-04  1.279430195469E+05  1.385087687827E+04 -2.182169092439E+05 -9.521223586448E+00 -4.882812500000E-04   1   5
  2.190564980886E-04  6.968085388027E-04  9.806079179313E-04 -1.571588408529E+04  1.168292695289E+04 -2.363350463287E+05 -9.523040529427E+00 -4.882812500000E-04   1   5
 -1.844133986844E-03  7.070662372717E-05  1.149821584722E-03  1.671514127188E+05  1.228047219039E+03 -2.979820162158E+05 -9.519575689884E+00 -4.882812500000E-04   1   5
  6.598778979105E-04 -4.207657227447E-04 -1.196506200774E-03 -4.624372708891E+04 -8.387769931171E+03  2.048022120467E+05 -9.529048026044E+00 -4.882812500000E-04   1   5
 -1.688883008338E-04 -1.464623957245E-03  1.563954219481E-04  1.386511497097E+04 -2.650526030576E+04 -3.439299396741E+04 -9.524807320964E+00 -4.882812500000E-04   1   5
  4.538449871491E-04 -1.050068326994E-03  1.925134187353E-05 -3.571775035908E+04 -1.974901257045E+04 -5.379820818044E+03 -9.525825806267E+00 -4.882812500000E-04   1   5
  1.165328149380E-03 -3.290006423666E-06 -1.144742411597E-03 -8.376693618128E+04  2.114748434879E+02  1.913165150634E+05 -9.529339458591E+00 -4.882812500000E-04   1   5
 -3.753716093713E-04 -8.263589342022E-04 -2.161984839368E-04  2.961562718866E+04 -1.572682221972E+04  4.793308332285E+04 -9.525554310729E+00 -4.882812500000E-04   1   5
 -7.812661447942E-04  9.484483434500E-04  4.285454239135E-04  6.429588148179E+04  1.711365358184E+04 -9.983290649652E+04 -9.523391421979E+00 -4.882812500000E-04   1   5
  2.699749590549E-04 -3.193744495157E-04  2.664447704088E-04 -2.148391071625E+04 -6.057590646019E+03 -6.061542847013E+04 -9.525025543242E+00 -4.882812500000E-04   1   5
 -1.628393124023E-03  2.214844062623E-04 -1.027074374049E-03  1.243858398578E+05  4.781968731034E+03  1.855089876785E+05 -9.526378392364E+00 -4.882812500000E-04   1   5
 -1.382126593228E-03  2.959910934569E-05 -4.441362886478E-04  1.062416292005E+05  7.089331794012E+02  9.177939781959E+04 -9.525124470533E+00 -4.882812500000E-04   1   5
 -3.089543665318E-04 -1.064701867498E-04  1.113446312088E-03  3.105761230262E+04 -1.968018757096E+03 -2.635313867479E+05 -9.521927865830E+00 -4.882812500000E-04   1   5
 -1.793992516882E-04  1.094300103967E-03 -5.746053573485E-04  1.526689463722E+04  2.134396587285E+04  1.163540948381E+05 -9.526625987458E+00 -4.882812500000E-04   1   5
  4.885272344309E-04  1.982407905619E-04 -1.142575689483E-03 -3.281211287730E+04  4.313606294539E+03  1.924173557065E+05 -9.528724277942E+00 -4.882812500000E-04   1   5
  8.255348613612E-04  1.114530299491E-03  3.904369619985E-04 -6.709278356400E+04  2.016021188657E+04 -8.842247524967E+04 -9.525312494539E+00 -4.882812500000E-04   1   5
  9.992400800519E-04 -5.961684059357E-04 -3.196484455668E-04 -7.656814007783E+04 -1.175897674845E+04  6.407783591698E+04 -9.527156945174E+00 -4.882812500000E-04   1   5
 -1.676694487384E-03  8.829881549030E-04 -1.403696777118E-03  1.271695911764E+05  2.104842315489E+04  2.251757743090E+05 -9.527412972805E+00 -4.882812500000E-04   1   5
 -6.992173595597E-04  5.541394606152E-04 -4.564441690373E-04  5.480195890149E+04  1.075416057189E+04  9.586009411427E+04 -9.525812940334E+00 -4.882812500000E-04   1   5
 -8.824580562557E-04  1.886563006330E-03  1.037731531749E-03  8.119884877962E+04  3.255251334833E+04 -2.628326594735E+05 -9.521348339588E+00 -4.882812500000E-04   1   5
  1.008751789574E-03 -1.060322226861E-03  5.122568250719E-04 -8.211587323425E+04 -1.933884043955E+04 -1.163378023052E+05 -9.525174005910E+00 -4.882812500000E-04   1   5
 -2.043762724739E-04 -3.509323005750E-04 -8.236366495673E-04  1.755733546576E+04 -7.375613501322E+03  1.544891863076E+05 -9.527265966265E+00 -4.882812500000E-04   1   5
  2.189851876599E-03  3.856872871141E-04 -1.508662814082E-03 -1.566025606904E+05  8.843921647873E+03  2.254658699314E+05 -9.531047068661E+00 -4.882812500000E-04   1   5
 -1.754933004782E-03 -1.744962315172E-05  5.200171540185E-04  1.457774643663E+05 -4.178199398731E+02 -1.325805868312E+05 -9.521893250820E+00 -4.882812500000E-04   1   5
 -8.718410918448E-05  1.965771363396E-03  9.482713464255E-04  1.119159570854E+04  3.415331142763E+04 -2.319266753904E+05 -9.522694080973E+00 -4.882812500000E-04   1   5
  9.912628422054E-04  2.542919112300E-04 -4.976877871883E-04 -7.506246183128E+04  4.995089362028E+03  9.856899697554E+04 -9.527589072412E+00 -4.882812500000E-04   1   5
 -2.320210431800E-03  8.630359622281E-04  9.440122467161E-04  2.050649702815E+05  1.510417167682E+04 -2.636061176270E+05 -9.519563971264E+00 -4.882812500000E-04   1   5
 -2.515389866262E-03  6.845836093550E-04 -1.252901959738E-03  1.886960817310E+05  1.596046641625E+04  2.060322940444E+05 -9.526167267133E+00 -4.882812500000E-04   1   5
  8.752927845263E-04 -1.193657547242E-04 -1.255365473684E-03 -6.194430204279E+04 -2.356730863194E+03  2.111907431293E+05 -9.529387814126E+00 -4.882812500000E-04   1   5
 -1.743549738037E-03 -2.800063004422E-04  2.109467917162E-04  1.405575670126E+05 -5.194249333176E+03 -5.567231345579E+04 -9.522842704006E+00 -4.882812500000E-04   1   5
 -1.100518320586E-03 -5.082482555206E-04 -1.382530450288E-03  8.513081366833E+04 -1.053753978994E+04  2.286457663495E+05 -9.527889689862E+00 -4.882812500000E-04   1   5
  1.250723552044E-03  2.404953501829E-04  2.662502382123E-04 -1.011340880313E+05  4.334439258552E+03 -6.305639448871E+04 -9.526068915548E+00 -4.882812500000E-04   1   5
  1.366804571062E-03 -5.455200505414E-04 -1.214186846914E-03 -9.818930090883E+04 -1.177661326401E+04  1.997867904943E+05 -9.529665937377E+00 -4.882812500000E-04   1   5
  5.754271768534E-04 -4.761942409193E-04  4.955545331988E-04 -4.671852417682E+04 -8.664700402051E+03 -1.117220459888E+05 -9.524772632060E+00 -4.882812500000E-04   1   5
  1.423295080899E-03 -9.910915077242E-05 -3.465982302195E-04 -1.097949528501E+05 -2.042745057131E+03  6.815211755186E+04 -9.527637572411E+00 -4.882812500000E-04   1   5
  2.640453730164E-03  6.529169080353E-04 -1.543714815085E-03 -1.893967541312E+05  1.493565725997E+04  2.260977455037E+05 -9.531441848187E+00 -4.882812500000E-04   1   5
 -8.416419647668E-04  5.135617488390E-04 -1.135327325418E-03  6.585834761811E+04  1.084571959535E+04  1.948587806791E+05 -9.527479017177E+00 -4.882812500000E-04   1   5
  4.233088098165E-05 -7.011998368381E-04  2.019326534963E-04 -3.308291774792E+03 -1.276185927375E+04 -4.627339447472E+04 -9.524952225425E+00 -4.882812500000E-04   1   5
 -3.909931543368E-04 -7.398871210970E-04  1.200303604723E-04  3.126419615512E+04 -1.363889028804E+04 -2.802871099155E+04 -9.524688167938E+00 -4.882812500000E-04   1   5
 -4.855364665821E-04  1.145888039662E-03 -3.300928581709E-04  3.849239727526E+04  2.123790561753E+04  7.234183760892E+04 -9.525697601262E+00 -4.882812500000E-04   1   5
 -9.539906682130E-04  8.871311133153E-04  1.312411327602E-03  9.228525474842E+04  1.515969198929E+04 -3.289077510065E+05 -9.520302118731E+00 -4.882812500000E-04   1   5
 -9.326698676848E-04  1.012067606068E-03  4.004765924268E-04  7.671460787715E+04  1.820865694653E+04 -9.404568840470E+04 -9.523272638444E+00 -4.882812500000E-04   1   5
 -9.330661076426E-04  6.740319847227E-05 -1.457912261703E-03  7.233185979467E+04  1.482738754078E+03  2.296887426592E+05 -9.528329714382E+00 -4.882812500000E-04   1   5
 -1.352396895851E-03  1.314639336934E-03  3.162175529461E-04  1.098918069865E+05  2.413775289273E+04 -7.830356677913E+04 -9.523020868054E+00 -4.882812500000E-04   1   5
 -3.292860195478E-04 -1.267114789352E-03 -1.260782528689E-05  2.646690557060E+04 -2.361978050887E+04  3.902288954884E+03 -9.525061913997E+00 -4.882812500000E-04   1   5
