 -5.1681E-01 -5.7566E+00  3.4751E+01  1.7224E+00  1.7836E+02  1.1139E+02 -1.6622E+02
 -5.0616E-01 -5.7063E+00  3.4751E+01  1.6762E+00  1.7837E+02  1.0695E+02 -1.6657E+02
 -4.9549E-01 -5.6559E+00  3.4751E+01  1.6299E+00  1.7838E+02  1.0250E+02 -1.6693E+02
 -4.8481E-01 -5.6055E+00  3.4751E+01  1.5836E+00  1.7839E+02  9.8050E+01 -1.6730E+02
 -4.7398E-01 -5.5544E+00  3.4751E+01  1.5368E+00  1.7840E+02  9.3547E+01 -1.6770E+02
 -4.6331E-01 -5.5040E+00  3.4751E+01  1.4907E+00  1.7841E+02  8.9108E+01 -1.6810E+02
 -4.5263E-01 -5.4536E+00  3.4751E+01  1.4447E+00  1.7842E+02  8.4674E+01 -1.6852E+02
 -4.4180E-01 -5.4025E+00  3.4751E+01  1.3981E+00  1.7843E+02  8.0186E+01 -1.6896E+02
 -4.3113E-01 -5.3521E+00  3.4751E+01  1.3523E+00  1.7844E+02  7.5764E+01 -1.6941E+02
 -4.2045E-01 -5.3017E+00  3.4751E+01  1.3066E+00  1.7844E+02  7.1352E+01 -1.6988E+02
 -4.0962E-01 -5.2506E+00  3.4751E+01  1.2603E+00  1.7844E+02  6.6891E+01 -1.7037E+02
 -3.9895E-01 -5.2002E+00  3.4751E+01  1.2148E+00  1.7845E+02  6.2504E+01 -1.7087E+02
 -3.8827E-01 -5.1498E+00  3.4751E+01  1.1695E+00  1.7845E+02  5.8132E+01 -1.7139E+02
 -3.7744E-01 -5.0988E+00  3.4751E+01  1.1237E+00  1.7845E+02  5.3725E+01 -1.7193E+02
 -3.6676E-01 -5.0484E+00  3.4751E+01  1.0795E+00  1.7845E+02  4.9456E+01 -1.7247E+02
 -3.5602E-01 -4.9980E+00  3.4751E+01  1.0419E+00  1.7845E+02  4.5682E+01 -1.7298E+02
 -3.4526E-01 -4.9485E+00  3.4751E+01  1.0142E+00  1.7844E+02  4.2649E+01 -1.7342E+02
 -3.3454E-01 -4.9004E+00  3.4751E+01  9.9072E-01  1.7844E+02  3.9923E+01 -1.7383E+02
 -3.2382E-01 -4.8535E+00  3.4751E+01  9.7004E-01  1.7844E+02  3.7396E+01 -1.7422E+02
 -3.1318E-01 -4.8080E+00  3.4751E+01  9.5192E-01  1.7843E+02  3.5074E+01 -1.7459E+02
 -3.0236E-01 -4.7627E+00  3.4751E+01  9.3572E-01  1.7843E+02  3.2891E+01 -1.7493E+02
 -2.9163E-01 -4.7186E+00  3.4751E+01  9.2167E-01  1.7843E+02  3.0902E+01 -1.7525E+02
 -2.8091E-01 -4.6753E+00  3.4751E+01  9.0945E-01  1.7842E+02  2.9080E+01 -1.7553E+02
 -2.7018E-01 -4.6328E+00  3.4751E+01  8.9888E-01  1.7842E+02  2.7423E+01 -1.7579E+02
 -2.5945E-01 -4.5909E+00  3.4751E+01  8.8981E-01  1.7842E+02  2.5926E+01 -1.7602E+02
 -2.4873E-01 -4.5496E+00  3.4751E+01  8.8211E-01  1.7841E+02  2.4586E+01 -1.7622E+02
 -2.3804E-01 -4.5090E+00  3.4751E+01  8.7568E-01  1.7841E+02  2.3402E+01 -1.7640E+02
 -2.2727E-01 -4.4686E+00  3.4751E+01  8.7032E-01  1.7841E+02  2.2359E+01 -1.7655E+02
 -2.1655E-01 -4.4288E+00  3.4751E+01  8.6599E-01  1.7840E+02  2.1462E+01 -1.7667E+02
 -2.0586E-01 -4.3896E+00  3.4751E+01  8.6258E-01  1.7840E+02  2.0703E+01 -1.7678E+02
 -1.9509E-01 -4.3506E+00  3.4751E+01  8.5997E-01  1.7840E+02  2.0068E+01 -1.7686E+02
 -1.8438E-01 -4.3121E+00  3.4751E+01  8.5809E-01  1.7839E+02  1.9554E+01 -1.7693E+02
 -1.7364E-01 -4.2738E+00  3.4751E+01  8.5685E-01  1.7839E+02  1.9147E+01 -1.7698E+02
 -1.6295E-01 -4.2360E+00  3.4751E+01  8.5617E-01  1.7839E+02  1.8838E+01 -1.7702E+02
 -1.5219E-01 -4.1982E+00  3.4751E+01  8.5597E-01  1.7838E+02  1.8612E+01 -1.7705E+02
 -1.4154E-01 -4.1611E+00  3.4751E+01  8.5618E-01  1.7838E+02  1.8461E+01 -1.7707E+02
 -1.3082E-01 -4.1240E+00  3.4751E+01  8.5673E-01  1.7838E+02  1.8370E+01 -1.7708E+02
 -1.2005E-01 -4.0869E+00  3.4751E+01  8.5758E-01  1.7837E+02  1.8328E+01 -1.7709E+02
 -1.0928E-01 -4.0501E+00  3.4751E+01  8.5863E-01  1.7837E+02  1.8325E+01 -1.7709E+02
 -9.8599E-02 -4.0137E+00  3.4751E+01  8.5984E-01  1.7837E+02  1.8350E+01 -1.7709E+02
 -8.7873E-02 -3.9773E+00  3.4751E+01  8.6115E-01  1.7837E+02  1.8396E+01 -1.7708E+02
 -7.7107E-02 -3.9409E+00  3.4751E+01  8.6252E-01  1.7836E+02  1.8455E+01 -1.7707E+02
 -6.6374E-02 -3.9047E+00  3.4751E+01  8.6387E-01  1.7836E+02  1.8519E+01 -1.7707E+02
 -5.5647E-02 -3.8686E+00  3.4751E+01  8.6515E-01  1.7836E+02  1.8583E+01 -1.7706E+02
 -4.4999E-02 -3.8329E+00  3.4751E+01  8.6632E-01  1.7835E+02  1.8642E+01 -1.7705E+02
 -3.4194E-02 -3.7968E+00  3.4751E+01  8.6734E-01  1.7835E+02  1.8694E+01 -1.7704E+02
 -2.3510E-02 -3.7611E+00  3.4751E+01  8.6813E-01  1.7835E+02  1.8734E+01 -1.7704E+02
 -1.2816E-02 -3.7254E+00  3.4751E+01  8.6865E-01  1.7834E+02  1.8760E+01 -1.7703E+02
 -2.0146E-03 -3.6893E+00  3.4751E+01  8.6887E-01  1.7834E+02  1.8773E+01 -1.7703E+02
  8.6867E-03 -3.6536E+00  3.4751E+01  8.6888E-01  1.7834E+02  1.8776E+01 -1.7702E+02
  1.9388E-02 -3.6179E+00  3.4751E+01  8.6887E-01  1.7833E+02  1.8777E+01 -1.7702E+02
  3.0090E-02 -3.5822E+00  3.4751E+01  8.6886E-01  1.7833E+02  1.8778E+01 -1.7702E+02
  4.0892E-02 -3.5462E+00  3.4751E+01  8.6884E-01  1.7833E+02  1.8779E+01 -1.7701E+02
  5.1593E-02 -3.5105E+00  3.4751E+01  8.6883E-01  1.7832E+02  1.8780E+01 -1.7701E+02
  6.2295E-02 -3.4748E+00  3.4751E+01  8.6882E-01  1.7832E+02  1.8780E+01 -1.7701E+02
  7.2996E-02 -3.4391E+00  3.4751E+01  8.6880E-01  1.7832E+02  1.8781E+01 -1.7700E+02
  8.3798E-02 -3.4031E+00  3.4751E+01  8.6879E-01  1.7832E+02  1.8782E+01 -1.7700E+02
  9.4499E-02 -3.3674E+00  3.4751E+01  8.6878E-01  1.7831E+02  1.8783E+01 -1.7700E+02
  1.0520E-01 -3.3317E+00  3.4751E+01  8.6876E-01  1.7831E+02  1.8783E+01 -1.7699E+02
  1.1590E-01 -3.2960E+00  3.4751E+01  8.6875E-01  1.7831E+02  1.8784E+01 -1.7699E+02
  1.2670E-01 -3.2599E+00  3.4751E+01  8.6873E-01  1.7830E+02  1.8785E+01 -1.7699E+02
  1.3741E-01 -3.2242E+00  3.4751E+01  8.6872E-01  1.7830E+02  1.8785E+01 -1.7698E+02
  1.4811E-01 -3.1885E+00  3.4751E+01  8.6871E-01  1.7830E+02  1.8786E+01 -1.7698E+02
  1.5881E-01 -3.1528E+00  3.4751E+01  8.6869E-01  1.7830E+02  1.8787E+01 -1.7698E+02
  1.6961E-01 -3.1168E+00  3.4751E+01  8.6868E-01  1.7829E+02  1.8788E+01 -1.7698E+02
  1.8031E-01 -3.0811E+00  3.4751E+01  8.6867E-01  1.7829E+02  1.8789E+01 -1.7697E+02
  1.9101E-01 -3.0454E+00  3.4751E+01  8.6865E-01  1.7829E+02  1.8789E+01 -1.7697E+02
  2.0171E-01 -3.0097E+00  3.4751E+01  8.6864E-01  1.7828E+02  1.8790E+01 -1.7697E+02
  2.1252E-01 -2.9737E+00  3.4751E+01  8.6862E-01  1.7828E+02  1.8791E+01 -1.7696E+02
  2.2322E-01 -2.9380E+00  3.4751E+01  8.6861E-01  1.7828E+02  1.8792E+01 -1.7696E+02
  2.3392E-01 -2.9023E+00  3.4751E+01  8.6860E-01  1.7828E+02  1.8792E+01 -1.7696E+02
  2.4462E-01 -2.8666E+00  3.4751E+01  8.6858E-01  1.7827E+02  1.8793E+01 -1.7695E+02
  2.5542E-01 -2.8305E+00  3.4751E+01  8.6857E-01  1.7827E+02  1.8794E+01 -1.7695E+02
  2.6612E-01 -2.7948E+00  3.4751E+01  8.6856E-01  1.7827E+02  1.8795E+01 -1.7695E+02
  2.7683E-01 -2.7591E+00  3.4751E+01  8.6854E-01  1.7826E+02  1.8795E+01 -1.7695E+02
  2.8753E-01 -2.7234E+00  3.4751E+01  8.6853E-01  1.7826E+02  1.8796E+01 -1.7694E+02
  2.9833E-01 -2.6874E+00  3.4751E+01  8.6851E-01  1.7826E+02  1.8797E+01 -1.7694E+02
  3.0903E-01 -2.6517E+00  3.4751E+01  8.6850E-01  1.7826E+02  1.8798E+01 -1.7694E+02
  3.1973E-01 -2.6160E+00  3.4751E+01  8.6849E-01  1.7825E+02  1.8799E+01 -1.7693E+02
  3.3043E-01 -2.5803E+00  3.4751E+01  8.6847E-01  1.7825E+02  1.8799E+01 -1.7693E+02
  3.4124E-01 -2.5443E+00  3.4751E+01  8.6846E-01  1.7825E+02  1.8800E+01 -1.7693E+02
  3.5194E-01 -2.5086E+00  3.4751E+01  8.6845E-01  1.7825E+02  1.8801E+01 -1.7693E+02
  3.6264E-01 -2.4729E+00  3.4751E+01  8.6843E-01  1.7824E+02  1.8802E+01 -1.7692E+02
  3.7334E-01 -2.4372E+00  3.4751E+01  8.6842E-01  1.7824E+02  1.8803E+01 -1.7692E+02
  3.8414E-01 -2.4011E+00  3.4751E+01  8.6840E-01  1.7824E+02  1.8803E+01 -1.7692E+02
  3.9484E-01 -2.3654E+00  3.4751E+01  8.6839E-01  1.7824E+02  1.8804E+01 -1.7692E+02
  4.0554E-01 -2.3297E+00  3.4751E+01  8.6838E-01  1.7823E+02  1.8805E+01 -1.7691E+02
  4.1625E-01 -2.2940E+00  3.4751E+01  8.6836E-01  1.7823E+02  1.8806E+01 -1.7691E+02
  4.2705E-01 -2.2580E+00  3.4751E+01  8.6835E-01  1.7823E+02  1.8807E+01 -1.7691E+02
  4.3775E-01 -2.2223E+00  3.4751E+01  8.6834E-01  1.7823E+02  1.8807E+01 -1.7690E+02
  4.4845E-01 -2.1866E+00  3.4751E+01  8.6832E-01  1.7822E+02  1.8808E+01 -1.7690E+02
  4.5915E-01 -2.1509E+00  3.4751E+01  8.6831E-01  1.7822E+02  1.8809E+01 -1.7690E+02
  4.6995E-01 -2.1149E+00  3.4751E+01  8.6829E-01  1.7822E+02  1.8810E+01 -1.7690E+02
  4.8066E-01 -2.0792E+00  3.4751E+01  8.6828E-01  1.7822E+02  1.8811E+01 -1.7689E+02
  4.9136E-01 -2.0435E+00  3.4751E+01  8.6827E-01  1.7821E+02  1.8811E+01 -1.7689E+02
  5.0206E-01 -2.0078E+00  3.4751E+01  8.6825E-01  1.7821E+02  1.8812E+01 -1.7689E+02
  5.1286E-01 -1.9717E+00  3.4751E+01  8.6824E-01  1.7821E+02  1.8813E+01 -1.7689E+02
  5.2356E-01 -1.9360E+00  3.4751E+01  8.6823E-01  1.7821E+02  1.8814E+01 -1.7688E+02
  5.3426E-01 -1.9003E+00  3.4751E+01  8.6821E-01  1.7820E+02  1.8815E+01 -1.7688E+02
  5.4497E-01 -1.8646E+00  3.4751E+01  8.6820E-01  1.7820E+02  1.8816E+01 -1.7688E+02
  5.5577E-01 -1.8286E+00  3.4751E+01  8.6818E-01  1.7820E+02  1.8816E+01 -1.7688E+02
  5.6647E-01 -1.7929E+00  3.4751E+01  8.6817E-01  1.7820E+02  1.8817E+01 -1.7687E+02
  5.7717E-01 -1.7572E+00  3.4751E+01  8.6816E-01  1.7819E+02  1.8818E+01 -1.7687E+02
  5.8787E-01 -1.7215E+00  3.4751E+01  8.6814E-01  1.7819E+02  1.8819E+01 -1.7687E+02
  5.9867E-01 -1.6855E+00  3.4751E+01  8.6813E-01  1.7819E+02  1.8820E+01 -1.7686E+02
  6.0937E-01 -1.6498E+00  3.4751E+01  8.6812E-01  1.7819E+02  1.8821E+01 -1.7686E+02
  6.2008E-01 -1.6141E+00  3.4751E+01  8.6810E-01  1.7818E+02  1.8821E+01 -1.7686E+02
  6.3078E-01 -1.5784E+00  3.4751E+01  8.6809E-01  1.7818E+02  1.8822E+01 -1.7686E+02
  6.4158E-01 -1.5423E+00  3.4751E+01  8.6807E-01  1.7818E+02  1.8823E+01 -1.7685E+02
  6.5228E-01 -1.5066E+00  3.4751E+01  8.6806E-01  1.7818E+02  1.8824E+01 -1.7685E+02
  6.6298E-01 -1.4709E+00  3.4751E+01  8.6805E-01  1.7817E+02  1.8825E+01 -1.7685E+02
  6.7368E-01 -1.4352E+00  3.4751E+01  8.6803E-01  1.7817E+02  1.8825E+01 -1.7685E+02
  6.8449E-01 -1.3992E+00  3.4751E+01  8.6802E-01  1.7817E+02  1.8826E+01 -1.7684E+02
  6.9519E-01 -1.3635E+00  3.4751E+01  8.6801E-01  1.7817E+02  1.8826E+01 -1.7684E+02
  7.0589E-01 -1.3278E+00  3.4751E+01  8.6799E-01  1.7817E+02  1.8826E+01 -1.7684E+02
  7.1659E-01 -1.2921E+00  3.4751E+01  8.6798E-01  1.7816E+02  1.8827E+01 -1.7684E+02
  7.2739E-01 -1.2560E+00  3.4751E+01  8.6796E-01  1.7816E+02  1.8827E+01 -1.7684E+02
  7.3809E-01 -1.2203E+00  3.4751E+01  8.6795E-01  1.7816E+02  1.8827E+01 -1.7683E+02
  7.4880E-01 -1.1846E+00  3.4751E+01  8.6793E-01  1.7816E+02  1.8828E+01 -1.7683E+02
  7.5950E-01 -1.1489E+00  3.4751E+01  8.6791E-01  1.7815E+02  1.8829E+01 -1.7683E+02
  7.7030E-01 -1.1129E+00  3.4751E+01  8.6789E-01  1.7815E+02  1.8831E+01 -1.7683E+02
  7.8100E-01 -1.0772E+00  3.4751E+01  8.6786E-01  1.7815E+02  1.8832E+01 -1.7682E+02
  7.9170E-01 -1.0415E+00  3.4751E+01  8.6784E-01  1.7815E+02  1.8834E+01 -1.7682E+02
  8.0240E-01 -1.0058E+00  3.4751E+01  8.6782E-01  1.7814E+02  1.8836E+01 -1.7682E+02
  8.1320E-01 -9.6978E-01  3.4751E+01  8.6780E-01  1.7814E+02  1.8837E+01 -1.7682E+02
  8.2391E-01 -9.3408E-01  3.4751E+01  8.6778E-01  1.7814E+02  1.8839E+01 -1.7681E+02
  8.3461E-01 -8.9838E-01  3.4751E+01  8.6776E-01  1.7814E+02  1.8840E+01 -1.7681E+02
  8.4531E-01 -8.6268E-01  3.4751E+01  8.6773E-01  1.7814E+02  1.8842E+01 -1.7681E+02
  8.5611E-01 -8.2664E-01  3.4751E+01  8.6771E-01  1.7813E+02  1.8843E+01 -1.7681E+02
  8.6681E-01 -7.9094E-01  3.4751E+01  8.6769E-01  1.7813E+02  1.8845E+01 -1.7680E+02
  8.7751E-01 -7.5524E-01  3.4751E+01  8.6767E-01  1.7813E+02  1.8847E+01 -1.7680E+02
  8.8822E-01 -7.1954E-01  3.4751E+01  8.6765E-01  1.7813E+02  1.8848E+01 -1.7680E+02
  8.9902E-01 -6.8351E-01  3.4751E+01  8.6763E-01  1.7812E+02  1.8850E+01 -1.7679E+02
  9.0972E-01 -6.4781E-01  3.4751E+01  8.6760E-01  1.7812E+02  1.8851E+01 -1.7679E+02
  9.2042E-01 -6.1211E-01  3.4751E+01  8.6758E-01  1.7812E+02  1.8853E+01 -1.7679E+02
  9.3112E-01 -5.7641E-01  3.4751E+01  8.6756E-01  1.7812E+02  1.8854E+01 -1.7679E+02
  9.4192E-01 -5.4037E-01  3.4751E+01  8.6754E-01  1.7812E+02  1.8856E+01 -1.7678E+02
  9.5263E-01 -5.0467E-01  3.4751E+01  8.6752E-01  1.7811E+02  1.8857E+01 -1.7678E+02
  9.6333E-01 -4.6897E-01  3.4751E+01  8.6751E-01  1.7811E+02  1.8858E+01 -1.7678E+02
  9.7403E-01 -4.3327E-01  3.4751E+01  8.6749E-01  1.7811E+02  1.8858E+01 -1.7678E+02
  9.8483E-01 -3.9724E-01  3.4751E+01  8.6748E-01  1.7811E+02  1.8858E+01 -1.7678E+02
  9.9553E-01 -3.6154E-01  3.4751E+01  8.6747E-01  1.7811E+02  1.8858E+01 -1.7677E+02
  1.0062E+00 -3.2584E-01  3.4751E+01  8.6746E-01  1.7810E+02  1.8858E+01 -1.7677E+02
  1.0169E+00 -2.9014E-01  3.4751E+01  8.6745E-01  1.7810E+02  1.8858E+01 -1.7677E+02
  1.0277E+00 -2.5410E-01  3.4751E+01  8.6743E-01  1.7810E+02  1.8859E+01 -1.7677E+02
  1.0384E+00 -2.1840E-01  3.4751E+01  8.6742E-01  1.7810E+02  1.8859E+01 -1.7676E+02
  1.0491E+00 -1.8270E-01  3.4751E+01  8.6741E-01  1.7809E+02  1.8859E+01 -1.7676E+02
  1.0598E+00 -1.4700E-01  3.4751E+01  8.6740E-01  1.7809E+02  1.8860E+01 -1.7676E+02
  1.0706E+00 -1.1097E-01  3.4751E+01  8.6739E-01  1.7809E+02  1.8860E+01 -1.7676E+02
  1.0813E+00 -7.5266E-02  3.4751E+01  8.6737E-01  1.7809E+02  1.8860E+01 -1.7676E+02
  1.0920E+00 -3.9566E-02  3.4751E+01  8.6736E-01  1.7809E+02  1.8861E+01 -1.7675E+02
  1.1027E+00 -3.8656E-03  3.4751E+01  8.6735E-01  1.7808E+02  1.8861E+01 -1.7675E+02
  1.1135E+00  3.2170E-02  3.4751E+01  8.6734E-01  1.7808E+02  1.8862E+01 -1.7675E+02
  1.1243E+00  6.7870E-02  3.4751E+01  8.6732E-01  1.7808E+02  1.8862E+01 -1.7675E+02
  1.1350E+00  1.0357E-01  3.4751E+01  8.6731E-01  1.7808E+02  1.8862E+01 -1.7675E+02
  1.1457E+00  1.3927E-01  3.4751E+01  8.6730E-01  1.7808E+02  1.8863E+01 -1.7674E+02
  1.1565E+00  1.7530E-01  3.4751E+01  8.6729E-01  1.7807E+02  1.8863E+01 -1.7674E+02
  1.1672E+00  2.1100E-01  3.4751E+01  8.6728E-01  1.7807E+02  1.8864E+01 -1.7674E+02
  1.1779E+00  2.4670E-01  3.4751E+01  8.6726E-01  1.7807E+02  1.8864E+01 -1.7674E+02
  1.1886E+00  2.8240E-01  3.4751E+01  8.6725E-01  1.7807E+02  1.8864E+01 -1.7673E+02
  1.1994E+00  3.1844E-01  3.4751E+01  8.6724E-01  1.7807E+02  1.8865E+01 -1.7673E+02
  1.2101E+00  3.5414E-01  3.4751E+01  8.6723E-01  1.7806E+02  1.8865E+01 -1.7673E+02
  1.2208E+00  3.8984E-01  3.4751E+01  8.6722E-01  1.7806E+02  1.8865E+01 -1.7673E+02
  1.2315E+00  4.2554E-01  3.4751E+01  8.6720E-01  1.7806E+02  1.8866E+01 -1.7673E+02
  1.2423E+00  4.6157E-01  3.4751E+01  8.6719E-01  1.7806E+02  1.8866E+01 -1.7672E+02
  1.2530E+00  4.9727E-01  3.4751E+01  8.6718E-01  1.7806E+02  1.8867E+01 -1.7672E+02
  1.2637E+00  5.3297E-01  3.4751E+01  8.6717E-01  1.7805E+02  1.8867E+01 -1.7672E+02
  1.2744E+00  5.6867E-01  3.4751E+01  8.6715E-01  1.7805E+02  1.8867E+01 -1.7672E+02
  1.2852E+00  6.0471E-01  3.4751E+01  8.6714E-01  1.7805E+02  1.8868E+01 -1.7671E+02
  1.2959E+00  6.4041E-01  3.4751E+01  8.6713E-01  1.7805E+02  1.8868E+01 -1.7671E+02
  1.3066E+00  6.7611E-01  3.4751E+01  8.6712E-01  1.7805E+02  1.8869E+01 -1.7671E+02
  1.3173E+00  7.1181E-01  3.4751E+01  8.6711E-01  1.7804E+02  1.8869E+01 -1.7671E+02
  1.3281E+00  7.4785E-01  3.4751E+01  8.6709E-01  1.7804E+02  1.8869E+01 -1.7671E+02
  1.3388E+00  7.8355E-01  3.4751E+01  8.6708E-01  1.7804E+02  1.8870E+01 -1.7670E+02
  1.3495E+00  8.1925E-01  3.4751E+01  8.6707E-01  1.7804E+02  1.8870E+01 -1.7670E+02
  1.3602E+00  8.5495E-01  3.4751E+01  8.6706E-01  1.7804E+02  1.8871E+01 -1.7670E+02
  1.3710E+00  8.9098E-01  3.4751E+01  8.6705E-01  1.7803E+02  1.8871E+01 -1.7670E+02
  1.3817E+00  9.2668E-01  3.4751E+01  8.6703E-01  1.7803E+02  1.8871E+01 -1.7670E+02
  1.3924E+00  9.6238E-01  3.4751E+01  8.6702E-01  1.7803E+02  1.8872E+01 -1.7669E+02
  1.4031E+00  9.9808E-01  3.4751E+01  8.6701E-01  1.7803E+02  1.8872E+01 -1.7669E+02
  1.4139E+00  1.0341E+00  3.4751E+01  8.6700E-01  1.7803E+02  1.8873E+01 -1.7669E+02
  1.4246E+00  1.0698E+00  3.4751E+01  8.6698E-01  1.7802E+02  1.8873E+01 -1.7669E+02
  1.4353E+00  1.1055E+00  3.4751E+01  8.6697E-01  1.7802E+02  1.8873E+01 -1.7668E+02
  1.4460E+00  1.1412E+00  3.4751E+01  8.6696E-01  1.7802E+02  1.8874E+01 -1.7668E+02
  1.4568E+00  1.1773E+00  3.4751E+01  8.6695E-01  1.7802E+02  1.8874E+01 -1.7668E+02
  1.4675E+00  1.2130E+00  3.4751E+01  8.6694E-01  1.7801E+02  1.8875E+01 -1.7668E+02
  1.4782E+00  1.2487E+00  3.4751E+01  8.6692E-01  1.7801E+02  1.8875E+01 -1.7668E+02
  1.4889E+00  1.2844E+00  3.4751E+01  8.6691E-01  1.7801E+02  1.8875E+01 -1.7667E+02
  1.4997E+00  1.3204E+00  3.4751E+01  8.6690E-01  1.7801E+02  1.8876E+01 -1.7667E+02
  1.5104E+00  1.3561E+00  3.4751E+01  8.6689E-01  1.7801E+02  1.8876E+01 -1.7667E+02
  1.5211E+00  1.3918E+00  3.4751E+01  8.6688E-01  1.7800E+02  1.8877E+01 -1.7667E+02
  1.5318E+00  1.4275E+00  3.4752E+01  8.6686E-01  1.7800E+02  1.8877E+01 -1.7667E+02
  1.5426E+00  1.4635E+00  3.4752E+01  8.6685E-01  1.7800E+02  1.8877E+01 -1.7666E+02
  1.5533E+00  1.4992E+00  3.4752E+01  8.6684E-01  1.7800E+02  1.8878E+01 -1.7666E+02
  1.5640E+00  1.5349E+00  3.4752E+01  8.6683E-01  1.7800E+02  1.8878E+01 -1.7666E+02
  1.5747E+00  1.5706E+00  3.4752E+01  8.6681E-01  1.7800E+02  1.8879E+01 -1.7666E+02
  1.5855E+00  1.6067E+00  3.4752E+01  8.6680E-01  1.7799E+02  1.8879E+01 -1.7666E+02
  1.5962E+00  1.6424E+00  3.4752E+01  8.6679E-01  1.7799E+02  1.8879E+01 -1.7665E+02
  1.6069E+00  1.6781E+00  3.4752E+01  8.6678E-01  1.7799E+02  1.8880E+01 -1.7665E+02
  1.6176E+00  1.7138E+00  3.4752E+01  8.6677E-01  1.7799E+02  1.8880E+01 -1.7665E+02
  1.6284E+00  1.7498E+00  3.4752E+01  8.6675E-01  1.7799E+02  1.8881E+01 -1.7665E+02
  1.6391E+00  1.7855E+00  3.4752E+01  8.6674E-01  1.7798E+02  1.8881E+01 -1.7664E+02
  1.6498E+00  1.8212E+00  3.4752E+01  8.6673E-01  1.7798E+02  1.8881E+01 -1.7664E+02
  1.6605E+00  1.8569E+00  3.4752E+01  8.6672E-01  1.7798E+02  1.8882E+01 -1.7664E+02
  1.6713E+00  1.8929E+00  3.4752E+01  8.6671E-01  1.7798E+02  1.8882E+01 -1.7664E+02
  1.6820E+00  1.9286E+00  3.4752E+01  8.6669E-01  1.7798E+02  1.8883E+01 -1.7664E+02
  1.6927E+00  1.9643E+00  3.4752E+01  8.6668E-01  1.7797E+02  1.8883E+01 -1.7663E+02
  1.7034E+00  2.0000E+00  3.4752E+01  8.6667E-01  1.7797E+02  1.8883E+01 -1.7663E+02
  1.7142E+00  2.0361E+00  3.4752E+01  8.6666E-01  1.7797E+02  1.8884E+01 -1.7663E+02
  1.7249E+00  2.0718E+00  3.4752E+01  8.6664E-01  1.7797E+02  1.8884E+01 -1.7663E+02
  1.7356E+00  2.1075E+00  3.4752E+01  8.6663E-01  1.7797E+02  1.8885E+01 -1.7663E+02
  1.7463E+00  2.1432E+00  3.4752E+01  8.6662E-01  1.7796E+02  1.8885E+01 -1.7662E+02
  1.7571E+00  2.1792E+00  3.4752E+01  8.6661E-01  1.7796E+02  1.8886E+01 -1.7662E+02
  1.7678E+00  2.2149E+00  3.4752E+01  8.6660E-01  1.7796E+02  1.8886E+01 -1.7662E+02
  1.7785E+00  2.2506E+00  3.4752E+01  8.6658E-01  1.7796E+02  1.8886E+01 -1.7662E+02
  1.7892E+00  2.2863E+00  3.4752E+01  8.6657E-01  1.7796E+02  1.8887E+01 -1.7662E+02
  1.8000E+00  2.3223E+00  3.4752E+01  8.6656E-01  1.7795E+02  1.8887E+01 -1.7661E+02
  1.8108E+00  2.3580E+00  3.4752E+01  8.6655E-01  1.7795E+02  1.8888E+01 -1.7661E+02
  1.8215E+00  2.3937E+00  3.4752E+01  8.6654E-01  1.7795E+02  1.8888E+01 -1.7661E+02
  1.8322E+00  2.4294E+00  3.4752E+01  8.6652E-01  1.7795E+02  1.8888E+01 -1.7661E+02
  1.8430E+00  2.4655E+00  3.4752E+01  8.6651E-01  1.7795E+02  1.8889E+01 -1.7661E+02
  1.8537E+00  2.5012E+00  3.4752E+01  8.6650E-01  1.7794E+02  1.8889E+01 -1.7660E+02
  1.8644E+00  2.5369E+00  3.4752E+01  8.6649E-01  1.7794E+02  1.8890E+01 -1.7660E+02
  1.8751E+00  2.5726E+00  3.4752E+01  8.6648E-01  1.7794E+02  1.8890E+01 -1.7660E+02
  1.8859E+00  2.6086E+00  3.4752E+01  8.6646E-01  1.7794E+02  1.8890E+01 -1.7660E+02
  1.8966E+00  2.6443E+00  3.4752E+01  8.6645E-01  1.7794E+02  1.8891E+01 -1.7660E+02
  1.9073E+00  2.6800E+00  3.4752E+01  8.6644E-01  1.7793E+02  1.8891E+01 -1.7659E+02
  1.9180E+00  2.7157E+00  3.4752E+01  8.6643E-01  1.7793E+02  1.8892E+01 -1.7659E+02
  1.9288E+00  2.7517E+00  3.4752E+01  8.6641E-01  1.7793E+02  1.8892E+01 -1.7659E+02
  1.9395E+00  2.7874E+00  3.4752E+01  8.6640E-01  1.7793E+02  1.8893E+01 -1.7659E+02
  1.9502E+00  2.8231E+00  3.4752E+01  8.6639E-01  1.7793E+02  1.8893E+01 -1.7659E+02
  1.9609E+00  2.8588E+00  3.4752E+01  8.6638E-01  1.7792E+02  1.8893E+01 -1.7658E+02
  1.9717E+00  2.8949E+00  3.4752E+01  8.6637E-01  1.7792E+02  1.8894E+01 -1.7658E+02
  1.9824E+00  2.9306E+00  3.4752E+01  8.6635E-01  1.7792E+02  1.8894E+01 -1.7658E+02
  1.9931E+00  2.9663E+00  3.4752E+01  8.6634E-01  1.7792E+02  1.8895E+01 -1.7658E+02
  2.0038E+00  3.0020E+00  3.4752E+01  8.6633E-01  1.7792E+02  1.8895E+01 -1.7657E+02
  2.0146E+00  3.0380E+00  3.4752E+01  8.6632E-01  1.7791E+02  1.8895E+01 -1.7657E+02
  2.0253E+00  3.0737E+00  3.4752E+01  8.6631E-01  1.7791E+02  1.8896E+01 -1.7657E+02
  2.0360E+00  3.1094E+00  3.4752E+01  8.6629E-01  1.7791E+02  1.8896E+01 -1.7657E+02
  2.0467E+00  3.1451E+00  3.4752E+01  8.6628E-01  1.7791E+02  1.8897E+01 -1.7657E+02
  2.0575E+00  3.1811E+00  3.4752E+01  8.6627E-01  1.7791E+02  1.8897E+01 -1.7656E+02
  2.0682E+00  3.2168E+00  3.4752E+01  8.6626E-01  1.7791E+02  1.8897E+01 -1.7656E+02
  2.0789E+00  3.2525E+00  3.4752E+01  8.6624E-01  1.7790E+02  1.8898E+01 -1.7656E+02
  2.0896E+00  3.2882E+00  3.4752E+01  8.6623E-01  1.7790E+02  1.8898E+01 -1.7656E+02
  2.1004E+00  3.3243E+00  3.4752E+01  8.6622E-01  1.7790E+02  1.8899E+01 -1.7656E+02
  2.1111E+00  3.3600E+00  3.4752E+01  8.6621E-01  1.7790E+02  1.8899E+01 -1.7655E+02
  2.1218E+00  3.3957E+00  3.4752E+01  8.6620E-01  1.7790E+02  1.8900E+01 -1.7655E+02
  2.1325E+00  3.4314E+00  3.4752E+01  8.6618E-01  1.7789E+02  1.8900E+01 -1.7655E+02
  2.1433E+00  3.4674E+00  3.4752E+01  8.6617E-01  1.7789E+02  1.8900E+01 -1.7655E+02
  2.1540E+00  3.5031E+00  3.4752E+01  8.6616E-01  1.7789E+02  1.8901E+01 -1.7655E+02
  2.1647E+00  3.5388E+00  3.4752E+01  8.6615E-01  1.7789E+02  1.8901E+01 -1.7654E+02
  2.1754E+00  3.5745E+00  3.4752E+01  8.6614E-01  1.7789E+02  1.8902E+01 -1.7654E+02
  2.1862E+00  3.6105E+00  3.4752E+01  8.6612E-01  1.7788E+02  1.8902E+01 -1.7654E+02
  2.1969E+00  3.6462E+00  3.4752E+01  8.6611E-01  1.7788E+02  1.8903E+01 -1.7654E+02
  2.2076E+00  3.6819E+00  3.4752E+01  8.6610E-01  1.7788E+02  1.8903E+01 -1.7654E+02
  2.2183E+00  3.7176E+00  3.4752E+01  8.6609E-01  1.7788E+02  1.8903E+01 -1.7653E+02
  2.2291E+00  3.7537E+00  3.4752E+01  8.6607E-01  1.7788E+02  1.8904E+01 -1.7653E+02
  2.2398E+00  3.7894E+00  3.4752E+01  8.6606E-01  1.7787E+02  1.8904E+01 -1.7653E+02
  2.2505E+00  3.8251E+00  3.4752E+01  8.6605E-01  1.7787E+02  1.8905E+01 -1.7653E+02
  2.2612E+00  3.8608E+00  3.4752E+01  8.6604E-01  1.7787E+02  1.8905E+01 -1.7653E+02
  2.2720E+00  3.8968E+00  3.4752E+01  8.6603E-01  1.7787E+02  1.8905E+01 -1.7652E+02
  2.2827E+00  3.9325E+00  3.4752E+01  8.6601E-01  1.7787E+02  1.8906E+01 -1.7652E+02
  2.2934E+00  3.9682E+00  3.4752E+01  8.6600E-01  1.7787E+02  1.8906E+01 -1.7652E+02
  2.3041E+00  4.0039E+00  3.4752E+01  8.6599E-01  1.7786E+02  1.8907E+01 -1.7652E+02
  2.3149E+00  4.0400E+00  3.4752E+01  8.6598E-01  1.7786E+02  1.8907E+01 -1.7652E+02
  2.3256E+00  4.0757E+00  3.4752E+01  8.6597E-01  1.7786E+02  1.8908E+01 -1.7651E+02
  2.3363E+00  4.1114E+00  3.4752E+01  8.6595E-01  1.7786E+02  1.8908E+01 -1.7651E+02
  2.3470E+00  4.1471E+00  3.4752E+01  8.6594E-01  1.7786E+02  1.8908E+01 -1.7651E+02
  2.3578E+00  4.1831E+00  3.4752E+01  8.6593E-01  1.7785E+02  1.8909E+01 -1.7651E+02
  2.3685E+00  4.2188E+00  3.4752E+01  8.6592E-01  1.7785E+02  1.8909E+01 -1.7651E+02
  2.3792E+00  4.2545E+00  3.4752E+01  8.6591E-01  1.7785E+02  1.8910E+01 -1.7650E+02
  2.3899E+00  4.2902E+00  3.4752E+01  8.6589E-01  1.7785E+02  1.8910E+01 -1.7650E+02
  2.4007E+00  4.3262E+00  3.4752E+01  8.6588E-01  1.7785E+02  1.8911E+01 -1.7650E+02
  2.4114E+00  4.3619E+00  3.4752E+01  8.6587E-01  1.7784E+02  1.8911E+01 -1.7650E+02
  2.4221E+00  4.3976E+00  3.4752E+01  8.6586E-01  1.7784E+02  1.8911E+01 -1.7650E+02
  2.4328E+00  4.4333E+00  3.4752E+01  8.6584E-01  1.7784E+02  1.8912E+01 -1.7649E+02
  2.4436E+00  4.4694E+00  3.4752E+01  8.6583E-01  1.7784E+02  1.8912E+01 -1.7649E+02
  2.4543E+00  4.5051E+00  3.4752E+01  8.6582E-01  1.7784E+02  1.8913E+01 -1.7649E+02
  2.4650E+00  4.5408E+00  3.4752E+01  8.6581E-01  1.7784E+02  1.8913E+01 -1.7649E+02
  2.4757E+00  4.5765E+00  3.4752E+01  8.6580E-01  1.7783E+02  1.8914E+01 -1.7649E+02
  2.4865E+00  4.6125E+00  3.4752E+01  8.6578E-01  1.7783E+02  1.8914E+01 -1.7649E+02
  2.4973E+00  4.6482E+00  3.4752E+01  8.6577E-01  1.7783E+02  1.8914E+01 -1.7648E+02
  2.5080E+00  4.6839E+00  3.4752E+01  8.6576E-01  1.7783E+02  1.8915E+01 -1.7648E+02
  2.5187E+00  4.7196E+00  3.4752E+01  8.6575E-01  1.7783E+02  1.8915E+01 -1.7648E+02
  2.5295E+00  4.7556E+00  3.4752E+01  8.6574E-01  1.7782E+02  1.8916E+01 -1.7648E+02
  2.5402E+00  4.7913E+00  3.4752E+01  8.6572E-01  1.7782E+02  1.8916E+01 -1.7648E+02
  2.5509E+00  4.8270E+00  3.4752E+01  8.6571E-01  1.7782E+02  1.8917E+01 -1.7647E+02
  2.5616E+00  4.8627E+00  3.4752E+01  8.6570E-01  1.7782E+02  1.8917E+01 -1.7647E+02
  2.5724E+00  4.8988E+00  3.4752E+01  8.6569E-01  1.7782E+02  1.8917E+01 -1.7647E+02
  2.5831E+00  4.9345E+00  3.4752E+01  8.6568E-01  1.7782E+02  1.8918E+01 -1.7647E+02
  2.5938E+00  4.9702E+00  3.4752E+01  8.6566E-01  1.7781E+02  1.8918E+01 -1.7647E+02
  2.6045E+00  5.0059E+00  3.4752E+01  8.6565E-01  1.7781E+02  1.8919E+01 -1.7646E+02
  2.6153E+00  5.0419E+00  3.4752E+01  8.6564E-01  1.7781E+02  1.8919E+01 -1.7646E+02
  2.6260E+00  5.0776E+00  3.4752E+01  8.6563E-01  1.7781E+02  1.8920E+01 -1.7646E+02
  2.6367E+00  5.1133E+00  3.4752E+01  8.6561E-01  1.7781E+02  1.8920E+01 -1.7646E+02
  2.6474E+00  5.1490E+00  3.4752E+01  8.6560E-01  1.7780E+02  1.8920E+01 -1.7646E+02
  2.6582E+00  5.1850E+00  3.4752E+01  8.6559E-01  1.7780E+02  1.8921E+01 -1.7645E+02
  2.6689E+00  5.2207E+00  3.4752E+01  8.6558E-01  1.7780E+02  1.8921E+01 -1.7645E+02
  2.6796E+00  5.2564E+00  3.4752E+01  8.6557E-01  1.7780E+02  1.8922E+01 -1.7645E+02
  2.6903E+00  5.2921E+00  3.4752E+01  8.6555E-01  1.7780E+02  1.8922E+01 -1.7645E+02
  2.7011E+00  5.3282E+00  3.4752E+01  8.6554E-01  1.7780E+02  1.8923E+01 -1.7645E+02
  2.7118E+00  5.3639E+00  3.4752E+01  8.6553E-01  1.7779E+02  1.8923E+01 -1.7644E+02
  2.7225E+00  5.3996E+00  3.4752E+01  8.6552E-01  1.7779E+02  1.8923E+01 -1.7644E+02
  2.7332E+00  5.4353E+00  3.4752E+01  8.6551E-01  1.7779E+02  1.8924E+01 -1.7644E+02
  2.7440E+00  5.4713E+00  3.4752E+01  8.6549E-01  1.7779E+02  1.8924E+01 -1.7644E+02
  2.7547E+00  5.5070E+00  3.4752E+01  8.6548E-01  1.7779E+02  1.8925E+01 -1.7644E+02
  2.7654E+00  5.5427E+00  3.4752E+01  8.6547E-01  1.7778E+02  1.8925E+01 -1.7643E+02
  2.7761E+00  5.5784E+00  3.4752E+01  8.6546E-01  1.7778E+02  1.8926E+01 -1.7643E+02
  2.7869E+00  5.6144E+00  3.4752E+01  8.6545E-01  1.7778E+02  1.8926E+01 -1.7643E+02
  2.7976E+00  5.6501E+00  3.4752E+01  8.6543E-01  1.7778E+02  1.8926E+01 -1.7643E+02
  2.8083E+00  5.6858E+00  3.4752E+01  8.6542E-01  1.7778E+02  1.8927E+01 -1.7643E+02
  2.8190E+00  5.7215E+00  3.4752E+01  8.6541E-01  1.7778E+02  1.8927E+01 -1.7642E+02
  2.8298E+00  5.7576E+00  3.4752E+01  8.6540E-01  1.7777E+02  1.8928E+01 -1.7642E+02
  2.8405E+00  5.7933E+00  3.4752E+01  8.6538E-01  1.7777E+02  1.8928E+01 -1.7642E+02
  2.8512E+00  5.8290E+00  3.4752E+01  8.6537E-01  1.7777E+02  1.8929E+01 -1.7642E+02
  2.8619E+00  5.8647E+00  3.4752E+01  8.6536E-01  1.7777E+02  1.8929E+01 -1.7642E+02
  2.8727E+00  5.9007E+00  3.4752E+01  8.6535E-01  1.7777E+02  1.8929E+01 -1.7642E+02
  2.8834E+00  5.9364E+00  3.4752E+01  8.6534E-01  1.7776E+02  1.8929E+01 -1.7641E+02
  2.8941E+00  5.9721E+00  3.4752E+01  8.6533E-01  1.7776E+02  1.8929E+01 -1.7641E+02
  2.9048E+00  6.0078E+00  3.4752E+01  8.6532E-01  1.7776E+02  1.8929E+01 -1.7641E+02
  2.9156E+00  6.0438E+00  3.4752E+01  8.6530E-01  1.7776E+02  1.8929E+01 -1.7641E+02
  2.9160E+00  6.0452E+00  3.4752E+01  8.6530E-01  1.7776E+02  1.8929E+01 -1.7641E+02
  2.9263E+00  6.0795E+00  3.4752E+01  8.6529E-01  1.7776E+02  1.8929E+01 -1.7641E+02
  2.9370E+00  6.1152E+00  3.4752E+01  8.6528E-01  1.7776E+02  1.8929E+01 -1.7640E+02
  2.9477E+00  6.1509E+00  3.4752E+01  8.6527E-01  1.7775E+02  1.8929E+01 -1.7640E+02
  2.9585E+00  6.1870E+00  3.4752E+01  8.6526E-01  1.7775E+02  1.8929E+01 -1.7640E+02
  2.9692E+00  6.2227E+00  3.4752E+01  8.6525E-01  1.7775E+02  1.8929E+01 -1.7640E+02
  2.9799E+00  6.2584E+00  3.4752E+01  8.6524E-01  1.7775E+02  1.8929E+01 -1.7640E+02
  2.9906E+00  6.2941E+00  3.4752E+01  8.6523E-01  1.7775E+02  1.8929E+01 -1.7640E+02
  3.0014E+00  6.3301E+00  3.4752E+01  8.6521E-01  1.7774E+02  1.8929E+01 -1.7639E+02
  3.0121E+00  6.3658E+00  3.4752E+01  8.6520E-01  1.7774E+02  1.8929E+01 -1.7639E+02
  3.0228E+00  6.4015E+00  3.4752E+01  8.6519E-01  1.7774E+02  1.8929E+01 -1.7639E+02
  3.0335E+00  6.4372E+00  3.4752E+01  8.6518E-01  1.7774E+02  1.8929E+01 -1.7639E+02
  3.0443E+00  6.4732E+00  3.4752E+01  8.6517E-01  1.7774E+02  1.8929E+01 -1.7639E+02
  3.0550E+00  6.5089E+00  3.4752E+01  8.6516E-01  1.7774E+02  1.8929E+01 -1.7638E+02
  3.0657E+00  6.5446E+00  3.4752E+01  8.6515E-01  1.7773E+02  1.8929E+01 -1.7638E+02
  3.0764E+00  6.5803E+00  3.4752E+01  8.6514E-01  1.7773E+02  1.8929E+01 -1.7638E+02
  3.0872E+00  6.6164E+00  3.4752E+01  8.6512E-01  1.7773E+02  1.8928E+01 -1.7638E+02
  3.0979E+00  6.6521E+00  3.4752E+01  8.6511E-01  1.7773E+02  1.8928E+01 -1.7638E+02
  3.1086E+00  6.6878E+00  3.4752E+01  8.6510E-01  1.7773E+02  1.8928E+01 -1.7637E+02
  3.1193E+00  6.7235E+00  3.4752E+01  8.6509E-01  1.7773E+02  1.8928E+01 -1.7637E+02
  3.1301E+00  6.7595E+00  3.4752E+01  8.6508E-01  1.7772E+02  1.8928E+01 -1.7637E+02
  3.1408E+00  6.7952E+00  3.4752E+01  8.6507E-01  1.7772E+02  1.8928E+01 -1.7637E+02
  3.1515E+00  6.8309E+00  3.4752E+01  8.6506E-01  1.7772E+02  1.8928E+01 -1.7637E+02
  3.1622E+00  6.8666E+00  3.4752E+01  8.6504E-01  1.7772E+02  1.8928E+01 -1.7637E+02
  3.1731E+00  6.9027E+00  3.4752E+01  8.6503E-01  1.7772E+02  1.8928E+01 -1.7636E+02
  3.1838E+00  6.9384E+00  3.4752E+01  8.6502E-01  1.7771E+02  1.8928E+01 -1.7636E+02
  3.1945E+00  6.9741E+00  3.4752E+01  8.6501E-01  1.7771E+02  1.8928E+01 -1.7636E+02
  3.2052E+00  7.0098E+00  3.4752E+01  8.6500E-01  1.7771E+02  1.8928E+01 -1.7636E+02
  3.2160E+00  7.0458E+00  3.4752E+01  8.6499E-01  1.7771E+02  1.8928E+01 -1.7636E+02
  3.2267E+00  7.0815E+00  3.4752E+01  8.6498E-01  1.7771E+02  1.8928E+01 -1.7635E+02
  3.2374E+00  7.1172E+00  3.4752E+01  8.6497E-01  1.7771E+02  1.8928E+01 -1.7635E+02
  3.2481E+00  7.1529E+00  3.4752E+01  8.6495E-01  1.7770E+02  1.8928E+01 -1.7635E+02
  3.2589E+00  7.1889E+00  3.4752E+01  8.6494E-01  1.7770E+02  1.8928E+01 -1.7635E+02
  3.2696E+00  7.2246E+00  3.4752E+01  8.6493E-01  1.7770E+02  1.8928E+01 -1.7635E+02
  3.2803E+00  7.2603E+00  3.4752E+01  8.6492E-01  1.7770E+02  1.8928E+01 -1.7635E+02
  3.2910E+00  7.2960E+00  3.4752E+01  8.6491E-01  1.7770E+02  1.8928E+01 -1.7634E+02
  3.3018E+00  7.3321E+00  3.4752E+01  8.6490E-01  1.7769E+02  1.8928E+01 -1.7634E+02
  3.3125E+00  7.3678E+00  3.4752E+01  8.6489E-01  1.7769E+02  1.8928E+01 -1.7634E+02
  3.3232E+00  7.4035E+00  3.4752E+01  8.6488E-01  1.7769E+02  1.8928E+01 -1.7634E+02
  3.3339E+00  7.4392E+00  3.4752E+01  8.6486E-01  1.7769E+02  1.8928E+01 -1.7634E+02
  3.3447E+00  7.4752E+00  3.4752E+01  8.6485E-01  1.7769E+02  1.8928E+01 -1.7633E+02
  3.3554E+00  7.5109E+00  3.4752E+01  8.6484E-01  1.7769E+02  1.8928E+01 -1.7633E+02
  3.3661E+00  7.5466E+00  3.4752E+01  8.6483E-01  1.7768E+02  1.8928E+01 -1.7633E+02
  3.3768E+00  7.5823E+00  3.4752E+01  8.6482E-01  1.7768E+02  1.8928E+01 -1.7633E+02
  3.3876E+00  7.6183E+00  3.4752E+01  8.6481E-01  1.7768E+02  1.8928E+01 -1.7633E+02
  3.3983E+00  7.6540E+00  3.4752E+01  8.6480E-01  1.7768E+02  1.8928E+01 -1.7633E+02
  3.4090E+00  7.6897E+00  3.4752E+01  8.6479E-01  1.7768E+02  1.8927E+01 -1.7632E+02
  3.4197E+00  7.7254E+00  3.4752E+01  8.6477E-01  1.7768E+02  1.8927E+01 -1.7632E+02
  3.4305E+00  7.7615E+00  3.4752E+01  8.6476E-01  1.7767E+02  1.8927E+01 -1.7632E+02
  3.4412E+00  7.7972E+00  3.4752E+01  8.6475E-01  1.7767E+02  1.8927E+01 -1.7632E+02
  3.4519E+00  7.8329E+00  3.4752E+01  8.6474E-01  1.7767E+02  1.8927E+01 -1.7632E+02
  3.4626E+00  7.8686E+00  3.4752E+01  8.6473E-01  1.7767E+02  1.8927E+01 -1.7631E+02
  3.4734E+00  7.9046E+00  3.4752E+01  8.6472E-01  1.7767E+02  1.8927E+01 -1.7631E+02
  3.4841E+00  7.9403E+00  3.4752E+01  8.6471E-01  1.7766E+02  1.8927E+01 -1.7631E+02
  3.4948E+00  7.9760E+00  3.4752E+01  8.6469E-01  1.7766E+02  1.8927E+01 -1.7631E+02
  3.5055E+00  8.0117E+00  3.4752E+01  8.6468E-01  1.7766E+02  1.8927E+01 -1.7631E+02
  3.5163E+00  8.0477E+00  3.4752E+01  8.6467E-01  1.7766E+02  1.8927E+01 -1.7631E+02
  3.5270E+00  8.0834E+00  3.4752E+01  8.6466E-01  1.7766E+02  1.8927E+01 -1.7630E+02
  3.5377E+00  8.1191E+00  3.4752E+01  8.6465E-01  1.7766E+02  1.8927E+01 -1.7630E+02
  3.5484E+00  8.1548E+00  3.4752E+01  8.6464E-01  1.7765E+02  1.8927E+01 -1.7630E+02
  3.5592E+00  8.1909E+00  3.4752E+01  8.6463E-01  1.7765E+02  1.8927E+01 -1.7630E+02
  3.5699E+00  8.2266E+00  3.4752E+01  8.6462E-01  1.7765E+02  1.8927E+01 -1.7630E+02
  3.5806E+00  8.2623E+00  3.4752E+01  8.6460E-01  1.7765E+02  1.8927E+01 -1.7629E+02
  3.5913E+00  8.2980E+00  3.4752E+01  8.6459E-01  1.7765E+02  1.8927E+01 -1.7629E+02
  3.6021E+00  8.3340E+00  3.4752E+01  8.6458E-01  1.7764E+02  1.8927E+01 -1.7629E+02
  3.6128E+00  8.3697E+00  3.4752E+01  8.6457E-01  1.7764E+02  1.8927E+01 -1.7629E+02
  3.6235E+00  8.4054E+00  3.4752E+01  8.6456E-01  1.7764E+02  1.8927E+01 -1.7629E+02
  3.6342E+00  8.4411E+00  3.4752E+01  8.6455E-01  1.7764E+02  1.8927E+01 -1.7629E+02
  3.6450E+00  8.4771E+00  3.4752E+01  8.6454E-01  1.7764E+02  1.8927E+01 -1.7628E+02
  3.6557E+00  8.5128E+00  3.4752E+01  8.6453E-01  1.7764E+02  1.8927E+01 -1.7628E+02
  3.6664E+00  8.5485E+00  3.4752E+01  8.6451E-01  1.7763E+02  1.8927E+01 -1.7628E+02
  3.6771E+00  8.5842E+00  3.4752E+01  8.6450E-01  1.7763E+02  1.8927E+01 -1.7628E+02
  3.6879E+00  8.6203E+00  3.4752E+01  8.6449E-01  1.7763E+02  1.8927E+01 -1.7628E+02
  3.6986E+00  8.6560E+00  3.4752E+01  8.6448E-01  1.7763E+02  1.8927E+01 -1.7627E+02
  3.7093E+00  8.6917E+00  3.4752E+01  8.6447E-01  1.7763E+02  1.8927E+01 -1.7627E+02
  3.7200E+00  8.7274E+00  3.4752E+01  8.6446E-01  1.7763E+02  1.8926E+01 -1.7627E+02
  3.7308E+00  8.7634E+00  3.4752E+01  8.6445E-01  1.7762E+02  1.8926E+01 -1.7627E+02
  3.7415E+00  8.7991E+00  3.4752E+01  8.6443E-01  1.7762E+02  1.8926E+01 -1.7627E+02
  3.7522E+00  8.8348E+00  3.4752E+01  8.6442E-01  1.7762E+02  1.8926E+01 -1.7627E+02
  3.7629E+00  8.8705E+00  3.4752E+01  8.6441E-01  1.7762E+02  1.8926E+01 -1.7626E+02
  3.7737E+00  8.9065E+00  3.4752E+01  8.6440E-01  1.7762E+02  1.8926E+01 -1.7626E+02
  3.7844E+00  8.9422E+00  3.4752E+01  8.6439E-01  1.7761E+02  1.8926E+01 -1.7626E+02
  3.7951E+00  8.9779E+00  3.4752E+01  8.6438E-01  1.7761E+02  1.8926E+01 -1.7626E+02
  3.8058E+00  9.0136E+00  3.4752E+01  8.6437E-01  1.7761E+02  1.8926E+01 -1.7626E+02
  3.8166E+00  9.0497E+00  3.4752E+01  8.6436E-01  1.7761E+02  1.8926E+01 -1.7625E+02
  3.8273E+00  9.0854E+00  3.4752E+01  8.6434E-01  1.7761E+02  1.8926E+01 -1.7625E+02
  3.8380E+00  9.1211E+00  3.4752E+01  8.6433E-01  1.7761E+02  1.8926E+01 -1.7625E+02
  3.8487E+00  9.1568E+00  3.4752E+01  8.6432E-01  1.7760E+02  1.8926E+01 -1.7625E+02
  3.8596E+00  9.1928E+00  3.4752E+01  8.6431E-01  1.7760E+02  1.8926E+01 -1.7625E+02
  3.8703E+00  9.2285E+00  3.4752E+01  8.6430E-01  1.7760E+02  1.8926E+01 -1.7625E+02
  3.8810E+00  9.2642E+00  3.4752E+01  8.6429E-01  1.7760E+02  1.8926E+01 -1.7624E+02
  3.8917E+00  9.2999E+00  3.4752E+01  8.6428E-01  1.7760E+02  1.8926E+01 -1.7624E+02
  3.9025E+00  9.3359E+00  3.4752E+01  8.6427E-01  1.7759E+02  1.8926E+01 -1.7624E+02
  3.9132E+00  9.3716E+00  3.4752E+01  8.6425E-01  1.7759E+02  1.8926E+01 -1.7624E+02
  3.9239E+00  9.4073E+00  3.4752E+01  8.6424E-01  1.7759E+02  1.8926E+01 -1.7624E+02
  3.9346E+00  9.4430E+00  3.4752E+01  8.6423E-01  1.7759E+02  1.8926E+01 -1.7623E+02
  3.9454E+00  9.4791E+00  3.4752E+01  8.6422E-01  1.7759E+02  1.8926E+01 -1.7623E+02
  3.9561E+00  9.5148E+00  3.4752E+01  8.6421E-01  1.7759E+02  1.8926E+01 -1.7623E+02
  3.9668E+00  9.5505E+00  3.4752E+01  8.6420E-01  1.7758E+02  1.8926E+01 -1.7623E+02
  3.9775E+00  9.5862E+00  3.4752E+01  8.6419E-01  1.7758E+02  1.8926E+01 -1.7623E+02
  3.9883E+00  9.6222E+00  3.4752E+01  8.6418E-01  1.7758E+02  1.8926E+01 -1.7623E+02
  3.9990E+00  9.6579E+00  3.4752E+01  8.6416E-01  1.7758E+02  1.8926E+01 -1.7622E+02
  4.0097E+00  9.6936E+00  3.4752E+01  8.6415E-01  1.7758E+02  1.8926E+01 -1.7622E+02
  4.0204E+00  9.7293E+00  3.4752E+01  8.6414E-01  1.7758E+02  1.8926E+01 -1.7622E+02
  4.0312E+00  9.7654E+00  3.4752E+01  8.6413E-01  1.7757E+02  1.8925E+01 -1.7622E+02
  4.0419E+00  9.8011E+00  3.4752E+01  8.6412E-01  1.7757E+02  1.8925E+01 -1.7622E+02
  4.0526E+00  9.8368E+00  3.4752E+01  8.6411E-01  1.7757E+02  1.8925E+01 -1.7621E+02
  4.0633E+00  9.8725E+00  3.4752E+01  8.6410E-01  1.7757E+02  1.8925E+01 -1.7621E+02
  4.0741E+00  9.9085E+00  3.4752E+01  8.6408E-01  1.7757E+02  1.8925E+01 -1.7621E+02
  4.0848E+00  9.9442E+00  3.4752E+01  8.6407E-01  1.7756E+02  1.8925E+01 -1.7621E+02
  4.0955E+00  9.9799E+00  3.4752E+01  8.6406E-01  1.7756E+02  1.8925E+01 -1.7621E+02
  4.1062E+00  1.0016E+01  3.4752E+01  8.6405E-01  1.7756E+02  1.8925E+01 -1.7620E+02
  4.1170E+00  1.0052E+01  3.4752E+01  8.6404E-01  1.7756E+02  1.8925E+01 -1.7620E+02
  4.1277E+00  1.0087E+01  3.4752E+01  8.6403E-01  1.7756E+02  1.8925E+01 -1.7620E+02
  4.1384E+00  1.0123E+01  3.4752E+01  8.6402E-01  1.7756E+02  1.8925E+01 -1.7620E+02
  4.1491E+00  1.0159E+01  3.4752E+01  8.6401E-01  1.7755E+02  1.8925E+01 -1.7620E+02
  4.1599E+00  1.0195E+01  3.4752E+01  8.6399E-01  1.7755E+02  1.8925E+01 -1.7620E+02
  4.1706E+00  1.0230E+01  3.4752E+01  8.6398E-01  1.7755E+02  1.8925E+01 -1.7619E+02
  4.1813E+00  1.0266E+01  3.4752E+01  8.6397E-01  1.7755E+02  1.8925E+01 -1.7619E+02
  4.1920E+00  1.0302E+01  3.4752E+01  8.6396E-01  1.7755E+02  1.8925E+01 -1.7619E+02
  4.2028E+00  1.0338E+01  3.4752E+01  8.6395E-01  1.7754E+02  1.8925E+01 -1.7619E+02
  4.2135E+00  1.0374E+01  3.4752E+01  8.6394E-01  1.7754E+02  1.8925E+01 -1.7619E+02
  4.2242E+00  1.0409E+01  3.4752E+01  8.6393E-01  1.7754E+02  1.8925E+01 -1.7618E+02
  4.2349E+00  1.0445E+01  3.4752E+01  8.6392E-01  1.7754E+02  1.8925E+01 -1.7618E+02
  4.2457E+00  1.0481E+01  3.4752E+01  8.6390E-01  1.7754E+02  1.8925E+01 -1.7618E+02
  4.2564E+00  1.0517E+01  3.4752E+01  8.6389E-01  1.7754E+02  1.8925E+01 -1.7618E+02
  4.2671E+00  1.0552E+01  3.4752E+01  8.6388E-01  1.7753E+02  1.8925E+01 -1.7618E+02
  4.2778E+00  1.0588E+01  3.4752E+01  8.6387E-01  1.7753E+02  1.8925E+01 -1.7618E+02
  4.2886E+00  1.0624E+01  3.4752E+01  8.6386E-01  1.7753E+02  1.8925E+01 -1.7617E+02
  4.2993E+00  1.0660E+01  3.4752E+01  8.6385E-01  1.7753E+02  1.8925E+01 -1.7617E+02
  4.3100E+00  1.0696E+01  3.4752E+01  8.6384E-01  1.7753E+02  1.8925E+01 -1.7617E+02
  4.3207E+00  1.0731E+01  3.4752E+01  8.6383E-01  1.7753E+02  1.8925E+01 -1.7617E+02
  4.3315E+00  1.0767E+01  3.4752E+01  8.6381E-01  1.7752E+02  1.8924E+01 -1.7617E+02
  4.3422E+00  1.0803E+01  3.4752E+01  8.6380E-01  1.7752E+02  1.8924E+01 -1.7616E+02
  4.3529E+00  1.0839E+01  3.4752E+01  8.6379E-01  1.7752E+02  1.8924E+01 -1.7616E+02
  4.3636E+00  1.0874E+01  3.4752E+01  8.6378E-01  1.7752E+02  1.8924E+01 -1.7616E+02
  4.3744E+00  1.0910E+01  3.4752E+01  8.6377E-01  1.7752E+02  1.8924E+01 -1.7616E+02
  4.3851E+00  1.0946E+01  3.4752E+01  8.6376E-01  1.7751E+02  1.8924E+01 -1.7616E+02
  4.3958E+00  1.0982E+01  3.4752E+01  8.6375E-01  1.7751E+02  1.8924E+01 -1.7616E+02
  4.4065E+00  1.1018E+01  3.4752E+01  8.6374E-01  1.7751E+02  1.8924E+01 -1.7615E+02
  4.4173E+00  1.1054E+01  3.4752E+01  8.6372E-01  1.7751E+02  1.8924E+01 -1.7615E+02
  4.4280E+00  1.1089E+01  3.4752E+01  8.6371E-01  1.7751E+02  1.8924E+01 -1.7615E+02
  4.4387E+00  1.1125E+01  3.4752E+01  8.6370E-01  1.7751E+02  1.8924E+01 -1.7615E+02
  4.4494E+00  1.1161E+01  3.4752E+01  8.6369E-01  1.7750E+02  1.8924E+01 -1.7615E+02
  4.4602E+00  1.1197E+01  3.4752E+01  8.6368E-01  1.7750E+02  1.8924E+01 -1.7614E+02
  4.4709E+00  1.1232E+01  3.4752E+01  8.6367E-01  1.7750E+02  1.8924E+01 -1.7614E+02
  4.4816E+00  1.1268E+01  3.4752E+01  8.6366E-01  1.7750E+02  1.8924E+01 -1.7614E+02
  4.4923E+00  1.1304E+01  3.4752E+01  8.6364E-01  1.7750E+02  1.8924E+01 -1.7614E+02
  4.5031E+00  1.1340E+01  3.4752E+01  8.6363E-01  1.7749E+02  1.8924E+01 -1.7614E+02
  4.5138E+00  1.1376E+01  3.4752E+01  8.6362E-01  1.7749E+02  1.8924E+01 -1.7614E+02
  4.5245E+00  1.1411E+01  3.4752E+01  8.6361E-01  1.7749E+02  1.8924E+01 -1.7613E+02
  4.5352E+00  1.1447E+01  3.4752E+01  8.6360E-01  1.7749E+02  1.8924E+01 -1.7613E+02
  4.5461E+00  1.1483E+01  3.4752E+01  8.6359E-01  1.7749E+02  1.8924E+01 -1.7613E+02
  4.5568E+00  1.1519E+01  3.4752E+01  8.6358E-01  1.7749E+02  1.8924E+01 -1.7613E+02
  4.5675E+00  1.1554E+01  3.4752E+01  8.6357E-01  1.7748E+02  1.8924E+01 -1.7613E+02
  4.5782E+00  1.1590E+01  3.4752E+01  8.6355E-01  1.7748E+02  1.8924E+01 -1.7612E+02
  4.5890E+00  1.1626E+01  3.4752E+01  8.6354E-01  1.7748E+02  1.8924E+01 -1.7612E+02
  4.5997E+00  1.1662E+01  3.4752E+01  8.6353E-01  1.7748E+02  1.8924E+01 -1.7612E+02
  4.6104E+00  1.1698E+01  3.4752E+01  8.6352E-01  1.7748E+02  1.8924E+01 -1.7612E+02
  4.6211E+00  1.1733E+01  3.4752E+01  8.6351E-01  1.7748E+02  1.8924E+01 -1.7612E+02
  4.6319E+00  1.1769E+01  3.4752E+01  8.6350E-01  1.7747E+02  1.8924E+01 -1.7612E+02
  4.6426E+00  1.1805E+01  3.4752E+01  8.6349E-01  1.7747E+02  1.8923E+01 -1.7611E+02
  4.6533E+00  1.1841E+01  3.4752E+01  8.6348E-01  1.7747E+02  1.8923E+01 -1.7611E+02
  4.6640E+00  1.1876E+01  3.4752E+01  8.6346E-01  1.7747E+02  1.8923E+01 -1.7611E+02
  4.6748E+00  1.1912E+01  3.4752E+01  8.6345E-01  1.7747E+02  1.8923E+01 -1.7611E+02
  4.6855E+00  1.1948E+01  3.4752E+01  8.6344E-01  1.7746E+02  1.8923E+01 -1.7611E+02
  4.6962E+00  1.1984E+01  3.4752E+01  8.6343E-01  1.7746E+02  1.8923E+01 -1.7610E+02
  4.7069E+00  1.2019E+01  3.4752E+01  8.6342E-01  1.7746E+02  1.8923E+01 -1.7610E+02
  4.7177E+00  1.2056E+01  3.4752E+01  8.6341E-01  1.7746E+02  1.8923E+01 -1.7610E+02
  4.7284E+00  1.2091E+01  3.4752E+01  8.6340E-01  1.7746E+02  1.8923E+01 -1.7610E+02
  4.7391E+00  1.2127E+01  3.4752E+01  8.6339E-01  1.7746E+02  1.8923E+01 -1.7610E+02
  4.7498E+00  1.2163E+01  3.4752E+01  8.6337E-01  1.7745E+02  1.8923E+01 -1.7609E+02
  4.7606E+00  1.2199E+01  3.4752E+01  8.6336E-01  1.7745E+02  1.8923E+01 -1.7609E+02
  4.7713E+00  1.2234E+01  3.4752E+01  8.6335E-01  1.7745E+02  1.8923E+01 -1.7609E+02
  4.7820E+00  1.2270E+01  3.4752E+01  8.6334E-01  1.7745E+02  1.8923E+01 -1.7609E+02
  4.7927E+00  1.2306E+01  3.4752E+01  8.6333E-01  1.7745E+02  1.8923E+01 -1.7609E+02
  4.8035E+00  1.2342E+01  3.4752E+01  8.6332E-01  1.7744E+02  1.8923E+01 -1.7609E+02
  4.8142E+00  1.2377E+01  3.4752E+01  8.6331E-01  1.7744E+02  1.8923E+01 -1.7608E+02
  4.8249E+00  1.2413E+01  3.4752E+01  8.6330E-01  1.7744E+02  1.8923E+01 -1.7608E+02
  4.8356E+00  1.2449E+01  3.4752E+01  8.6328E-01  1.7744E+02  1.8923E+01 -1.7608E+02
  4.8464E+00  1.2485E+01  3.4752E+01  8.6327E-01  1.7744E+02  1.8923E+01 -1.7608E+02
  4.8571E+00  1.2521E+01  3.4752E+01  8.6326E-01  1.7744E+02  1.8923E+01 -1.7608E+02
  4.8678E+00  1.2556E+01  3.4752E+01  8.6325E-01  1.7743E+02  1.8923E+01 -1.7607E+02
  4.8785E+00  1.2592E+01  3.4752E+01  8.6324E-01  1.7743E+02  1.8923E+01 -1.7607E+02
  4.8893E+00  1.2628E+01  3.4752E+01  8.6323E-01  1.7743E+02  1.8923E+01 -1.7607E+02
  4.9000E+00  1.2664E+01  3.4752E+01  8.6322E-01  1.7743E+02  1.8923E+01 -1.7607E+02
  4.9107E+00  1.2699E+01  3.4752E+01  8.6320E-01  1.7743E+02  1.8923E+01 -1.7607E+02
  4.9214E+00  1.2735E+01  3.4752E+01  8.6319E-01  1.7742E+02  1.8923E+01 -1.7607E+02
  4.9322E+00  1.2771E+01  3.4752E+01  8.6318E-01  1.7742E+02  1.8923E+01 -1.7606E+02
  4.9429E+00  1.2807E+01  3.4752E+01  8.6317E-01  1.7742E+02  1.8922E+01 -1.7606E+02
  4.9536E+00  1.2843E+01  3.4752E+01  8.6316E-01  1.7742E+02  1.8922E+01 -1.7606E+02
  4.9643E+00  1.2878E+01  3.4752E+01  8.6315E-01  1.7742E+02  1.8922E+01 -1.7606E+02
  4.9751E+00  1.2914E+01  3.4752E+01  8.6314E-01  1.7742E+02  1.8922E+01 -1.7606E+02
  4.9858E+00  1.2950E+01  3.4752E+01  8.6313E-01  1.7741E+02  1.8922E+01 -1.7605E+02
  4.9965E+00  1.2986E+01  3.4752E+01  8.6311E-01  1.7741E+02  1.8922E+01 -1.7605E+02
  5.0072E+00  1.3021E+01  3.4752E+01  8.6310E-01  1.7741E+02  1.8922E+01 -1.7605E+02
  5.0180E+00  1.3057E+01  3.4752E+01  8.6309E-01  1.7741E+02  1.8922E+01 -1.7605E+02
  5.0287E+00  1.3093E+01  3.4752E+01  8.6308E-01  1.7741E+02  1.8922E+01 -1.7605E+02
  5.0394E+00  1.3129E+01  3.4752E+01  8.6307E-01  1.7741E+02  1.8922E+01 -1.7605E+02
  5.0501E+00  1.3165E+01  3.4752E+01  8.6306E-01  1.7740E+02  1.8923E+01 -1.7604E+02
  5.0609E+00  1.3201E+01  3.4752E+01  8.6305E-01  1.7740E+02  1.8923E+01 -1.7604E+02
  5.0716E+00  1.3236E+01  3.4752E+01  8.6303E-01  1.7740E+02  1.8923E+01 -1.7604E+02
  5.0823E+00  1.3272E+01  3.4752E+01  8.6302E-01  1.7740E+02  1.8924E+01 -1.7604E+02
  5.0930E+00  1.3308E+01  3.4752E+01  8.6301E-01  1.7740E+02  1.8924E+01 -1.7604E+02
  5.1038E+00  1.3344E+01  3.4752E+01  8.6300E-01  1.7739E+02  1.8925E+01 -1.7603E+02
  5.1145E+00  1.3379E+01  3.4752E+01  8.6299E-01  1.7739E+02  1.8925E+01 -1.7603E+02
  5.1252E+00  1.3415E+01  3.4752E+01  8.6297E-01  1.7739E+02  1.8926E+01 -1.7603E+02
  5.1359E+00  1.3451E+01  3.4752E+01  8.6296E-01  1.7739E+02  1.8926E+01 -1.7603E+02
  5.1467E+00  1.3487E+01  3.4752E+01  8.6295E-01  1.7739E+02  1.8927E+01 -1.7603E+02
  5.1574E+00  1.3523E+01  3.4752E+01  8.6294E-01  1.7739E+02  1.8927E+01 -1.7602E+02
  5.1681E+00  1.3558E+01  3.4752E+01  8.6293E-01  1.7738E+02  1.8928E+01 -1.7602E+02
  5.1788E+00  1.3594E+01  3.4752E+01  8.6291E-01  1.7738E+02  1.8928E+01 -1.7602E+02
  5.1896E+00  1.3630E+01  3.4752E+01  8.6290E-01  1.7738E+02  1.8929E+01 -1.7602E+02
  5.2003E+00  1.3666E+01  3.4752E+01  8.6289E-01  1.7738E+02  1.8929E+01 -1.7602E+02
  5.2110E+00  1.3701E+01  3.4752E+01  8.6288E-01  1.7738E+02  1.8930E+01 -1.7601E+02
  5.2218E+00  1.3737E+01  3.4752E+01  8.6287E-01  1.7737E+02  1.8930E+01 -1.7601E+02
  5.2326E+00  1.3773E+01  3.4752E+01  8.6285E-01  1.7737E+02  1.8931E+01 -1.7601E+02
  5.2433E+00  1.3809E+01  3.4752E+01  8.6284E-01  1.7737E+02  1.8931E+01 -1.7601E+02
  5.2540E+00  1.3845E+01  3.4752E+01  8.6283E-01  1.7737E+02  1.8932E+01 -1.7601E+02
  5.2647E+00  1.3880E+01  3.4752E+01  8.6282E-01  1.7737E+02  1.8932E+01 -1.7600E+02
  5.2755E+00  1.3916E+01  3.4752E+01  8.6281E-01  1.7737E+02  1.8933E+01 -1.7600E+02
  5.2862E+00  1.3952E+01  3.4752E+01  8.6280E-01  1.7736E+02  1.8933E+01 -1.7600E+02
  5.2969E+00  1.3988E+01  3.4752E+01  8.6278E-01  1.7736E+02  1.8934E+01 -1.7600E+02
  5.3076E+00  1.4023E+01  3.4752E+01  8.6277E-01  1.7736E+02  1.8934E+01 -1.7600E+02
  5.3184E+00  1.4059E+01  3.4752E+01  8.6276E-01  1.7736E+02  1.8935E+01 -1.7600E+02
  5.3291E+00  1.4095E+01  3.4752E+01  8.6275E-01  1.7736E+02  1.8935E+01 -1.7599E+02
  5.3398E+00  1.4131E+01  3.4752E+01  8.6274E-01  1.7735E+02  1.8936E+01 -1.7599E+02
  5.3505E+00  1.4167E+01  3.4752E+01  8.6272E-01  1.7735E+02  1.8936E+01 -1.7599E+02
  5.3613E+00  1.4203E+01  3.4752E+01  8.6271E-01  1.7735E+02  1.8937E+01 -1.7599E+02
  5.3720E+00  1.4238E+01  3.4752E+01  8.6270E-01  1.7735E+02  1.8937E+01 -1.7599E+02
  5.3827E+00  1.4274E+01  3.4752E+01  8.6269E-01  1.7735E+02  1.8938E+01 -1.7598E+02
  5.3934E+00  1.4310E+01  3.4752E+01  8.6268E-01  1.7735E+02  1.8938E+01 -1.7598E+02
  5.4042E+00  1.4346E+01  3.4752E+01  8.6267E-01  1.7734E+02  1.8939E+01 -1.7598E+02
  5.4149E+00  1.4381E+01  3.4752E+01  8.6265E-01  1.7734E+02  1.8939E+01 -1.7598E+02
  5.4256E+00  1.4417E+01  3.4752E+01  8.6264E-01  1.7734E+02  1.8940E+01 -1.7598E+02
  5.4363E+00  1.4453E+01  3.4752E+01  8.6263E-01  1.7734E+02  1.8940E+01 -1.7597E+02
  5.4471E+00  1.4489E+01  3.4752E+01  8.6262E-01  1.7734E+02  1.8941E+01 -1.7597E+02
  5.4578E+00  1.4525E+01  3.4752E+01  8.6261E-01  1.7734E+02  1.8941E+01 -1.7597E+02
  5.4685E+00  1.4560E+01  3.4752E+01  8.6259E-01  1.7733E+02  1.8942E+01 -1.7597E+02
  5.4792E+00  1.4596E+01  3.4752E+01  8.6258E-01  1.7733E+02  1.8942E+01 -1.7597E+02
  5.4900E+00  1.4632E+01  3.4752E+01  8.6257E-01  1.7733E+02  1.8943E+01 -1.7596E+02
  5.5007E+00  1.4668E+01  3.4752E+01  8.6256E-01  1.7733E+02  1.8943E+01 -1.7596E+02
  5.5114E+00  1.4703E+01  3.4752E+01  8.6255E-01  1.7733E+02  1.8944E+01 -1.7596E+02
  5.5221E+00  1.4739E+01  3.4752E+01  8.6253E-01  1.7732E+02  1.8944E+01 -1.7596E+02
  5.5329E+00  1.4775E+01  3.4752E+01  8.6252E-01  1.7732E+02  1.8945E+01 -1.7596E+02
  5.5436E+00  1.4811E+01  3.4752E+01  8.6251E-01  1.7732E+02  1.8945E+01 -1.7596E+02
  5.5543E+00  1.4846E+01  3.4752E+01  8.6250E-01  1.7732E+02  1.8946E+01 -1.7595E+02
  5.5650E+00  1.4882E+01  3.4752E+01  8.6249E-01  1.7732E+02  1.8946E+01 -1.7595E+02
  5.5758E+00  1.4918E+01  3.4752E+01  8.6248E-01  1.7732E+02  1.8947E+01 -1.7595E+02
  5.5865E+00  1.4954E+01  3.4752E+01  8.6246E-01  1.7731E+02  1.8947E+01 -1.7595E+02
  5.5972E+00  1.4990E+01  3.4752E+01  8.6245E-01  1.7731E+02  1.8948E+01 -1.7595E+02
  5.6079E+00  1.5025E+01  3.4752E+01  8.6244E-01  1.7731E+02  1.8948E+01 -1.7594E+02
  5.6187E+00  1.5061E+01  3.4752E+01  8.6243E-01  1.7731E+02  1.8949E+01 -1.7594E+02
  5.6294E+00  1.5097E+01  3.4752E+01  8.6242E-01  1.7731E+02  1.8949E+01 -1.7594E+02
  5.6401E+00  1.5133E+01  3.4752E+01  8.6240E-01  1.7731E+02  1.8950E+01 -1.7594E+02
  5.6508E+00  1.5168E+01  3.4752E+01  8.6239E-01  1.7730E+02  1.8950E+01 -1.7594E+02
  5.6616E+00  1.5204E+01  3.4752E+01  8.6238E-01  1.7730E+02  1.8951E+01 -1.7593E+02
  5.6723E+00  1.5240E+01  3.4752E+01  8.6237E-01  1.7730E+02  1.8951E+01 -1.7593E+02
  5.6830E+00  1.5276E+01  3.4752E+01  8.6236E-01  1.7730E+02  1.8952E+01 -1.7593E+02
  5.6937E+00  1.5312E+01  3.4752E+01  8.6234E-01  1.7730E+02  1.8952E+01 -1.7593E+02
  5.7045E+00  1.5348E+01  3.4752E+01  8.6233E-01  1.7729E+02  1.8953E+01 -1.7593E+02
  5.7152E+00  1.5383E+01  3.4752E+01  8.6232E-01  1.7729E+02  1.8953E+01 -1.7593E+02
  5.7259E+00  1.5419E+01  3.4752E+01  8.6231E-01  1.7729E+02  1.8954E+01 -1.7592E+02
  5.7366E+00  1.5455E+01  3.4752E+01  8.6230E-01  1.7729E+02  1.8954E+01 -1.7592E+02
  5.7474E+00  1.5491E+01  3.4752E+01  8.6229E-01  1.7729E+02  1.8955E+01 -1.7592E+02
  5.7581E+00  1.5526E+01  3.4752E+01  8.6227E-01  1.7729E+02  1.8955E+01 -1.7592E+02
  5.7688E+00  1.5562E+01  3.4752E+01  8.6226E-01  1.7728E+02  1.8956E+01 -1.7592E+02
  5.7795E+00  1.5598E+01  3.4752E+01  8.6225E-01  1.7728E+02  1.8956E+01 -1.7591E+02
  5.7903E+00  1.5634E+01  3.4752E+01  8.6224E-01  1.7728E+02  1.8957E+01 -1.7591E+02
  5.8010E+00  1.5670E+01  3.4752E+01  8.6223E-01  1.7728E+02  1.8957E+01 -1.7591E+02
  5.8117E+00  1.5705E+01  3.4752E+01  8.6221E-01  1.7728E+02  1.8958E+01 -1.7591E+02
  5.8224E+00  1.5741E+01  3.4752E+01  8.6220E-01  1.7728E+02  1.8958E+01 -1.7591E+02
  5.8332E+00  1.5777E+01  3.4752E+01  8.6219E-01  1.7727E+02  1.8959E+01 -1.7590E+02
  5.8439E+00  1.5813E+01  3.4752E+01  8.6218E-01  1.7727E+02  1.8959E+01 -1.7590E+02
  5.8546E+00  1.5848E+01  3.4752E+01  8.6217E-01  1.7727E+02  1.8960E+01 -1.7590E+02
  5.8653E+00  1.5884E+01  3.4752E+01  8.6216E-01  1.7727E+02  1.8960E+01 -1.7590E+02
  5.8761E+00  1.5920E+01  3.4752E+01  8.6214E-01  1.7727E+02  1.8961E+01 -1.7590E+02
  5.8868E+00  1.5956E+01  3.4752E+01  8.6213E-01  1.7727E+02  1.8961E+01 -1.7590E+02
  5.8975E+00  1.5992E+01  3.4752E+01  8.6212E-01  1.7726E+02  1.8962E+01 -1.7589E+02
  5.9083E+00  1.6027E+01  3.4752E+01  8.6211E-01  1.7726E+02  1.8962E+01 -1.7589E+02
  5.9191E+00  1.6063E+01  3.4752E+01  8.6210E-01  1.7726E+02  1.8963E+01 -1.7589E+02
  5.9298E+00  1.6099E+01  3.4752E+01  8.6208E-01  1.7726E+02  1.8963E+01 -1.7589E+02
  5.9405E+00  1.6135E+01  3.4752E+01  8.6207E-01  1.7726E+02  1.8964E+01 -1.7589E+02
  5.9512E+00  1.6170E+01  3.4752E+01  8.6206E-01  1.7726E+02  1.8964E+01 -1.7588E+02
  5.9620E+00  1.6206E+01  3.4752E+01  8.6205E-01  1.7725E+02  1.8965E+01 -1.7588E+02
  5.9727E+00  1.6242E+01  3.4752E+01  8.6204E-01  1.7725E+02  1.8965E+01 -1.7588E+02
  5.9834E+00  1.6278E+01  3.4752E+01  8.6202E-01  1.7725E+02  1.8966E+01 -1.7588E+02
  5.9941E+00  1.6314E+01  3.4752E+01  8.6201E-01  1.7725E+02  1.8966E+01 -1.7588E+02
  6.0049E+00  1.6350E+01  3.4752E+01  8.6200E-01  1.7725E+02  1.8967E+01 -1.7588E+02
  6.0156E+00  1.6385E+01  3.4752E+01  8.6199E-01  1.7724E+02  1.8967E+01 -1.7587E+02
  6.0263E+00  1.6421E+01  3.4752E+01  8.6198E-01  1.7724E+02  1.8968E+01 -1.7587E+02
  6.0370E+00  1.6457E+01  3.4752E+01  8.6197E-01  1.7724E+02  1.8968E+01 -1.7587E+02
  6.0478E+00  1.6493E+01  3.4752E+01  8.6195E-01  1.7724E+02  1.8969E+01 -1.7587E+02
  6.0585E+00  1.6528E+01  3.4752E+01  8.6194E-01  1.7724E+02  1.8970E+01 -1.7587E+02
  6.0692E+00  1.6564E+01  3.4752E+01  8.6193E-01  1.7724E+02  1.8970E+01 -1.7586E+02
  6.0799E+00  1.6600E+01  3.4752E+01  8.6192E-01  1.7723E+02  1.8971E+01 -1.7586E+02
  6.0907E+00  1.6636E+01  3.4752E+01  8.6191E-01  1.7723E+02  1.8971E+01 -1.7586E+02
  6.1014E+00  1.6672E+01  3.4752E+01  8.6189E-01  1.7723E+02  1.8972E+01 -1.7586E+02
  6.1121E+00  1.6707E+01  3.4752E+01  8.6188E-01  1.7723E+02  1.8972E+01 -1.7586E+02
  6.1228E+00  1.6743E+01  3.4752E+01  8.6187E-01  1.7723E+02  1.8973E+01 -1.7586E+02
  6.1336E+00  1.6779E+01  3.4752E+01  8.6186E-01  1.7723E+02  1.8973E+01 -1.7585E+02
  6.1443E+00  1.6815E+01  3.4752E+01  8.6185E-01  1.7722E+02  1.8974E+01 -1.7585E+02
  6.1550E+00  1.6850E+01  3.4752E+01  8.6184E-01  1.7722E+02  1.8974E+01 -1.7585E+02
  6.1657E+00  1.6886E+01  3.4752E+01  8.6182E-01  1.7722E+02  1.8975E+01 -1.7585E+02
  6.1765E+00  1.6922E+01  3.4752E+01  8.6181E-01  1.7722E+02  1.8975E+01 -1.7585E+02
  6.1872E+00  1.6958E+01  3.4752E+01  8.6180E-01  1.7722E+02  1.8976E+01 -1.7584E+02
  6.1979E+00  1.6994E+01  3.4752E+01  8.6179E-01  1.7722E+02  1.8976E+01 -1.7584E+02
  6.2086E+00  1.7029E+01  3.4752E+01  8.6178E-01  1.7721E+02  1.8977E+01 -1.7584E+02
  6.2194E+00  1.7065E+01  3.4752E+01  8.6176E-01  1.7721E+02  1.8977E+01 -1.7584E+02
  6.2301E+00  1.7101E+01  3.4752E+01  8.6175E-01  1.7721E+02  1.8978E+01 -1.7584E+02
  6.2408E+00  1.7137E+01  3.4752E+01  8.6174E-01  1.7721E+02  1.8978E+01 -1.7584E+02
  6.2515E+00  1.7172E+01  3.4752E+01  8.6173E-01  1.7721E+02  1.8979E+01 -1.7583E+02
  6.2623E+00  1.7208E+01  3.4752E+01  8.6172E-01  1.7721E+02  1.8979E+01 -1.7583E+02
  6.2730E+00  1.7244E+01  3.4752E+01  8.6170E-01  1.7720E+02  1.8980E+01 -1.7583E+02
  6.2837E+00  1.7280E+01  3.4752E+01  8.6169E-01  1.7720E+02  1.8980E+01 -1.7583E+02
  6.2944E+00  1.7315E+01  3.4752E+01  8.6168E-01  1.7720E+02  1.8981E+01 -1.7583E+02
  6.3052E+00  1.7352E+01  3.4752E+01  8.6167E-01  1.7720E+02  1.8981E+01 -1.7582E+02
  6.3130E+00  1.7377E+01  3.4752E+01  8.6166E-01  1.7720E+02  1.8982E+01 -1.7582E+02
  6.3159E+00  1.7387E+01  3.4752E+01  8.6166E-01  1.7720E+02  1.8982E+01 -1.7582E+02
  6.3266E+00  1.7423E+01  3.4752E+01  8.6165E-01  1.7720E+02  1.8982E+01 -1.7582E+02
  6.3373E+00  1.7459E+01  3.4752E+01  8.6163E-01  1.7719E+02  1.8983E+01 -1.7582E+02
  6.3481E+00  1.7495E+01  3.4752E+01  8.6162E-01  1.7719E+02  1.8983E+01 -1.7582E+02
  6.3588E+00  1.7530E+01  3.4752E+01  8.6161E-01  1.7719E+02  1.8984E+01 -1.7582E+02
  6.3695E+00  1.7566E+01  3.4752E+01  8.6160E-01  1.7719E+02  1.8984E+01 -1.7581E+02
  6.3802E+00  1.7602E+01  3.4752E+01  8.6159E-01  1.7719E+02  1.8985E+01 -1.7581E+02
  6.3910E+00  1.7638E+01  3.4752E+01  8.6157E-01  1.7719E+02  1.8986E+01 -1.7581E+02
  6.4017E+00  1.7673E+01  3.4752E+01  8.6156E-01  1.7718E+02  1.8986E+01 -1.7581E+02
  6.4124E+00  1.7709E+01  3.4752E+01  8.6155E-01  1.7718E+02  1.8987E+01 -1.7581E+02
  6.4231E+00  1.7745E+01  3.4752E+01  8.6154E-01  1.7718E+02  1.8987E+01 -1.7581E+02
  6.4339E+00  1.7781E+01  3.4752E+01  8.6153E-01  1.7718E+02  1.8988E+01 -1.7580E+02
  6.4446E+00  1.7817E+01  3.4752E+01  8.6152E-01  1.7718E+02  1.8988E+01 -1.7580E+02
  6.4553E+00  1.7852E+01  3.4752E+01  8.6150E-01  1.7718E+02  1.8989E+01 -1.7580E+02
  6.4660E+00  1.7888E+01  3.4752E+01  8.6149E-01  1.7717E+02  1.8989E+01 -1.7580E+02
  6.4768E+00  1.7924E+01  3.4752E+01  8.6148E-01  1.7717E+02  1.8990E+01 -1.7580E+02
  6.4875E+00  1.7960E+01  3.4752E+01  8.6147E-01  1.7717E+02  1.8990E+01 -1.7579E+02
  6.4982E+00  1.7995E+01  3.4752E+01  8.6146E-01  1.7717E+02  1.8991E+01 -1.7579E+02
  6.5089E+00  1.8031E+01  3.4752E+01  8.6144E-01  1.7717E+02  1.8991E+01 -1.7579E+02
  6.5197E+00  1.8067E+01  3.4752E+01  8.6143E-01  1.7717E+02  1.8992E+01 -1.7579E+02
  6.5304E+00  1.8103E+01  3.4752E+01  8.6142E-01  1.7716E+02  1.8992E+01 -1.7579E+02
  6.5411E+00  1.8139E+01  3.4752E+01  8.6141E-01  1.7716E+02  1.8993E+01 -1.7579E+02
  6.5518E+00  1.8174E+01  3.4752E+01  8.6140E-01  1.7716E+02  1.8993E+01 -1.7578E+02
  6.5626E+00  1.8210E+01  3.4752E+01  8.6139E-01  1.7716E+02  1.8994E+01 -1.7578E+02
  6.5733E+00  1.8246E+01  3.4752E+01  8.6137E-01  1.7716E+02  1.8994E+01 -1.7578E+02
  6.5841E+00  1.8282E+01  3.4752E+01  8.6136E-01  1.7716E+02  1.8995E+01 -1.7578E+02
  6.5948E+00  1.8317E+01  3.4752E+01  8.6135E-01  1.7715E+02  1.8995E+01 -1.7578E+02
  6.6056E+00  1.8353E+01  3.4752E+01  8.6134E-01  1.7715E+02  1.8996E+01 -1.7577E+02
  6.6163E+00  1.8389E+01  3.4752E+01  8.6133E-01  1.7715E+02  1.8997E+01 -1.7577E+02
  6.6270E+00  1.8425E+01  3.4752E+01  8.6131E-01  1.7715E+02  1.8997E+01 -1.7577E+02
  6.6377E+00  1.8461E+01  3.4752E+01  8.6130E-01  1.7715E+02  1.8998E+01 -1.7577E+02
  6.6485E+00  1.8497E+01  3.4752E+01  8.6129E-01  1.7715E+02  1.8998E+01 -1.7577E+02
  6.6592E+00  1.8532E+01  3.4752E+01  8.6128E-01  1.7714E+02  1.8999E+01 -1.7577E+02
  6.6699E+00  1.8568E+01  3.4752E+01  8.6127E-01  1.7714E+02  1.8999E+01 -1.7576E+02
  6.6806E+00  1.8604E+01  3.4752E+01  8.6125E-01  1.7714E+02  1.9000E+01 -1.7576E+02
  6.6914E+00  1.8640E+01  3.4752E+01  8.6124E-01  1.7714E+02  1.9000E+01 -1.7576E+02
  6.7021E+00  1.8675E+01  3.4752E+01  8.6123E-01  1.7714E+02  1.9001E+01 -1.7576E+02
  6.7128E+00  1.8711E+01  3.4752E+01  8.6122E-01  1.7714E+02  1.9001E+01 -1.7576E+02
  6.7235E+00  1.8747E+01  3.4752E+01  8.6121E-01  1.7714E+02  1.9002E+01 -1.7576E+02
  6.7343E+00  1.8783E+01  3.4752E+01  8.6120E-01  1.7713E+02  1.9002E+01 -1.7575E+02
  6.7450E+00  1.8819E+01  3.4752E+01  8.6118E-01  1.7713E+02  1.9003E+01 -1.7575E+02
  6.7557E+00  1.8854E+01  3.4752E+01  8.6117E-01  1.7713E+02  1.9003E+01 -1.7575E+02
  6.7664E+00  1.8890E+01  3.4752E+01  8.6116E-01  1.7713E+02  1.9004E+01 -1.7575E+02
  6.7772E+00  1.8926E+01  3.4752E+01  8.6115E-01  1.7713E+02  1.9004E+01 -1.7575E+02
  6.7879E+00  1.8962E+01  3.4752E+01  8.6114E-01  1.7713E+02  1.9005E+01 -1.7575E+02
  6.7986E+00  1.8997E+01  3.4752E+01  8.6112E-01  1.7712E+02  1.9006E+01 -1.7574E+02
  6.8093E+00  1.9033E+01  3.4752E+01  8.6111E-01  1.7712E+02  1.9006E+01 -1.7574E+02
  6.8201E+00  1.9069E+01  3.4752E+01  8.6110E-01  1.7712E+02  1.9007E+01 -1.7574E+02
  6.8308E+00  1.9105E+01  3.4752E+01  8.6109E-01  1.7712E+02  1.9007E+01 -1.7574E+02
  6.8415E+00  1.9141E+01  3.4752E+01  8.6108E-01  1.7712E+02  1.9008E+01 -1.7574E+02
  6.8522E+00  1.9176E+01  3.4752E+01  8.6107E-01  1.7712E+02  1.9008E+01 -1.7573E+02
  6.8630E+00  1.9212E+01  3.4752E+01  8.6105E-01  1.7711E+02  1.9009E+01 -1.7573E+02
  6.8737E+00  1.9248E+01  3.4752E+01  8.6104E-01  1.7711E+02  1.9009E+01 -1.7573E+02
  6.8844E+00  1.9284E+01  3.4752E+01  8.6103E-01  1.7711E+02  1.9010E+01 -1.7573E+02
  6.8951E+00  1.9319E+01  3.4752E+01  8.6102E-01  1.7711E+02  1.9010E+01 -1.7573E+02
  6.9059E+00  1.9355E+01  3.4752E+01  8.6101E-01  1.7711E+02  1.9011E+01 -1.7573E+02
  6.9166E+00  1.9391E+01  3.4752E+01  8.6099E-01  1.7711E+02  1.9011E+01 -1.7572E+02
  6.9273E+00  1.9427E+01  3.4752E+01  8.6098E-01  1.7710E+02  1.9012E+01 -1.7572E+02
  6.9380E+00  1.9463E+01  3.4752E+01  8.6097E-01  1.7710E+02  1.9012E+01 -1.7572E+02
  6.9488E+00  1.9499E+01  3.4752E+01  8.6096E-01  1.7710E+02  1.9013E+01 -1.7572E+02
  6.9595E+00  1.9534E+01  3.4752E+01  8.6095E-01  1.7710E+02  1.9014E+01 -1.7572E+02
  6.9702E+00  1.9570E+01  3.4752E+01  8.6094E-01  1.7710E+02  1.9014E+01 -1.7572E+02
  6.9809E+00  1.9606E+01  3.4752E+01  8.6092E-01  1.7710E+02  1.9015E+01 -1.7571E+02
  6.9917E+00  1.9642E+01  3.4752E+01  8.6091E-01  1.7709E+02  1.9015E+01 -1.7571E+02
  7.0024E+00  1.9677E+01  3.4752E+01  8.6090E-01  1.7709E+02  1.9016E+01 -1.7571E+02
  7.0131E+00  1.9713E+01  3.4752E+01  8.6089E-01  1.7709E+02  1.9016E+01 -1.7571E+02
  7.0238E+00  1.9749E+01  3.4752E+01  8.6088E-01  1.7709E+02  1.9017E+01 -1.7571E+02
  7.0346E+00  1.9785E+01  3.4752E+01  8.6086E-01  1.7709E+02  1.9017E+01 -1.7570E+02
  7.0453E+00  1.9821E+01  3.4752E+01  8.6085E-01  1.7709E+02  1.9018E+01 -1.7570E+02
  7.0560E+00  1.9856E+01  3.4752E+01  8.6084E-01  1.7709E+02  1.9018E+01 -1.7570E+02
  7.0667E+00  1.9892E+01  3.4752E+01  8.6083E-01  1.7708E+02  1.9019E+01 -1.7570E+02
  7.0775E+00  1.9928E+01  3.4752E+01  8.6082E-01  1.7708E+02  1.9019E+01 -1.7570E+02
  7.0882E+00  1.9964E+01  3.4752E+01  8.6081E-01  1.7708E+02  1.9020E+01 -1.7570E+02
  7.0989E+00  1.9999E+01  3.4752E+01  8.6079E-01  1.7708E+02  1.9020E+01 -1.7569E+02
  7.1096E+00  2.0035E+01  3.4752E+01  8.6078E-01  1.7708E+02  1.9021E+01 -1.7569E+02
  7.1204E+00  2.0071E+01  3.4752E+01  8.6077E-01  1.7708E+02  1.9022E+01 -1.7569E+02
  7.1311E+00  2.0107E+01  3.4752E+01  8.6076E-01  1.7707E+02  1.9022E+01 -1.7569E+02
  7.1418E+00  2.0142E+01  3.4752E+01  8.6075E-01  1.7707E+02  1.9023E+01 -1.7569E+02
  7.1525E+00  2.0178E+01  3.4752E+01  8.6074E-01  1.7707E+02  1.9023E+01 -1.7569E+02
  7.1633E+00  2.0214E+01  3.4752E+01  8.6072E-01  1.7707E+02  1.9023E+01 -1.7568E+02
  7.1740E+00  2.0250E+01  3.4752E+01  8.6071E-01  1.7707E+02  1.9023E+01 -1.7568E+02
  7.1847E+00  2.0286E+01  3.4752E+01  8.6070E-01  1.7707E+02  1.9023E+01 -1.7568E+02
  7.1954E+00  2.0321E+01  3.4752E+01  8.6069E-01  1.7706E+02  1.9023E+01 -1.7568E+02
  7.2062E+00  2.0357E+01  3.4752E+01  8.6068E-01  1.7706E+02  1.9024E+01 -1.7568E+02
  7.2169E+00  2.0393E+01  3.4752E+01  8.6066E-01  1.7706E+02  1.9024E+01 -1.7568E+02
  7.2276E+00  2.0429E+01  3.4752E+01  8.6065E-01  1.7706E+02  1.9025E+01 -1.7567E+02
  7.2383E+00  2.0464E+01  3.4752E+01  8.6064E-01  1.7706E+02  1.9026E+01 -1.7567E+02
  7.2491E+00  2.0500E+01  3.4752E+01  8.6063E-01  1.7706E+02  1.9027E+01 -1.7567E+02
  7.2598E+00  2.0536E+01  3.4752E+01  8.6061E-01  1.7706E+02  1.9028E+01 -1.7567E+02
  7.2706E+00  2.0572E+01  3.4752E+01  8.6060E-01  1.7705E+02  1.9028E+01 -1.7567E+02
  7.2813E+00  2.0608E+01  3.4752E+01  8.6059E-01  1.7705E+02  1.9029E+01 -1.7567E+02
  7.2921E+00  2.0644E+01  3.4752E+01  8.6058E-01  1.7705E+02  1.9030E+01 -1.7566E+02
  7.3028E+00  2.0679E+01  3.4752E+01  8.6056E-01  1.7705E+02  1.9031E+01 -1.7566E+02
  7.3135E+00  2.0715E+01  3.4752E+01  8.6055E-01  1.7705E+02  1.9032E+01 -1.7566E+02
  7.3242E+00  2.0751E+01  3.4752E+01  8.6054E-01  1.7705E+02  1.9033E+01 -1.7566E+02
  7.3350E+00  2.0787E+01  3.4752E+01  8.6053E-01  1.7704E+02  1.9034E+01 -1.7566E+02
  7.3457E+00  2.0822E+01  3.4752E+01  8.6051E-01  1.7704E+02  1.9035E+01 -1.7566E+02
  7.3564E+00  2.0858E+01  3.4752E+01  8.6050E-01  1.7704E+02  1.9035E+01 -1.7565E+02
  7.3671E+00  2.0894E+01  3.4752E+01  8.6049E-01  1.7704E+02  1.9036E+01 -1.7565E+02
  7.3779E+00  2.0930E+01  3.4752E+01  8.6048E-01  1.7704E+02  1.9037E+01 -1.7565E+02
  7.3886E+00  2.0966E+01  3.4752E+01  8.6046E-01  1.7704E+02  1.9038E+01 -1.7565E+02
  7.3993E+00  2.1001E+01  3.4752E+01  8.6045E-01  1.7703E+02  1.9039E+01 -1.7565E+02
  7.4100E+00  2.1037E+01  3.4752E+01  8.6044E-01  1.7703E+02  1.9040E+01 -1.7564E+02
  7.4208E+00  2.1073E+01  3.4752E+01  8.6042E-01  1.7703E+02  1.9041E+01 -1.7564E+02
  7.4315E+00  2.1109E+01  3.4752E+01  8.6041E-01  1.7703E+02  1.9041E+01 -1.7564E+02
  7.4422E+00  2.1144E+01  3.4752E+01  8.6040E-01  1.7703E+02  1.9042E+01 -1.7564E+02
  7.4529E+00  2.1180E+01  3.4752E+01  8.6039E-01  1.7703E+02  1.9043E+01 -1.7564E+02
  7.4637E+00  2.1216E+01  3.4752E+01  8.6037E-01  1.7703E+02  1.9044E+01 -1.7564E+02
  7.4744E+00  2.1252E+01  3.4752E+01  8.6036E-01  1.7702E+02  1.9045E+01 -1.7563E+02
  7.4851E+00  2.1288E+01  3.4752E+01  8.6035E-01  1.7702E+02  1.9046E+01 -1.7563E+02
  7.4958E+00  2.1323E+01  3.4752E+01  8.6034E-01  1.7702E+02  1.9047E+01 -1.7563E+02
  7.5066E+00  2.1359E+01  3.4752E+01  8.6032E-01  1.7702E+02  1.9048E+01 -1.7563E+02
  7.5173E+00  2.1395E+01  3.4752E+01  8.6031E-01  1.7702E+02  1.9048E+01 -1.7563E+02
  7.5280E+00  2.1431E+01  3.4752E+01  8.6030E-01  1.7702E+02  1.9049E+01 -1.7563E+02
  7.5387E+00  2.1466E+01  3.4752E+01  8.6029E-01  1.7701E+02  1.9050E+01 -1.7562E+02
  7.5495E+00  2.1502E+01  3.4752E+01  8.6027E-01  1.7701E+02  1.9051E+01 -1.7562E+02
  7.5602E+00  2.1538E+01  3.4752E+01  8.6026E-01  1.7701E+02  1.9052E+01 -1.7562E+02
  7.5709E+00  2.1574E+01  3.4752E+01  8.6025E-01  1.7701E+02  1.9053E+01 -1.7562E+02
  7.5816E+00  2.1610E+01  3.4752E+01  8.6024E-01  1.7701E+02  1.9054E+01 -1.7562E+02
  7.5924E+00  2.1646E+01  3.4752E+01  8.6022E-01  1.7701E+02  1.9055E+01 -1.7561E+02
  7.6031E+00  2.1681E+01  3.4752E+01  8.6021E-01  1.7700E+02  1.9055E+01 -1.7561E+02
  7.6138E+00  2.1717E+01  3.4752E+01  8.6020E-01  1.7700E+02  1.9056E+01 -1.7561E+02
  7.6245E+00  2.1753E+01  3.4752E+01  8.6019E-01  1.7700E+02  1.9057E+01 -1.7561E+02
  7.6353E+00  2.1789E+01  3.4752E+01  8.6017E-01  1.7700E+02  1.9058E+01 -1.7561E+02
  7.6460E+00  2.1824E+01  3.4752E+01  8.6016E-01  1.7700E+02  1.9059E+01 -1.7561E+02
  7.6567E+00  2.1860E+01  3.4752E+01  8.6015E-01  1.7700E+02  1.9060E+01 -1.7560E+02
  7.6674E+00  2.1896E+01  3.4752E+01  8.6014E-01  1.7699E+02  1.9061E+01 -1.7560E+02
  7.6782E+00  2.1932E+01  3.4752E+01  8.6012E-01  1.7699E+02  1.9062E+01 -1.7560E+02
  7.6889E+00  2.1968E+01  3.4752E+01  8.6011E-01  1.7699E+02  1.9062E+01 -1.7560E+02
  7.6996E+00  2.2003E+01  3.4752E+01  8.6010E-01  1.7699E+02  1.9063E+01 -1.7560E+02
  7.7103E+00  2.2039E+01  3.4752E+01  8.6009E-01  1.7699E+02  1.9064E+01 -1.7559E+02
  7.7211E+00  2.2075E+01  3.4752E+01  8.6007E-01  1.7699E+02  1.9065E+01 -1.7559E+02
  7.7318E+00  2.2111E+01  3.4752E+01  8.6006E-01  1.7698E+02  1.9066E+01 -1.7559E+02
  7.7425E+00  2.2146E+01  3.4752E+01  8.6005E-01  1.7698E+02  1.9067E+01 -1.7559E+02
  7.7532E+00  2.2182E+01  3.4752E+01  8.6003E-01  1.7698E+02  1.9068E+01 -1.7559E+02
  7.7640E+00  2.2218E+01  3.4752E+01  8.6002E-01  1.7698E+02  1.9069E+01 -1.7558E+02
  7.7747E+00  2.2254E+01  3.4752E+01  8.6001E-01  1.7698E+02  1.9070E+01 -1.7558E+02
  7.7854E+00  2.2290E+01  3.4752E+01  8.6000E-01  1.7698E+02  1.9070E+01 -1.7558E+02
  7.7961E+00  2.2325E+01  3.4752E+01  8.5998E-01  1.7697E+02  1.9071E+01 -1.7558E+02
  7.8069E+00  2.2361E+01  3.4752E+01  8.5997E-01  1.7697E+02  1.9072E+01 -1.7558E+02
  7.8176E+00  2.2397E+01  3.4752E+01  8.5996E-01  1.7697E+02  1.9073E+01 -1.7558E+02
  7.8283E+00  2.2433E+01  3.4752E+01  8.5995E-01  1.7697E+02  1.9074E+01 -1.7557E+02
  7.8390E+00  2.2468E+01  3.4752E+01  8.5993E-01  1.7697E+02  1.9075E+01 -1.7557E+02
  7.8498E+00  2.2504E+01  3.4752E+01  8.5992E-01  1.7697E+02  1.9076E+01 -1.7557E+02
  7.8605E+00  2.2540E+01  3.4752E+01  8.5991E-01  1.7696E+02  1.9077E+01 -1.7557E+02
  7.8712E+00  2.2576E+01  3.4752E+01  8.5990E-01  1.7696E+02  1.9078E+01 -1.7557E+02
  7.8819E+00  2.2611E+01  3.4752E+01  8.5988E-01  1.7696E+02  1.9078E+01 -1.7556E+02
  7.8927E+00  2.2648E+01  3.4752E+01  8.5987E-01  1.7696E+02  1.9079E+01 -1.7556E+02
  7.9034E+00  2.2683E+01  3.4752E+01  8.5986E-01  1.7696E+02  1.9080E+01 -1.7556E+02
  7.9141E+00  2.2719E+01  3.4752E+01  8.5985E-01  1.7696E+02  1.9081E+01 -1.7556E+02
  7.9248E+00  2.2755E+01  3.4752E+01  8.5983E-01  1.7695E+02  1.9082E+01 -1.7556E+02
  7.9356E+00  2.2791E+01  3.4752E+01  8.5982E-01  1.7695E+02  1.9083E+01 -1.7555E+02
  7.9463E+00  2.2826E+01  3.4752E+01  8.5981E-01  1.7695E+02  1.9084E+01 -1.7555E+02
  7.9571E+00  2.2862E+01  3.4752E+01  8.5980E-01  1.7695E+02  1.9085E+01 -1.7555E+02
  7.9678E+00  2.2898E+01  3.4752E+01  8.5978E-01  1.7695E+02  1.9086E+01 -1.7555E+02
  7.9786E+00  2.2934E+01  3.4752E+01  8.5977E-01  1.7695E+02  1.9087E+01 -1.7555E+02
  7.9893E+00  2.2969E+01  3.4752E+01  8.5976E-01  1.7694E+02  1.9088E+01 -1.7555E+02
  8.0000E+00  2.3005E+01  3.4752E+01  8.5975E-01  1.7694E+02  1.9088E+01 -1.7554E+02
  8.0107E+00  2.3041E+01  3.4752E+01  8.5973E-01  1.7694E+02  1.9089E+01 -1.7554E+02
  8.0215E+00  2.3077E+01  3.4752E+01  8.5972E-01  1.7694E+02  1.9090E+01 -1.7554E+02
  8.0322E+00  2.3113E+01  3.4752E+01  8.5971E-01  1.7694E+02  1.9091E+01 -1.7554E+02
  8.0429E+00  2.3148E+01  3.4752E+01  8.5970E-01  1.7693E+02  1.9092E+01 -1.7554E+02
  8.0536E+00  2.3184E+01  3.4752E+01  8.5968E-01  1.7693E+02  1.9093E+01 -1.7553E+02
  8.0644E+00  2.3220E+01  3.4752E+01  8.5967E-01  1.7693E+02  1.9094E+01 -1.7553E+02
  8.0751E+00  2.3256E+01  3.4752E+01  8.5966E-01  1.7693E+02  1.9095E+01 -1.7553E+02
  8.0858E+00  2.3291E+01  3.4752E+01  8.5965E-01  1.7693E+02  1.9096E+01 -1.7553E+02
  8.0965E+00  2.3327E+01  3.4752E+01  8.5963E-01  1.7693E+02  1.9097E+01 -1.7553E+02
  8.1073E+00  2.3363E+01  3.4752E+01  8.5962E-01  1.7692E+02  1.9098E+01 -1.7552E+02
  8.1180E+00  2.3399E+01  3.4752E+01  8.5961E-01  1.7692E+02  1.9098E+01 -1.7552E+02
  8.1287E+00  2.3435E+01  3.4752E+01  8.5960E-01  1.7692E+02  1.9099E+01 -1.7552E+02
  8.1394E+00  2.3470E+01  3.4752E+01  8.5958E-01  1.7692E+02  1.9100E+01 -1.7552E+02
  8.1502E+00  2.3506E+01  3.4752E+01  8.5957E-01  1.7692E+02  1.9101E+01 -1.7552E+02
  8.1609E+00  2.3542E+01  3.4752E+01  8.5956E-01  1.7692E+02  1.9102E+01 -1.7551E+02
  8.1716E+00  2.3578E+01  3.4752E+01  8.5954E-01  1.7691E+02  1.9103E+01 -1.7551E+02
  8.1823E+00  2.3613E+01  3.4752E+01  8.5953E-01  1.7691E+02  1.9104E+01 -1.7551E+02
  8.1931E+00  2.3649E+01  3.4752E+01  8.5952E-01  1.7691E+02  1.9105E+01 -1.7551E+02
  8.2038E+00  2.3685E+01  3.4752E+01  8.5951E-01  1.7691E+02  1.9106E+01 -1.7551E+02
  8.2145E+00  2.3721E+01  3.4752E+01  8.5949E-01  1.7691E+02  1.9107E+01 -1.7550E+02
  8.2252E+00  2.3757E+01  3.4752E+01  8.5948E-01  1.7691E+02  1.9108E+01 -1.7550E+02
  8.2360E+00  2.3793E+01  3.4752E+01  8.5947E-01  1.7690E+02  1.9109E+01 -1.7550E+02
  8.2467E+00  2.3828E+01  3.4752E+01  8.5946E-01  1.7690E+02  1.9109E+01 -1.7550E+02
  8.2574E+00  2.3864E+01  3.4752E+01  8.5944E-01  1.7690E+02  1.9110E+01 -1.7550E+02
  8.2681E+00  2.3900E+01  3.4752E+01  8.5943E-01  1.7690E+02  1.9111E+01 -1.7550E+02
  8.2789E+00  2.3936E+01  3.4752E+01  8.5942E-01  1.7690E+02  1.9112E+01 -1.7549E+02
  8.2896E+00  2.3971E+01  3.4752E+01  8.5941E-01  1.7689E+02  1.9113E+01 -1.7549E+02
  8.3003E+00  2.4007E+01  3.4752E+01  8.5939E-01  1.7689E+02  1.9114E+01 -1.7549E+02
  8.3110E+00  2.4043E+01  3.4752E+01  8.5938E-01  1.7689E+02  1.9115E+01 -1.7549E+02
  8.3218E+00  2.4079E+01  3.4752E+01  8.5937E-01  1.7689E+02  1.9116E+01 -1.7549E+02
  8.3325E+00  2.4115E+01  3.4752E+01  8.5936E-01  1.7689E+02  1.9117E+01 -1.7548E+02
  8.3432E+00  2.4150E+01  3.4752E+01  8.5934E-01  1.7689E+02  1.9118E+01 -1.7548E+02
  8.3539E+00  2.4186E+01  3.4752E+01  8.5933E-01  1.7688E+02  1.9119E+01 -1.7548E+02
  8.3647E+00  2.4222E+01  3.4752E+01  8.5932E-01  1.7688E+02  1.9120E+01 -1.7548E+02
  8.3754E+00  2.4258E+01  3.4752E+01  8.5931E-01  1.7688E+02  1.9121E+01 -1.7548E+02
  8.3861E+00  2.4293E+01  3.4752E+01  8.5929E-01  1.7688E+02  1.9122E+01 -1.7547E+02
  8.3968E+00  2.4329E+01  3.4752E+01  8.5928E-01  1.7688E+02  1.9122E+01 -1.7547E+02
  8.4076E+00  2.4365E+01  3.4752E+01  8.5927E-01  1.7688E+02  1.9123E+01 -1.7547E+02
  8.4183E+00  2.4401E+01  3.4752E+01  8.5926E-01  1.7687E+02  1.9124E+01 -1.7547E+02
  8.4290E+00  2.4437E+01  3.4752E+01  8.5924E-01  1.7687E+02  1.9125E+01 -1.7547E+02
  8.4397E+00  2.4472E+01  3.4752E+01  8.5923E-01  1.7687E+02  1.9126E+01 -1.7546E+02
  8.4505E+00  2.4508E+01  3.4752E+01  8.5922E-01  1.7687E+02  1.9127E+01 -1.7546E+02
  8.4612E+00  2.4544E+01  3.4752E+01  8.5921E-01  1.7687E+02  1.9128E+01 -1.7546E+02
  8.4719E+00  2.4580E+01  3.4752E+01  8.5919E-01  1.7686E+02  1.9129E+01 -1.7546E+02
  8.4826E+00  2.4615E+01  3.4752E+01  8.5918E-01  1.7686E+02  1.9130E+01 -1.7546E+02
  8.4934E+00  2.4651E+01  3.4752E+01  8.5917E-01  1.7686E+02  1.9131E+01 -1.7545E+02
  8.5041E+00  2.4687E+01  3.4752E+01  8.5916E-01  1.7686E+02  1.9132E+01 -1.7545E+02
  8.5148E+00  2.4723E+01  3.4752E+01  8.5914E-01  1.7686E+02  1.9133E+01 -1.7545E+02
  8.5255E+00  2.4759E+01  3.4752E+01  8.5913E-01  1.7686E+02  1.9134E+01 -1.7545E+02
  8.5363E+00  2.4795E+01  3.4752E+01  8.5912E-01  1.7685E+02  1.9135E+01 -1.7545E+02
  8.5470E+00  2.4830E+01  3.4752E+01  8.5911E-01  1.7685E+02  1.9136E+01 -1.7544E+02
  8.5577E+00  2.4866E+01  3.4752E+01  8.5909E-01  1.7685E+02  1.9137E+01 -1.7544E+02
  8.5684E+00  2.4902E+01  3.4752E+01  8.5908E-01  1.7685E+02  1.9138E+01 -1.7544E+02
  8.5792E+00  2.4938E+01  3.4752E+01  8.5907E-01  1.7685E+02  1.9138E+01 -1.7544E+02
  8.5899E+00  2.4973E+01  3.4752E+01  8.5906E-01  1.7684E+02  1.9139E+01 -1.7544E+02
  8.6006E+00  2.5009E+01  3.4752E+01  8.5904E-01  1.7684E+02  1.9140E+01 -1.7543E+02
  8.6113E+00  2.5045E+01  3.4752E+01  8.5903E-01  1.7684E+02  1.9141E+01 -1.7543E+02
  8.6221E+00  2.5081E+01  3.4752E+01  8.5902E-01  1.7684E+02  1.9142E+01 -1.7543E+02
  8.6329E+00  2.5117E+01  3.4752E+01  8.5901E-01  1.7684E+02  1.9143E+01 -1.7543E+02
  8.6436E+00  2.5152E+01  3.4752E+01  8.5899E-01  1.7684E+02  1.9144E+01 -1.7543E+02
  8.6543E+00  2.5188E+01  3.4752E+01  8.5898E-01  1.7683E+02  1.9145E+01 -1.7542E+02
  8.6651E+00  2.5224E+01  3.4752E+01  8.5897E-01  1.7683E+02  1.9146E+01 -1.7542E+02
  8.6758E+00  2.5260E+01  3.4752E+01  8.5896E-01  1.7683E+02  1.9147E+01 -1.7542E+02
  8.6865E+00  2.5295E+01  3.4752E+01  8.5894E-01  1.7683E+02  1.9148E+01 -1.7542E+02
  8.6972E+00  2.5331E+01  3.4752E+01  8.5893E-01  1.7683E+02  1.9149E+01 -1.7542E+02
  8.7080E+00  2.5367E+01  3.4752E+01  8.5892E-01  1.7682E+02  1.9150E+01 -1.7541E+02
  8.7187E+00  2.5403E+01  3.4752E+01  8.5891E-01  1.7682E+02  1.9151E+01 -1.7541E+02
  8.7294E+00  2.5438E+01  3.4752E+01  8.5889E-01  1.7682E+02  1.9152E+01 -1.7541E+02
  8.7401E+00  2.5474E+01  3.4752E+01  8.5888E-01  1.7682E+02  1.9153E+01 -1.7541E+02
  8.7509E+00  2.5510E+01  3.4752E+01  8.5887E-01  1.7682E+02  1.9154E+01 -1.7541E+02
  8.7616E+00  2.5546E+01  3.4752E+01  8.5886E-01  1.7682E+02  1.9155E+01 -1.7540E+02
  8.7723E+00  2.5582E+01  3.4752E+01  8.5884E-01  1.7681E+02  1.9156E+01 -1.7540E+02
  8.7830E+00  2.5617E+01  3.4752E+01  8.5883E-01  1.7681E+02  1.9157E+01 -1.7540E+02
  8.7938E+00  2.5653E+01  3.4752E+01  8.5882E-01  1.7681E+02  1.9158E+01 -1.7540E+02
  8.8045E+00  2.5689E+01  3.4752E+01  8.5881E-01  1.7681E+02  1.9159E+01 -1.7540E+02
  8.8152E+00  2.5725E+01  3.4752E+01  8.5879E-01  1.7681E+02  1.9159E+01 -1.7539E+02
  8.8259E+00  2.5760E+01  3.4752E+01  8.5878E-01  1.7680E+02  1.9160E+01 -1.7539E+02
  8.8367E+00  2.5796E+01  3.4752E+01  8.5877E-01  1.7680E+02  1.9161E+01 -1.7539E+02
  8.8474E+00  2.5832E+01  3.4752E+01  8.5875E-01  1.7680E+02  1.9162E+01 -1.7539E+02
  8.8581E+00  2.5868E+01  3.4752E+01  8.5874E-01  1.7680E+02  1.9163E+01 -1.7538E+02
  8.8688E+00  2.5904E+01  3.4752E+01  8.5873E-01  1.7680E+02  1.9164E+01 -1.7538E+02
  8.8796E+00  2.5940E+01  3.4752E+01  8.5872E-01  1.7680E+02  1.9165E+01 -1.7538E+02
  8.8903E+00  2.5975E+01  3.4752E+01  8.5870E-01  1.7679E+02  1.9166E+01 -1.7538E+02
  8.9010E+00  2.6011E+01  3.4752E+01  8.5869E-01  1.7679E+02  1.9167E+01 -1.7538E+02
  8.9117E+00  2.6047E+01  3.4752E+01  8.5868E-01  1.7679E+02  1.9168E+01 -1.7537E+02
  8.9225E+00  2.6083E+01  3.4752E+01  8.5867E-01  1.7679E+02  1.9169E+01 -1.7537E+02
  8.9332E+00  2.6118E+01  3.4752E+01  8.5865E-01  1.7679E+02  1.9170E+01 -1.7537E+02
  8.9439E+00  2.6154E+01  3.4752E+01  8.5864E-01  1.7678E+02  1.9171E+01 -1.7537E+02
  8.9546E+00  2.6190E+01  3.4752E+01  8.5863E-01  1.7678E+02  1.9172E+01 -1.7537E+02
  8.9654E+00  2.6226E+01  3.4752E+01  8.5862E-01  1.7678E+02  1.9173E+01 -1.7536E+02
  8.9761E+00  2.6262E+01  3.4752E+01  8.5860E-01  1.7678E+02  1.9174E+01 -1.7536E+02
  8.9868E+00  2.6297E+01  3.4752E+01  8.5859E-01  1.7678E+02  1.9175E+01 -1.7536E+02
  8.9975E+00  2.6333E+01  3.4752E+01  8.5858E-01  1.7677E+02  1.9176E+01 -1.7536E+02
  9.0083E+00  2.6369E+01  3.4752E+01  8.5857E-01  1.7677E+02  1.9177E+01 -1.7536E+02
  9.0190E+00  2.6405E+01  3.4752E+01  8.5855E-01  1.7677E+02  1.9178E+01 -1.7535E+02
  9.0297E+00  2.6440E+01  3.4752E+01  8.5854E-01  1.7677E+02  1.9179E+01 -1.7535E+02
  9.0404E+00  2.6476E+01  3.4752E+01  8.5853E-01  1.7677E+02  1.9180E+01 -1.7535E+02
  9.0512E+00  2.6512E+01  3.4752E+01  8.5852E-01  1.7677E+02  1.9181E+01 -1.7535E+02
  9.0619E+00  2.6548E+01  3.4752E+01  8.5850E-01  1.7676E+02  1.9182E+01 -1.7535E+02
  9.0726E+00  2.6584E+01  3.4752E+01  8.5849E-01  1.7676E+02  1.9183E+01 -1.7534E+02
  9.0833E+00  2.6619E+01  3.4752E+01  8.5848E-01  1.7676E+02  1.9184E+01 -1.7534E+02
  9.0941E+00  2.6655E+01  3.4752E+01  8.5847E-01  1.7676E+02  1.9185E+01 -1.7534E+02
  9.1048E+00  2.6691E+01  3.4752E+01  8.5845E-01  1.7676E+02  1.9186E+01 -1.7534E+02
  9.1155E+00  2.6727E+01  3.4752E+01  8.5844E-01  1.7675E+02  1.9187E+01 -1.7533E+02
  9.1262E+00  2.6762E+01  3.4752E+01  8.5843E-01  1.7675E+02  1.9188E+01 -1.7533E+02
  9.1370E+00  2.6798E+01  3.4752E+01  8.5842E-01  1.7675E+02  1.9189E+01 -1.7533E+02
  9.1477E+00  2.6834E+01  3.4752E+01  8.5840E-01  1.7675E+02  1.9190E+01 -1.7533E+02
  9.1584E+00  2.6870E+01  3.4752E+01  8.5839E-01  1.7675E+02  1.9191E+01 -1.7533E+02
  9.1691E+00  2.6906E+01  3.4752E+01  8.5838E-01  1.7674E+02  1.9192E+01 -1.7532E+02
  9.1799E+00  2.6942E+01  3.4752E+01  8.5837E-01  1.7674E+02  1.9193E+01 -1.7532E+02
  9.1906E+00  2.6977E+01  3.4752E+01  8.5835E-01  1.7674E+02  1.9194E+01 -1.7532E+02
  9.2013E+00  2.7013E+01  3.4752E+01  8.5834E-01  1.7674E+02  1.9195E+01 -1.7532E+02
  9.2120E+00  2.7049E+01  3.4752E+01  8.5833E-01  1.7674E+02  1.9196E+01 -1.7532E+02
  9.2228E+00  2.7085E+01  3.4752E+01  8.5832E-01  1.7673E+02  1.9197E+01 -1.7531E+02
  9.2335E+00  2.7120E+01  3.4752E+01  8.5830E-01  1.7673E+02  1.9198E+01 -1.7531E+02
  9.2442E+00  2.7156E+01  3.4752E+01  8.5829E-01  1.7673E+02  1.9199E+01 -1.7531E+02
  9.2549E+00  2.7192E+01  3.4752E+01  8.5828E-01  1.7673E+02  1.9200E+01 -1.7531E+02
  9.2657E+00  2.7228E+01  3.4752E+01  8.5827E-01  1.7673E+02  1.9201E+01 -1.7530E+02
  9.2764E+00  2.7264E+01  3.4752E+01  8.5825E-01  1.7672E+02  1.9202E+01 -1.7530E+02
  9.2871E+00  2.7299E+01  3.4752E+01  8.5824E-01  1.7672E+02  1.9203E+01 -1.7530E+02
  9.2978E+00  2.7335E+01  3.4752E+01  8.5823E-01  1.7672E+02  1.9204E+01 -1.7530E+02
  9.3086E+00  2.7371E+01  3.4752E+01  8.5822E-01  1.7672E+02  1.9205E+01 -1.7530E+02
  9.3194E+00  2.7407E+01  3.4752E+01  8.5820E-01  1.7672E+02  1.9206E+01 -1.7529E+02
  9.3301E+00  2.7442E+01  3.4752E+01  8.5819E-01  1.7671E+02  1.9207E+01 -1.7529E+02
  9.3408E+00  2.7478E+01  3.4752E+01  8.5818E-01  1.7671E+02  1.9208E+01 -1.7529E+02
  9.3516E+00  2.7514E+01  3.4752E+01  8.5817E-01  1.7671E+02  1.9209E+01 -1.7529E+02
  9.3623E+00  2.7550E+01  3.4752E+01  8.5815E-01  1.7671E+02  1.9210E+01 -1.7529E+02
  9.3730E+00  2.7586E+01  3.4752E+01  8.5814E-01  1.7671E+02  1.9211E+01 -1.7528E+02
  9.3837E+00  2.7621E+01  3.4752E+01  8.5813E-01  1.7670E+02  1.9212E+01 -1.7528E+02
  9.3945E+00  2.7657E+01  3.4752E+01  8.5812E-01  1.7670E+02  1.9213E+01 -1.7528E+02
  9.4052E+00  2.7693E+01  3.4752E+01  8.5810E-01  1.7670E+02  1.9214E+01 -1.7528E+02
  9.4159E+00  2.7729E+01  3.4752E+01  8.5809E-01  1.7670E+02  1.9215E+01 -1.7527E+02
  9.4266E+00  2.7764E+01  3.4752E+01  8.5808E-01  1.7670E+02  1.9216E+01 -1.7527E+02
  9.4374E+00  2.7800E+01  3.4752E+01  8.5807E-01  1.7670E+02  1.9217E+01 -1.7527E+02
  9.4481E+00  2.7836E+01  3.4752E+01  8.5805E-01  1.7669E+02  1.9218E+01 -1.7527E+02
  9.4588E+00  2.7872E+01  3.4752E+01  8.5804E-01  1.7669E+02  1.9219E+01 -1.7527E+02
  9.4695E+00  2.7907E+01  3.4752E+01  8.5803E-01  1.7669E+02  1.9220E+01 -1.7526E+02
  9.4803E+00  2.7944E+01  3.4752E+01  8.5802E-01  1.7669E+02  1.9221E+01 -1.7526E+02
  9.4910E+00  2.7979E+01  3.4752E+01  8.5800E-01  1.7669E+02  1.9222E+01 -1.7526E+02
  9.5017E+00  2.8015E+01  3.4752E+01  8.5799E-01  1.7668E+02  1.9223E+01 -1.7526E+02
  9.5124E+00  2.8051E+01  3.4752E+01  8.5798E-01  1.7668E+02  1.9224E+01 -1.7525E+02
  9.5232E+00  2.8087E+01  3.4752E+01  8.5797E-01  1.7668E+02  1.9225E+01 -1.7525E+02
  9.5339E+00  2.8122E+01  3.4752E+01  8.5795E-01  1.7668E+02  1.9226E+01 -1.7525E+02
  9.5446E+00  2.8158E+01  3.4752E+01  8.5794E-01  1.7667E+02  1.9227E+01 -1.7525E+02
  9.5553E+00  2.8194E+01  3.4752E+01  8.5793E-01  1.7667E+02  1.9228E+01 -1.7525E+02
  9.5661E+00  2.8230E+01  3.4752E+01  8.5792E-01  1.7667E+02  1.9229E+01 -1.7524E+02
  9.5768E+00  2.8265E+01  3.4752E+01  8.5790E-01  1.7667E+02  1.9230E+01 -1.7524E+02
  9.5875E+00  2.8301E+01  3.4752E+01  8.5789E-01  1.7667E+02  1.9231E+01 -1.7524E+02
  9.5982E+00  2.8337E+01  3.4752E+01  8.5788E-01  1.7666E+02  1.9232E+01 -1.7524E+02
  9.6090E+00  2.8373E+01  3.4752E+01  8.5787E-01  1.7666E+02  1.9233E+01 -1.7523E+02
  9.6197E+00  2.8409E+01  3.4752E+01  8.5785E-01  1.7666E+02  1.9234E+01 -1.7523E+02
  9.6304E+00  2.8444E+01  3.4752E+01  8.5784E-01  1.7666E+02  1.9235E+01 -1.7523E+02
  9.6411E+00  2.8480E+01  3.4752E+01  8.5783E-01  1.7666E+02  1.9236E+01 -1.7523E+02
  9.6519E+00  2.8516E+01  3.4752E+01  8.5782E-01  1.7665E+02  1.9237E+01 -1.7523E+02
  9.6626E+00  2.8552E+01  3.4752E+01  8.5780E-01  1.7665E+02  1.9238E+01 -1.7522E+02
  9.6733E+00  2.8587E+01  3.4752E+01  8.5779E-01  1.7665E+02  1.9239E+01 -1.7522E+02
  9.6840E+00  2.8623E+01  3.4752E+01  8.5778E-01  1.7665E+02  1.9240E+01 -1.7522E+02
  9.6948E+00  2.8659E+01  3.4752E+01  8.5777E-01  1.7665E+02  1.9241E+01 -1.7522E+02
  9.7055E+00  2.8695E+01  3.4752E+01  8.5775E-01  1.7664E+02  1.9242E+01 -1.7521E+02
  9.7162E+00  2.8731E+01  3.4752E+01  8.5774E-01  1.7664E+02  1.9243E+01 -1.7521E+02
  9.7269E+00  2.8766E+01  3.4752E+01  8.5773E-01  1.7664E+02  1.9244E+01 -1.7521E+02
  9.7377E+00  2.8802E+01  3.4752E+01  8.5772E-01  1.7664E+02  1.9245E+01 -1.7521E+02
  9.7484E+00  2.8838E+01  3.4752E+01  8.5770E-01  1.7664E+02  1.9246E+01 -1.7521E+02
  9.7591E+00  2.8874E+01  3.4752E+01  8.5769E-01  1.7663E+02  1.9247E+01 -1.7520E+02
  9.7698E+00  2.8909E+01  3.4752E+01  8.5768E-01  1.7663E+02  1.9248E+01 -1.7520E+02
  9.7806E+00  2.8945E+01  3.4751E+01  8.5767E-01  1.7663E+02  1.9249E+01 -1.7520E+02
  9.7913E+00  2.8981E+01  3.4751E+01  8.5765E-01  1.7663E+02  1.9250E+01 -1.7520E+02
  9.8020E+00  2.9017E+01  3.4751E+01  8.5764E-01  1.7663E+02  1.9251E+01 -1.7519E+02
  9.8127E+00  2.9053E+01  3.4751E+01  8.5763E-01  1.7662E+02  1.9253E+01 -1.7519E+02
  9.8235E+00  2.9089E+01  3.4751E+01  8.5762E-01  1.7662E+02  1.9254E+01 -1.7519E+02
  9.8342E+00  2.9124E+01  3.4751E+01  8.5760E-01  1.7662E+02  1.9255E+01 -1.7519E+02
  9.8449E+00  2.9160E+01  3.4751E+01  8.5759E-01  1.7662E+02  1.9256E+01 -1.7518E+02
  9.8556E+00  2.9196E+01  3.4751E+01  8.5758E-01  1.7662E+02  1.9257E+01 -1.7518E+02
  9.8664E+00  2.9232E+01  3.4751E+01  8.5757E-01  1.7661E+02  1.9258E+01 -1.7518E+02
  9.8771E+00  2.9267E+01  3.4751E+01  8.5755E-01  1.7661E+02  1.9259E+01 -1.7518E+02
  9.8878E+00  2.9303E+01  3.4751E+01  8.5754E-01  1.7661E+02  1.9260E+01 -1.7518E+02
  9.8985E+00  2.9339E+01  3.4751E+01  8.5753E-01  1.7661E+02  1.9261E+01 -1.7517E+02
  9.9093E+00  2.9375E+01  3.4751E+01  8.5752E-01  1.7660E+02  1.9262E+01 -1.7517E+02
  9.9200E+00  2.9411E+01  3.4751E+01  8.5751E-01  1.7660E+02  1.9263E+01 -1.7517E+02
  9.9307E+00  2.9446E+01  3.4751E+01  8.5749E-01  1.7660E+02  1.9264E+01 -1.7517E+02
  9.9414E+00  2.9482E+01  3.4751E+01  8.5748E-01  1.7660E+02  1.9265E+01 -1.7516E+02
  9.9522E+00  2.9518E+01  3.4751E+01  8.5747E-01  1.7660E+02  1.9266E+01 -1.7516E+02
  9.9629E+00  2.9554E+01  3.4751E+01  8.5746E-01  1.7659E+02  1.9267E+01 -1.7516E+02
  9.9736E+00  2.9589E+01  3.4751E+01  8.5744E-01  1.7659E+02  1.9268E+01 -1.7516E+02
  9.9843E+00  2.9625E+01  3.4751E+01  8.5743E-01  1.7659E+02  1.9269E+01 -1.7515E+02
  9.9951E+00  2.9661E+01  3.4751E+01  8.5742E-01  1.7659E+02  1.9270E+01 -1.7515E+02
  1.0006E+01  2.9697E+01  3.4751E+01  8.5741E-01  1.7659E+02  1.9271E+01 -1.7515E+02
  1.0017E+01  2.9733E+01  3.4751E+01  8.5739E-01  1.7658E+02  1.9273E+01 -1.7515E+02
  1.0027E+01  2.9768E+01  3.4751E+01  8.5738E-01  1.7658E+02  1.9274E+01 -1.7514E+02
  1.0038E+01  2.9804E+01  3.4751E+01  8.5737E-01  1.7658E+02  1.9275E+01 -1.7514E+02
  1.0049E+01  2.9840E+01  3.4751E+01  8.5736E-01  1.7658E+02  1.9276E+01 -1.7514E+02
  1.0059E+01  2.9876E+01  3.4751E+01  8.5734E-01  1.7657E+02  1.9277E+01 -1.7514E+02
  1.0070E+01  2.9911E+01  3.4751E+01  8.5733E-01  1.7657E+02  1.9278E+01 -1.7514E+02
  1.0081E+01  2.9947E+01  3.4751E+01  8.5732E-01  1.7657E+02  1.9279E+01 -1.7513E+02
  1.0092E+01  2.9983E+01  3.4751E+01  8.5731E-01  1.7657E+02  1.9280E+01 -1.7513E+02
  1.0102E+01  3.0019E+01  3.4751E+01  8.5729E-01  1.7657E+02  1.9281E+01 -1.7513E+02
  1.0113E+01  3.0055E+01  3.4751E+01  8.5728E-01  1.7656E+02  1.9282E+01 -1.7513E+02
  1.0124E+01  3.0091E+01  3.4751E+01  8.5727E-01  1.7656E+02  1.9283E+01 -1.7512E+02
  1.0135E+01  3.0126E+01  3.4751E+01  8.5726E-01  1.7656E+02  1.9284E+01 -1.7512E+02
  1.0145E+01  3.0162E+01  3.4751E+01  8.5724E-01  1.7656E+02  1.9285E+01 -1.7512E+02
  1.0156E+01  3.0198E+01  3.4751E+01  8.5723E-01  1.7656E+02  1.9286E+01 -1.7512E+02
  1.0167E+01  3.0234E+01  3.4751E+01  8.5722E-01  1.7655E+02  1.9288E+01 -1.7511E+02
  1.0177E+01  3.0269E+01  3.4751E+01  8.5721E-01  1.7655E+02  1.9289E+01 -1.7511E+02
  1.0188E+01  3.0305E+01  3.4751E+01  8.5719E-01  1.7655E+02  1.9290E+01 -1.7511E+02
  1.0199E+01  3.0341E+01  3.4751E+01  8.5718E-01  1.7655E+02  1.9291E+01 -1.7511E+02
  1.0210E+01  3.0377E+01  3.4751E+01  8.5717E-01  1.7654E+02  1.9292E+01 -1.7510E+02
  1.0220E+01  3.0413E+01  3.4751E+01  8.5716E-01  1.7654E+02  1.9293E+01 -1.7510E+02
  1.0231E+01  3.0448E+01  3.4751E+01  8.5714E-01  1.7654E+02  1.9294E+01 -1.7510E+02
  1.0242E+01  3.0484E+01  3.4751E+01  8.5713E-01  1.7654E+02  1.9295E+01 -1.7510E+02
  1.0253E+01  3.0520E+01  3.4751E+01  8.5712E-01  1.7654E+02  1.9296E+01 -1.7509E+02
  1.0263E+01  3.0556E+01  3.4751E+01  8.5711E-01  1.7653E+02  1.9298E+01 -1.7509E+02
  1.0274E+01  3.0591E+01  3.4751E+01  8.5709E-01  1.7653E+02  1.9299E+01 -1.7509E+02
  1.0285E+01  3.0627E+01  3.4751E+01  8.5708E-01  1.7653E+02  1.9301E+01 -1.7509E+02
  1.0295E+01  3.0663E+01  3.4751E+01  8.5707E-01  1.7653E+02  1.9303E+01 -1.7508E+02
  1.0306E+01  3.0699E+01  3.4751E+01  8.5705E-01  1.7652E+02  1.9305E+01 -1.7508E+02
  1.0317E+01  3.0734E+01  3.4751E+01  8.5704E-01  1.7652E+02  1.9307E+01 -1.7508E+02
  1.0328E+01  3.0770E+01  3.4751E+01  8.5703E-01  1.7652E+02  1.9309E+01 -1.7508E+02
  1.0338E+01  3.0806E+01  3.4751E+01  8.5701E-01  1.7652E+02  1.9311E+01 -1.7507E+02
  1.0349E+01  3.0842E+01  3.4751E+01  8.5700E-01  1.7651E+02  1.9313E+01 -1.7507E+02
  1.0360E+01  3.0878E+01  3.4751E+01  8.5699E-01  1.7651E+02  1.9315E+01 -1.7507E+02
  1.0371E+01  3.0913E+01  3.4751E+01  8.5697E-01  1.7651E+02  1.9317E+01 -1.7506E+02
  1.0381E+01  3.0949E+01  3.4751E+01  8.5696E-01  1.7651E+02  1.9319E+01 -1.7506E+02
  1.0392E+01  3.0985E+01  3.4751E+01  8.5695E-01  1.7651E+02  1.9321E+01 -1.7506E+02
  1.0403E+01  3.1021E+01  3.4751E+01  8.5693E-01  1.7650E+02  1.9323E+01 -1.7506E+02
  1.0413E+01  3.1056E+01  3.4751E+01  8.5692E-01  1.7650E+02  1.9325E+01 -1.7505E+02
  1.0424E+01  3.1092E+01  3.4751E+01  8.5691E-01  1.7650E+02  1.9327E+01 -1.7505E+02
  1.0435E+01  3.1128E+01  3.4751E+01  8.5689E-01  1.7650E+02  1.9330E+01 -1.7505E+02
  1.0446E+01  3.1164E+01  3.4751E+01  8.5688E-01  1.7649E+02  1.9332E+01 -1.7505E+02
  1.0456E+01  3.1200E+01  3.4751E+01  8.5687E-01  1.7649E+02  1.9334E+01 -1.7504E+02
  1.0467E+01  3.1236E+01  3.4751E+01  8.5685E-01  1.7649E+02  1.9336E+01 -1.7504E+02
  1.0478E+01  3.1271E+01  3.4751E+01  8.5684E-01  1.7649E+02  1.9338E+01 -1.7504E+02
  1.0489E+01  3.1307E+01  3.4751E+01  8.5683E-01  1.7648E+02  1.9340E+01 -1.7503E+02
  1.0499E+01  3.1343E+01  3.4751E+01  8.5681E-01  1.7648E+02  1.9342E+01 -1.7503E+02
  1.0510E+01  3.1379E+01  3.4751E+01  8.5680E-01  1.7648E+02  1.9344E+01 -1.7503E+02
  1.0521E+01  3.1414E+01  3.4751E+01  8.5679E-01  1.7648E+02  1.9347E+01 -1.7503E+02
  1.0531E+01  3.1450E+01  3.4751E+01  8.5677E-01  1.7647E+02  1.9349E+01 -1.7502E+02
  1.0542E+01  3.1486E+01  3.4751E+01  8.5676E-01  1.7647E+02  1.9351E+01 -1.7502E+02
  1.0553E+01  3.1522E+01  3.4751E+01  8.5675E-01  1.7647E+02  1.9353E+01 -1.7502E+02
  1.0564E+01  3.1558E+01  3.4751E+01  8.5673E-01  1.7647E+02  1.9355E+01 -1.7501E+02
  1.0574E+01  3.1593E+01  3.4751E+01  8.5672E-01  1.7646E+02  1.9357E+01 -1.7501E+02
  1.0585E+01  3.1629E+01  3.4751E+01  8.5671E-01  1.7646E+02  1.9359E+01 -1.7501E+02
  1.0596E+01  3.1665E+01  3.4751E+01  8.5669E-01  1.7646E+02  1.9362E+01 -1.7501E+02
  1.0607E+01  3.1701E+01  3.4751E+01  8.5668E-01  1.7646E+02  1.9364E+01 -1.7500E+02
  1.0617E+01  3.1736E+01  3.4751E+01  8.5667E-01  1.7645E+02  1.9366E+01 -1.7500E+02
  1.0628E+01  3.1772E+01  3.4751E+01  8.5665E-01  1.7645E+02  1.9368E+01 -1.7500E+02
  1.0639E+01  3.1808E+01  3.4751E+01  8.5664E-01  1.7645E+02  1.9370E+01 -1.7499E+02
  1.0649E+01  3.1844E+01  3.4751E+01  8.5663E-01  1.7645E+02  1.9373E+01 -1.7499E+02
  1.0660E+01  3.1880E+01  3.4751E+01  8.5661E-01  1.7644E+02  1.9375E+01 -1.7499E+02
  1.0671E+01  3.1915E+01  3.4751E+01  8.5660E-01  1.7644E+02  1.9377E+01 -1.7499E+02
  1.0682E+01  3.1951E+01  3.4751E+01  8.5659E-01  1.7644E+02  1.9379E+01 -1.7498E+02
  1.0692E+01  3.1987E+01  3.4751E+01  8.5657E-01  1.7644E+02  1.9381E+01 -1.7498E+02
  1.0703E+01  3.2023E+01  3.4751E+01  8.5656E-01  1.7643E+02  1.9384E+01 -1.7498E+02
  1.0714E+01  3.2058E+01  3.4751E+01  8.5655E-01  1.7643E+02  1.9386E+01 -1.7497E+02
  1.0725E+01  3.2094E+01  3.4751E+01  8.5653E-01  1.7643E+02  1.9388E+01 -1.7497E+02
  1.0746E+01  3.2166E+01  3.4751E+01  8.5651E-01  1.7642E+02  1.9392E+01 -1.7496E+02
