 -2.716203688837E-04 -6.445460661673E-05  6.313015053484E+00 -2.209404862451E+03  1.477549208889E+03  3.527232214824E+07  2.688418156476E+01 -4.882812500000E-04   1   5
 -1.190720037521E-03 -3.314282355323E-04  4.154936938923E-04 -9.656422098986E+03  8.534406158545E+03 -9.455380007398E+04 -9.524133400025E+00 -4.882812500000E-04   1   3
 -7.447735336532E-03  7.702874243128E-05 -5.088967486584E-04 -6.128353449773E+04 -1.617284345481E+03  1.062110342101E+05 -9.525393936329E+00 -4.882812500000E-04   1   3
 -6.226637545093E-04 -1.136087911039E-04  8.019610018373E-04 -4.677953315266E+03  6.023740296574E+03 -1.910103699928E+05 -9.523185122184E+00 -4.882812500000E-04   1   3
 -3.720964711072E-03  5.150660599475E-05 -9.819470752568E-04 -3.023433793759E+04 -1.221470910256E+03  1.766899425306E+05 -9.527259903061E+00 -4.882812500000E-04   1   3
 -2.796167526580E-03 -5.544576556885E-04  1.281558479506E-03 -2.156467798672E+04  2.004566923234E+04 -3.104353555795E+05 -9.521315904711E+00 -4.882812500000E-04   1   3
 -1.114361629344E-02  2.220960577608E-04 -1.297765733232E-03 -9.165358056895E+04 -4.539759986195E+03  2.208333519947E+05 -9.526837249556E+00 -4.882812500000E-04   1   3
 -1.940760055949E-03 -6.043962602855E-04 -8.293540335913E-04 -1.562281975755E+04  1.422580849396E+04  1.559500876300E+05 -9.527154921143E+00 -4.882812500000E-04   1   5
 -1.294465910563E-02  2.448162627408E-04 -1.466323085292E-03 -1.066547784013E+05 -4.735789662969E+03  2.373774100000E+05 -9.527026194125E+00 -4.882812500000E-04   1   5
  6.165613837187E-03 -6.880196359956E-04  1.201319669260E-03  5.060366127495E+04  2.327458780782E+04 -2.814618491577E+05 -9.523349266721E+00 -4.882812500000E-04   1   5
 -3.777500439715E-03  6.953240629685E-05 -1.158358140945E-04 -3.095131556134E+04 -2.010189688951E+03  2.693986236688E+04 -9.525019081208E+00 -4.882812500000E-04   1   5
 -1.292789177012E-03  4.154179052430E-04  7.819407183485E-04 -1.013064323246E+04 -1.444500739323E+04 -1.861239609444E+05 -9.523100877153E+00 -4.882812500000E-04   1   5
 -5.830481381575E-03 -4.372344500166E-04 -4.009370078046E-04 -4.779244070053E+04  1.133709502154E+04  8.729149961504E+04 -9.525350046269E+00 -4.882812500000E-04   1   5
  6.583606181722E-03  4.888257461002E-04  6.086571444568E-04  5.372378950628E+04 -1.415575035836E+04 -1.366554790825E+05 -9.525048233807E+00 -4.882812500000E-04   1   5
  1.299095044992E-03  3.751346663964E-04  7.140848258231E-04  1.080475965965E+04 -1.169149700755E+04 -1.664494622795E+05 -9.523800262181E+00 -4.882812500000E-04   1   5
 -3.121954402370E-03  2.355087900940E-04  7.636993172806E-04 -2.497182680553E+04 -7.951058844787E+03 -1.832532339774E+05 -9.522791434626E+00 -4.882812500000E-04   1   5
  4.935285466563E-03  3.991939915317E-04 -4.467580386667E-04  4.076956029092E+04 -9.415860927946E+03  9.091979963190E+04 -9.527358411393E+00 -4.882812500000E-04   1   5
 -2.893705033875E-03 -9.522761179902E-04  2.222327956014E-04 -2.361390487098E+04  2.504482271448E+04 -5.205357281036E+04 -9.524299215810E+00 -4.882812500000E-04   1   5
 -5.066365445946E-03 -4.212261963467E-04  3.935547611542E-04 -4.125492178948E+04  1.257837702965E+04 -9.047310420673E+04 -9.523440958482E+00 -4.882812500000E-04   1   5
 -9.795842203361E-03  1.350730326069E-04  1.113892419790E-03 -7.859975113840E+04 -4.054281728284E+03 -2.731890082518E+05 -9.520408785567E+00 -4.882812500000E-04   1   5
 -5.130385323947E-03  5.555976661973E-04  1.154210136592E-03 -4.078350333345E+04 -1.704027397245E+04 -2.753385494049E+05 -9.521244656299E+00 -4.882812500000E-04   1   5
  5.504669369401E-03 -2.185834566920E-04  9.575886351598E-05  4.496677656509E+04  6.019852890801E+03 -2.164601465158E+04 -9.526178528101E+00 -4.882812500000E-04   1   5
  3.474514010794E-03 -5.508498138317E-04  5.860774225779E-04  2.841631519032E+04  1.641038820595E+04 -1.321576389747E+05 -9.524540538738E+00 -4.882812500000E-04   1   5
  5.527975496741E-03 -4.085888894884E-04 -5.062883663056E-04  4.559914239291E+04  1.063636001577E+04  1.023842043367E+05 -9.527623504220E+00 -4.882812500000E-04   1   5
  6.889050267829E-04 -7.162585732183E-05  1.082268799159E-03  5.972384353234E+03  2.961724263271E+03 -2.614672943002E+05 -9.522731255052E+00 -4.882812500000E-04   1   5
 -5.316988217348E-03  3.129053187431E-04  1.340996257074E-03 -4.176385701144E+04 -1.189966157827E+04 -3.298730359348E+05 -9.520613018351E+00 -4.882812500000E-04   1   5
 -2.050045641406E-04 -6.328221745643E-04 -1.369162562475E-03 -9.745406299380E+02  1.400925155328E+04  2.269001165696E+05 -9.528878667482E+00 -4.882812500000E-04   1   5
 -6.546026439880E-03 -7.290239418154E-04  1.157413534701E-03 -5.201843837755E+04  2.493842599003E+04 -2.883181264420E+05 -9.520905541641E+00 -4.882812500000E-04   1   5
 -5.116947190124E-03  5.433887218795E-06  8.536771447334E-04 -4.095654298467E+04  3.420181220181E+02 -2.098062937751E+05 -9.522121836899E+00 -4.882812500000E-04   1   5
 -5.488290294298E-03 -7.027768266585E-04  3.797899315812E-04 -4.472005592927E+04  1.983905462007E+04 -8.807217688128E+04 -9.523394385694E+00 -4.882812500000E-04   1   5
  4.768514949936E-03 -1.362085266047E-04 -9.801669317300E-04  4.001331398458E+04  2.574309340633E+03  1.731108168764E+05 -9.528638542086E+00 -4.882812500000E-04   1   5
  2.069688077002E-03  5.370132761649E-04 -7.020581451842E-04  1.737415010259E+04 -1.340157940619E+04  1.362266373736E+05 -9.527505777049E+00 -4.882812500000E-04   1   5
  1.255017788507E-03  6.872539560074E-04 -4.212357874867E-04  1.050754953214E+04 -1.684824411872E+04  8.801082367533E+04 -9.526654158823E+00 -4.882812500000E-04   1   5
  1.481988288810E-03 -5.859439026011E-04  7.252972176222E-04  1.230184788888E+04  1.863627291829E+04 -1.690679784642E+05 -9.523794936252E+00 -4.882812500000E-04   1   5
  1.093570845144E-02  3.747799963565E-04  4.077270994784E-04  8.925915850947E+04 -1.026220124766E+04 -9.119792606679E+04 -9.526315027206E+00 -4.882812500000E-04   1   5
 -4.018147011520E-03  4.931743797811E-04  7.881382125490E-04 -3.225584067164E+04 -1.683152133544E+04 -1.913928343727E+05 -9.522551828345E+00 -4.882812500000E-04   1   5
  8.252267972011E-03 -8.317252302129E-05  1.252808197986E-03  6.740615640183E+04  3.601309242234E+03 -2.918021844627E+05 -9.523644182178E+00 -4.882812500000E-04   1   5
 -3.665446965494E-04 -7.884722089657E-04 -6.756101519025E-04 -2.685609713748E+03  1.903653324258E+04  1.337367998240E+05 -9.527004543830E+00 -4.882812500000E-04   1   5
  4.067828973510E-03 -4.457344216052E-04  7.002422458156E-04  3.330578516918E+04  1.341890906667E+04 -1.610971550158E+05 -9.524350428106E+00 -4.882812500000E-04   1   5
 -4.398438122040E-03  1.914230206326E-04  9.335406170150E-04 -3.507327267483E+04 -7.964983074767E+03 -2.303779204744E+05 -9.522053273476E+00 -4.882812500000E-04   1   5
  5.760171441044E-03  2.582946316735E-04  4.123912286031E-04  4.702944756738E+04 -7.751487184001E+03 -9.180549778529E+04 -9.525411895431E+00 -4.882812500000E-04   1   5
  6.495929018221E-03 -6.551458830876E-06  5.789893015011E-04  5.288080261594E+04  5.645559938296E+02 -1.290597517404E+05 -9.525151224920E+00 -4.882812500000E-04   1   5
  1.115437026494E-03 -6.593906496108E-04  8.018068017090E-04  9.419725076447E+03  2.132035226412E+04 -1.903807545678E+05 -9.523508661394E+00 -4.882812500000E-04   1   5
  6.097286969221E-03 -3.023070011349E-04 -4.294784541168E-04  5.032877483390E+04  7.712457235191E+03  8.718575943979E+04 -9.527505967288E+00 -4.882812500000E-04   1   5
 -6.527683286848E-03 -2.538566532746E-06 -2.768602464922E-04 -5.344504973122E+04  4.034845713336E+02  6.339076575539E+04 -9.524886244643E+00 -4.882812500000E-04   1   5
  2.801108990729E-03  8.512159283109E-04  8.842034893330E-05  2.296986033786E+04 -2.250987920716E+04 -2.008176352029E+04 -9.525670850735E+00 -4.882812500000E-04   1   5
 -1.282091790694E-03  1.142642778239E-04  8.164388229490E-04 -9.995997466119E+03 -5.808506615849E+03 -1.955468736386E+05 -9.523012164315E+00 -4.882812500000E-04   1   5
  7.436994639702E-03 -1.224494047614E-04 -1.126872297012E-03  6.199527365661E+04  2.426858785753E+03  1.910679778234E+05 -9.529493333161E+00 -4.882812500000E-04   1   5
  2.185443697329E-03 -5.178888658883E-04 -3.347938620895E-04  1.812107501790E+04  1.292094676584E+04  7.054594266476E+04 -9.526604896351E+00 -4.882812500000E-04   1   5
 -3.260856681516E-03  2.025811185595E-04 -1.581508248512E-04 -2.666056132552E+04 -6.720828536925E+03  3.745175210451E+04 -9.525199235494E+00 -4.882812500000E-04   1   5
  4.866919497323E-03  3.087067592388E-04  6.236937067454E-04  3.974209125107E+04 -9.365515339484E+03 -1.404153940857E+05 -9.524707444262E+00 -4.882812500000E-04   1   5
  7.112983217336E-03 -6.467389888267E-04  8.861838453811E-05  5.823926474003E+04  1.720770775618E+04 -2.095872006882E+04 -9.526433582445E+00 -4.882812500000E-04   1   5
  1.353731030499E-03 -4.336246581813E-04  5.334753106228E-04  1.117287414908E+04  1.291177511086E+04 -1.204876069608E+05 -9.524279542466E+00 -4.882812500000E-04   1   5
 -7.815626623010E-03  4.681224909810E-04  7.967031619058E-04 -6.300133846185E+04 -1.510662077127E+04 -1.993007214292E+05 -9.521752956100E+00 -4.882812500000E-04   1   5
 -7.627227822270E-03 -1.149425539637E-04 -1.013421171281E-03 -6.252069912236E+04  2.197349167491E+03  1.831526191321E+05 -9.526661650931E+00 -4.882812500000E-04   1   5
 -1.652960734847E-03  5.880878937068E-04 -2.502269647700E-04 -1.346275303924E+04 -1.506208767667E+04  5.598916600413E+04 -9.525719234469E+00 -4.882812500000E-04   1   5
 -5.077136294120E-03  5.080960296185E-04 -1.576651815718E-04 -4.157814598339E+04 -1.274100454211E+04  3.729101606277E+04 -9.524864665623E+00 -4.882812500000E-04   1   5
 -1.228145425947E-03  1.645128560983E-05 -1.524857685687E-03 -9.226893985082E+03 -4.182699203003E+02  2.433158381375E+05 -9.529112340076E+00 -4.882812500000E-04   1   5
  1.218019195149E-03 -4.911293544968E-04  1.055683050990E-03  1.048636237504E+04  1.618635022274E+04 -2.516763111334E+05 -9.522819757719E+00 -4.882812500000E-04   1   5
  1.102317944159E-02  1.093001088962E-04  1.262905098327E-03  8.983744128850E+04 -3.598640350640E+03 -2.897006663300E+05 -9.524109582620E+00 -4.882812500000E-04   1   5
 -4.860902428495E-04 -6.954796665771E-04 -2.977577608396E-04 -3.899374163149E+03  1.782055556101E+04  6.507458198167E+04 -9.526051773283E+00 -4.882812500000E-04   1   5
 -1.169095714397E-02  3.176108052616E-04  2.919725127493E-04 -9.551390379102E+04 -8.231368032066E+03 -7.125707330923E+04 -9.522446912973E+00 -4.882812500000E-04   1   5
  1.496470424441E-03  2.357036515884E-04 -8.987216625300E-04  1.280767865601E+04 -5.872123793127E+03  1.637455631057E+05 -9.527922176616E+00 -4.882812500000E-04   1   5
 -4.114119305539E-04 -8.382827282109E-04  1.129051770676E-03 -2.565539663750E+03  2.760937449356E+04 -2.712576587615E+05 -9.522253715838E+00 -4.882812500000E-04   1   5
  4.329059929903E-03 -2.258082704080E-04  7.990681873284E-04  3.540774068412E+04  7.166657294931E+03 -1.867212466456E+05 -9.524162878201E+00 -4.882812500000E-04   1   5
  2.089218182656E-03 -2.657761418585E-04 -1.596727361079E-03  1.838271131167E+04  4.428022548870E+03  2.523552650772E+05 -9.529814742301E+00 -4.882812500000E-04   1   5
  8.490292856340E-03 -4.537769660301E-04  1.225877383462E-03  6.937317130052E+04  1.621063718454E+04 -2.855181058858E+05 -9.523737436985E+00 -4.882812500000E-04   1   5
  3.071534374149E-03  5.485923329583E-04 -7.096021147781E-04  2.557101048932E+04 -1.366778681761E+04  1.382980856464E+05 -9.527705166222E+00 -4.882812500000E-04   1   5
 -8.748644805207E-04  9.041906059028E-04  3.988400159249E-04 -7.025875113395E+03 -2.492938241487E+04 -9.123121662725E+04 -9.524200895091E+00 -4.882812500000E-04   1   5
  8.538666590393E-03  6.813003210336E-04  3.477293071734E-04  6.978367856959E+04 -1.845711354933E+04 -7.866096228979E+04 -9.526033445571E+00 -4.882812500000E-04   1   5
 -3.470547614230E-03  3.796244094757E-04 -6.145567632556E-04 -2.824014207556E+04 -9.816150858843E+03  1.250034963546E+05 -9.526301181142E+00 -4.882812500000E-04   1   5
 -1.012390683076E-02 -4.106196667787E-05  1.241085755704E-03 -8.094476210145E+04  1.215130635123E+03 -3.052623966165E+05 -9.519933922384E+00 -4.882812500000E-04   1   5
  2.396956551930E-04  7.649100459965E-04  1.228157174182E-04  2.018660480157E+03 -2.037089350669E+04 -2.797693657178E+04 -9.525127414257E+00 -4.882812500000E-04   1   5
 -1.001829198653E-02  2.001180462716E-06 -1.253902866454E-03 -8.228994180798E+04  3.393019122200E+02  2.167277960370E+05 -9.526896622172E+00 -4.882812500000E-04   1   5
  6.376118917488E-03  2.399569576700E-04  5.879395485424E-04  5.204829097240E+04 -7.403818719992E+03 -1.313629919958E+05 -9.525066304504E+00 -4.882812500000E-04   1   5
 -8.124526746933E-03  7.861098551261E-05  6.026627998983E-04 -6.591722820719E+04 -2.590506112771E+03 -1.439905584930E+05 -9.522262161780E+00 -4.882812500000E-04   1   5
 -4.805351763559E-03  1.791320150132E-04  8.562475358636E-04 -3.845056732876E+04 -6.769493809170E+03 -2.102299704071E+05 -9.522182883956E+00 -4.882812500000E-04   1   5
 -3.010103922954E-03 -2.125460208783E-04 -1.081166776579E-03 -2.429647379110E+04  4.909433226808E+03  1.886822063684E+05 -9.527645378177E+00 -4.882812500000E-04   1   5
  2.335889118608E-03  2.555287910450E-04 -7.753107276196E-04  1.967723844509E+04 -4.895269743162E+03  1.460443811951E+05 -9.527733421012E+00 -4.882812500000E-04   1   5
  7.453143624728E-03  4.661696678826E-04 -8.180632721890E-04  6.184202206448E+04 -1.068320909941E+04  1.506464351006E+05 -9.528689884197E+00 -4.882812500000E-04   1   5
 -2.974920850830E-03  7.923720152920E-04 -1.159642880872E-03 -2.401714729190E+04 -1.711387369252E+04  2.004554968505E+05 -9.527858399792E+00 -4.882812500000E-04   1   5
 -2.034223481666E-03 -6.517483983186E-04 -9.680039952968E-04 -1.631255118858E+04  1.484675255368E+04  1.743436003917E+05 -9.527505249990E+00 -4.882812500000E-04   1   5
  2.001331203670E-03 -2.072171225075E-04  4.824977735574E-04  1.621060048999E+04  7.862900113849E+03 -1.074837619260E+05 -9.524596073683E+00 -4.882812500000E-04   1   5
 -7.561162206177E-03  4.613617799904E-04  2.528954827348E-04 -6.178944505156E+04 -1.268082408128E+04 -5.995438017644E+04 -9.523357764784E+00 -4.882812500000E-04   1   5
 -1.036055008555E-02  5.524293398647E-04  1.048844699789E-03 -8.307904415869E+04 -1.818115908164E+04 -2.679133122821E+05 -9.520448932929E+00 -4.882812500000E-04   1   5
 -1.914320820808E-03  3.982575002077E-04  9.335588797654E-05 -1.567518205646E+04 -1.100929656367E+04 -2.146399088725E+04 -9.524837887344E+00 -4.882812500000E-04   1   5
 -6.579293704731E-03 -1.826010031457E-04 -6.608868720299E-04 -5.388644331373E+04  4.139820836038E+03  1.338331213826E+05 -9.525878883219E+00 -4.882812500000E-04   1   5
  6.082251539047E-03  8.413621713125E-04 -1.442570803960E-03  5.117169175872E+04 -1.696946861598E+04  2.287748461214E+05 -9.530079971884E+00 -4.882812500000E-04   1   5
 -5.279319503423E-04 -2.096572025445E-04  1.172578122599E-05 -4.274723192648E+03  4.986287212397E+03 -2.591780483559E+03 -9.525284144365E+00 -4.882812500000E-04   1   5
 -5.866819333477E-03 -6.665573317632E-04 -1.180972059531E-03 -4.790101414555E+04  1.430431759516E+04  2.045379222601E+05 -9.527413742880E+00 -4.882812500000E-04   1   5
 -8.822182038080E-03 -3.256572323719E-05  1.214504715855E-03 -7.023810451771E+04  8.605497450441E+02 -3.046872005080E+05 -9.520251390572E+00 -4.882812500000E-04   1   5
  1.240729010241E-03  6.648966986222E-05 -1.573153254805E-03  1.133206510425E+04 -9.216932058676E+02  2.499729751101E+05 -9.529616735982E+00 -4.882812500000E-04   1   5
 -5.823675281700E-03  5.793875480388E-04 -5.092825744279E-04 -4.773202165583E+04 -1.456359529202E+04  1.077056269612E+05 -9.525627164179E+00 -4.882812500000E-04   1   5
  4.756696258945E-03 -5.483927448693E-04 -6.970065542724E-04  3.958302198096E+04  1.163331421380E+04  1.328477231338E+05 -9.527928959588E+00 -4.882812500000E-04   1   5
  8.881286905834E-03 -1.333771587195E-04  6.558376345822E-05  7.266019231105E+04  3.814248488439E+03 -1.551961501044E+04 -9.526815690706E+00 -4.882812500000E-04   1   5
  5.668552789515E-03  1.068247783229E-04 -9.034681311713E-04  4.708624438268E+04 -2.473114095402E+03  1.649219875570E+05 -9.528652648282E+00 -4.882812500000E-04   1   5
  4.259404926220E-03  3.547977965935E-04  1.466897465036E-03  3.565616797256E+04 -1.085568515119E+04 -3.442000775774E+05 -9.522168460247E+00 -4.882812500000E-04   1   5
  7.790402997722E-03  5.870185416846E-04  1.525337170873E-04  6.375388938667E+04 -1.556760307011E+04 -3.577553391308E+04 -9.526395692277E+00 -4.882812500000E-04   1   5
  1.960638518266E-03 -5.097935113876E-04 -8.257051276983E-04  1.654454335745E+04  1.155061508500E+04  1.535897789278E+05 -9.527815859520E+00 -4.882812500000E-04   1   5
 -2.151120338202E-03 -2.923659810397E-04  1.386254881563E-03 -1.623084086392E+04  1.015247865527E+04 -3.326372393327E+05 -9.521145579870E+00 -4.882812500000E-04   1   5
  1.015983660503E-02 -2.431442864295E-04  5.083446541976E-04  8.286058346018E+04  7.405887288555E+03 -1.130419570685E+05 -9.525938717939E+00 -4.882812500000E-04   1   5
 -3.052821929474E-03  1.621315442365E-04  8.543522779902E-06 -2.486091053144E+04 -6.343317982641E+03  7.069389304295E+02 -9.524794360940E+00 -4.882812500000E-04   1   5
 -2.725343742314E-03 -4.289477327629E-04  9.099698925583E-04 -2.162004416512E+04  1.572908918252E+04 -2.229221989332E+05 -9.522471185744E+00 -4.882812500000E-04   1   5
  1.010119472254E-02  2.997989240973E-04  4.514565374665E-04  8.244206190451E+04 -8.604399438103E+03 -1.004657718760E+05 -9.526061898151E+00 -4.882812500000E-04   1   5
  4.154231376739E-04 -4.134530776260E-04  5.393973952099E-04  3.537671997605E+03  1.304771157738E+04 -1.218794932297E+05 -9.524086005099E+00 -4.882812500000E-04   1   5
  5.469192315218E-03 -5.306201609647E-04 -6.783764327611E-04  4.547691212367E+04  1.148389767625E+04  1.294314392084E+05 -9.527989496727E+00 -4.882812500000E-04   1   5
 -7.775924468397E-03 -5.567398317809E-05 -4.115718456017E-04 -6.383304893866E+04  1.684420013123E+03  8.980409659615E+04 -9.525034022741E+00 -4.882812500000E-04   1   5
  1.640282245858E-03 -2.441986742672E-04 -1.100092748883E-03  1.410719329030E+04  5.844505770959E+03  1.890291635864E+05 -9.528488146695E+00 -4.882812500000E-04   1   5
 -6.418159739813E-03  4.138545951923E-04  5.258379498452E-04 -5.217742639138E+04 -1.238397917923E+04 -1.228689497417E+05 -9.522824009963E+00 -4.882812500000E-04   1   5
  5.152034134134E-05  6.050530124211E-04 -6.204407753447E-04  7.379962938702E+02 -1.508228141587E+04  1.241210769361E+05 -9.526939709766E+00 -4.882812500000E-04   1   5
  5.585854826334E-03 -6.353274152240E-04  1.120489076361E-03  4.587591230053E+04  2.119038337345E+04 -2.630420881106E+05 -9.523468290515E+00 -4.882812500000E-04   1   5
  3.379985730978E-03 -2.043487891373E-04  3.673130750155E-04  2.760359077785E+04  6.126938854167E+03 -8.211141339026E+04 -9.525106010361E+00 -4.882812500000E-04   1   5
  5.936798833218E-03 -4.838013888562E-04 -2.629909266458E-04  4.887878399390E+04  1.179092107821E+04  5.492662077436E+04 -9.527073379248E+00 -4.882812500000E-04   1   5
  9.751382096010E-03  2.147657432537E-05  8.428586872329E-04  7.937858243243E+04 -8.521410846555E+02 -1.949557986961E+05 -9.525049610402E+00 -4.882812500000E-04   1   5
 -1.154238299202E-02  4.008152454477E-04 -1.357246085520E-03 -9.497704720534E+04 -7.869425054771E+03  2.262733311677E+05 -9.526944898838E+00 -4.882812500000E-04   1   5
  1.177300423049E-02  1.813298786419E-05  1.315823263022E-03  9.607623971644E+04 -4.293308417362E+02 -2.934543692941E+05 -9.524032216555E+00 -4.882812500000E-04   1   5
 -1.287413693111E-03 -5.119347691512E-04 -1.473191800727E-03 -9.837370756273E+03  1.094187547976E+04  2.352115464530E+05 -9.528990903676E+00 -4.882812500000E-04   1   5
 -1.403724740780E-02 -3.153209861638E-04  1.019565645930E-03 -1.129560882965E+05  1.040712651713E+04 -2.652012767648E+05 -9.519769215715E+00 -4.882812500000E-04   1   5
 -3.436050106638E-03  2.523244169698E-04 -7.436586822278E-04 -2.800554021169E+04 -5.608350191035E+03  1.443281291403E+05 -9.526676596383E+00 -4.882812500000E-04   1   5
  3.126712780464E-03  6.811455101311E-04 -1.749941574793E-04  2.575120179066E+04 -1.770628882338E+04  3.880886532491E+04 -9.526371887827E+00 -4.882812500000E-04   1   5
 -5.094809752646E-04 -1.943371215250E-04 -9.059695799518E-04 -3.774220101708E+03  4.720325724325E+03  1.656951534540E+05 -9.527611308108E+00 -4.882812500000E-04   1   5
 -7.347010733902E-03 -2.032559425394E-04 -5.557794952100E-04 -6.045432037246E+04  4.357553797501E+03  1.146457833269E+05 -9.525533766674E+00 -4.882812500000E-04   1   5
  5.043627695008E-03 -8.237239022137E-04  2.126546327963E-04  4.129619049592E+04  2.220974272536E+04 -4.861645646743E+04 -9.525755227772E+00 -4.882812500000E-04   1   5
 -4.115055747086E-03  7.037783255773E-04  5.261181699705E-04 -3.337261787492E+04 -2.000780505605E+04 -1.220770071508E+05 -9.523253664196E+00 -4.882812500000E-04   1   5
 -9.222121296430E-03  5.902804271312E-05  1.052399451972E-03 -7.402291139602E+04 -1.834305791428E+03 -2.610085194262E+05 -9.520715595628E+00 -4.882812500000E-04   1   5
  5.521506626116E-03 -5.208550351516E-05 -2.740479360606E-04  4.530990928189E+04  1.525418232472E+03  5.897398058102E+04 -9.527074829786E+00 -4.882812500000E-04   1   5
 -4.353959536216E-03  3.025152906212E-04  2.663816700199E-05 -3.565237953493E+04 -8.285345397710E+03 -5.844525551662E+03 -9.524552546237E+00 -4.882812500000E-04   1   5
  1.024148691491E-03  4.768538035954E-06  3.263088013172E-04  8.423185489190E+03  1.820314158616E+02 -7.384136450326E+04 -9.524772526227E+00 -4.882812500000E-04   1   5
  1.618975147266E-03 -3.028277528147E-05  7.628271987397E-04  1.329097662888E+04  2.437879823009E+03 -1.782450724597E+05 -9.523774016050E+00 -4.882812500000E-04   1   5
  2.634910687532E-03  2.511381722761E-04 -7.933926160542E-04  2.195680196214E+04 -7.213017131988E+03  1.507250312998E+05 -9.527874115430E+00 -4.882812500000E-04   1   5
  2.661982842345E-03  8.658854324366E-04  1.515647648374E-04  2.184042476611E+04 -2.324189678492E+04 -3.443403756297E+04 -9.525482807579E+00 -4.882812500000E-04   1   5
 -1.939708574537E-03 -3.788862823139E-04  1.344572373416E-03 -1.455905221310E+04  1.499838354111E+04 -3.262891584229E+05 -9.521313990263E+00 -4.882812500000E-04   1   5
 -5.378511398684E-03 -5.695720523693E-04  1.346842003077E-03 -4.237202297052E+04  1.749806416075E+04 -3.259623154002E+05 -9.520593620827E+00 -4.882812500000E-04   1   5
 -7.240452712303E-03  1.353058901233E-05  6.122211334825E-04 -5.872662917622E+04 -7.113521477091E+02 -1.457273251515E+05 -9.522417251757E+00 -4.882812500000E-04   1   5
  3.049502148152E-04  6.186956993385E-04  9.698181030604E-04  3.040922595434E+03 -2.141601307930E+04 -2.359427407292E+05 -9.522882452354E+00 -4.882812500000E-04   1   5
  1.836993376810E-03  2.330099951889E-04 -1.233702916927E-04  1.500972081826E+04 -8.242256966111E+03  2.948193279251E+04 -9.526063276672E+00 -4.882812500000E-04   1   5
  8.163379776721E-04 -4.552194322194E-04 -5.475891216955E-04  6.947106704128E+03  1.062719140835E+04  1.104284862309E+05 -9.526908393559E+00 -4.882812500000E-04   1   5
 -4.318303440864E-03  4.144195075124E-04  7.859861900190E-04 -3.464355168858E+04 -1.362627675539E+04 -1.906620892145E+05 -9.522485834799E+00 -4.882812500000E-04   1   5
  2.438962352329E-03  7.687709823470E-04 -1.570356401501E-04  2.009969725728E+04 -1.843303002444E+04  3.412664206769E+04 -9.526211495135E+00 -4.882812500000E-04   1   5
 -6.234682805561E-03  3.916250328661E-04 -1.447841970061E-03 -5.086125244734E+04 -7.909833777113E+03  2.341921381237E+05 -9.528098222145E+00 -4.882812500000E-04   1   5
  3.756738594147E-03  1.205703997106E-04 -1.104863598369E-03  3.160656095630E+04 -2.874122278310E+03  1.887927673587E+05 -9.528845079271E+00 -4.882812500000E-04   1   5
  1.663681054889E-03 -3.770270187561E-04 -7.495455374888E-04  1.405344397055E+04  8.590694157845E+03  1.428721580826E+05 -9.527567548216E+00 -4.882812500000E-04   1   5
  7.704922452142E-03  3.152897119897E-04 -5.560942811069E-04  6.360881304782E+04 -7.847225340538E+03  1.096501474484E+05 -9.528092067682E+00 -4.882812500000E-04   1   5
  1.641923445693E-02  3.805337193859E-04 -1.534037987736E-03  1.370003438819E+05 -7.527011701525E+03  2.263037227433E+05 -9.531837895434E+00 -4.882812500000E-04   1   5
 -1.397700391848E-03  2.463541880165E-04  8.999432465311E-04 -1.086557692889E+04 -1.028395129212E+04 -2.180121724683E+05 -9.522763210923E+00 -4.882812500000E-04   1   5
  6.033203382501E-03  9.351515019487E-05 -9.586044819159E-04  5.014839049412E+04 -2.300902330968E+03  1.731461088589E+05 -9.528848774340E+00 -4.882812500000E-04   1   5
  2.493169295724E-04  4.319405156061E-04  9.193645059025E-04  2.519656051761E+03 -1.524434456844E+04 -2.218479513776E+05 -9.523023014030E+00 -4.882812500000E-04   1   5
  2.708670719331E-03  7.251131084149E-04 -5.758875345396E-04  2.258042273329E+04 -1.800024459288E+04  1.156362353234E+05 -9.527280149426E+00 -4.882812500000E-04   1   5
 -9.851458349147E-03 -2.599500831963E-04  1.009404091743E-03 -7.903292962315E+04  8.650384591226E+03 -2.577973660659E+05 -9.520685661307E+00 -4.882812500000E-04   1   5
  2.340608430395E-03 -1.360079187030E-04  9.801657374116E-04  1.932553983001E+04  6.078636286743E+03 -2.344183357797E+05 -9.523317049322E+00 -4.882812500000E-04   1   5
 -1.042766546264E-02 -4.169299756806E-04  1.143736682065E-04 -8.537669632725E+04  1.120120526990E+04 -2.765615503523E+04 -9.523175464693E+00 -4.882812500000E-04   1   5
 -1.259420182551E-04 -2.402679359630E-05  8.563275288713E-04 -8.307549537708E+02 -8.319945150338E+02 -2.053191762664E+05 -9.523200371088E+00 -4.882812500000E-04   1   5
 -1.599171258190E-04 -2.627005274899E-04 -1.107391536508E-03 -7.912844201908E+02  5.296686058079E+03  1.903755192999E+05 -9.528217321349E+00 -4.882812500000E-04   1   5
  1.879342844010E-03 -5.340763232940E-04 -5.529514603948E-04  1.572137289806E+04  1.334327739516E+04  1.116174073428E+05 -9.527093702431E+00 -4.882812500000E-04   1   5
 -1.037459424919E-02  1.594575768316E-05 -8.343519952962E-04 -8.532277404691E+04 -4.004939717833E+02  1.608870381703E+05 -9.525694830923E+00 -4.882812500000E-04   1   5
  1.669058418994E-03 -6.844774310565E-04  1.355810767905E-03  1.454687816690E+04  2.341569849044E+04 -3.198697500788E+05 -9.521989516319E+00 -4.882812500000E-04   1   5
 -4.545604104454E-03 -1.958613566741E-04 -9.790001847243E-04 -3.706145370854E+04  4.227395199587E+03  1.766233892329E+05 -9.527111760852E+00 -4.882812500000E-04   1   5
 -8.676302658615E-03 -3.910275109322E-04 -6.939999197106E-04 -7.123894439438E+04  9.560734639767E+03  1.407526715720E+05 -9.525597533352E+00 -4.882812500000E-04   1   5
  3.960823828894E-03  3.833879028359E-04  7.892619317724E-04  3.240835200256E+04 -1.267567435316E+04 -1.837829141480E+05 -9.524115011246E+00 -4.882812500000E-04   1   5
  3.303303919765E-03 -3.912176145565E-04 -9.141379131608E-04  2.762971512247E+04  1.044640603726E+04  1.682500626205E+05 -9.528273781738E+00 -4.882812500000E-04   1   5
  1.376029398644E-03 -1.682928836725E-05  9.651906662791E-04  1.149453737565E+04  7.176793910429E+02 -2.320187774099E+05 -9.523176822562E+00 -4.882812500000E-04   1   5
  2.845187468961E-03 -5.076560046745E-04 -7.735519691430E-04  2.377682757481E+04  1.292293028454E+04  1.470083867321E+05 -9.527829350870E+00 -4.882812500000E-04   1   5
 -3.568530914544E-03 -5.192096222810E-04 -2.197025720978E-04 -2.916049416905E+04  1.406800895356E+04  5.057742835660E+04 -9.525285531425E+00 -4.882812500000E-04   1   5
 -4.036088542044E-03  5.861456332920E-05  3.359796790434E-04 -3.273527662765E+04 -3.194708109717E+03 -7.542715473652E+04 -9.523752398860E+00 -4.882812500000E-04   1   5
  7.236854552341E-04  7.307166983765E-04 -1.154015401634E-03  6.614858347554E+03 -1.601766907368E+04  1.976337668564E+05 -9.528453051116E+00 -4.882812500000E-04   1   5
  6.879844803798E-03 -1.811338911098E-04  1.360423965346E-03  5.660447091858E+04  5.832768301344E+03 -3.071525435734E+05 -9.522988495195E+00 -4.882812500000E-04   1   5
  5.404115714730E-03  8.031857223481E-05 -4.971650483352E-04  4.469109945359E+04 -1.525755856088E+03  9.925821683862E+04 -9.527559122802E+00 -4.882812500000E-04   1   5
  4.510565146029E-03 -4.635185696593E-04 -6.141753278479E-04  3.737828235739E+04  1.171685800186E+04  1.209301114846E+05 -9.527704612027E+00 -4.882812500000E-04   1   5
 -1.484922475326E-03  2.245238389566E-04  1.020621941449E-03 -1.144469119114E+04 -7.158919656373E+03 -2.462516511512E+05 -9.522400747858E+00 -4.882812500000E-04   1   5
 -7.343614574876E-03 -4.852125008584E-04 -4.091691421317E-04 -6.033871905318E+04  1.132862283602E+04  8.847383966578E+04 -9.525123736200E+00 -4.882812500000E-04   1   5
 -3.077991223087E-03 -2.758521292307E-04  4.598115071923E-04 -2.507168984474E+04  7.173411848407E+03 -1.056179984223E+05 -9.523672519714E+00 -4.882812500000E-04   1   5
 -3.653119204372E-03  2.559012658563E-04  7.095222103990E-04 -2.942082142939E+04 -8.549480990249E+03 -1.689269020600E+05 -9.522854090333E+00 -4.882812500000E-04   1   5
 -2.046622120828E-03  8.192046498896E-05  1.407838761605E-03 -1.531070863869E+04 -1.791576590379E+03 -3.390627263903E+05 -9.521097302040E+00 -4.882812500000E-04   1   5
 -5.952810680354E-03 -6.315435337995E-05  1.168577369262E-03 -4.711400606515E+04  2.489693800621E+03 -2.903416537640E+05 -9.520992164482E+00 -4.882812500000E-04   1   5
 -5.205504782494E-03  1.028616926187E-04  5.254294922983E-04 -4.213979472144E+04 -3.900346395635E+03 -1.212065625682E+05 -9.523020185903E+00 -4.882812500000E-04   1   5
  9.336129747546E-03  3.020861798061E-04  8.039219536098E-04  7.601455442226E+04 -9.277170784104E+03 -1.852967212955E+05 -9.525070078848E+00 -4.882812500000E-04   1   5
  1.952111834799E-03  2.972727519171E-04  4.179333507697E-04  1.604284013771E+04 -7.887855390945E+03 -9.399113135689E+04 -9.524691966170E+00 -4.882812500000E-04   1   5
 -4.345313820983E-03  4.697851723806E-04  7.121812309210E-04 -3.498021326933E+04 -1.548096078859E+04 -1.703714434080E+05 -9.522687575510E+00 -4.882812500000E-04   1   5
  1.521764481721E-03 -1.603155090574E-04 -2.337274415192E-04  1.255415715969E+04  4.082743329602E+03  5.035635610637E+04 -9.526265921528E+00 -4.882812500000E-04   1   5
 -7.668849167788E-03  2.820531029946E-04  4.320967550662E-04 -6.243618963868E+04 -7.843683625596E+03 -1.009095363314E+05 -9.522829279720E+00 -4.882812500000E-04   1   5
 -8.692557060217E-03  1.524162926431E-04 -5.520075973564E-04 -7.145503337214E+04 -3.743321624849E+03  1.157438783645E+05 -9.525248746690E+00 -4.882812500000E-04   1   5
 -4.896748451237E-03 -2.687789940356E-04 -4.573036748274E-04 -4.007088198877E+04  6.900834818253E+03  9.759913634457E+04 -9.525657841242E+00 -4.882812500000E-04   1   5
 -8.839985169977E-03 -2.338460168031E-04 -8.406207294831E-04 -7.258982160336E+04  5.799048698071E+03  1.618778284168E+05 -9.525971040308E+00 -4.882812500000E-04   1   5
 -6.629837637089E-03  8.206659778844E-04 -8.969995292665E-04 -5.433422919790E+04 -1.782467802790E+04  1.675712080910E+05 -9.526517922195E+00 -4.882812500000E-04   1   5
  3.654068433426E-03 -6.440370842767E-04 -2.151769822527E-04  3.011746708169E+04  1.542281159007E+04  4.543344179955E+04 -9.526564509457E+00 -4.882812500000E-04   1   5
 -1.318363253465E-03 -8.323956594776E-04  1.031443608692E-04 -1.072240326219E+04  2.199346206600E+04 -2.344418278975E+04 -9.524887695194E+00 -4.882812500000E-04   1   5
  9.041873849408E-03 -3.351604154236E-04  5.652406071857E-04  7.374059332812E+04  1.010506095306E+04 -1.260333018353E+05 -9.525597935266E+00 -4.882812500000E-04   1   5
 -4.520156940613E-03 -2.888820161741E-04 -1.046734332560E-03 -3.670668176185E+04  7.345880779403E+03  1.902719529345E+05 -9.527245612463E+00 -4.882812500000E-04   1   5
 -3.739100241315E-03  1.556274192063E-04  2.311948845177E-04 -3.058808190125E+04 -4.172781717730E+03 -5.354410730731E+04 -9.524155476941E+00 -4.882812500000E-04   1   5
  3.367028955213E-03 -4.510646824936E-04  1.092685370129E-03  2.786936078278E+04  1.545568554371E+04 -2.579401167649E+05 -9.523141579389E+00 -4.882812500000E-04   1   5
 -7.391681464679E-03 -2.191630404617E-04  9.366822630898E-04 -5.922620486571E+04  7.788313761350E+03 -2.367266244929E+05 -9.521413700645E+00 -4.882812500000E-04   1   5
  6.429195780669E-03  4.677381199067E-05 -6.229731023915E-04  5.320354594022E+04 -8.464621997096E+02  1.211602859862E+05 -9.528044153251E+00 -4.882812500000E-04   1   5
 -5.005558409828E-04 -9.735494111904E-04 -1.225914963799E-03 -3.466255295732E+03  2.036821875057E+04  2.064596330120E+05 -9.528439295473E+00 -4.882812500000E-04   1   5
 -5.773756346156E-03  5.557753294746E-04 -9.446473294190E-04 -4.721171389529E+04 -1.315619770104E+04  1.758004882027E+05 -9.526783467095E+00 -4.882812500000E-04   1   5
 -2.723034773045E-03 -2.305883818663E-04  1.375131035307E-03 -2.091150314731E+04  7.649129131053E+03 -3.291587141940E+05 -9.521072508229E+00 -4.882812500000E-04   1   5
 -1.135871337844E-02  8.569393678549E-05 -1.192193453729E-03 -9.349208400831E+04 -1.903376442198E+03  2.057928586974E+05 -9.526527891517E+00 -4.882812500000E-04   1   5
  6.468645613695E-03  1.046540523155E-04  9.925361572209E-04  5.281382316582E+04 -4.076629517041E+03 -2.340434644543E+05 -9.524051764236E+00 -4.882812500000E-04   1   5
 -5.041504286706E-03  1.661715088206E-04  1.058391498196E-03 -3.994614394846E+04 -6.095147505362E+03 -2.628117606688E+05 -9.521517688253E+00 -4.882812500000E-04   1   5
 -4.459408358839E-03  1.630580262865E-04  4.148473159304E-05 -3.642687638869E+04 -4.987410413460E+03 -8.373120303907E+03 -9.524469954722E+00 -4.882812500000E-04   1   5
  3.909616014378E-03 -4.879677399401E-04  5.504880999574E-05  3.203331078746E+04  1.335527649699E+04 -1.294437360755E+04 -9.525968105580E+00 -4.882812500000E-04   1   5
  2.150911966056E-03 -7.302944549483E-05 -1.398807638502E-04  1.754512838434E+04  2.715792009144E+03  3.206597993543E+04 -9.526177035264E+00 -4.882812500000E-04   1   5
 -2.117655153077E-03 -2.994325971108E-04 -1.359882530920E-04 -1.721461361858E+04  8.686507432261E+03  3.228773955213E+04 -9.525333125991E+00 -4.882812500000E-04   1   5
 -1.031829856715E-02  5.152178344485E-05  1.008902627310E-03 -8.285703097978E+04 -1.521251877925E+03 -2.567120787851E+05 -9.520597904096E+00 -4.882812500000E-04   1   5
 -8.048202261059E-04 -1.832599091358E-04 -1.248226821281E-03 -5.937536403156E+03  6.169497444440E+03  2.137152225287E+05 -9.528436186895E+00 -4.882812500000E-04   1   5
 -9.076481391475E-04  4.360580142842E-04  1.005354515113E-04 -7.422975295521E+03 -1.176725437785E+04 -2.323673608349E+04 -9.525000810297E+00 -4.882812500000E-04   1   5
  4.042139510846E-03 -4.388410324648E-04 -7.103198216303E-04  3.365327504987E+04  1.040637168414E+04  1.360235887132E+05 -9.527856735806E+00 -4.882812500000E-04   1   5
  6.593173998660E-03  4.745966088502E-04  9.338252397644E-04  5.383963909858E+04 -1.626134384316E+04 -2.206931504112E+05 -9.524214798898E+00 -4.882812500000E-04   1   5
  3.598681750538E-03 -1.175466353403E-04 -5.212459699839E-04  2.979115093102E+04  3.519731103734E+03  1.052156975334E+05 -9.527329211304E+00 -4.882812500000E-04   1   5
 -2.802145864040E-03  3.241937207905E-04 -7.500865787033E-04 -2.266412151881E+04 -9.125678292098E+03  1.465780609487E+05 -9.526766519988E+00 -4.882812500000E-04   1   5
  7.004742320183E-04 -3.051866346745E-04 -2.633676423311E-04  5.852254965469E+03  9.219238664784E+03  5.787693765432E+04 -9.526179692295E+00 -4.882812500000E-04   1   5
  1.093287063750E-03  7.594404117997E-04 -1.550691508215E-03  9.935021640260E+03 -1.540373520250E+04  2.445500354955E+05 -9.529578166443E+00 -4.882812500000E-04   1   5
  2.314800577378E-04 -3.565227499275E-04 -5.936467712537E-04  2.169721537963E+03  8.748490451251E+03  1.189330000075E+05 -9.526920499950E+00 -4.882812500000E-04   1   5
  3.618611368430E-03 -3.626444945914E-04 -1.951472944199E-04  2.967072062938E+04  1.041748254788E+04  4.374743331503E+04 -9.526545374383E+00 -4.882812500000E-04   1   5
 -8.787616993856E-03  2.535177242675E-04 -9.880691173221E-04 -7.211152680943E+04 -5.671574176635E+03  1.829309996948E+05 -9.526371911798E+00 -4.882812500000E-04   1   5
  6.262994046873E-03 -7.034541742071E-05 -4.415601935017E-04  5.163398170129E+04  2.120151687984E+03  8.978109959120E+04 -9.527581458412E+00 -4.882812500000E-04   1   5
  8.246842586021E-03  2.003513982728E-05  6.897002906570E-07  6.751632463350E+04  1.251264631836E+01 -9.346992079988E+02 -9.526863150810E+00 -4.882812500000E-04   1   5
 -1.031349636991E-02 -1.790072023504E-04  7.183911391717E-04 -8.346751903772E+04  5.361211460433E+03 -1.803942235248E+05 -9.521483132445E+00 -4.882812500000E-04   1   5
 -4.840965476888E-03 -1.362338550550E-04  9.201061189223E-04 -3.868787045858E+04  4.644622387854E+03 -2.277739272964E+05 -9.522007696217E+00 -4.882812500000E-04   1   5
  4.772435929310E-03  2.973798661198E-04  4.005874731110E-04  3.894038217833E+04 -8.804195845330E+03 -8.913357846851E+04 -9.525274264825E+00 -4.882812500000E-04   1   5
  3.029490606815E-04 -2.999430297560E-04  3.762438469375E-04  2.561492037907E+03  8.502474951464E+03 -8.485408173415E+04 -9.524501769156E+00 -4.882812500000E-04   1   5
  6.741099591921E-03 -2.667397533924E-04  5.163644011850E-04  5.497139366828E+04  8.161472492317E+03 -1.145280495858E+05 -9.525328328842E+00 -4.882812500000E-04   1   5
  3.988722664901E-03  3.876000780363E-04  6.371096636046E-04  3.251340963683E+04 -1.242557649640E+04 -1.443298880932E+05 -9.524533892768E+00 -4.882812500000E-04   1   5
  1.241689047638E-03  1.441751358611E-04  1.395466693702E-03  1.105813706130E+04 -6.346034966921E+03 -3.345727354634E+05 -9.521846520562E+00 -4.882812500000E-04   1   5
 -2.988703105026E-03 -9.189908947985E-05 -1.257978997719E-03 -2.395093653480E+04  3.700083017531E+03  2.156031355060E+05 -9.528083413968E+00 -4.882812500000E-04   1   5
 -1.350056425127E-03 -2.243167241327E-04 -2.198387342922E-05 -1.104991261353E+04  5.274749141872E+03  5.164754878908E+03 -9.525230084427E+00 -4.882812500000E-04   1   5
 -2.571723691887E-03  5.651955066564E-04  1.340568801040E-03 -1.962994195785E+04 -2.025111651029E+04 -3.252511130656E+05 -9.521176780959E+00 -4.882812500000E-04   1   5
  8.868672551877E-04 -1.148757968065E-04 -1.560237911345E-03  8.219277200941E+03  3.541895625915E+03  2.472885739319E+05 -9.529575966110E+00 -4.882812500000E-04   1   5
  4.761522173813E-04 -6.363927899509E-04  7.579113854188E-04  4.208192571334E+03  2.042239999274E+04 -1.788791495839E+05 -9.523501087719E+00 -4.882812500000E-04   1   5
  3.428768558937E-03  3.948041259617E-04  7.005773156701E-04  2.809136733562E+04 -1.183890125276E+04 -1.613873818165E+05 -9.524238033128E+00 -4.882812500000E-04   1   5
  4.810701844954E-03  4.136803925506E-04 -2.714755241637E-04  3.961123565853E+04 -1.090301333002E+04  5.798376824155E+04 -9.526908729933E+00 -4.882812500000E-04   1   5
  3.188088061375E-03 -4.104386712102E-04 -1.073374045779E-03  2.687148738116E+04  8.740685160738E+03  1.851852544102E+05 -9.528670058091E+00 -4.882812500000E-04   1   5
  7.175948530549E-03 -7.539794454828E-04  1.161856086560E-03  5.875749236116E+04  2.507675607453E+04 -2.721652901864E+05 -9.523645801714E+00 -4.882812500000E-04   1   5
  5.165093945465E-03 -8.328073923608E-04 -1.444999049935E-03  4.357645542546E+04  1.711030846156E+04  2.307847640137E+05 -9.529939520303E+00 -4.882812500000E-04   1   5
 -3.510436496601E-03 -5.351283618164E-04  1.160479017196E-03 -2.750267924267E+04  1.956976427805E+04 -2.853819320808E+05 -9.521539576608E+00 -4.882812500000E-04   1   5
  2.648972446100E-03  2.917276598606E-04 -5.893567689332E-04  2.211455642052E+04 -6.080295027924E+03  1.158994052605E+05 -9.527318296354E+00 -4.882812500000E-04   1   5
 -8.977602134283E-03  3.748638040621E-04 -6.619929101461E-04 -7.373757718291E+04 -9.074596195068E+03  1.355500081872E+05 -9.525461568441E+00 -4.882812500000E-04   1   5
  8.170863185038E-04 -1.725098677308E-04  9.993911879302E-04  7.086195503671E+03  8.001197200196E+03 -2.403347872813E+05 -9.522943530307E+00 -4.882812500000E-04   1   5
 -7.685267527659E-03 -3.656837649274E-05  5.660004093739E-04 -6.240502168060E+04  1.604727411919E+03 -1.337596319479E+05 -9.522454994251E+00 -4.882812500000E-04   1   5
  6.717525282724E-03  5.856474030862E-04 -1.326542499198E-03  5.630788828036E+04 -1.267281982122E+04  2.177085320386E+05 -9.529870871076E+00 -4.882812500000E-04   1   5
  2.069587575013E-03  7.729031261018E-04  3.935568686115E-04  1.692914971560E+04 -2.199895984442E+04 -8.859291282947E+04 -9.524778881009E+00 -4.882812500000E-04   1   5
  9.391676946256E-03  1.893421351332E-04  6.977491171813E-04  7.651545020482E+04 -6.209387631723E+03 -1.580395993854E+05 -9.525339293120E+00 -4.882812500000E-04   1   5
 -1.180892692412E-02  7.420636768812E-04  1.085142437494E-03 -9.470422977307E+04 -2.400764966130E+04 -2.780592711778E+05 -9.520011326241E+00 -4.882812500000E-04   1   5
 -2.554549388201E-03  5.029164811870E-04 -1.467425773273E-03 -2.031166330130E+04 -1.078862316061E+04  2.377140660883E+05 -9.528747443061E+00 -4.882812500000E-04   1   5
  6.524419806458E-03  4.411187437173E-04  2.926093130977E-04  5.327337391167E+04 -1.318974763560E+04 -6.484653858300E+04 -9.525848519523E+00 -4.882812500000E-04   1   5
  3.549150041607E-03 -5.376747251062E-04  5.105164649146E-04  2.903844570733E+04  1.635638944533E+04 -1.142420779924E+05 -9.524742772253E+00 -4.882812500000E-04   1   5
 -2.736751477694E-03  1.630449393071E-04 -8.578599557429E-04 -2.193455862394E+04 -4.100584152026E+03  1.634584241390E+05 -9.527021056811E+00 -4.882812500000E-04   1   5
  7.275260779021E-03  1.308464332540E-06 -8.439546598105E-05  5.968902115891E+04 -1.486675703263E+02  1.703256832369E+04 -9.526886846461E+00 -4.882812500000E-04   1   5
  8.371810198533E-03  6.010254523873E-05 -6.465764150851E-04  6.921710910709E+04 -1.308663944441E+03  1.240821239405E+05 -9.528417584014E+00 -4.882812500000E-04   1   5
 -1.369107319142E-05  5.576040693714E-04  3.927590455008E-04 -1.249741743411E+01 -1.638632306447E+04 -8.859066189910E+04 -9.524390550957E+00 -4.882812500000E-04   1   5
 -1.553811351208E-02 -3.027471824943E-04  1.068925061993E-03 -1.248630472901E+05  1.038022024805E+04 -2.819528071349E+05 -9.519258088083E+00 -4.882812500000E-04   1   5
 -5.757930790188E-03 -2.613423463254E-04 -1.216995486253E-04 -4.717905918558E+04  6.676779204347E+03  2.900199873874E+04 -9.524658479891E+00 -4.882812500000E-04   1   5
  4.099590293613E-04 -7.526551896748E-04  4.554284723346E-04  3.468014595667E+03  2.174060433376E+04 -1.031889936982E+05 -9.524296176894E+00 -4.882812500000E-04   1   5
  4.123881780993E-03 -1.048804330230E-04 -1.014631088183E-03  3.454166528006E+04  2.038358538407E+03  1.775353868257E+05 -9.528672845862E+00 -4.882812500000E-04   1   5
 -6.976809417946E-03  6.416970902001E-04  1.035718304877E-03 -5.575548470838E+04 -2.160491221194E+04 -2.605297996815E+05 -9.521205359935E+00 -4.882812500000E-04   1   5
 -2.541071095404E-03  3.308075475153E-04 -1.005840118172E-03 -2.038564411102E+04 -9.062613699748E+03  1.838814257481E+05 -9.527481697282E+00 -4.882812500000E-04   1   5
 -9.898104004751E-03 -1.222221026222E-04  1.270040034580E-03 -7.891596081871E+04  4.460148775234E+03 -3.168564992607E+05 -9.519866344642E+00 -4.882812500000E-04   1   5
 -5.176309136212E-04  5.027722601245E-05  8.654956372576E-04 -3.987551193440E+03  1.686982849959E+01 -2.084457745019E+05 -9.523097246148E+00 -4.882812500000E-04   1   5
  5.125199527609E-04 -9.630034650045E-04 -1.208044040085E-03  4.883605858417E+03  2.000447544676E+04  2.025382441265E+05 -9.528569765960E+00 -4.882812500000E-04   1   5
 -8.465009258518E-03 -4.900170614871E-05  6.682221743972E-04 -6.856208790123E+04  2.030624464236E+03 -1.626324679233E+05 -9.522005903984E+00 -4.882812500000E-04   1   5
  8.371868574001E-04 -6.349787621779E-04  1.139551073588E-03  7.495541981013E+03  2.250037763442E+04 -2.749057037022E+05 -9.522501378361E+00 -4.882812500000E-04   1   5
 -9.250571194136E-03 -1.122941607109E-04  1.962496679671E-04 -7.566635846813E+04  3.116127099569E+03 -4.769334792255E+04 -9.523192510915E+00 -4.882812500000E-04   1   5
 -1.467948445941E-03  2.885282384857E-04  9.903230022843E-04 -1.126290886672E+04 -1.111946576015E+04 -2.406968857747E+05 -9.522472649217E+00 -4.882812500000E-04   1   5
 -4.275541980920E-04 -4.753564385026E-04  1.027301477365E-03 -2.862388692494E+03  1.678331102330E+04 -2.483883395020E+05 -9.522583080535E+00 -4.882812500000E-04   1   5
  2.257577994742E-03 -3.155037567214E-04 -3.302528350444E-04  1.861304968320E+04  8.657969697845E+03  7.041195578406E+04 -9.526633555379E+00 -4.882812500000E-04   1   5
  5.486506188213E-03  6.244227524694E-04  1.241465543453E-03  4.516420414635E+04 -2.191424512475E+04 -2.920142387120E+05 -9.523104699209E+00 -4.882812500000E-04   1   5
 -5.743016097422E-03  1.669325092855E-04 -7.157836670535E-04 -4.691146968106E+04 -4.117870044463E+03  1.435680533825E+05 -9.526149663087E+00 -4.882812500000E-04   1   5
  6.383427994548E-04  6.626379943428E-04 -7.180030781440E-04  5.566137111821E+03 -1.557452391681E+04  1.389905624565E+05 -9.527308470544E+00 -4.882812500000E-04   1   5
 -4.682880860628E-03  7.585426361369E-04  6.156714275818E-05 -3.835027209207E+04 -1.988862771351E+04 -1.379258825417E+04 -9.524394181386E+00 -4.882812500000E-04   1   5
 -4.865268524970E-03  4.993714834855E-05  1.161273226780E-03 -3.833427130102E+04 -1.206913871059E+03 -2.863641884816E+05 -9.521236809940E+00 -4.882812500000E-04   1   5
 -1.236517727599E-02  1.740017534741E-04  3.017854210299E-04 -1.010167331765E+05 -4.296416564636E+03 -7.404920397728E+04 -9.522288314682E+00 -4.882812500000E-04   1   5
  4.326782507768E-03  1.129078389278E-03 -1.380596003609E-03  3.658360069511E+04 -2.225229137538E+04  2.183125989778E+05 -9.529649019938E+00 -4.882812500000E-04   1   5
  3.164753068482E-03 -1.669708600751E-05  6.800862647527E-05  2.569213701239E+04  1.166477761881E+03 -1.340732289560E+04 -9.525869277230E+00 -4.882812500000E-04   1   5
  3.150703841810E-03 -3.503345699246E-04  1.772006850143E-05  2.584025399495E+04  9.627341383861E+03 -4.499241055422E+03 -9.525927457121E+00 -4.882812500000E-04   1   5
 -3.818553306671E-03  3.172051454023E-05  4.625030388112E-04 -3.113967458949E+04 -5.514724862821E+02 -1.068382157045E+05 -9.523535099968E+00 -4.882812500000E-04   1   5
  4.603878312161E-03  1.333656083909E-04  9.157446272949E-04  3.763857841137E+04 -5.223514595188E+03 -2.163449979876E+05 -9.523918852979E+00 -4.882812500000E-04   1   5
  9.244924181930E-03  1.628739828689E-04  1.340177490161E-03  7.568708272660E+04 -5.056187676517E+03 -3.000153037795E+05 -9.523490169233E+00 -4.882812500000E-04   1   5
  6.207955845693E-03 -9.222119219185E-04 -1.434620438144E-03  5.221880166730E+04  1.790137103557E+04  2.208410469064E+05 -9.530100191588E+00 -4.882812500000E-04   1   5
 -7.872678470917E-03 -1.449147733159E-03 -1.406636431117E-03 -6.450595533872E+04  2.834636270487E+04  2.282628891297E+05 -9.527700700792E+00 -4.882812500000E-04   1   5
  1.947934795622E-03  7.267234548435E-04 -1.168090064690E-03  1.672208046884E+04 -1.602633382718E+04  2.000560750834E+05 -9.528693229473E+00 -4.882812500000E-04   1   5
  6.203283791318E-03  3.541016350597E-04 -7.031167309322E-04  5.140972579423E+04 -8.008587899329E+03  1.341310461119E+05 -9.528206529524E+00 -4.882812500000E-04   1   5
  5.942031820720E-03 -5.092642752898E-04 -1.135867752955E-03  4.968654825799E+04  1.185444393120E+04  1.957685362851E+05 -9.529256073993E+00 -4.882812500000E-04   1   5
  3.301131184669E-03  5.518425386260E-04  1.128224431930E-03  2.740261867031E+04 -1.788255192698E+04 -2.641748174378E+05 -9.523007096151E+00 -4.882812500000E-04   1   5
 -3.108031490935E-03 -1.517886772144E-04  4.249007763883E-04 -2.535259234277E+04  3.868366382538E+03 -9.752259045340E+04 -9.523765583641E+00 -4.882812500000E-04   1   5
  6.402257700342E-03  3.993999773254E-04 -3.654945573999E-04  5.273673122198E+04 -1.041096779020E+04  7.557781170725E+04 -9.527409706163E+00 -4.882812500000E-04   1   5
 -1.606354063552E-03  6.396389379428E-04 -5.281761585225E-04 -1.296441319877E+04 -1.620254963987E+04  1.095908789988E+05 -9.526414958469E+00 -4.882812500000E-04   1   5
  2.186039696476E-03 -3.491311126381E-04 -6.300762631781E-04  1.814917408812E+04  9.426052372673E+03  1.251243734509E+05 -9.527380380784E+00 -4.882812500000E-04   1   5
  2.890385166916E-03  6.123117111520E-04 -1.531476632168E-04  2.372767172833E+04 -1.630866146841E+04  3.464543365107E+04 -9.526298353118E+00 -4.882812500000E-04   1   5
  4.985441059564E-03 -2.030229245207E-04  4.615498935658E-04  4.067267512642E+04  5.816046319871E+03 -1.025826603353E+05 -9.525157611063E+00 -4.882812500000E-04   1   5
  8.704141828628E-03 -5.273304831867E-04 -1.134331224034E-03  7.252269164348E+04  1.172210795768E+04  1.931424701353E+05 -9.529683478791E+00 -4.882812500000E-04   1   5
  5.909632277062E-03  4.582372111377E-04 -2.896938398091E-04  4.868504995830E+04 -1.074376758938E+04  5.980397270837E+04 -9.527133475734E+00 -4.882812500000E-04   1   5
 -8.115002733724E-04  2.402580068238E-04 -8.914740868615E-05 -6.518092730661E+03 -7.755522593707E+03  2.173880152819E+04 -9.525456506553E+00 -4.882812500000E-04   1   5
  3.318312277428E-05  1.204538202505E-04  1.374859991430E-03  1.447087143492E+03 -6.317658509239E+03 -3.312942787632E+05 -9.521619439692E+00 -4.882812500000E-04   1   5
 -3.645575260972E-03 -4.172261072947E-04 -8.911310261750E-04 -2.965062201564E+04  9.422106939610E+03  1.648534516886E+05 -9.527025304625E+00 -4.882812500000E-04   1   5
  1.013586849800E-02  9.048220851611E-05  5.268903523001E-04  8.271859749763E+04 -2.428323083667E+03 -1.172849517709E+05 -9.525874034648E+00 -4.882812500000E-04   1   5
  3.946251585234E-03 -1.395796948851E-04  9.783396645968E-04  3.227366288015E+04  4.664020245515E+03 -2.334016309927E+05 -9.523647539262E+00 -4.882812500000E-04   1   5
 -4.125306611906E-03  6.192842802485E-04 -7.107476546313E-04 -3.369717970628E+04 -1.453456236507E+04  1.401151094810E+05 -9.526459360900E+00 -4.882812500000E-04   1   5
  9.372615777300E-04  2.617988258681E-04  8.172309961463E-04  7.954689240842E+03 -8.137758508631E+03 -1.948870781640E+05 -9.523457835107E+00 -4.882812500000E-04   1   5
 -4.139934200928E-03  1.774985788460E-04  9.703779581649E-04 -3.297515034098E+04 -6.052884409823E+03 -2.386082039784E+05 -9.522010922954E+00 -4.882812500000E-04   1   5
  6.118045260200E-03  8.157579453158E-05  1.519420126811E-03  5.078466024883E+04 -2.665558759489E+03 -3.626587439404E+05 -9.522377542333E+00 -4.882812500000E-04   1   5
  7.532354446469E-03 -5.884654220393E-04 -1.218519157239E-03  6.292491734746E+04  1.242855135674E+04  2.020687634601E+05 -9.529727803134E+00 -4.882812500000E-04   1   5
  7.162578803603E-03  2.630798012073E-04 -1.166538817112E-03  5.977279042713E+04 -6.308687479413E+03  1.992977519291E+05 -9.529538428485E+00 -4.882812500000E-04   1   5
 -5.478039726391E-03 -3.115404506381E-04  2.177366208631E-04 -4.470489770690E+04  8.842157112022E+03 -5.041560191597E+04 -9.523828460816E+00 -4.882812500000E-04   1   5
 -1.188267416212E-02  1.082680526041E-05  1.220434879587E-03 -9.494401750535E+04 -3.873517286741E+02 -3.115857387817E+05 -9.519574253955E+00 -4.882812500000E-04   1   5
 -2.772604361645E-03 -2.975012426938E-04 -1.770282344724E-04 -2.271000664106E+04  7.425054555634E+03  3.984469826344E+04 -9.525356494614E+00 -4.882812500000E-04   1   5
  1.260992022249E-02 -4.935500220198E-04  1.170473134496E-03  1.026951218085E+05  1.609988947457E+04 -2.690433656745E+05 -9.524629110413E+00 -4.882812500000E-04   1   5
 -2.804413448954E-03 -2.385794107566E-04  1.822319377842E-04 -2.288258377904E+04  6.454278226161E+03 -4.208481155068E+04 -9.524434432178E+00 -4.882812500000E-04   1   5
  3.180645293298E-03 -6.873881846083E-04  1.197725472388E-03  2.653532192157E+04  2.417864370342E+04 -2.850444497707E+05 -9.522774268936E+00 -4.882812500000E-04   1   5
 -4.066719133923E-03 -2.498226145945E-04 -4.279832180121E-05 -3.323752750144E+04  7.232209735991E+03  1.132026058208E+04 -9.524756752438E+00 -4.882812500000E-04   1   5
 -6.648823437056E-03  2.597516198692E-04  5.284204281919E-04 -5.405511350892E+04 -7.645354792997E+03 -1.236486878412E+05 -9.522775113799E+00 -4.882812500000E-04   1   5
 -1.191529620230E-02 -3.217306073754E-04  1.207263433829E-03 -9.536389024680E+04  1.078962883058E+04 -3.042626924486E+05 -9.519627580871E+00 -4.882812500000E-04   1   5
  5.739300721615E-03  3.777883031546E-04  2.844544652314E-04  4.688183039968E+04 -1.096225251335E+04 -6.393933089788E+04 -9.525732614394E+00 -4.882812500000E-04   1   5
  7.099453478216E-03  2.299331722701E-04  4.547421384222E-04  5.785085606413E+04 -6.893859068133E+03 -1.005544878222E+05 -9.525563872978E+00 -4.882812500000E-04   1   5
 -8.140434774286E-03 -7.055140765637E-04 -1.228519713071E-03 -6.675912369976E+04  1.487521766659E+04  2.111814590003E+05 -9.527162214742E+00 -4.882812500000E-04   1   5
  5.195925006570E-06 -4.621633904345E-04  9.147065070367E-04  5.183191637567E+02  1.673186602597E+04 -2.210495001170E+05 -9.522992093608E+00 -4.882812500000E-04   1   5
 -6.422590208173E-03  3.357836225267E-04  1.295865794962E-03 -5.074550946350E+04 -1.282150919899E+04 -3.212629222882E+05 -9.520515049258E+00 -4.882812500000E-04   1   5
  6.650252688135E-03 -5.097166524150E-04 -5.378191965564E-04  5.493248286953E+04  1.309840685034E+04  1.069590277055E+05 -9.527865376876E+00 -4.882812500000E-04   1   5
 -6.200971474179E-03  3.326160383501E-04 -7.173639191995E-04 -5.082696755573E+04 -7.909928885171E+03  1.419463228303E+05 -9.526116503915E+00 -4.882812500000E-04   1   5
  1.386327746781E-03  3.500183226354E-04  1.006749139183E-04  1.125387053012E+04 -1.141155315499E+04 -2.094203706555E+04 -9.525434013420E+00 -4.882812500000E-04   1   5
 -4.239308964168E-03 -8.229989832872E-04  1.128381874946E-03 -3.347440644036E+04  2.753904514422E+04 -2.772956782798E+05 -9.521476942360E+00 -4.882812500000E-04   1   5
 -8.776383647213E-03 -3.389518251624E-04  3.716848584432E-04 -7.156494031228E+04  1.005434420098E+04 -8.750056773815E+04 -9.522785362602E+00 -4.882812500000E-04   1   5
  1.691899947581E-03 -3.224518153519E-04  3.869703384307E-05  1.387639987925E+04  9.007798683506E+03 -8.987663956583E+03 -9.525621302243E+00 -4.882812500000E-04   1   5
  3.780523456823E-03  3.329395341592E-04 -7.657482761196E-04  3.141998749194E+04 -8.929231825847E+03  1.467837709049E+05 -9.527979857370E+00 -4.882812500000E-04   1   5
  2.525882757033E-03  2.864008744966E-04 -9.767170717190E-04  2.136956297756E+04 -6.779244202939E+03  1.733410544183E+05 -9.528296464641E+00 -4.882812500000E-04   1   5
 -6.190786491459E-04 -4.644374112985E-04 -3.538471433258E-04 -4.943942338129E+03  1.089045731322E+04  7.477663702060E+04 -9.526173090613E+00 -4.882812500000E-04   1   5
  1.578474498617E-03  6.093921768816E-04  1.360823886021E-05  1.294900762985E+04 -1.655980015265E+04 -2.319872650534E+03 -9.525652711678E+00 -4.882812500000E-04   1   5
 -8.539514905034E-03  1.541654651772E-04 -1.523945014936E-04 -7.004704845242E+04 -4.402437215405E+03  3.662923040375E+04 -9.524222380809E+00 -4.882812500000E-04   1   5
  6.269662976292E-03 -6.039146643739E-04 -1.229630125034E-03  5.250303585701E+04  1.303844788625E+04  2.037659150286E+05 -9.529558795053E+00 -4.882812500000E-04   1   5
  2.314763863924E-03  4.664059459110E-04 -1.586234414167E-03  2.007313658003E+04 -9.337858717827E+03  2.475224240482E+05 -9.529879341985E+00 -4.882812500000E-04   1   5
 -4.017251454809E-03  9.837861831454E-04  3.244317825581E-04 -3.272198948502E+04 -2.620975430718E+04 -7.575397214448E+04 -9.523809926237E+00 -4.882812500000E-04   1   5
  9.266184126622E-04  6.186118603693E-04 -4.216883107491E-04  7.820578022422E+03 -1.547063027591E+04  8.839890687244E+04 -9.526595847402E+00 -4.882812500000E-04   1   5
  4.424117268898E-03 -1.727697299871E-04  3.799678034344E-05  3.606532831552E+04  5.202425229883E+03 -7.015190899849E+03 -9.526148679808E+00 -4.882812500000E-04   1   5
 -5.208422288359E-04  7.051421122489E-04  7.284596859973E-04 -3.953873624733E+03 -2.167943789971E+04 -1.720218961195E+05 -9.523398633624E+00 -4.882812500000E-04   1   5
 -5.455687105471E-03 -3.586049813830E-04 -8.407198969582E-04 -4.458043294875E+04  9.632432647786E+03  1.619138437847E+05 -9.526550574954E+00 -4.882812500000E-04   1   5
 -2.098294427409E-03  1.541828836013E-04 -2.692087976683E-04 -1.700876862854E+04 -4.596192685401E+03  6.003456579185E+04 -9.525664635450E+00 -4.882812500000E-04   1   5
 -8.270593111690E-03  2.335262161797E-04 -6.338438295863E-04 -6.787716631886E+04 -5.559347052081E+03  1.306699968436E+05 -9.525509134154E+00 -4.882812500000E-04   1   5
 -1.269689444270E-02  5.848737638181E-04  1.162862873314E-03 -1.016387990838E+05 -1.967738084779E+04 -2.997160155210E+05 -9.519565123398E+00 -4.882812500000E-04   1   5
  2.379099409661E-03 -6.708947838217E-04  1.354758513134E-03  2.025205006231E+04  2.337460847373E+04 -3.199276813218E+05 -9.522143319865E+00 -4.882812500000E-04   1   5
  4.871699456071E-03 -8.098016528998E-04  1.182384145771E-03  4.017530662035E+04  2.733293637693E+04 -2.791338324489E+05 -9.523139150629E+00 -4.882812500000E-04   1   5
 -1.253744238036E-03 -8.494848511567E-04 -9.867200614018E-04 -9.849824050254E+03  1.877431308708E+04  1.769812702390E+05 -9.527679691900E+00 -4.882812500000E-04   1   5
 -4.733085361414E-03 -7.201777924539E-04 -8.755303377610E-04 -3.861282429344E+04  1.635587994065E+04  1.645993427425E+05 -9.526775401913E+00 -4.882812500000E-04   1   5
  3.612281650888E-03  4.554167001790E-04 -8.140190311918E-04  3.014794266698E+04 -1.073547365092E+04  1.515675810765E+05 -9.528062409283E+00 -4.882812500000E-04   1   5
  9.380965242364E-03 -3.634967685728E-04 -9.790297121022E-04  7.793666772130E+04  7.812824413861E+03  1.711282696226E+05 -9.529401268737E+00 -4.882812500000E-04   1   5
 -2.367111462306E-03 -5.433599272860E-04  1.346603497709E-03 -1.798824070051E+04  1.970044848316E+04 -3.262955499994E+05 -9.521206144116E+00 -4.882812500000E-04   1   5
 -2.927736930454E-03  8.732497525298E-05 -2.226784144996E-04 -2.395307827665E+04 -1.967499675577E+03  4.958822688996E+04 -9.525436877616E+00 -4.882812500000E-04   1   5
  4.964439912309E-04 -7.608509116892E-04 -7.309165375755E-04  4.426981018991E+03  1.843115295615E+04  1.423194611114E+05 -9.527302674704E+00 -4.882812500000E-04   1   5
  9.559973724024E-03 -3.113335316856E-04  6.395991207508E-05  7.824696735219E+04  8.130255917614E+03 -1.583593573288E+04 -9.526924152767E+00 -4.882812500000E-04   1   5
 -9.652280087795E-03 -1.130487630056E-03 -1.450916921596E-03 -7.927437585972E+04  2.208363323857E+04  2.357190309366E+05 -9.527524505524E+00 -4.882812500000E-04   1   5
  4.437940661391E-03 -4.418515359957E-04 -7.469859726985E-04  3.694226881089E+04  1.068158999678E+04  1.414177085603E+05 -9.528015684052E+00 -4.882812500000E-04   1   5
 -3.401147460415E-03  4.579873894576E-04 -1.145651136706E-03 -2.742402917407E+04 -1.062764388371E+04  2.016373983165E+05 -9.527709541550E+00 -4.882812500000E-04   1   5
  1.676822903721E-03  7.127941436700E-04 -8.617368022366E-04  1.423839854375E+04 -1.615236291391E+04  1.588778680429E+05 -9.527854399727E+00 -4.882812500000E-04   1   5
  6.938550280805E-03 -7.834485922817E-05 -1.227041507979E-03  5.795650136816E+04  2.307576514220E+03  2.069397868037E+05 -9.529668560853E+00 -4.882812500000E-04   1   5
 -1.561585735176E-03 -4.289513531535E-04 -3.613227738644E-04 -1.271228979102E+04  1.138406225190E+04  7.783550721665E+04 -9.526025932819E+00 -4.882812500000E-04   1   5
 -3.186939514961E-03 -5.158836201641E-04  4.954725456177E-04 -2.580273455684E+04  1.589229392088E+04 -1.134142819698E+05 -9.523509166594E+00 -4.882812500000E-04   1   5
  1.156223163821E-02  1.871855387423E-04  1.384095171710E-03  9.429906407893E+04 -6.528233552805E+03 -3.155376844839E+05 -9.523844824121E+00 -4.882812500000E-04   1   5
 -9.597554591916E-03  6.665732043768E-04  1.325015578901E-04 -7.856187441442E+04 -1.737031285767E+04 -3.240223325658E+04 -9.523285038194E+00 -4.882812500000E-04   1   5
  9.925414753431E-03 -5.183884613641E-04 -1.438338889505E-03  8.299681457782E+04  1.056480477760E+04  2.267410383721E+05 -9.530655297809E+00 -4.882812500000E-04   1   5
  3.677491098026E-03  5.741245237603E-04 -4.666754556037E-04  3.044166770737E+04 -1.420504001638E+04  9.546015391804E+04 -9.527189057950E+00 -4.882812500000E-04   1   5
 -5.514969690772E-03 -4.232366403460E-04 -2.302348602132E-04 -4.524427328465E+04  1.019926089177E+04  5.163691003597E+04 -9.524991660751E+00 -4.882812500000E-04   1   5
  3.762568689570E-03  5.219714231972E-04 -3.893126810262E-06  3.085810660706E+04 -1.333614229818E+04  8.844683323801E+01 -9.526084767083E+00 -4.882812500000E-04   1   5
  3.099064878366E-03 -6.610578573625E-04  1.111652473460E-03  2.575326829525E+04  2.164499505185E+04 -2.624512055214E+05 -9.523015493259E+00 -4.882812500000E-04   1   5
  4.661494405033E-03 -4.175154573037E-04 -1.173329939878E-03  3.915287172928E+04  9.117626547752E+03  1.962731045752E+05 -9.529166681479E+00 -4.882812500000E-04   1   5
 -2.729156366936E-03 -4.418010723615E-04 -1.243375808309E-03 -2.198480350663E+04  8.293837208038E+03  2.034293488633E+05 -9.528174741566E+00 -4.882812500000E-04   1   5
 -3.805899627325E-03 -3.620189013193E-04 -7.675492735926E-04 -3.106930183903E+04  7.676832738265E+03  1.478116923736E+05 -9.526680898398E+00 -4.882812500000E-04   1   5
 -3.030104458166E-04 -2.883715615065E-04 -1.475769729203E-03 -1.771465662208E+03  7.066858551905E+03  2.384449113621E+05 -9.529172858115E+00 -4.882812500000E-04   1   5
  9.392338394126E-03  1.214608111318E-04  7.435560520621E-04  7.646398564045E+04 -3.847274766482E+03 -1.695467886987E+05 -9.525238668324E+00 -4.882812500000E-04   1   5
 -9.437212890863E-04  1.653371438411E-04 -1.673269684981E-03 -6.889152988008E+03 -2.688515891790E+03  2.657044366353E+05 -9.529566162697E+00 -4.882812500000E-04   1   5
  4.041566480026E-03 -4.318082614823E-04  8.872370094597E-04  3.314020411871E+04  1.480740342740E+04 -2.099687194960E+05 -9.523862593219E+00 -4.882812500000E-04   1   5
  5.001560064115E-03 -5.362507663132E-04  1.711505898472E-04  4.093491759330E+04  1.495908866388E+04 -3.941003852411E+04 -9.525871094597E+00 -4.882812500000E-04   1   5
  6.283570875894E-03  3.255543949042E-04  2.174848513565E-04  5.131836365047E+04 -9.058925673115E+03 -4.920128988411E+04 -9.526004961207E+00 -4.882812500000E-04   1   5
  2.667156484268E-04  1.677803971966E-04 -1.779121726031E-04  2.254285193966E+03 -6.509805275254E+03  4.077548694256E+04 -9.525894060861E+00 -4.882812500000E-04   1   5
 -9.289076619753E-03  2.928343074829E-05 -5.436907465848E-04 -7.628322172723E+04 -6.863995610407E+02  1.153574863460E+05 -9.525089676989E+00 -4.882812500000E-04   1   5
 -4.861322654648E-03 -5.585520754579E-04 -4.520369407235E-04 -3.980877848669E+04  1.345990529550E+04  9.625594929123E+04 -9.525655368686E+00 -4.882812500000E-04   1   5
  5.550687996303E-03 -3.477597444575E-05  3.183629810941E-04  4.533521260905E+04  1.096935347079E+03 -7.139534647839E+04 -9.525618298846E+00 -4.882812500000E-04   1   5
 -1.015006723747E-02 -2.894275792163E-04  1.251499012025E-03 -8.099665058278E+04  9.629451704683E+03 -3.122799893123E+05 -9.519867981536E+00 -4.882812500000E-04   1   5
  1.654168642566E-03  2.034323407172E-04 -9.401105365594E-04  1.413866080752E+04 -5.169289513747E+03  1.690493067278E+05 -9.528057744867E+00 -4.882812500000E-04   1   5
  4.838788073633E-03  4.351277463648E-04 -1.087603257970E-04  3.967289847613E+04 -1.137023938855E+04  2.444585609108E+04 -9.526536659755E+00 -4.882812500000E-04   1   5
  7.926778866786E-03 -3.899392411822E-04  3.744101053273E-04  6.467493924744E+04  1.149018716306E+04 -8.308865319997E+04 -9.525894384179E+00 -4.882812500000E-04   1   5
 -5.647330495688E-03  5.372573213911E-04  2.977335545520E-04 -4.609517206525E+04 -1.480192928328E+04 -6.945880484261E+04 -9.523596404092E+00 -4.882812500000E-04   1   5
  1.806887305976E-04 -8.281707293436E-04 -5.457785214897E-04  1.706862332980E+03  2.033817366664E+04  1.112700720150E+05 -9.526781091016E+00 -4.882812500000E-04   1   5
  1.599273562699E-02  1.710368123121E-04 -1.566734869941E-03  1.335082340487E+05 -3.385269818091E+03  2.303932398868E+05 -9.531865238786E+00 -4.882812500000E-04   1   5
 -3.986187214012E-03 -4.399237926174E-04 -1.421503443187E-03 -3.222417743453E+04  9.994245827219E+03  2.341868316176E+05 -9.528385902571E+00 -4.882812500000E-04   1   5
 -8.273949105808E-03 -5.951356315163E-04  2.055177029749E-04 -6.763004149831E+04  1.651244534500E+04 -4.830638984388E+04 -9.523332660062E+00 -4.882812500000E-04   1   5
  2.344261690278E-03 -2.762652794618E-04  6.617131694053E-05  1.926822247750E+04  6.040438714577E+03 -1.564976236133E+04 -9.525657430596E+00 -4.882812500000E-04   1   5
 -1.925285548065E-03  4.406253259484E-04 -1.575588394634E-03 -1.510553850743E+04 -8.865304214180E+03  2.491231760395E+05 -9.529167922361E+00 -4.882812500000E-04   1   5
  6.629638842530E-03 -6.902364898715E-05 -7.259890026363E-04  5.489195400496E+04  1.745482054999E+03  1.378653242802E+05 -9.528347724227E+00 -4.882812500000E-04   1   5
 -7.274926645567E-03  7.071836384600E-04  2.927873660585E-04 -5.939363352919E+04 -1.949743266475E+04 -6.870340581295E+04 -9.523289633490E+00 -4.882812500000E-04   1   5
 -6.507156084312E-03 -4.186041728792E-04 -1.015522210527E-03 -5.325626082476E+04  9.353431294373E+03  1.829659770971E+05 -9.526861021091E+00 -4.882812500000E-04   1   5
  6.805086017360E-03 -5.169208402559E-04 -7.612793072864E-04  5.642362750655E+04  1.274030319145E+04  1.439572654652E+05 -9.528441146335E+00 -4.882812500000E-04   1   5
  7.895685322400E-03  2.766273751869E-04 -1.290511673541E-03  6.605025259750E+04 -5.448304237008E+03  2.057045550292E+05 -9.529982793053E+00 -4.882812500000E-04   1   5
 -1.111227655538E-02 -4.235316638015E-04 -1.382038255126E-03 -9.139002120081E+04  8.541376771366E+03  2.304712936372E+05 -9.527078830606E+00 -4.882812500000E-04   1   5
  7.212899475185E-03 -1.641355368279E-04 -8.784743769930E-04  6.012299931461E+04  3.188488101547E+03  1.583475497883E+05 -9.528759517284E+00 -4.882812500000E-04   1   5
 -1.242830228783E-02  1.810603945141E-04 -1.375318799461E-03 -1.024261883539E+05 -3.476705894239E+03  2.222929606273E+05 -9.526895539909E+00 -4.882812500000E-04   1   5
 -5.838927448106E-03 -6.127520941869E-04 -1.140083976223E-03 -4.766810111773E+04  1.317896660486E+04  1.993899800525E+05 -9.527304052729E+00 -4.882812500000E-04   1   5
 -8.628613191869E-03  7.155882962902E-04 -1.285521995456E-03 -7.078088779861E+04 -1.443239315598E+04  2.175945572449E+05 -9.527235168399E+00 -4.882812500000E-04   1   5
 -7.052591388191E-03  6.550344782720E-04  1.131341378618E-03 -5.618346574047E+04 -2.276189829028E+04 -2.834688036743E+05 -9.520892149663E+00 -4.882812500000E-04   1   5
  5.790024096586E-03 -1.795079223824E-04  1.261356043037E-03  4.750220343500E+04  6.372078882388E+03 -2.965945992126E+05 -9.523161210660E+00 -4.882812500000E-04   1   5
 -1.000022913387E-03  2.516031339996E-04 -4.252914983649E-05 -8.173074889236E+03 -6.973712822192E+03  9.987050255895E+03 -9.525341158197E+00 -4.882812500000E-04   1   5
 -5.262049579583E-03  1.952403070228E-04 -7.584279237447E-04 -4.296379148312E+04 -5.371438955037E+03  1.486207454076E+05 -9.526361188198E+00 -4.882812500000E-04   1   5
 -3.505164950492E-03  5.533015358876E-04 -3.608731297415E-04 -2.869178012497E+04 -1.375780737130E+04  7.844450987034E+04 -9.525674764060E+00 -4.882812500000E-04   1   5
  7.028776222972E-03 -4.861914327534E-04  4.994084134511E-04  5.731354682696E+04  1.436144688969E+04 -1.112654575894E+05 -9.525419503722E+00 -4.882812500000E-04   1   5
  2.728303242504E-03  1.675284727948E-04 -1.606022495327E-03  2.346627174148E+04 -3.457259019034E+03  2.522204513080E+05 -9.530003860521E+00 -4.882812500000E-04   1   5
 -6.096591030036E-03  2.023885352692E-04 -6.887012280732E-04 -4.993410579122E+04 -4.863267188067E+03  1.376878419032E+05 -9.526049466178E+00 -4.882812500000E-04   1   5
 -8.808900549596E-03 -8.771093090917E-06 -1.978097658721E-04 -7.238544413515E+04  3.095200344341E+02  4.481775494266E+04 -9.524325878319E+00 -4.882812500000E-04   1   5
  1.789830656685E-03 -6.759513241758E-04 -1.460922590304E-03  1.562115756524E+04  1.407052936883E+04  2.312214755587E+05 -9.529467080055E+00 -4.882812500000E-04   1   5
  6.464275827474E-03  2.624290589582E-04 -5.357432747601E-04  5.331114301786E+04 -6.316443547745E+03  1.073161010094E+05 -9.527856905216E+00 -4.882812500000E-04   1   5
 -5.042325883666E-03 -4.924578628444E-04  5.823382909576E-04 -4.082274879047E+04  1.514161015693E+04 -1.363112720736E+05 -9.522912097987E+00 -4.882812500000E-04   1   5
 -8.348981394530E-03  4.531925587175E-04  1.338686594899E-03 -6.630786346048E+04 -1.386885412001E+04 -3.327174251356E+05 -9.519993805407E+00 -4.882812500000E-04   1   5
  2.487571813233E-03 -5.274266944784E-04 -1.379732008573E-04  2.041994091004E+04  1.398662053663E+04  3.135391510718E+04 -9.526193712638E+00 -4.882812500000E-04   1   5
 -6.645019908212E-04  1.954240792168E-04 -5.649321252577E-06 -5.223429350670E+03 -7.208133272658E+03  3.817097014561E+03 -9.525246482457E+00 -4.882812500000E-04   1   5
 -1.085094558468E-03  5.546482396286E-04  3.343402438638E-05 -8.894991198213E+03 -1.606622245371E+04 -5.780822724879E+03 -9.525129496194E+00 -4.882812500000E-04   1   5
 -1.011038731196E-03  3.411267364806E-04  9.426190222008E-04 -7.632749223161E+03 -1.304531079126E+04 -2.288451877522E+05 -9.522703051654E+00 -4.882812500000E-04   1   5
 -1.675354565125E-03  9.082267416596E-04  1.158173734699E-03 -1.270802620257E+04 -2.974961850238E+04 -2.796192597676E+05 -9.521899652284E+00 -4.882812500000E-04   1   5
  1.893565317236E-03  8.903049673502E-04 -1.419452778822E-03  1.645485283498E+04 -1.816440873899E+04  2.286170920589E+05 -9.529357646826E+00 -4.882812500000E-04   1   5
  1.003014352757E-05 -6.179960505529E-04 -5.295146042217E-04  3.417359384617E+02  1.475819945052E+04  1.080703240170E+05 -9.526706379875E+00 -4.882812500000E-04   1   5
  8.933197344869E-03 -2.140487473076E-04  1.392430715441E-05  7.320001050906E+04  5.873298397549E+03 -5.298062111028E+03 -9.526929827787E+00 -4.882812500000E-04   1   5
  5.373255383930E-03  6.378451146628E-04  2.531940179828E-05  4.408384700115E+04 -1.618953763941E+04 -7.256769028164E+03 -9.526279121455E+00 -4.882812500000E-04   1   5
 -6.430409930486E-03 -3.549615224175E-04 -1.164964599057E-03 -5.261199427490E+04  7.452438611622E+03  1.995549229055E+05 -9.527302019914E+00 -4.882812500000E-04   1   5
 -2.947153607854E-03 -3.405673871896E-04 -4.784514892631E-04 -2.405645650546E+04  8.054744202290E+03  9.971329830349E+04 -9.526074925046E+00 -4.882812500000E-04   1   5
  7.606482235896E-03 -4.356216821906E-04  8.072240723287E-04  6.198778344204E+04  1.425208304205E+04 -1.870407706999E+05 -9.524742661615E+00 -4.882812500000E-04   1   5
 -6.940060706510E-03 -1.166951094391E-04  1.001174324704E-03 -5.556590669525E+04  4.118840448094E+03 -2.488337063687E+05 -9.521335872812E+00 -4.882812500000E-04   1   5
 -4.257231076875E-03  6.346473444505E-04 -8.858947440249E-04 -3.468304282651E+04 -1.494391382150E+04  1.667123983980E+05 -9.526885390341E+00 -4.882812500000E-04   1   5
 -2.266805889644E-04 -7.817290783188E-04  2.192168061654E-05 -1.818330375125E+03  1.995458545317E+04 -5.460062426150E+03 -9.525303788384E+00 -4.882812500000E-04   1   5
 -3.042626145070E-03  5.878501369185E-04 -1.667831200090E-04 -2.484533347690E+04 -1.557254310172E+04  3.921407752938E+04 -9.525247195557E+00 -4.882812500000E-04   1   5
 -2.524664577323E-03 -4.128853931337E-04 -5.457665416806E-04 -2.059488830840E+04  1.030329677197E+04  1.121768070120E+05 -9.526327637771E+00 -4.882812500000E-04   1   5
 -2.890061476809E-03  3.153152628826E-04 -3.247764922865E-05 -2.364485253208E+04 -8.351175741765E+03  7.840003517061E+03 -9.524965834631E+00 -4.882812500000E-04   1   5
 -4.538284294162E-03 -8.642814945128E-04  4.170316045231E-04 -3.695970862127E+04  2.385240373563E+04 -9.702318621018E+04 -9.523477707478E+00 -4.882812500000E-04   1   5
 -1.456406565282E-03  7.260066659659E-05  1.416512442704E-03 -1.053424975915E+04 -3.428130195050E+03 -3.421618322614E+05 -9.521196281047E+00 -4.882812500000E-04   1   5
 -7.248003858776E-04  6.297696205990E-04 -1.323103862223E-03 -5.252118411950E+03 -1.397288000489E+04  2.214406521993E+05 -9.528655892473E+00 -4.882812500000E-04   1   5
  5.547053408432E-03 -2.119530209330E-04  6.487235362744E-04  4.527205319910E+04  7.097153042341E+03 -1.462637841721E+05 -9.524769630630E+00 -4.882812500000E-04   1   5
  4.112815044760E-04  8.176088459091E-05  7.654522458678E-04  3.578101411297E+03 -4.940637395104E+03 -1.799599234334E+05 -9.523511074549E+00 -4.882812500000E-04   1   5
 -2.308359184962E-03 -8.513360833333E-04  1.042258312705E-04 -1.886201977912E+04  2.172771422834E+04 -2.510334389394E+04 -9.524718726191E+00 -4.882812500000E-04   1   5
 -4.724447018846E-04 -1.567614148321E-04  9.600595628454E-04 -3.337498002974E+03  7.956203192873E+03 -2.323687333010E+05 -9.522787049624E+00 -4.882812500000E-04   1   5
 -3.584742235740E-03  3.780231002109E-04 -9.515142333143E-04 -2.923394926364E+04 -6.717641236542E+03  1.730350721637E+05 -9.527228503857E+00 -4.882812500000E-04   1   5
  3.938853252413E-03  6.369420900894E-04 -2.639380719769E-04  3.250224979447E+04 -1.501664361715E+04  5.525051278096E+04 -9.526728012304E+00 -4.882812500000E-04   1   5
  1.268642104969E-03  5.596154421759E-04 -2.323499900410E-04  1.050597647663E+04 -1.451011249137E+04  5.139971554931E+04 -9.526197865057E+00 -4.882812500000E-04   1   5
 -1.690235491646E-03 -5.347178478444E-04 -7.274341720978E-04 -1.355645499581E+04  1.311820983440E+04  1.415725996969E+05 -9.526915958678E+00 -4.882812500000E-04   1   5
 -1.850752224938E-03  6.166283281762E-04  1.042242528204E-03 -1.435610679312E+04 -2.076474244916E+04 -2.537305170660E+05 -9.522250006578E+00 -4.882812500000E-04   1   5
  1.381708067507E-04 -7.369886644535E-04  2.261998065789E-04  1.179162538905E+03  2.032584791551E+04 -5.166938926521E+04 -9.524851379412E+00 -4.882812500000E-04   1   5
 -5.415276180602E-03 -1.609681102619E-04 -5.251324671507E-04 -4.427444240900E+04  3.842575973499E+03  1.104508185496E+05 -9.525722881063E+00 -4.882812500000E-04   1   5
 -1.612735769761E-03  2.728176568257E-04  3.659381586285E-05 -1.318636744992E+04 -7.185891855414E+03 -8.299764616348E+03 -9.525031474990E+00 -4.882812500000E-04   1   5
 -1.714354817041E-03 -7.318430605736E-04 -9.238154598945E-04 -1.364001557996E+04  1.702953266152E+04  1.703296645079E+05 -9.527417274726E+00 -4.882812500000E-04   1   5
 -5.688155365424E-03 -5.921704235003E-05 -5.866307769065E-04 -4.666978691033E+04  1.039620406602E+03  1.201897338793E+05 -9.525880975978E+00 -4.882812500000E-04   1   5
  6.469558083422E-03  1.621985373904E-04 -5.151158641565E-04  5.335598576844E+04 -4.820798132744E+03  1.036809815541E+05 -9.527802747003E+00 -4.882812500000E-04   1   5
 -1.300150157449E-03 -6.800871794349E-04 -1.246666329250E-03 -1.011909506363E+04  1.324736710256E+04  2.036250509581E+05 -9.528407038325E+00 -4.882812500000E-04   1   5
  7.029920085826E-03 -6.627838839257E-04  1.234965002967E-03  5.764298706825E+04  2.296617080835E+04 -2.880210250820E+05 -9.523406535642E+00 -4.882812500000E-04   1   5
 -9.461200025653E-03 -7.788006382825E-04  1.078293493643E-03 -7.581251501760E+04  2.510822059496E+04 -2.710965377936E+05 -9.520549423816E+00 -4.882812500000E-04   1   5
  5.844533078188E-03  5.698436189706E-04  2.749331560103E-04  4.778987037262E+04 -1.586459951111E+04 -6.214684784702E+04 -9.525758055391E+00 -4.882812500000E-04   1   5
  2.719380607333E-03  5.271555506413E-04 -1.390407664929E-03  2.325092862391E+04 -1.170760755644E+04  2.283698397633E+05 -9.529411751296E+00 -4.882812500000E-04   1   5
 -6.581902619014E-04  3.738314236676E-04 -7.678767065293E-04 -5.064868870286E+03 -7.661308559942E+03  1.464634270319E+05 -9.527217373211E+00 -4.882812500000E-04   1   5
  3.599687016493E-03  2.004328609293E-04  1.300330267544E-03  2.990308703668E+04 -8.214045314629E+03 -3.078463439951E+05 -9.522609338922E+00 -4.882812500000E-04   1   5
 -4.768716927120E-03 -5.855921236330E-04 -8.041774957235E-05 -3.903494124194E+04  1.527782113028E+04  1.996456027137E+04 -9.524724244300E+00 -4.882812500000E-04   1   5
 -9.496321861511E-03  2.563370899704E-04  6.061036734879E-04 -7.704623110795E+04 -7.634914509781E+03 -1.473626034622E+05 -9.521970533688E+00 -4.882812500000E-04   1   5
  5.488205560265E-03 -2.504016295116E-04  8.957809029244E-04  4.477836514628E+04  9.106781389198E+03 -2.109562260985E+05 -9.524141895155E+00 -4.882812500000E-04   1   5
  1.352029785419E-03  6.698589725025E-05 -3.418707559977E-05  1.108632871156E+04 -1.848392186221E+03  7.819494053841E+03 -9.525748112065E+00 -4.882812500000E-04   1   5
 -7.885587158906E-03  4.026430328086E-04 -1.218073384806E-03 -6.459554028498E+04 -8.496402956339E+03  2.110485139774E+05 -9.527162692722E+00 -4.882812500000E-04   1   5
  3.430081009655E-04 -3.691814538533E-04 -7.696352497293E-04  3.233838271351E+03  1.093715615330E+04  1.481487080203E+05 -9.527372516174E+00 -4.882812500000E-04   1   5
  2.891829515413E-03  5.148370127102E-04  1.157719228653E-04  2.366210809971E+04 -1.422499280991E+04 -2.648167867105E+04 -9.525644480234E+00 -4.882812500000E-04   1   5
  3.064638231433E-05  1.515354249743E-04 -4.605080330498E-04  4.016996924064E+02 -4.750029181744E+03  9.572751999652E+04 -9.526564741189E+00 -4.882812500000E-04   1   5
 -7.713001330662E-03  7.183013062130E-05  7.642670998935E-04 -6.225772298720E+04 -2.228014548548E+03 -1.890529623523E+05 -9.521879564971E+00 -4.882812500000E-04   1   5
  4.116753477838E-03  3.217103901813E-04 -6.847036986111E-04  3.414213869310E+04 -8.903642960771E+03  1.340152420179E+05 -9.527826292340E+00 -4.882812500000E-04   1   5
  2.468893312747E-03  1.248710219871E-04 -1.315722068982E-03  2.106849697137E+04 -4.277904091171E+03  2.205538484398E+05 -9.529187617223E+00 -4.882812500000E-04   1   5
  2.897023984601E-03  2.529823489995E-04  3.145305954231E-04  2.365632118332E+04 -7.216260918597E+03 -7.074653635593E+04 -9.525156297330E+00 -4.882812500000E-04   1   5
  1.347355866588E-03 -4.158371244875E-04 -1.494306761759E-03  1.194106400948E+04  9.336730012931E+03  2.393843976554E+05 -9.529483987018E+00 -4.882812500000E-04   1   5
 -1.531625680887E-03 -4.371437818413E-04 -1.419284144858E-03 -1.185333570679E+04  1.008968056784E+04  2.329030350199E+05 -9.528779794276E+00 -4.882812500000E-04   1   5
  5.597537299773E-03 -3.418762124968E-04  1.023535407952E-03  4.577774980825E+04  1.201853378593E+04 -2.429364607994E+05 -9.523799938186E+00 -4.882812500000E-04   1   5
  5.134064535199E-03  9.030786661281E-05  5.599017126814E-04  4.177294526640E+04 -3.432131162606E+03 -1.247687459132E+05 -9.524960445825E+00 -4.882812500000E-04   1   5
 -8.437120186760E-03  2.801848248210E-04 -9.411397985915E-05 -6.916495396950E+04 -7.182225810708E+03  2.340546171234E+04 -9.524086666534E+00 -4.882812500000E-04   1   5
 -9.565253988533E-03 -2.027967630605E-04  8.549698381239E-04 -7.705570694954E+04  7.460922409280E+03 -2.183784110898E+05 -9.521223586400E+00 -4.882812500000E-04   1   5
  1.166249102851E-03 -1.124540434042E-04  9.872157476165E-04  9.928462533188E+03  5.489648410246E+03 -2.372165812184E+05 -9.523040529379E+00 -4.882812500000E-04   1   5
 -1.252080662080E-02 -1.983079361139E-05  1.185622352970E-03 -1.003557625236E+05  6.866100812182E+02 -2.979891243909E+05 -9.519575689836E+00 -4.882812500000E-04   1   5
  3.414256044305E-03  3.009450431973E-04 -1.199862540100E-03  2.874022301500E+04 -6.998693016205E+03  2.059729727121E+05 -9.529048025996E+00 -4.882812500000E-04   1   5
 -1.032416258983E-03  5.777140675980E-04  1.579715892976E-04 -8.387857647480E+03 -1.691885747468E+04 -3.465137921157E+04 -9.524807320916E+00 -4.882812500000E-04   1   5
  2.655035328875E-03  5.494641245425E-04  2.089700736274E-05  2.179061243811E+04 -1.424401251268E+04 -5.364676328160E+03 -9.525825806219E+00 -4.882812500000E-04   1   5
  6.192108013980E-03 -4.808249303637E-05 -1.143281336707E-03  5.174507401346E+04  7.311441763472E+02  1.926677047905E+05 -9.529339458543E+00 -4.882812500000E-04   1   5
 -2.200415630512E-03  4.633254076865E-04 -2.164485580591E-04 -1.800623367024E+04 -1.170626742959E+04  4.820770396115E+04 -9.525554310681E+00 -4.882812500000E-04   1   5
 -4.791313015297E-03 -3.689226339691E-04  4.353881702013E-04 -3.901051833478E+04  1.085614395734E+04 -1.001914834569E+05 -9.523391421931E+00 -4.882812500000E-04   1   5
  1.598541726678E-03  1.777303733522E-04  2.685083254690E-04  1.311034439564E+04 -4.491491861181E+03 -6.090647256363E+04 -9.525025543194E+00 -4.882812500000E-04   1   5
 -9.217549427852E-03 -2.255379108945E-04 -1.017427830000E-03 -7.567343695921E+04  4.727466416484E+03  1.870124148668E+05 -9.526378392316E+00 -4.882812500000E-04   1   5
 -7.882261264026E-03 -4.314026751098E-05 -4.359133427068E-04 -6.485692529997E+04  8.324889041615E+02  9.276998526240E+04 -9.525124470485E+00 -4.882812500000E-04   1   5
 -2.333512969286E-03  5.110104414009E-05  1.121451851383E-03 -1.822492315315E+04 -1.363114147800E+03 -2.644804019711E+05 -9.521927865782E+00 -4.882812500000E-04   1   5
 -1.136734138657E-03 -7.030286207324E-04 -5.770798863569E-04 -9.083840391337E+03  1.692119257467E+04  1.170211199880E+05 -9.526625987410E+00 -4.882812500000E-04   1   5
  2.418362276458E-03 -2.077830433036E-04 -1.146637416098E-03  2.064245378340E+04  4.324629723030E+03  1.935127728373E+05 -9.528724277894E+00 -4.882812500000E-04   1   5
  4.997180213263E-03 -4.421155457248E-04  3.973988286932E-04  4.080025675429E+04  1.289493175229E+04 -8.867145336202E+04 -9.525312494491E+00 -4.882812500000E-04   1   5
  5.681888226786E-03  4.095729349785E-04 -3.156955128745E-04  4.684542042317E+04 -9.621744692519E+03  6.476574819721E+04 -9.527156945126E+00 -4.882812500000E-04   1   5
 -9.417140635541E-03 -1.258917813475E-03 -1.393958669479E-03 -7.733695101130E+04  2.447541111194E+04  2.268539095952E+05 -9.527412972757E+00 -4.882812500000E-04   1   5
 -4.068989293610E-03 -3.467606436335E-04 -4.560443963246E-04 -3.328718721861E+04  8.420006722502E+03  9.654069778097E+04 -9.525812940286E+00 -4.882812500000E-04   1   5
 -6.083582025188E-03 -4.793166000360E-04  1.051984973325E-03 -4.850265840474E+04  1.756021598386E+04 -2.635985865427E+05 -9.521348339540E+00 -4.882812500000E-04   1   5
  6.117967142082E-03  4.516600589050E-04  5.221221752629E-04  4.999314362159E+04 -1.274041515880E+04 -1.165897233194E+05 -9.525174005862E+00 -4.882812500000E-04   1   5
 -1.307216419539E-03  3.219571321644E-04 -8.273624895798E-04 -1.040180404873E+04 -6.937835549197E+03  1.553605896606E+05 -9.527265966217E+00 -4.882812500000E-04   1   5
  1.156858267820E-02 -4.858253466529E-04 -1.491860625628E-03  9.669208655684E+04  9.690106031934E+03  2.274012383398E+05 -9.531047068613E+00 -4.882812500000E-04   1   5
 -1.086970691742E-02  2.576621479609E-05  5.441687187959E-04 -8.841367142968E+04 -4.941680246310E+02 -1.322724842151E+05 -9.521893250772E+00 -4.882812500000E-04   1   5
 -8.461086716522E-04 -5.390421980489E-04  9.553291087947E-04 -6.277719401296E+03  1.892743739666E+04 -2.328792967535E+05 -9.522694080925E+00 -4.882812500000E-04   1   5
  5.565763469068E-03 -1.700470578582E-04 -4.949784662793E-04  4.597625306660E+04  4.033895324495E+03  9.946186017430E+04 -9.527589072364E+00 -4.882812500000E-04   1   5
 -1.534250284547E-02 -2.590104320597E-04  9.928255784066E-04 -1.235402196474E+05  8.648381859281E+03 -2.629341488852E+05 -9.519563971216E+00 -4.882812500000E-04   1   5
 -1.396988467200E-02 -9.118587856019E-04 -1.224793270747E-03 -1.151932155205E+05  1.796415909791E+04  2.082200213735E+05 -9.526167267085E+00 -4.882812500000E-04   1   5
  4.575063812415E-03  8.134635169456E-05 -1.257375531543E-03  3.838418350713E+04 -1.923625333608E+03  2.124664103135E+05 -9.529387814078E+00 -4.882812500000E-04   1   5
 -1.046140606848E-02  1.342841886155E-04  2.314210204428E-04 -8.549047680010E+04 -3.603292940131E+03 -5.510269871644E+04 -9.522842703958E+00 -4.882812500000E-04   1   5
 -6.308886752116E-03  4.366894583716E-04 -1.381635295551E-03 -5.150673220785E+04 -9.599576307769E+03  2.300686758529E+05 -9.527889689814E+00 -4.882812500000E-04   1   5
  7.529061436165E-03 -9.213004910799E-05  2.777622508745E-04  6.149249160489E+04  2.733373018733E+03 -6.285201934639E+04 -9.526068915500E+00 -4.882812500000E-04   1   5
  7.257234272925E-03  5.552347541295E-04 -1.210379350424E-03  6.063776976215E+04 -1.164652042957E+04  2.012467548774E+05 -9.529665937329E+00 -4.882812500000E-04   1   5
  3.480324164339E-03  1.987964181138E-04  5.006697373684E-04  2.845273437261E+04 -5.659731228174E+03 -1.121706483556E+05 -9.524772632012E+00 -4.882812500000E-04   1   5
  8.148993160915E-03  8.429314274488E-05 -3.370033277825E-04  6.704929568227E+04 -1.852458624591E+03  6.912669689444E+04 -9.527637572363E+00 -4.882812500000E-04   1   5
  1.399256525913E-02 -8.159670606978E-04 -1.516271294038E-03  1.168416957017E+05  1.630102618414E+04  2.283030530559E+05 -9.531441848139E+00 -4.882812500000E-04   1   5
 -4.884618011131E-03 -4.783575393127E-04 -1.136254836530E-03 -3.980495804194E+04  1.027041745422E+04  1.960705953783E+05 -9.527479017129E+00 -4.882812500000E-04   1   5
  2.460529964054E-04  2.902557149711E-04  2.032704389254E-04  2.025792252492E+03 -8.310126665575E+03 -4.653315641075E+04 -9.524952225377E+00 -4.882812500000E-04   1   5
 -2.325693009871E-03  3.372625690681E-04  1.218311313229E-04 -1.902443366265E+04 -9.254937609439E+03 -2.815396590855E+04 -9.524688167890E+00 -4.882812500000E-04   1   5
 -2.859854316119E-03 -5.356923896246E-04 -3.302727662318E-04 -2.334526653437E+04  1.457750956799E+04  7.276182244526E+04 -9.525697601214E+00 -4.882812500000E-04   1   5
 -6.929861369034E-03 -2.016762085240E-04  1.329946095326E-03 -5.476875955939E+04  7.874959692820E+03 -3.297386831013E+05 -9.520302118683E+00 -4.882812500000E-04   1   5
 -5.716242882261E-03 -3.835858535621E-04  4.088823642014E-04 -4.653692221230E+04  1.142953199583E+04 -9.429653046737E+04 -9.523272638396E+00 -4.882812500000E-04   1   5
 -5.360729054746E-03 -7.316517893265E-05 -1.459034983684E-03 -4.373566472090E+04  1.509822747424E+03  2.310994842702E+05 -9.528329714334E+00 -4.882812500000E-04   1   5
 -8.183217830747E-03 -5.869687895274E-04  3.303509564310E-04 -6.679546389804E+04  1.623127612075E+04 -7.821074382202E+04 -9.523020868006E+00 -4.882812500000E-04   1   5
 -1.968627078468E-03  6.233304616390E-04 -1.163346229749E-05 -1.605810300542E+04 -1.657429107108E+04  3.890452411249E+03 -9.525061913949E+00 -4.882812500000E-04   1   5
