 -8.957297244704E-07 -9.055869044234E-08  3.236458963818E+00  7.289866602764E-02 -2.104059149224E-01  2.254790830564E+07  1.086255387134E+01 -2.941176470588E-03   1   5
 -5.212708264717E-05  2.007010577397E-04 -3.236465327035E+00  9.286540252008E+05  1.921534174891E+06 -2.427742873520E+07 -6.289716570136E+00 -2.941176470588E-03   1 -90
 -4.930507344771E-02 -2.248310023451E-02 -2.020749140416E+00 -8.580711501405E+04 -3.164607573752E+04 -2.063970957880E+07  0.000000000000E+00 -2.941176470588E-03   1   3
  2.789241609463E-04  2.126889636752E-04 -3.236484269344E+00 -3.903643914413E+03 -2.972824726804E+03 -2.345012689059E+07 -1.036095372055E+01 -2.941176470588E-03   1 -90
 -2.838733462124E-04  2.412558180828E-04 -3.236460424373E+00  1.010501580930E+06  2.978147701779E+05 -2.403302939732E+07 -2.940962880072E+00 -2.941176470588E-03   1 -90
  4.530480003487E-04  3.349766827735E-04 -3.236459932050E+00  1.850031400225E+06  1.176927559913E+06 -2.452465186793E+07 -9.280650560088E+00 -2.941176470588E-03   1 -90
 -5.406493829646E-04  7.966635973694E-05 -3.236465112189E+00  7.838130819186E+03  5.139399547681E+04 -2.357936951220E+07 -8.422253237920E+00 -2.941176470588E-03   1 -90
  3.464140504554E-02 -7.952426728265E-03 -2.911634030111E+00  4.465611948054E+05 -1.299511444161E+05 -2.166607866135E+07 -5.474036601247E+00 -2.941176470588E-03   1 -15
  9.300378632167E-04  1.586905002551E-04 -3.236463831739E+00  1.036607145023E+05 -5.994780868957E+04 -2.265528701860E+07 -9.481975354416E+00 -2.941176470588E-03   1 -89
 -3.574087251712E-04 -1.759671652575E-04 -3.236468630146E+00  6.799604192675E+03  8.546748038398E+02 -2.371709498171E+07 -9.918669716375E+00 -2.941176470588E-03   1 -89
  1.333277948924E-04 -4.615942515012E-04 -3.236482446424E+00 -8.030598992593E+04 -3.157850247768E+05 -2.434898026931E+07 -7.616357078741E+00 -2.941176470588E-03   1 -89
 -2.866110385903E-04 -5.556681011093E-05 -3.236470935516E+00  3.167441214927E+03  6.177954128836E+02 -2.326110566393E+07 -5.230693396636E+00 -2.941176470588E-03   1 -89
  2.354656526858E-04  1.594531751310E-04 -3.236459705720E+00 -5.043662260682E+06 -6.458060852143E+05 -2.708569164340E+07 -3.327121089068E-01 -2.941176470588E-03   1 -89
  1.688744528599E-04 -4.325672549441E-04 -3.236459358800E+00  4.328284666924E+05  1.982631608568E+06 -2.335128172703E+07 -2.965336014808E+00 -2.941176470588E-03   1 -89
  3.889938405341E-04 -6.697315757027E-05 -3.236480150992E+00 -5.475650629964E+03  9.471182910075E+02 -2.345580630576E+07 -6.693860323115E+00 -2.941176470588E-03   1 -89
  1.446766440254E-04 -3.556346471132E-04 -3.236464310718E+00  3.238049614044E+06 -3.113075138189E+06 -2.427963605563E+07 -1.598508019043E+00 -2.941176470588E-03   1 -89
  5.172229482160E-04 -2.920932118683E-04 -3.236477873981E+00  3.532385306736E+06  1.317254623018E+06 -2.825756778541E+07 -7.542601870692E+00 -2.941176470588E-03   1 -89
  2.360816750132E-05 -2.555287727365E-04 -3.236478485467E+00 -2.463519252159E+05  1.279757531044E+06 -2.604364971454E+07 -5.590655053700E+00 -2.941176470588E-03   1 -89
 -3.735958409022E-04 -1.155475956702E-04 -3.236460549448E+00  6.824882488024E+03  2.122650705374E+03 -2.372681988156E+07 -9.625966014866E+00 -2.941176470588E-03   1 -89
 -3.623905376599E-04 -1.449647832654E-04 -3.236484335641E+00  4.610521319501E+03  1.846569866965E+03 -2.336863596486E+07 -1.000854796551E+01 -2.941176470588E-03   1 -89
 -2.572546103223E-05  4.618090887132E-04 -3.236460875155E+00  8.182304122443E+05  1.725821486211E+05 -2.454462819420E+07 -9.987707382991E+00 -2.941176470588E-03   1 -89
  3.054302996506E-04 -5.402928529418E-05 -3.236460905529E+00  6.763152782302E+04  2.342206761910E+05 -2.374162442296E+07 -5.210018388767E+00 -2.941176470588E-03   1 -89
  3.679450362199E-04  2.501038694446E-04 -3.236468304400E+00 -8.005847300625E+05 -2.936770260864E+05 -2.422777411403E+07 -1.000543744356E+01 -2.941176470588E-03   1 -89
 -3.359713888455E-04  2.912815086408E-04 -3.236471720867E+00  1.443879602855E+06  4.440777742442E+04 -2.420740758132E+07 -2.319803517815E+00 -2.941176470588E-03   1 -89
 -1.181861992465E-04 -3.648872369252E-04 -3.236477135924E+00  2.017779723114E+03  6.267341365016E+03 -2.365477144475E+07 -6.938248314608E+00 -2.941176470588E-03   1 -89
 -2.659283091738E-04 -4.173383166320E-04 -3.236460809938E+00  9.439431975710E+03 -1.922913573585E+04 -2.334927558192E+07 -5.489835875548E+00 -2.941176470588E-03   1 -89
  1.101722879563E-04 -1.803846964498E-04 -3.236460938695E+00  3.169017568323E+05  2.077968866362E+06 -2.456416740902E+07 -8.581923228403E+00 -2.941176470588E-03   1 -89
  2.916711556015E-04  1.691280667378E-04 -3.236477430471E+00 -5.497197123113E+03 -3.199362309357E+03 -2.376426362652E+07 -7.283125082219E+00 -2.941176470588E-03   1 -89
  2.205382760854E-05 -1.120753528575E-04 -3.236476319734E+00 -2.154692379565E+02  1.105727855589E+03 -2.318385943418E+07 -1.039182285701E+01 -2.941176470588E-03   1 -89
 -1.425575838172E-04 -3.033426976368E-04 -3.236460463784E+00  1.153503589276E+03  2.443663729584E+03 -2.306794351117E+07 -1.039299405201E+01 -2.941176470588E-03   1 -89
  6.941488206521E-04 -4.830794387839E-04 -3.236470240558E+00  2.633029782339E+06 -4.356223406153E+05 -2.532097461339E+07 -8.470984044173E-05 -2.941176470588E-03   1 -89
 -1.245901084659E-04 -7.559717712164E-05 -3.236483345503E+00 -4.104075216481E+04  2.486511795159E+04 -2.364871196679E+07 -1.023031777513E+01 -2.941176470588E-03   1 -89
  1.439818466868E-05 -5.648617792790E-04 -3.236467534441E+00 -6.810012923072E+05  6.890343893541E+05 -2.578205938920E+07 -4.322756642522E+00 -2.941176470588E-03   1 -89
  1.177591103476E-04 -3.764964386081E-04 -3.236481509642E+00 -8.933556465946E+05  9.507554624155E+05 -2.529334239958E+07 -5.397593958437E+00 -2.941176470588E-03   1 -89
 -4.714813395621E-05  1.201977176577E-04 -3.236485002931E+00  4.955620307040E+04 -5.018937285610E+05 -2.411258796881E+07 -1.025040498231E+01 -2.941176470588E-03   1 -89
  1.839144311407E-01  1.091508882380E-01 -2.178744995393E+00  1.602941155222E+06  7.782125276381E+05 -1.629871565469E+07 -2.089492306811E+00 -2.941176470588E-03   1 -15
  2.294357117371E-04 -2.053453070128E-04 -3.236472115335E+00 -3.085646132744E+06 -3.099413449540E+05 -2.636919773317E+07 -5.977863704307E+00 -2.941176470588E-03   1 -89
  1.822105360636E-04 -3.401516127828E-04 -3.236474761720E+00 -1.581822171533E+03  2.961396266577E+03 -2.310898928185E+07 -8.380172156896E+00 -2.941176470588E-03   1 -89
  1.000351887032E-04  3.799305655205E-04 -3.236465704461E+00 -1.848374656299E+03 -7.065086046409E+03 -2.374704679973E+07 -9.290491826764E+00 -2.941176470588E-03   1 -89
 -2.906608781938E-04  2.478892349274E-04 -3.236462936524E+00  4.799862587691E+03 -4.090465380489E+03 -2.361282844447E+07 -7.667224271736E+00 -2.941176470588E-03   1 -89
  1.148904116214E-04 -4.165949072572E-04 -3.236472167235E+00 -6.875684269658E+02  2.507951553533E+03 -2.293600908355E+07 -3.846769318911E+00 -2.941176470588E-03   1 -89
 -7.954411079446E-05  3.432603991554E-04 -3.236474974470E+00  8.899335828133E+02 -3.823047364772E+03 -2.326623271942E+07 -1.890481715117E+00 -2.941176470588E-03   1 -89
 -2.380775372444E-04 -2.481644034697E-04 -3.236465491341E+00  3.541862495099E+03  3.683100375594E+03 -2.350642959415E+07 -8.369550222485E+00 -2.941176470588E-03   1 -89
 -1.353810384900E-04  3.784992976926E-04 -3.236459641113E+00  1.942992596658E+03 -5.429366336537E+03 -2.347318963286E+07 -6.674672272450E+00 -2.941176470588E-03   1 -89
 -3.728271437273E-05  9.316078322014E-04 -3.236478533395E+00  1.466721095332E+05  5.693180702586E+05 -2.430600143748E+07 -9.426226580238E+00 -2.941176470588E-03   1 -89
 -1.582701725253E-03  5.838743751531E-03 -3.236459578826E+00 -2.244491264037E+06  2.145335323192E+06 -2.676340019737E+07 -9.509786150368E-01 -2.941176470588E-03   1 -89
  2.487687958414E-04  4.434260295486E-04 -3.236459170140E+00 -2.451781522565E+06  8.178174401760E+04 -2.390566354256E+07 -9.592546937483E+00 -2.941176470588E-03   1 -89
  2.541069898585E-04 -7.688851989770E-05 -3.236480214537E+00 -4.868852687950E+04 -1.124822148953E+06 -2.432765025153E+07 -9.328530415127E+00 -2.941176470588E-03   1 -89
 -2.596323702999E-04  2.158843419254E-04 -3.236467690167E+00  2.681683424409E+03 -2.236927490002E+03 -2.321514660801E+07 -9.384993468863E+00 -2.941176470588E-03   1 -89
 -8.180344223580E-05  3.561676896705E-04 -3.236466034365E+00  5.867684470515E+05  1.662750769938E+06 -2.665993487064E+07 -7.358344474408E+00 -2.941176470588E-03   1 -89
 -3.331929126226E-05 -4.808680795415E-05 -3.236467153419E+00  3.582491553358E+05 -3.104094327969E+05 -2.465739591625E+07 -6.325108079496E+00 -2.941176470588E-03   1 -89
