 -6.173031561909E-07  4.711599820794E-06  2.662323548512E+00 -1.623982609927E+00  9.563768173948E+00  1.741025616458E+07  8.946593709223E+00 -2.941176470588E-03   1   5
  3.530046740505E-04 -3.230932157842E-04 -2.662324696642E+00  6.279199103781E+05  8.222276494853E+05 -1.978485596157E+07 -4.371077658772E+00 -2.941176470588E-03   1 -90
  2.514613766117E-03 -4.237100714142E-03 -2.662344205273E+00  1.225892971167E+06  1.412476511105E+06 -2.296277088678E+07 -5.849829862912E+00 -2.941176470588E-03   1 -90
  1.358710113304E-05  3.510224137702E-04 -2.662337558662E+00 -2.091074221124E+02 -5.414751177322E+03 -1.840477422989E+07 -7.761532908281E+00 -2.941176470588E-03   1 -90
 -4.719920084938E-04 -1.603795470791E-04 -2.662339964244E+00  3.728352746780E+03  1.256917632977E+03 -1.791930451504E+07 -7.491513070079E+00 -2.941176470588E-03   1 -90
 -4.428204879082E-03  2.187022950927E-02 -2.337486520085E+00  1.245885403566E+05  1.966070588712E+06 -1.081617045041E+07 -1.425497028746E+00 -2.941176470588E-03   1 -17
 -2.071236135816E-01  2.351494776053E-01 -1.604606749339E+00 -3.110231554585E+05  4.011498243688E+05 -1.629020618219E+07 -2.471397028744E+00 -2.941176470588E-03   1 -17
 -3.527827301098E-04 -4.068530795108E-05 -2.662332601520E+00  1.358426285636E+05 -1.271860162973E+05 -1.918856318139E+07 -3.723196759173E+00 -2.941176470588E-03   1 -89
  3.392595137994E-04 -6.684187556961E-05 -2.662324890210E+00 -1.550060104305E+03  3.057043244436E+02 -1.770499355745E+07 -7.294614715032E+00 -2.941176470588E-03   1 -89
 -3.754241106543E-05  9.140388017867E-04 -2.662338624139E+00  2.592661110882E+06 -6.040598156885E+03 -1.911962968753E+07 -4.137965225382E+00 -2.941176470588E-03   1 -89
  1.230089171697E-04  3.754312752078E-04 -2.662347929132E+00 -2.627620495945E+03 -8.032110408559E+03 -1.878982949057E+07 -7.410064815407E+00 -2.941176470588E-03   1 -89
 -2.528992360011E-04 -1.066040392334E-05 -2.662335751926E+00 -4.270998171863E+03  6.086053813764E+03 -1.873026819494E+07 -8.450725074697E+00 -2.941176470588E-03   1 -89
 -8.173477597354E-04 -5.725789957547E-04 -2.662327498101E+00 -3.171863541732E+06  5.394607898684E+05 -2.025981471604E+07 -5.378350343089E+00 -2.941176470588E-03   1 -89
 -4.759269835850E-04  4.754297547732E-04 -2.662339578785E+00  3.965086622780E+03 -3.985024492001E+03 -1.794926929351E+07 -7.227571045487E+00 -2.941176470588E-03   1 -89
 -6.068403947135E-02  1.347820258816E-01 -1.748290360422E+00 -6.116171941742E+05  1.779190275254E+06 -9.416818429351E+06 -1.148871210695E-03 -2.941176470588E-03   1   5
 -3.467143368928E-04 -4.784538761156E-04 -2.662327648816E+00  4.150495397810E+06 -1.256837630461E+06 -1.844759252619E+07 -5.963825597842E+00 -2.941176470588E-03   1 -89
  1.887795510162E-04  2.306877955512E-04 -2.662338358472E+00 -3.574484135216E+05  1.192381984038E+05 -1.954151138663E+07 -7.409254178147E+00 -2.941176470588E-03   1 -89
  3.360801727337E-04  2.033501299161E-04 -2.662328555268E+00  1.096479910960E+05 -6.615721581925E+04 -1.879193977380E+07 -1.394830655789E+00 -2.941176470588E-03   1 -89
  4.825302386590E-05  1.731318573826E-04 -2.662337068602E+00  4.696410625491E+05 -2.073780640088E+06 -1.939727381165E+07 -5.983781365578E+00 -2.941176470588E-03   1 -89
 -3.452246083718E-04 -1.391755765218E-04 -2.662327557006E+00  8.364700450550E+05 -1.741627008411E+05 -1.915813547593E+07 -6.044843886482E+00 -2.941176470588E-03   1 -89
  1.629570797272E-04  3.274500542975E-04 -2.662327426926E+00 -3.115668769221E+03 -6.283226143895E+03 -1.864713123808E+07 -5.047749399332E+00 -2.941176470588E-03   1 -89
  1.670495626415E-01 -3.833224096056E-02 -1.604598019859E+00  1.069919650302E+06 -3.343056494642E+05 -1.255489077146E+07 -1.322209437496E+00 -2.941176470588E-03   1 -15
 -3.014591148362E-04  2.237005953770E-04 -2.662328129253E+00  2.159747376570E+03 -1.605877407118E+03 -1.787275788001E+07 -9.364056908419E-01 -2.941176470588E-03   1 -89
  6.610594800724E-04 -7.207218332099E-04 -2.662326554828E+00 -2.114972637995E+06 -5.020680380191E+05 -2.030933270923E+07 -5.455891763130E+00 -2.941176470588E-03   1 -89
 -1.753864193207E-04  5.046217281497E-04 -2.662325922834E+00 -4.728739625543E+06 -3.283288938394E+06 -2.068296340533E+07 -3.722434432874E+00 -2.941176470588E-03   1 -89
  2.207895641115E-05 -4.995767108665E-04 -2.662340711581E+00 -4.068696914533E+02  8.937926577834E+03 -1.856397664506E+07 -1.053382448474E+00 -2.941176470588E-03   1 -89
 -1.947642433446E-04  3.649762624662E-04 -2.662336996938E+00 -8.941970165899E+05 -7.506562098173E+05 -1.863332489367E+07 -1.548020043686E+00 -2.941176470588E-03   1 -89
  8.462450541657E-04  1.559686741415E-04 -2.662345687050E+00 -1.025944717359E+04 -2.650049501399E+03 -1.820488780912E+07 -7.574704992289E+00 -2.941176470588E-03   1 -89
  1.382199202477E-04  3.402528557522E-04 -2.662327072552E+00 -4.830997934215E+06 -1.430523477308E+06 -2.075018906700E+07 -5.719041441086E+00 -2.941176470588E-03   1 -89
 -3.762775897329E-04  7.730086431681E-05 -2.662331040531E+00 -9.545246066648E+05 -8.438903013084E+05 -1.956728490601E+07 -6.324069692917E+00 -2.941176470588E-03   1 -89
 -3.232255847737E-04  1.262520904083E-04 -2.662331264325E+00  3.067623528214E+03 -1.199028420201E+03 -1.802259449542E+07 -6.955415305887E+00 -2.941176470588E-03   1 -89
 -1.646221374085E-04  3.728580248006E-04 -2.662341850499E+00  2.350878881273E+03 -5.323732236138E+03 -1.833098751743E+07 -7.429806518353E+00 -2.941176470588E-03   1 -89
 -5.245901243587E-05 -1.723913452085E-04 -2.662349348114E+00  1.157916469740E+05 -7.073578732650E+04 -1.889542933496E+07 -6.119156464452E+00 -2.941176470588E-03   1 -89
  2.075656174649E-03 -6.361118746111E-03 -1.402190902114E+00  8.571614524568E+03 -3.148315031818E+04 -1.087338247313E+07  3.691082129720E-05 -2.941176470588E-03   1   5
  2.836741964316E-04  2.864788529597E-05 -2.662334815579E+00  1.305759255077E+04 -1.995738469136E+03 -1.902474864898E+07 -6.728181526277E+00 -2.941176470588E-03   1 -89
  2.922361353111E-04  9.348659423208E-06 -2.662121039788E+00 -4.038846688794E+03 -1.359840253722E+02 -1.829623690604E+07 -1.825576268644E-04 -2.941176470588E-03   1   5
  1.450170675936E-04 -7.894347952973E-05 -2.662330889787E+00 -3.085225160090E+03  1.677910463234E+03 -1.878262790740E+07 -7.745666572197E+00 -2.941176470588E-03   1 -89
 -9.381553835621E-05 -3.370152889761E-04 -2.662332979904E+00  2.063757604985E+03  7.431978062598E+03 -1.883267418479E+07 -7.405100509206E+00 -2.941176470588E-03   1 -89
  3.350117507269E-04  2.113881377783E-04 -2.662337791307E+00 -1.721860135785E+03 -1.082932480717E+03 -1.774145766551E+07 -7.937875402020E+00 -2.941176470588E-03   1 -89
 -2.457487355968E-04  3.654071360182E-04 -2.662330722128E+00 -9.560866780672E+05  9.025852952079E+04 -1.937413586516E+07 -8.071335874626E+00 -2.941176470588E-03   1 -89
 -3.217534680400E-03 -5.147469039657E-03 -2.662323731548E+00  3.096881728124E+06  2.331341565678E+06 -2.145110648341E+07 -4.280341779348E+00 -2.941176470588E-03   1 -89
 -1.119808985026E-05  3.686246760466E-04 -2.662343384973E+00  2.436288878714E+02 -7.810495965111E+03 -1.877641959778E+07 -7.055231265991E+00 -2.941176470588E-03   1 -89
  2.718445933232E-05 -3.385653692724E-04 -2.662334471838E+00 -4.664160806578E+02  5.752651183314E+03 -1.850656995999E+07 -6.409134008609E+00 -2.941176470588E-03   1 -89
 -1.151809067273E-03  6.352443756308E-04 -2.662328850361E+00  1.967826274785E+06  9.782160621274E+05 -1.955424030971E+07 -2.969399708094E+00 -2.941176470588E-03   1 -89
  2.139591768621E-04 -7.065528808939E-04 -2.662333881403E+00 -7.989877523024E+04 -2.524193949429E+05 -2.061605256578E+07 -5.719772238612E+00 -2.941176470588E-03   1 -89
 -1.691734506694E-01  1.396413721096E-01 -1.715535483671E+00 -1.101527672963E+06  1.069246425860E+06 -1.304508204663E+07 -1.528011746318E-03 -2.941176470588E-03   1   5
 -2.130750952577E-05  2.226664583416E-04 -2.662328628810E+00  3.928125933795E+02 -4.033792530093E+03 -1.857902449621E+07 -7.365282892490E+00 -2.941176470588E-03   1 -89
 -7.755698459676E-04 -5.406566891313E-04 -2.662332646009E+00  5.266113795441E+04  6.386079833023E+05 -2.078081162929E+07 -7.411372817589E+00 -2.941176470588E-03   1 -89
 -9.302641331527E-05 -7.886502766480E-05 -2.662338552868E+00 -3.783026653433E+04  1.305117976841E+05 -1.920259564040E+07 -8.674068733079E+00 -2.941176470588E-03   1 -89
 -4.551065683273E-02  4.484911340902E-02 -2.633620381470E+00 -6.557739043917E+04 -7.359875197159E+05 -1.407080019518E+07  1.127719542344E-03 -2.941176470588E-03   1   5
 -1.924133902989E-02 -7.335044293019E-02 -2.337496051370E+00 -1.012786604707E+06 -7.187242417267E+05 -1.649113191659E+07  1.384200232781E-04 -2.941176470588E-03   1 -15
