 -6.614478036872E-06  3.126687218528E-06  3.137653250248E+00 -4.343555492656E+00 -3.135359377204E+00  2.165324432937E+07  1.053326886712E+01 -2.941176470588E-03   1   5
 -1.449316245076E-04 -9.806692012822E-05 -3.137657697142E+00  1.889950865239E+03  1.271737157309E+03 -2.249292301003E+07 -9.740783713771E+00 -2.941176470588E-03   1 -90
 -3.219575917002E-05 -1.879769553788E-04 -3.137658971959E+00 -8.944546447041E+04  3.304589926763E+06 -2.340455835584E+07 -7.929781554908E+00 -2.941176470588E-03   1 -90
 -4.180587607737E-04 -1.181566980383E-04 -3.137666333465E+00 -2.828046795720E+05  7.253185916784E+05 -2.358165528295E+07 -7.305396078930E+00 -2.941176470588E-03   1 -90
  1.396236775382E-04 -3.274057025003E-04 -3.137665730720E+00 -2.348247641422E+05 -8.382942449230E+04 -2.361496503035E+07 -6.001338839035E+00 -2.941176470588E-03   1 -90
 -4.270873295535E-04 -3.172734517728E-04 -3.137658309424E+00  5.416172673454E+03  4.029738301931E+03 -2.247184062344E+07 -6.002582109127E+00 -2.941176470588E-03   1 -90
  4.107351275657E-05  5.514851221241E-04 -3.137672380512E+00 -1.669829083312E+05 -2.030774298121E+05 -2.368967748505E+07 -6.304059136959E+00 -2.941176470588E-03   1 -90
  9.109633233948E-04  2.167656109820E-04 -3.137659806535E+00  1.799823586717E+04 -3.038913030348E+04 -2.281589409393E+07 -7.782546591527E+00 -2.941176470588E-03   1 -89
 -3.236296912771E-04 -2.949866421109E-04 -3.137665422240E+00  3.465783697460E+03  3.170384605800E+03 -2.234486176365E+07 -9.591761574508E+00 -2.941176470588E-03   1 -89
 -5.727906007973E-05 -3.594843031797E-04 -3.137679687736E+00  8.716764223517E+05  1.018376379186E+06 -2.552923018498E+07 -3.992415029713E+00 -2.941176470588E-03   1 -89
 -9.019430039457E-04 -9.655941678581E-04 -3.137657297570E+00 -2.494189636682E+06  6.953300114870E+05 -2.801622853578E+07 -2.646100490071E+00 -2.941176470588E-03   1 -89
  5.534579092165E-04  1.064849663455E-04 -3.137656943502E+00 -1.669546207394E+06 -2.777210630108E+06 -2.441424440501E+07 -6.765965720997E+00 -2.941176470588E-03   1 -89
  4.436834560132E-04  4.657313799436E-05 -3.137669215335E+00  4.536402708806E+05  5.764224229345E+05 -2.367364212188E+07 -9.656088456676E+00 -2.941176470588E-03   1 -89
  1.393891116838E-04  1.097700404420E-03 -3.137672755028E+00  8.096892112413E+04  2.623242781228E+05 -2.289423025047E+07 -5.909075380624E+00 -2.941176470588E-03   1 -89
  5.983978733578E-05 -3.679705360065E-04 -3.137679907456E+00 -9.535082589295E+04  7.580126600848E+05 -2.348903675327E+07 -8.308553144461E+00 -2.941176470588E-03   1 -89
 -1.594731302935E-04 -3.705053299947E-04 -3.137666492661E+00 -6.222712787637E+05 -1.013126161358E+06 -2.331521580246E+07 -8.629362994046E+00 -2.941176470588E-03   1 -89
 -4.774105439118E-05 -4.000784801378E-04 -3.137653777776E+00  1.299170100823E+02  1.063184913380E+03 -2.182468685368E+07 -9.529813905835E+00 -2.941176470588E-03   1 -89
  4.616429921932E-04  4.155347184017E-04 -3.137660525406E+00 -4.576475230006E+03 -4.111993231997E+03 -2.229238477147E+07 -6.862394989567E+00 -2.941176470588E-03   1 -89
 -2.796649402671E-04 -2.786052568422E-04 -3.137663726112E+00  2.772575373354E+03  2.756999243851E+03 -2.229231781783E+07 -7.042540475194E+00 -2.941176470588E-03   1 -89
 -1.684295075790E-04 -1.208538117187E-04 -3.137653633970E+00  3.181609545263E+03  2.290512628529E+03 -2.287291946338E+07 -2.288515824401E+00 -2.941176470588E-03   1 -89
  6.163011526677E-05 -2.035367047296E-04 -3.137663323521E+00 -5.397021500591E+05 -3.169502408264E+05 -2.328414853409E+07 -8.660546568204E+00 -2.941176470588E-03   1 -89
  5.007875054790E-04 -2.739316132771E-04 -3.137658477293E+00  1.495545448507E+06  3.536373820847E+06 -2.297838314730E+07 -8.702487405867E+00 -2.941176470588E-03   1 -89
 -3.907297706619E-04  7.268768152338E-05 -3.137654636064E+00  1.596469236521E+06  2.615836974081E+06 -2.406706525694E+07 -8.024718760560E+00 -2.941176470588E-03   1 -89
 -4.227317671168E-02  8.738336592170E-03 -1.593320230097E+00  1.604181593942E+04 -8.536401181623E+03 -1.400894270304E+07 -8.040759861139E-04 -2.941176470588E-03   1   5
 -2.717980648269E-04  2.244005311703E-04 -3.137667363682E+00  5.115287845526E+03 -4.212953311928E+03 -2.286536376384E+07 -8.979788804204E+00 -2.941176470588E-03   1 -89
  3.527773186014E-04 -4.991049334210E-05 -3.137679717528E+00 -6.616432585847E+03  9.278867478536E+02 -2.286264107941E+07 -4.976136385196E+00 -2.941176470588E-03   1 -89
 -2.130555357366E-04  1.232872329251E-04 -3.137665212951E+00  3.122961319542E+03 -1.816632738182E+03 -2.260019443760E+07 -1.006644105982E+01 -2.941176470588E-03   1 -89
 -2.949035097058E-04 -3.885872227290E-05 -3.137675420909E+00 -1.958886780088E+02 -1.102010943266E+04 -2.309267967263E+07 -9.336950394632E+00 -2.941176470588E-03   1 -89
  2.405847780556E-04 -1.283669763973E-04 -3.137677950732E+00  2.767555074259E+05  1.542819109366E+05 -2.295402880771E+07 -8.908535788153E+00 -2.941176470588E-03   1 -89
  1.918122445209E-04 -3.269998169199E-04 -3.137653878163E+00 -2.201934085669E+05  4.392711925161E+04 -2.170857802234E+07 -7.199013899953E+00 -2.941176470588E-03   1 -89
  3.026742232970E-04  2.855278885895E-04 -3.137664011562E+00 -1.613944376678E+06  1.231571802869E+06 -2.274708161069E+07 -2.910566304169E+00 -2.941176470588E-03   1 -89
  3.863853646797E-04  1.712356473125E-04 -3.137666849460E+00 -1.132905595653E+06  4.835162369938E+05 -2.334588011650E+07 -8.667131700280E+00 -2.941176470588E-03   1 -89
 -9.595869914021E-03  5.235607367382E-02 -2.812827765298E+00  3.492761874241E+05  3.597048719546E+06 -1.717370272039E+07 -6.459852012373E+00 -2.941176470588E-03   1 -15
 -2.808920443485E-04  3.288995284466E-04 -3.137657696319E+00  4.920926106413E+05  1.365144752665E+06 -2.213992047685E+07 -3.557832754044E+00 -2.941176470588E-03   1 -89
 -3.436796023352E-05 -2.600801145972E-04 -3.137673127563E+00  5.664161007538E+02  6.170216383947E+03 -2.314973015858E+07 -8.651567588850E+00 -2.941176470588E-03   1 -89
  2.745382433185E-05  1.068595191873E-04 -3.137658951765E+00 -3.837100560515E+02 -1.499939598347E+03 -2.255842733310E+07 -8.995269114181E+00 -2.941176470588E-03   1 -89
 -1.842701113642E-04  5.094814015696E-04 -3.137656372031E+00 -5.825446600685E+06  1.617084244822E+06 -2.407463219067E+07 -3.915307028960E+00 -2.941176470588E-03   1 -89
 -9.346937603164E-03 -9.646787870141E-03 -2.705688063938E+00 -5.406276634462E+05 -2.749151497114E+05 -1.406980515602E+07 -2.803121907924E-05 -2.941176470588E-03   1   5
  1.497450121876E-04  6.463072114183E-05 -3.137667265778E+00 -9.619138890954E+04 -1.017210017785E+05 -2.295009818625E+07 -1.023934476616E+01 -2.941176470588E-03   1 -89
  2.323220777071E-04  2.219442277807E-04 -3.137679819663E+00 -4.243532037604E+03 -4.063983800973E+03 -2.283270301972E+07 -9.981067236327E+00 -2.941176470588E-03   1 -89
  7.357684174861E-04 -5.133644630615E-04 -3.137674355515E+00 -9.440605110570E+03  7.181821660476E+03 -2.252607168709E+07 -9.162872195365E+00 -2.941176470588E-03   1 -89
 -1.280708998230E-04  7.610051414268E-05 -3.137676289397E+00  1.558200655647E+03 -9.321150995408E+02 -2.243925295255E+07 -9.752745145958E+00 -2.941176470588E-03   1 -89
  5.960615056380E-04 -9.013394311829E-05 -3.137673098435E+00 -1.686175493161E+06  1.817097833817E+05 -2.360773973895E+07 -7.184613456976E-01 -2.941176470588E-03   1 -89
 -4.016923445001E-04  5.088327308059E-04 -3.137667255212E+00  1.565241614729E+05 -8.623989897942E+04 -2.379546297659E+07 -7.324066997016E+00 -2.941176470588E-03   1 -89
 -3.361950008846E-03  1.818500141011E-01 -2.079937661952E+00  3.089309907304E+04  6.057529909100E+05 -1.926955982028E+07 -1.792821217301E+00 -2.941176470588E-03   1 -15
  3.460108263272E-05 -3.402143637063E-04 -3.137655515648E+00 -2.177993881378E+02  2.172746284746E+03 -2.206514164231E+07 -7.186987083157E+00 -2.941176470588E-03   1 -89
 -2.843028549788E-04  2.778291389577E-04 -3.137656865539E+00  2.639115443262E+04  2.232817423780E+04 -2.339577489887E+07 -8.287785060431E+00 -2.941176470588E-03   1 -89
  1.797197408788E-02 -1.320380267844E-02 -3.105180332670E+00 -4.481782541287E+06 -7.752357683200E+05 -1.921573666663E+07  1.713876402505E-04 -2.941176470588E-03   1   5
  1.756231066599E-04 -2.659046316304E-04 -3.137660924060E+00 -8.633963377754E+02  1.311029090735E+03 -2.197098748631E+07 -8.396184902643E+00 -2.941176470588E-03   1 -89
  1.132973999985E-04  1.661169454080E-04 -3.137669789837E+00 -8.591087540969E+02 -1.256380368040E+03 -2.214138679841E+07 -9.053892578583E+00 -2.941176470588E-03   1 -89
 -6.381322688061E-04  4.623418318329E-04 -3.137680094563E+00 -1.160852784874E+06  5.208515139621E+05 -2.484583862081E+07 -8.650720915531E+00 -2.941176470588E-03   1 -89
