  3.1264E-03  2.6752E-02  6.0453E-03  3.8841E-01  2.1070E+04  7.8855E+03  2.6054E+02
  6.3249E-03  4.0652E-02  6.3724E-03  4.1192E-01  1.3148E+04  7.8903E+03  1.6634E+02
  9.5530E-03  5.3252E-02  6.7802E-03  4.4055E-01  9.7262E+03  7.8934E+03  1.2696E+02
  1.2766E-02  6.5252E-02  7.2830E-03  4.7583E-01  7.8143E+03  7.9006E+03  1.0656E+02
  1.5964E-02  7.6952E-02  7.9159E-03  5.2064E-01  6.5736E+03  7.8994E+03  9.5543E+01
  1.9193E-02  8.8652E-02  8.7542E-03  5.8092E-01  5.6641E+03  7.9106E+03  9.0922E+01
  2.2377E-02  1.0015E-01  9.8984E-03  6.6535E-01  4.8915E+03  7.9221E+03  9.2904E+01
  2.5589E-02  1.1175E-01  1.1650E-02  7.9913E-01  4.0876E+03  7.9430E+03  1.0710E+02
  2.8811E-02  1.2345E-01  1.4979E-02  1.0573E+00  3.1193E+03  7.9599E+03  1.6668E+02
  3.2026E-02  1.3595E-01  5.2052E-02  1.8663E+00  2.1286E+03  7.3621E+03  5.6900E+02
  3.5223E-02  1.1886E+00  2.1047E+00  4.0558E+01  1.8398E+05  5.1802E+06  2.4051E+04
  3.9241E-02  1.3191E+00  1.1321E+00  2.5849E+01  1.1048E+06  6.4074E+06  2.2292E+05
  4.2564E-02  1.5537E+00  1.9842E+00  2.1570E+01  4.3488E+22  8.4341E+06  1.9035E+22
  4.5719E-02  1.6846E+00  3.9957E+00  1.4862E+01  3.7317E+22  4.9504E+06  1.6823E+22
  4.8203E-02  1.7169E+00  4.9458E+00  1.5553E+01  5.9761E+05  6.1514E+06  2.3429E+05
  5.1275E-02  2.0950E+00  8.3508E+00  1.5884E+01  3.8088E+05  4.5281E+06 -2.3048E+05
  5.4487E-02  2.2151E+00  8.0301E+00  1.8735E+01  6.8911E+05  5.2715E+06 -5.4018E+05
  5.9153E-02  2.2906E+00  6.2366E+00  1.4975E+01  9.6900E+05  4.9522E+06 -6.9919E+05
  6.2098E-02  2.5085E+00  5.5170E+00  1.7828E+01  1.8877E+06  1.4165E+07 -1.0067E+06
  6.6727E-02  2.5612E+00  6.7728E+00  1.9608E+01  3.4248E+06  1.7942E+07 -1.7536E+06
  6.9403E-02  2.6383E+00  5.1350E+00  1.6360E+01  6.8902E+05  1.2673E+07 -3.2469E+05
  7.0543E-02  2.6867E+00  4.6293E+00  1.6243E+01  7.9278E+05  1.1294E+07 -3.6219E+05
  7.5267E-02  2.8487E+00  9.9493E+00  3.0313E+01  1.1753E+23  2.8678E+07 -6.9735E+22
  7.9940E-02  2.8590E+00  1.0628E+01  3.1245E+01  1.2633E+23  3.1290E+07 -7.7004E+22
  8.5443E-02  2.8902E+00  1.1402E+01  2.9977E+01  7.2999E+05  2.9026E+07 -4.7232E+05
  8.6595E-02  3.0427E+00  7.6770E+00  1.8561E+01  4.4851E+05  8.4030E+06 -3.2498E+05
  8.9812E-02  3.1028E+00  8.3950E+00  2.0065E+01  4.3304E+05  8.7060E+06 -3.0044E+05
  9.3020E-02  3.3917E+00 -3.4694E+00  1.4130E+01  6.8518E+05  7.8689E+06 -4.4620E+04
  9.6228E-02  3.4443E+00 -4.8921E+00  1.5701E+01  8.4205E+05  1.1456E+07  1.4075E+04
  9.9439E-02  3.4999E+00 -5.7572E+00  1.8803E+01  1.0058E+06  1.7632E+07  2.1223E+04
  1.0265E-01  3.6601E+00 -6.0160E+00  2.5324E+01  9.4556E+05  1.4446E+07  7.4069E+05
  1.0586E-01  3.7283E+00 -4.4916E+00  3.0786E+01  5.6824E+05  1.1456E+07  5.2431E+05
  1.0907E-01  3.7792E+00 -3.5097E+00  3.5398E+01  3.3259E+06  1.2161E+07  3.1395E+06
  1.1229E-01  3.8527E+00 -1.6044E+00  4.2349E+01  5.9798E+05  1.6658E+07  5.6361E+05
  1.1549E-01  3.9484E+00 -4.5866E+00  4.2573E+01  1.2404E+06  1.3808E+07  1.1961E+06
  1.1871E-01  4.0285E+00 -8.9042E+00  4.2876E+01  8.8172E+05  1.5863E+07  8.4163E+05
  1.2762E-01  4.0394E+00 -9.9069E+00  4.5073E+01  7.4411E+05  1.6808E+07  7.0624E+05
  1.2834E-01  4.0616E+00 -1.0546E+01  4.7118E+01  6.6340E+05  2.0659E+07  6.1975E+05
  1.3155E-01  4.1545E+00 -1.2928E+01  5.7316E+01  9.0003E+05  3.9438E+07  7.8341E+05
  1.3476E-01  4.2445E+00 -1.5319E+01  5.7284E+01  7.8987E+05  3.9216E+07  6.8045E+05
  1.3797E-01  4.3533E+00 -1.6263E+01  4.8530E+01  6.6020E+05  2.0613E+07  6.1118E+05
