  1.500344776079E-05 -5.602117946168E-06  1.200426918877E+01  2.641846050649E+01 -9.535846216285E+00  2.277591438766E+07  4.011585472555E+01 -2.941176470588E-03   1   5
  1.555623074951E-01  2.380910385364E-01 -8.632785993167E+00  1.172073691013E+06  1.792010844923E+06 -1.704400785175E+06 -1.780980000025E+01 -2.941176470588E-03   1 -17
  1.405277073379E-04  2.810684644678E-04 -1.200427658418E+01 -3.758860380890E+02 -7.471091778287E+02 -2.294740017700E+07 -3.645779661792E+01 -2.941176470588E-03   1 -90
  5.314535151086E-05  4.430488288530E-04 -1.200427426165E+01  2.202541666382E+05  2.353771646279E+05 -2.444798662666E+07 -3.660600586004E+01 -2.941176470588E-03   1 -90
 -2.132425444339E-04  2.789471326564E-04 -1.200429080724E+01  3.478411227406E+03 -4.548550680094E+03 -2.382759094231E+07 -3.959472741001E+01 -2.941176470588E-03   1 -90
  3.792281288490E-04 -5.094723321428E-04 -1.200428006987E+01 -5.378430280031E+06 -3.105854217941E+06 -2.526405014760E+07 -3.296997408228E+01 -2.941176470588E-03   1 -90
 -3.646018365992E-04 -3.672626397228E-04 -1.200427347705E+01 -7.757844892502E+04 -3.996490113819E+05 -2.493037481325E+07 -3.457270325659E+01 -2.941176470588E-03   1 -90
  3.632096425842E-04  4.089989130977E-04 -1.200428607958E+01 -2.368846349344E+06 -2.851299259738E+06 -2.714918010324E+07 -3.691436060941E+01 -2.941176470588E-03   1 -89
 -6.882932176737E-05 -7.869307975062E-04 -1.200426952654E+01 -2.814491650885E+05  7.829966147298E+05 -2.580554668737E+07 -3.725769862433E+01 -2.941176470588E-03   1 -89
  2.681445862331E-05  6.523247755063E-04 -1.200427172259E+01  3.974430362725E+06 -4.962775508612E+06 -2.456217698756E+07 -3.460767104850E+01 -2.941176470588E-03   1 -89
 -2.137217169254E-04 -1.038694759374E-04 -1.200428512102E+01  3.129403277233E+03  1.515266942636E+03 -2.371930214992E+07 -3.963021733603E+01 -2.941176470588E-03   1 -89
  3.688099035877E-04 -1.186543837503E-04 -1.200427297472E+01  4.793715893568E+05 -6.877797416913E+04 -2.457594076316E+07 -3.924240528361E+01 -2.941176470588E-03   1 -89
 -1.024895860853E-01  2.244567053236E-01 -1.094654140695E+01 -4.361105170450E+05  1.184750328011E+06 -1.907190477652E+07 -2.544336842679E+01 -2.941176470588E-03   1 -15
  9.520816996342E-05 -2.268930058872E-04 -1.200427178128E+01 -1.839636266410E+03  4.366310966892E+03 -2.401788750438E+07 -3.688064008314E+01 -2.941176470588E-03   1 -89
  1.829939811004E-04  1.513745407663E-03 -1.200428096143E+01  1.539951279959E+06  1.166282024254E+05 -2.427756522835E+07 -3.576581705025E+01 -2.941176470588E-03   1 -89
  6.276765520082E-04  7.876051350500E-06 -1.200427390998E+01 -2.629925735415E+06  9.883581469352E+04 -2.567897246650E+07 -3.751111730421E+01 -2.941176470588E-03   1 -89
  1.199674068667E-04  3.487695745566E-05 -1.200429079391E+01 -1.071585981077E+03 -3.120167972983E+02 -2.335205936739E+07 -3.980507633449E+01 -2.941176470588E-03   1 -89
 -1.910924094119E-04  6.552141016083E-05 -1.200427624887E+01  2.978224736206E+03 -1.018548277867E+03 -2.378101779547E+07 -3.958235916669E+01 -2.941176470588E-03   1 -89
  1.719567217843E-04  4.475992914871E-04 -1.200427225085E+01 -1.669517673000E+04  1.113542002078E+06 -2.426043301046E+07 -3.626192782191E+01 -2.941176470588E-03   1 -89
  4.075075536447E-05 -1.220663500952E-04 -1.200428600094E+01 -3.696677147914E+02  1.103215419281E+03 -2.335892245990E+07 -3.948661171108E+01 -2.941176470588E-03   1 -89
  4.594246174250E-04 -5.857249548195E-04 -1.200427635946E+01 -1.082948566833E+06 -2.348822448992E+06 -2.391151139805E+07 -2.590521439736E+01 -2.941176470588E-03   1 -89
 -1.236739360374E-04  2.824364748207E-04 -1.200429499818E+01  2.319573376337E+03 -5.172543193999E+03 -2.395986465259E+07 -3.752274001841E+01 -2.941176470588E-03   1 -89
  2.372561021122E-04  2.460868243835E-04 -1.200427835923E+01 -4.119264692075E+05  8.263359699846E+05 -2.448536903498E+07 -3.667663108628E+01 -2.941176470588E-03   1 -89
 -8.322609545145E-04  1.029675276424E-03 -1.200427999269E+01 -1.412351807790E+05  3.004516512545E+05 -2.391884308655E+07 -3.575140249559E+01 -2.941176470588E-03   1 -89
  3.602697247309E-04 -1.179571754178E-04 -1.200427862959E+01 -5.764404924767E+04  3.689127404877E+04 -2.404943795151E+07 -3.417415965485E+01 -2.941176470588E-03   1 -89
  6.088155883658E-02  9.052962470201E-03 -1.167943768034E+01  4.861677988015E+06 -6.111321260133E+05 -1.775704801029E+07 -3.533986565810E+01 -2.941176470588E-03   1 -15
  4.488798988680E-04  9.458839666628E-04 -1.200428225052E+01 -7.990617382200E+05 -5.191123421281E+05 -2.591116566688E+07 -3.612981615695E+01 -2.941176470588E-03   1 -89
 -3.068671704445E-04  2.341609643542E-04 -1.200428167285E+01  4.325377217881E+03 -3.311439772870E+03 -2.368649750523E+07 -3.796592719673E+01 -2.941176470588E-03   1 -89
  4.502067276235E-04 -3.141195729608E-05 -1.200427051704E+01 -1.735975641256E+05 -7.446217240221E+05 -2.453720996940E+07 -3.726200151962E+01 -2.941176470588E-03   1 -89
  5.644912461587E-04  8.021742144063E-04 -1.200427744910E+01 -1.407481313341E+06 -5.025354654679E+04 -2.543676598979E+07 -3.885870157421E+01 -2.941176470588E-03   1 -89
  3.021136140122E-04 -2.356741872330E-04 -1.200427395600E+01  5.433731457986E+05  2.016462024930E+05 -2.478680591388E+07 -3.794989861027E+01 -2.941176470588E-03   1 -89
 -5.337457026119E-04 -6.736975765175E-04 -1.200427793359E+01 -5.575636539379E+05 -6.161882087918E+05 -2.500723597671E+07 -3.297686623005E+01 -2.941176470588E-03   1 -89
  5.239704424518E-04  4.966994852321E-04 -1.200427538993E+01 -3.291319272793E+05 -1.886166153632E+06 -2.523380972158E+07 -3.847347824627E+01 -2.941176470588E-03   1 -89
  3.450557576551E-04 -1.700960030356E-04 -1.200427252551E+01 -4.505715410861E+03  3.920912099646E+03 -2.371025435157E+07 -3.048336161227E+01 -2.941176470588E-03   1 -89
 -1.357810897234E-04  3.503979726610E-04 -1.200427307970E+01  4.668800865312E+03  3.499418168551E+03 -2.381277610477E+07 -3.535559687943E+01 -2.941176470588E-03   1 -89
  1.331308145037E-04 -3.300454823921E-04 -1.200428587575E+01 -7.077485724006E+02  3.730329887870E+03 -2.383680820855E+07 -3.783549446744E+01 -2.941176470588E-03   1 -89
 -1.871473819495E-05 -4.258869691371E-04 -1.200428898711E+01 -1.804725913162E+05  1.070018255480E+06 -2.454094671291E+07 -3.924143536597E+01 -2.941176470588E-03   1 -89
 -3.386792951771E-05  6.928340191945E-05 -1.200428386312E+01 -1.386603625479E+05 -1.344816802330E+05 -2.431363894524E+07 -3.849753654148E+01 -2.941176470588E-03   1 -89
  4.242778828197E-04  1.610228471207E-04 -1.200427714814E+01 -1.599787543193E+04 -5.452003082780E+04 -2.584462406980E+07 -3.449527244517E+01 -2.941176470588E-03   1 -89
 -1.551832156934E-04  1.566860616313E-04 -1.200428266064E+01  1.397317917274E+05 -9.786831549550E+05 -2.447004619491E+07 -3.483843372703E+01 -2.941176470588E-03   1 -89
  3.680469912981E-04  9.936979570032E-05 -1.200427778014E+01 -5.607058245861E+03 -1.515571684196E+03 -2.375885290139E+07 -3.859216012804E+01 -2.941176470588E-03   1 -89
 -9.607947736922E-05 -5.542008606699E-03 -1.200429351390E+01  1.053041303961E+05  5.146154737183E+05 -2.601828539856E+07 -3.268479218114E+01 -2.941176470588E-03   1 -89
 -2.921180455225E-04 -2.250054592346E-04 -1.200428727837E+01  4.736109256771E+03  3.660270151928E+03 -2.382264664298E+07 -3.784725105128E+01 -2.941176470588E-03   1 -89
  3.455503480990E-04  1.880790885515E-04 -1.200426982561E+01  9.434698647926E+04 -8.572135119318E+05 -2.439894927929E+07 -3.820817673455E+01 -2.941176470588E-03   1 -89
  1.560414660253E-04 -3.130189430282E-04 -1.200428980326E+01 -2.965069517020E+03  5.936594134114E+03 -2.399931999347E+07 -3.957732821005E+01 -2.941176470588E-03   1 -89
  6.382724297595E-04  5.899638698763E-04 -1.200428183203E+01  3.535005648727E+04  2.668980930252E+04 -2.391614598765E+07 -3.870585551705E+01 -2.941176470588E-03   1 -89
  5.536762940597E-05  3.860054643871E-04 -1.200428074170E+01 -9.379950153424E+02 -6.583135377071E+03 -2.387614057004E+07 -3.924193097564E+01 -2.941176470588E-03   1 -89
 -2.232512735979E-05  3.850916693639E-04 -1.200428259495E+01 -1.277841459005E+06  1.043887717292E+06 -2.695074377546E+07 -3.621506941077E+01 -2.941176470588E-03   1 -89
 -7.398695072002E-05  3.824978123143E-04 -1.200427840103E+01  9.909780342548E+02 -5.113915879473E+03 -2.363833434922E+07 -3.759386477109E+01 -2.941176470588E-03   1 -89
 -3.405155038236E-03  2.952650999515E-03 -1.197142063129E+01  4.467387589876E+05  5.053790648459E+05 -2.297152525824E+07 -6.756168683992E-04 -2.941176470588E-03   1   5
  1.946067657156E-04  4.339903343438E-04 -1.200428092306E+01 -7.619904291985E+05 -2.996167167162E+06 -2.451377253057E+07 -3.781117167415E+01 -2.941176470588E-03   1 -89
