  3.810445983948E-06 -2.810480892751E-06  3.266876535127E+00  1.845569115721E+01 -1.228093769776E+01  2.273564001194E+07  1.096494764753E+01 -2.941176470588E-03   1   5
 -6.341729993913E-05 -1.724291321502E-04 -3.266881359190E+00 -3.712239515916E+05  5.495904980132E+05 -2.447233836783E+07 -9.683341139821E+00 -2.941176470588E-03   1 -90
  1.568275723937E-04 -6.306670009716E-05 -3.266889972367E+00 -3.106395416995E+03  1.348915945700E+03 -2.413954320584E+07 -7.719118702206E+00 -2.941176470588E-03   1 -90
  2.424827746720E-04 -2.775700648566E-04 -3.266895144787E+00 -3.476330584347E+03  3.993346493115E+03 -2.366193771523E+07 -8.816731258501E+00 -2.941176470588E-03   1 -90
 -1.880984629147E-04 -2.941151508653E-04 -3.266895119324E+00  4.201211387693E+03  6.585495179519E+03 -2.416773065138E+07 -6.064835121625E+00 -2.941176470588E-03   1 -90
 -2.237310535309E-04  5.082867978236E-04 -3.266883751851E+00  2.176231648724E+06 -4.421428592006E+05 -2.446399568537E+07 -8.686805793871E+00 -2.941176470588E-03   1 -90
 -4.922696840236E-04  5.125486151786E-05 -3.266877175335E+00  2.968435490675E+06 -3.342491965829E+06 -2.549156820295E+07 -4.289205736058E+00 -2.941176470588E-03   1 -90
  3.385436921603E-04 -5.733872233705E-05 -3.266886635672E+00 -1.659191099748E+03  2.862260183486E+02 -2.305187398918E+07 -4.584291020056E+00 -2.941176470588E-03   1 -89
  2.636254635903E-02  1.131304546303E-02 -3.234390135845E+00 -2.710423333670E+06  1.715397842564E+06 -2.882382146829E+07  1.799851275631E-03 -2.941176470588E-03   1   5
  5.087527315103E-04  7.468349017938E-05 -3.266883431621E+00  1.824170508984E+06  9.321889394003E+05 -2.456131133652E+07 -9.707688397480E+00 -2.941176470588E-03   1 -89
 -9.302402045895E-04  5.374809259155E-04 -3.266885132726E+00  9.431939006605E+05 -1.389921704287E+06 -2.501680070123E+07 -4.032748695407E+00 -2.941176470588E-03   1 -89
 -3.811729371137E-04 -6.306222190912E-05 -3.266901221124E+00  6.637716655242E+03  1.096303566626E+03 -2.385865560641E+07 -9.450934169603E+00 -2.941176470588E-03   1 -89
 -5.199637726633E-04  2.901512050083E-04 -3.266902056790E+00 -3.819052224403E+05 -6.858472387326E+05 -2.448576517336E+07 -6.635617729050E+00 -2.941176470588E-03   1 -89
 -3.104343437272E-04  1.187221315905E-04 -3.266897989889E+00  8.200701830521E+05  2.216646783862E+06 -2.643373502720E+07 -5.389083993971E+00 -2.941176470588E-03   1 -89
  3.521092496140E-04  8.289355293396E-04 -3.266878464113E+00  8.702544273598E+04  1.176109158933E+06 -2.535430743538E+07 -9.488049923342E+00 -2.941176470588E-03   1 -89
  3.149910789220E-05 -3.379439379061E-04 -3.266901318705E+00 -4.216441287119E+02  4.538699560781E+03 -2.360181066089E+07 -7.455156814263E+00 -2.941176470588E-03   1 -89
  2.131940031743E-04  2.852497916108E-04 -3.266883250711E+00 -2.944456398736E+03 -3.934789589322E+03 -2.362591257575E+07 -1.046200505365E+01 -2.941176470588E-03   1 -89
 -3.540702701646E-04 -6.249916025781E-05 -3.266899095102E+00 -8.243375238848E+04  3.144106535634E+05 -2.405360241505E+07 -8.439130271153E+00 -2.941176470588E-03   1 -89
  7.296293799365E-04  3.375502513712E-05 -3.266899208708E+00 -8.816895839311E+03 -4.246331324407E+02 -2.351524591308E+07 -5.732516854452E+00 -2.941176470588E-03   1 -89
 -1.816292331505E-04  4.263116755145E-04 -3.266877907170E+00 -7.531611619493E+05  1.886074130134E+06 -2.608620021633E+07 -9.312887622684E+00 -2.941176470588E-03   1 -89
  2.420694767275E-04 -2.829274350644E-04 -3.266894286626E+00 -5.356699811776E+03  6.251810593089E+03 -2.416115499602E+07 -9.421821518074E+00 -2.941176470588E-03   1 -89
  2.626993521295E-03 -1.914585172564E-02 -3.233879642257E+00  1.387169251995E+06 -1.026136047551E+07 -2.669732580998E+07  6.244613018858E-04 -2.941176470588E-03   1   5
  4.212963853532E-04 -1.268127185015E-04 -3.266891836490E+00  1.053816648568E+05  4.291071274610E+05 -2.417226968908E+07 -1.011104041533E+01 -2.941176470588E-03   1 -89
 -1.828903568598E-04 -1.951556309063E-04 -3.266886953384E+00  1.042754033211E+03  1.065942423351E+04 -2.397317474831E+07 -1.012149391817E+01 -2.941176470588E-03   1 -89
  4.115560767598E-05 -2.044666600055E-04 -3.266899822870E+00 -7.191712411766E+02  3.569228537548E+03 -2.386136053264E+07 -7.773040818356E+00 -2.941176470588E-03   1 -89
  4.669754956834E-04  9.426777167632E-05 -3.266895808922E+00  1.203477402927E+06 -1.399362338926E+06 -2.508919274806E+07 -2.862795739444E+00 -2.941176470588E-03   1 -89
 -1.966767778083E-04  3.477030003659E-04 -3.266896288085E+00  7.041460242767E+05  3.408518503930E+05 -2.444423021138E+07 -9.061431459377E+00 -2.941176470588E-03   1 -89
 -4.347040852029E-05  4.442080619961E-04 -3.266880086575E+00  1.889225213734E+05 -6.512696892042E+05 -2.479103752311E+07 -1.008206537737E+01 -2.941176470588E-03   1 -89
  4.529099393113E-04  1.528962015254E-04 -3.266876552810E+00 -5.256896794753E+06  1.011779995451E+06 -2.372626361334E+07  4.981288728523E-04 -2.941176470588E-03   1 -89
  6.034635881541E-06 -4.190263815391E-04 -3.266882268171E+00  1.507788989792E+06 -1.715157292430E+04 -2.448908136032E+07 -8.063802717978E+00 -2.941176470588E-03   1 -89
 -3.285274931070E-04  3.064152571176E-04 -3.266880960295E+00 -2.043573402527E+05 -3.581826075670E+06 -2.696687118215E+07 -4.938364887589E+00 -2.941176470588E-03   1 -89
 -6.655613667746E-04 -2.530896082497E-03 -3.266879147663E+00 -1.525752716815E+06 -2.095512025399E+06 -2.748378855663E+07 -3.997096475710E+00 -2.941176470588E-03   1 -89
 -1.289013849703E-04 -3.596269508918E-04 -3.266876545944E+00  9.411880369066E+06  2.462429831121E+06 -2.658567342235E+07 -4.341059561206E-01 -2.941176470588E-03   1 -89
 -3.331751402034E-04 -1.508789717515E-04 -3.266881586969E+00  8.105906977913E+05 -1.419333030620E+04 -2.419924645667E+07 -6.062076179115E+00 -2.941176470588E-03   1 -89
 -3.294114604383E-04  2.760094828877E-04 -3.266892019789E+00  5.783666785741E+03 -4.524615211573E+03 -2.390634255303E+07 -9.475142592178E+00 -2.941176470588E-03   1 -89
 -5.024339230026E-04 -1.291634150158E-04 -3.266887529035E+00 -1.267693717237E+05  1.951260790484E+06 -2.443358321838E+07 -5.074520278047E+00 -2.941176470588E-03   1 -89
 -1.089299639971E-04 -2.492544379500E-04 -3.266876537698E+00  1.943742468953E+03  4.458821900155E+03 -2.388897905822E+07 -8.089238242934E+00 -2.941176470588E-03   1 -89
  3.679438806943E-04 -1.805611124918E-04 -3.266898958472E+00  2.858555005945E+05  2.102108137626E+05 -2.377077293715E+07 -4.481609835174E+00 -2.941176470588E-03   1 -89
 -2.362627264573E-05 -5.989155359076E-04 -3.266893017496E+00 -7.187971125103E+05 -1.204162561504E+06 -2.512310404977E+07 -8.357247529627E+00 -2.941176470588E-03   1 -89
  2.509959220790E-04 -1.779582668008E-04 -3.266886467437E+00 -3.384455133737E+03  2.391608049537E+03 -2.360471871736E+07 -7.667499978909E+00 -2.941176470588E-03   1 -89
 -5.309784558363E-04  2.581825701714E-05 -3.266879445747E+00  1.420856646544E+06 -2.639279851128E+06 -2.335565847423E+07 -8.436847646386E+00 -2.941176470588E-03   1 -89
 -1.205445460170E-04 -1.172400651766E-05 -3.266880694738E+00  1.337152566470E+06  2.531997522158E+06 -2.509174393953E+07 -7.436976818527E+00 -2.941176470588E-03   1 -89
  2.688172419239E-03 -2.137508940049E-03 -3.266889589862E+00  1.192056551916E+06  1.653733321118E+05 -2.783649066512E+07 -3.935770477394E+00 -2.941176470588E-03   1 -89
 -5.627983637448E-05  5.170692708402E-04 -3.266880207547E+00  7.182201358878E+05 -4.941901861297E+06 -2.455661897377E+07 -6.023209645058E+00 -2.941176470588E-03   1 -89
  2.469269579911E-04  3.684528164375E-04 -3.266887100651E+00  2.366995710777E+06 -9.033632766059E+05 -2.378488862306E+07 -8.770153418102E+00 -2.941176470588E-03   1 -89
  2.615211359908E-04 -2.732061576946E-04 -3.266884399210E+00  2.996819958059E+04  1.292407904810E+04 -2.416738411536E+07 -8.704320749184E+00 -2.941176470588E-03   1 -89
 -3.405613778894E-04  1.801713049414E-04 -3.266891974338E+00  6.375490589950E+03 -3.342975094187E+03 -2.393708620169E+07 -8.403769069763E+00 -2.941176470588E-03   1 -89
  1.405569003357E-04 -3.455995984544E-05 -3.266898789925E+00  3.421681092214E+05 -4.097829350688E+05 -2.449680719343E+07 -3.397556648506E+00 -2.941176470588E-03   1 -89
 -3.786717549862E-04  2.975834891830E-04 -3.266878661630E+00  1.805316068886E+05  7.817275705862E+04 -2.471375327881E+07 -1.406065368580E+00 -2.941176470588E-03   1 -89
  1.694369219992E-04 -2.288171012005E-04 -3.266876803845E+00 -3.038965407650E+03  4.102268542996E+03 -2.389211517817E+07 -9.439512741543E+00 -2.941176470588E-03   1 -89
 -3.991330576470E-04  1.029694934535E-04 -3.266893298006E+00 -1.184331696646E+05  9.416839887915E+04 -2.432069069836E+07 -1.004682225523E+01 -2.941176470588E-03   1 -89
