  1.070181689739E-05  4.690267546664E-06  2.563254446214E+00  1.946808912980E+01  9.994494928092E+00  1.649902693790E+07  8.616871852273E+00 -2.941176470588E-03   1   5
  1.468255974213E-04  1.014939369812E-04 -2.563279147408E+00 -2.624688997827E+03 -1.835033253036E+03 -1.765026344997E+07 -7.705810324823E+00 -2.941176470588E-03   1 -90
  5.057213161265E-02 -1.312055886036E-02 -2.238431498356E+00  4.083863965178E+06 -2.492450711403E+06 -1.017687543828E+07 -3.756743684709E+00 -2.941176470588E-03   1 -17
 -2.663353134973E-04  2.368261575733E-04 -2.563269910820E+00 -1.489670509476E+05 -5.065470070498E+04 -1.766026272292E+07 -6.683390818770E+00 -2.941176470588E-03   1 -90
  1.624548546866E-04  1.472872019390E-04 -2.563263556938E+00 -2.675041362339E+03 -2.433390753720E+03 -1.756291232728E+07 -3.014720711669E+00 -2.941176470588E-03   1 -90
  6.144530631069E-02  2.142884500705E-02 -1.863574679941E+00  6.196108609871E+05  1.424332075814E+05 -1.271273825226E+07  0.000000000000E+00 -2.941176470588E-03   1   3
  2.605979949623E-04  6.808184230017E-05 -2.563277657397E+00  3.083754151840E+06  1.192302125928E+06 -2.385559552827E+07 -1.768599999996E+00 -2.941176470588E-03   1 -90
  3.240346305618E-04 -1.794695520015E-04 -2.563267092044E+00 -5.789426055060E+03  3.193609043563E+03 -1.765077832821E+07 -7.029463482003E+00 -2.941176470588E-03   1 -89
  3.191230458514E-04  4.083742777342E-04 -2.563259180921E+00 -7.735293338264E+03 -9.917249023234E+03 -1.806514103940E+07 -1.724820088648E+00 -2.941176470588E-03   1 -89
 -2.371860447608E-04  2.495806019749E-04 -2.563264791152E+00 -1.172705893069E+05  5.295741977906E+03 -1.772628053937E+07 -7.016764778591E+00 -2.941176470588E-03   1 -89
  1.610359868444E-04 -4.418588702314E-04 -2.563257917851E+00 -2.251146711008E+06 -2.726664583808E+06 -2.056992668383E+07 -6.267163559848E-04 -2.941176470588E-03   1 -89
  5.248829490679E-04 -2.273065764858E-04 -2.563256297133E+00 -2.310797676968E+05  3.499542173345E+06 -1.825208768065E+07 -6.142117437813E+00 -2.941176470588E-03   1 -89
  4.149749669445E-05  3.998295776296E-04 -2.563279191310E+00  1.667646416876E+05 -3.142396656716E+05 -1.948694490741E+07 -6.362099076281E+00 -2.941176470588E-03   1 -89
  2.642993725310E-05 -4.018029115422E-04 -2.563270608681E+00 -7.467408813360E+04 -2.769317019854E+04 -1.808901538838E+07 -7.107746706081E+00 -2.941176470588E-03   1 -89
 -3.638216601833E-06 -4.388429638287E-04 -2.563256611624E+00  1.338099112463E+06  1.153883301148E+06 -1.914767344226E+07 -6.045370762856E+00 -2.941176470588E-03   1 -89
  3.028980071302E-04  1.769660614610E-04 -2.563267173679E+00 -3.747175254571E+03 -2.185353843532E+03 -1.729626489456E+07 -8.120247555256E+00 -2.941176470588E-03   1 -89
 -3.804313722130E-04  3.429648776936E-05 -2.563267880372E+00  2.307833600458E+03 -2.069017458920E+02 -1.689024515491E+07 -6.975005097548E+00 -2.941176470588E-03   1 -89
  6.628199008109E-05  3.395036147212E-04 -2.563267313123E+00 -1.261890652549E+04 -2.295444948963E+04 -1.814209307438E+07 -5.382596408150E+00 -2.941176470588E-03   1 -89
 -3.533153071421E-04 -1.706544407996E-04 -2.563271395097E+00  2.191471434230E+03  1.055360240054E+03 -1.689886695318E+07 -7.611270410696E+00 -2.941176470588E-03   1 -89
 -2.171608015378E-07 -5.411150790718E-04 -2.563272002408E+00  1.127635508646E+00  4.826507089213E+03 -1.707430455564E+07 -3.296918960575E+00 -2.941176470588E-03   1 -89
  7.956738110716E-06 -3.207680862943E-04 -2.563263144326E+00  7.056111873435E+05  1.030053589184E+06 -1.848710435250E+07 -8.019169530106E-01 -2.941176470588E-03   1 -89
 -1.179259924299E-05 -2.637198581981E-04 -2.563276057517E+00  1.507684432207E+02  3.486809830076E+03 -1.735159747536E+07 -7.334774523105E+00 -2.941176470588E-03   1 -89
 -4.498471837225E-04  1.389316661881E-04 -2.563275480187E+00 -9.497407417194E+05  3.921027611475E+05 -1.843012476983E+07 -7.745211240341E+00 -2.941176470588E-03   1 -89
  1.362171991510E-05  5.779321909859E-04 -2.563265515839E+00  1.445313057248E+06 -1.025995154689E+06 -1.779327436292E+07 -4.426653261419E+00 -2.941176470588E-03   1 -89
  3.024496123372E-04 -1.720355934322E-04 -2.563260828721E+00 -4.577703084554E+03  2.606181312042E+03 -1.747562734542E+07 -7.774538995663E+00 -2.941176470588E-03   1 -89
  1.579083390058E-03  4.794298559260E-04 -2.531043200523E+00  1.531482526189E+05  7.885544348444E+05 -1.685152711689E+07 -7.019872108671E-04 -2.941176470588E-03   1   5
  2.738749880730E-04 -7.618148966680E-05 -2.563262676779E+00 -4.867611675714E+03  1.345622538443E+03 -1.764509768515E+07 -4.047868394168E+00 -2.941176470588E-03   1 -89
  3.810320106319E-04 -1.158858905259E-03 -2.563255133004E+00 -4.934773153482E+06 -6.114986589227E+06 -1.822247778826E+07 -1.672102516485E+00 -2.941176470588E-03   1 -89
 -1.620002463477E-04  2.982698121504E-04 -2.563256823969E+00  1.682765743666E+03 -3.091914404122E+03 -1.716805130115E+07 -6.315263281613E+00 -2.941176470588E-03   1 -89
  2.119174492264E-02  8.011360493241E-02 -1.687351312611E+00  1.347772800145E+05  3.666600506212E+05 -1.397735513272E+07 -4.454052823135E-04 -2.941176470588E-03   1   5
 -1.214820241875E-04 -2.387719037143E-04 -2.563261608046E+00  1.640268689029E+03  3.211942021665E+03 -1.736732303550E+07 -3.795575490105E+00 -2.941176470588E-03   1 -89
 -7.393190673817E-04  2.226904385351E-04 -2.563254929072E+00  7.954467653551E+03 -2.421299243205E+03 -1.719171089051E+07 -5.869043947673E+00 -2.941176470588E-03   1 -89
 -1.939615334846E-04  9.271436596010E-05 -2.563278400742E+00  3.511957200850E+03 -1.671518571082E+03 -1.766574071620E+07 -2.027866337866E+00 -2.941176470588E-03   1 -89
  4.748447528444E-03  3.650874699126E-03 -2.563256266176E+00 -1.484337760781E+06 -2.148501503340E+06 -2.054922054976E+07 -4.641786899724E+00 -2.941176470588E-03   1 -89
 -2.232119333603E-04  4.015683195021E-04 -2.563278005904E+00  8.306488571204E+05  1.147283360371E+05 -1.817491745287E+07 -7.759336654320E+00 -2.941176470588E-03   1 -89
  1.671658889510E-05 -3.158728848008E-04 -2.563274583919E+00 -2.533674814661E+02  4.723293262194E+03 -1.746329795758E+07 -8.085289109810E+00 -2.941176470588E-03   1 -89
  1.649453754861E-04  4.648460004594E-04 -2.563256986100E+00 -3.706866170915E+05 -1.063058002526E+06 -1.934337854558E+07 -4.155154550371E+00 -2.941176470588E-03   1 -89
  6.468443000561E-02  1.841379349733E-02 -1.672618695998E+00  8.049230251073E+05  1.048836576560E+05 -9.231777663414E+06  7.426037916023E-04 -2.941176470588E-03   1   5
  2.971999238404E-04 -3.507728162278E-04 -2.563279104262E+00  5.337367228422E+05  2.327794654558E+05 -1.858854031967E+07 -7.740270223380E+00 -2.941176470588E-03   1 -89
  2.585619635664E-04  1.342724088837E-04 -2.563279387518E+00 -3.626987496572E+03 -1.887392545877E+03 -1.740411163702E+07 -8.086386817356E+00 -2.941176470588E-03   1 -89
 -8.841761657828E-04 -2.561930070980E-04 -2.563263464631E+00 -8.089928171079E+05 -1.729260065592E+05 -1.852170457087E+07 -7.167350299301E+00 -2.941176470588E-03   1 -89
  8.150676059600E-05 -8.105540501964E-04 -2.563255539698E+00 -6.811142403337E+02  6.970998181888E+03 -1.705378800555E+07 -7.235174780669E+00 -2.941176470588E-03   1 -89
 -5.160603149891E-05 -3.209354488644E-05 -2.563268133314E+00  7.959528642309E+02  4.962921727067E+02 -1.749407786626E+07 -8.074036718178E+00 -2.941176470588E-03   1 -89
 -7.193941133234E-05  3.414903494899E-04 -2.563261582210E+00  1.006753162741E+03 -4.793117491776E+03 -1.740439439018E+07 -8.114925580420E+00 -2.941176470588E-03   1 -89
 -1.735121091059E-04  1.239843880034E-04 -2.563272782716E+00  3.100841014158E+03 -2.215487549422E+03 -1.765124049454E+07 -4.425443254130E+00 -2.941176470588E-03   1 -89
 -2.869107037952E-04 -4.398509473219E-04 -2.563261978825E+00 -1.466645176006E+06 -1.213024953399E+06 -1.928890483432E+07 -6.522017263121E+00 -2.941176470588E-03   1 -89
  2.199218710359E-05  3.805392824433E-04 -2.563262560720E+00 -1.735399613970E+02 -2.845564432228E+03 -1.698145833422E+07 -5.855129913631E+00 -2.941176470588E-03   1 -89
  1.142351478642E-04  2.176923364722E-04 -2.563265847785E+00 -2.097461324582E+03 -3.999690444929E+03 -1.768427926519E+07 -6.421752232929E+00 -2.941176470588E-03   1 -89
  2.177705494874E-04 -3.013350114074E-04 -2.563273082541E+00 -3.387748611554E+03  4.671732841036E+03 -1.750125916409E+07 -7.332908664455E+00 -2.941176470588E-03   1 -89
 -2.817418521945E-05  1.350949603507E-04 -2.563270883078E+00  6.512210390409E+04  5.859997171144E+04 -1.817373784864E+07 -7.126515445570E+00 -2.941176470588E-03   1 -89
 -4.612158476789E-04 -3.383717734144E-04 -2.563263924188E+00 -3.108598621052E+06  9.794663072202E+05 -2.032259617016E+07 -1.436993803468E-01 -2.941176470588E-03   1 -89
