 -9.097957261622E-06 -7.077192207271E-06  2.759958001354E+00 -1.748217141249E+01 -1.644547559515E+01  1.828663934016E+07  9.272850148993E+00 -2.941176470588E-03   1   5
  1.037527032954E-04 -1.448863094355E-04 -2.759963831496E+00 -1.024220390740E+03  1.431899243041E+03 -1.892391266503E+07 -6.441234231651E+00 -2.941176470588E-03   1 -90
  1.370823854235E-04 -9.376053069045E-05 -2.759977112514E+00  5.889877901378E+05  4.254750175738E+05 -2.020242613703E+07 -7.356498200215E+00 -2.941176470588E-03   1 -90
 -2.997996851236E-04  3.040970789848E-04 -2.759965342249E+00 -6.901443060126E+05 -1.486018968296E+06 -1.956738495347E+07 -1.357254663573E+00 -2.941176470588E-03   1 -90
 -2.151633759690E-04  2.772017791289E-04 -2.759969815812E+00  3.031947417797E+03 -3.910942713846E+03 -1.919652876515E+07 -8.770598870888E+00 -2.941176470588E-03   1 -90
  2.807021538504E-04  4.666314475556E-04 -2.759964850327E+00 -3.297854387458E+05 -2.553398856500E+06 -1.896459215346E+07 -4.123556027865E+00 -2.941176470588E-03   1 -90
 -3.236575778650E-04  6.814472234502E-04 -2.759963723784E+00  1.434897762837E+06 -8.843966382268E+05 -2.095790657359E+07 -7.423707064368E+00 -2.941176470588E-03   1 -90
  6.265295147019E-04 -7.640674444612E-05 -2.759963524134E+00 -1.207725420833E+04 -1.815522256734E+03 -1.942038312065E+07 -5.479457495658E+00 -2.941176470588E-03   1 -89
  9.289509978099E-05 -7.838563417086E-05 -2.759965411472E+00  1.495846849681E+05  6.672527028852E+04 -1.953195051958E+07 -8.984159596951E+00 -2.941176470588E-03   1 -89
 -3.263545745086E-04  1.345810227628E-05 -2.759972473082E+00  3.132390587025E+06 -2.722072817575E+06 -2.091722302559E+07 -6.063945411816E+00 -2.941176470588E-03   1 -89
 -4.679308484667E-04  1.857497384211E-04 -2.759964255087E+00  8.607843212438E+04  1.967351827088E+04 -2.012140281079E+07 -3.704081547577E+00 -2.941176470588E-03   1 -89
  2.170089085150E-04 -2.557031429868E-04 -2.759960497415E+00  1.924995625807E+05 -1.975076107858E+04 -1.954420172641E+07 -6.488526186571E+00 -2.941176470588E-03   1 -89
  2.030056622316E-04  4.232932363262E-04 -2.759972832628E+00  7.759206124931E+05  7.414362417621E+05 -2.016520399539E+07 -8.400152349552E+00 -2.941176470588E-03   1 -89
  1.339579797542E-04  3.635643471101E-04 -2.759958129872E+00 -2.548713901296E+05 -4.847582981789E+05 -1.963407738343E+07 -7.370529950005E+00 -2.941176470588E-03   1 -89
  3.511624587102E-04  1.036311156449E-03 -2.759977294246E+00  2.477638815862E+06  1.120751100108E+06 -2.102815525239E+07 -6.344693985297E+00 -2.941176470588E-03   1 -89
 -1.165987641861E-04  1.316464521330E-05 -2.759962124635E+00  9.810927804344E+04  3.380109316884E+04 -1.999715566087E+07 -8.998233232789E+00 -2.941176470588E-03   1 -89
  9.659049793004E-05 -5.859848059441E-04 -2.759978890908E+00 -1.544684411814E+03  9.270352406720E+03 -1.930724593586E+07 -6.676248251500E+00 -2.941176470588E-03   1 -89
  9.233427760141E-05  1.920203100381E-04 -2.759974238271E+00 -1.821863972373E+03 -3.795275958305E+03 -1.956047896699E+07 -3.729663398825E+00 -2.941176470588E-03   1 -89
  3.228761415677E-04  1.884496310793E-04 -2.759983011425E+00 -3.868846423865E+03 -2.636363967964E+03 -1.947023294699E+07 -6.998815742656E+00 -2.941176470588E-03   1 -89
 -2.825996217556E-04 -3.718064024504E-04 -2.759978433756E+00 -4.225468098333E+06  1.532360065472E+06 -2.264972440423E+07 -1.421143067520E+00 -2.941176470588E-03   1 -89
  9.730863444090E-05 -6.232935424707E-05 -2.759960507085E+00 -1.234162800031E+05  1.839381292578E+05 -1.975406704327E+07 -8.991735901492E+00 -2.941176470588E-03   1 -89
  2.518960815016E-04 -2.626550085317E-04 -2.759962639375E+00  1.032619640612E+05  5.385973430088E+05 -1.982347717257E+07 -7.017929567228E+00 -2.941176470588E-03   1 -89
 -4.364568390871E-04 -4.102074889078E-05 -2.759962878027E+00 -3.525300165659E+05 -6.193916660945E+05 -2.033689106540E+07 -8.386993154179E+00 -2.941176470588E-03   1 -89
  3.868728017388E-04  6.288028403866E-04 -2.759959277197E+00 -3.779521051849E+05 -9.428896620836E+03 -2.047870644043E+07 -3.045482247643E+00 -2.941176470588E-03   1 -89
 -7.354558740523E-04  4.897242190497E-04 -2.759983415505E+00  3.300319085304E+05 -3.585997828687E+04 -1.954303029049E+07 -7.919172592485E+00 -2.941176470588E-03   1 -89
 -2.803383928825E-03  4.151026507829E-03 -3.958349366647E-01 -4.691330208060E+03  7.186217167967E+03 -7.389277567324E+06 -6.947694046993E-04 -2.941176470588E-03   1   5
 -1.276646728875E-04  1.606978266942E-04 -2.759959868289E+00  2.246035464515E+03 -2.817124201104E+03 -1.941888810162E+07 -6.349272999822E+00 -2.941176470588E-03   1 -89
 -1.134243267369E-05  6.227884673856E-04 -2.759961899989E+00 -9.707488712902E+02 -9.358064258684E+03 -1.925247951632E+07 -5.489946421854E+00 -2.941176470588E-03   1 -89
  3.339502841100E-04  2.675509181874E-04 -2.759966182484E+00  7.939471538889E+05 -8.168646958420E+04 -1.975407518109E+07  1.942994587743E-03 -2.941176470588E-03   1 -89
  3.256965468042E-04 -1.523008748695E-04 -2.759958931736E+00 -1.992083936707E+04  4.982102677673E+05 -1.978788327628E+07 -5.758851215457E+00 -2.941176470588E-03   1 -89
  1.900365329257E-04 -2.580606422357E-04 -2.759967611223E+00 -1.254233972766E+03  1.707480002414E+03 -1.871290641337E+07 -6.931419290482E+00 -2.941176470588E-03   1 -89
  3.899540046411E-04  2.695802128133E-04 -2.759960453051E+00 -6.487487064706E+03 -4.501198366192E+03 -1.936104194797E+07 -5.674953702918E+00 -2.941176470588E-03   1 -89
  1.805545132075E-04 -1.803466940102E-04 -2.759959326586E+00  3.684500393157E+05 -4.872245145462E+05 -2.031500993803E+07 -8.700172801021E+00 -2.941176470588E-03   1 -89
  3.909529507982E-04  4.166057926961E-05 -2.759971102566E+00 -6.413310363593E+05 -7.867412307797E+05 -1.993729736499E+07 -6.039982135304E+00 -2.941176470588E-03   1 -89
 -3.425943213779E-04  2.435070364654E-04 -2.759958776558E+00  1.245290149554E+06  1.110019935134E+06 -2.046136371146E+07 -3.286236414283E+00 -2.941176470588E-03   1 -89
  1.677395408814E-04  7.994934116813E-04 -2.759971557565E+00 -1.906711565536E+05 -3.327824633655E+04 -1.956385707422E+07 -5.174379770842E+00 -2.941176470588E-03   1 -89
  4.349381765129E-04 -7.793191290498E-04 -2.759960417141E+00  4.209903106356E+05 -1.040406597030E+06 -2.042495321845E+07 -7.482903903958E+00 -2.941176470588E-03   1 -89
 -3.412061644182E-04 -1.697026889982E-04 -2.759968782092E+00  3.137517705084E+03  1.558663593039E+03 -1.887980287608E+07 -8.278430891029E+00 -2.941176470588E-03   1 -89
 -3.389258796790E-04  2.164730196517E-04 -2.759975289106E+00  1.807222719165E+05  1.364961284239E+05 -2.019046791975E+07 -6.372272716180E+00 -2.941176470588E-03   1 -89
  2.076613741420E-05  5.871309058402E-04 -2.759972015960E+00 -3.099222105608E+06 -1.857790940768E+05 -2.019817661657E+07 -6.268285510990E+00 -2.941176470588E-03   1 -89
 -5.247604539608E-03  3.557203753899E-02 -2.728134364721E+00  4.237217204498E+05 -2.959581730623E+06 -1.803982229618E+07  4.590725933795E-05 -2.941176470588E-03   1   5
 -2.904289965265E-05  3.787504274622E-04 -2.759961076599E+00  5.085577142136E+02 -6.495028774592E+03 -1.939291941055E+07 -6.670220046771E+00 -2.941176470588E-03   1 -89
 -2.065899749637E-04  8.165317929645E-05 -2.759973778106E+00  1.522165401788E+03 -6.009661542506E+02 -1.876172041593E+07 -7.293850771229E+00 -2.941176470588E-03   1 -89
  3.409620085543E-04  1.044960942247E-04 -2.759965952895E+00 -1.143649001071E+06  2.316381593489E+05 -1.990433665163E+07 -5.726099426141E+00 -2.941176470588E-03   1 -89
 -9.706481298454E-05  1.503475518725E-03 -2.730067315111E+00  8.356275929100E+05 -1.176070859095E+06 -1.853393654329E+07 -1.285236602591E-03 -2.941176470588E-03   1   5
  9.988001341773E-07  2.448622165155E-04 -2.759958077832E+00  1.080950846791E+06 -1.432082588171E+06 -2.184210531036E+07 -6.384766997029E+00 -2.941176470588E-03   1 -89
 -3.673506696662E-04 -1.429728425216E-04 -2.759979289772E+00 -4.538806711270E+05  2.060717802951E+04 -1.999468982338E+07 -6.067891561786E+00 -2.941176470588E-03   1 -89
 -2.907277530102E-04 -5.952874116672E-05 -2.759962270120E+00  2.897409604659E+06 -3.334510479651E+06 -1.911489986964E+07 -2.084493267735E+00 -2.941176470588E-03   1 -89
 -5.668805069914E-04 -3.669694676872E-06 -2.759981476387E+00 -1.634783218911E+06  8.004111641340E+05 -2.083301825561E+07 -7.571725516067E+00 -2.941176470588E-03   1 -89
 -2.287700139169E-04  1.906825540695E-04 -2.759981230047E+00  2.970050383859E+03 -2.471366413839E+03 -1.912333428287E+07 -8.741810260849E+00 -2.941176470588E-03   1 -89
  2.016422830554E-01  6.452213210641E-02 -2.744845030544E+00 -2.989646570537E+06  4.864914863386E+05 -1.760861472369E+07 -9.207250916141E-04 -2.941176470588E-03   1   5
