  1.917289946907E-05  8.657536006726E-06  6.656960223168E+00  5.526759291581E+01  2.559485839423E+01  2.274281028273E+07  2.227567185224E+01 -2.941176470588E-03   1   5
  1.468255974213E-04  1.014939369812E-04 -6.656984924361E+00 -2.624688997827E+03 -1.835033253036E+03 -2.389404679480E+07 -2.136461032479E+01 -2.941176470588E-03   1 -90
  5.057213161265E-02 -1.312055886036E-02 -6.332137275309E+00  4.083863965178E+06 -2.492450711403E+06 -1.642065878311E+07 -1.741554368468E+01 -2.941176470588E-03   1 -17
 -2.663353134973E-04  2.368261575733E-04 -6.656975687773E+00 -1.489670509476E+05 -5.065470070498E+04 -2.390404606774E+07 -2.034219081874E+01 -2.941176470588E-03   1 -90
  1.624548546866E-04  1.472872019390E-04 -6.656969333892E+00 -2.675041362339E+03 -2.433390753720E+03 -2.380669567211E+07 -1.667352071164E+01 -2.941176470588E-03   1 -90
  1.200374867360E-01  3.489775327878E-02 -5.599238110511E+00  6.196103817850E+05  1.424348214121E+05 -1.895652157938E+07 -1.243709999997E+01 -2.941176470588E-03   1 -17
  2.605979949623E-04  6.808184230017E-05 -6.656983434351E+00  3.083754151840E+06  1.192302125928E+06 -3.009937887309E+07 -1.542739999996E+01 -2.941176470588E-03   1 -90
  3.240346305618E-04 -1.794695520015E-04 -6.656972868998E+00 -5.789426055060E+03  3.193609043563E+03 -2.389456167303E+07 -2.068826348197E+01 -2.941176470588E-03   1 -89
  3.191230458514E-04  4.083742777342E-04 -6.656964957874E+00 -7.735293338264E+03 -9.917249023234E+03 -2.430892438423E+07 -1.538362008862E+01 -2.941176470588E-03   1 -89
 -2.371860447608E-04  2.495806019749E-04 -6.656970568106E+00 -1.172705893069E+05  5.295741977906E+03 -2.397006388420E+07 -2.067556477856E+01 -2.941176470588E-03   1 -89
  1.610359868444E-04 -4.418588702314E-04 -6.656963694805E+00 -2.251146711008E+06 -2.726664583808E+06 -2.681371002866E+07 -1.365942671632E+01 -2.941176470588E-03   1 -89
  5.248829490679E-04 -2.273065764858E-04 -6.656962074087E+00 -2.310797676968E+05  3.499542173345E+06 -2.449587102548E+07 -1.980091743778E+01 -2.941176470588E-03   1 -89
  4.149749669445E-05  3.998295776296E-04 -6.656984968263E+00  1.667646416876E+05 -3.142396656716E+05 -2.573072825224E+07 -2.002089907625E+01 -2.941176470588E-03   1 -89
  2.642993725310E-05 -4.018029115422E-04 -6.656976385634E+00 -7.467408813360E+04 -2.769317019854E+04 -2.433279873320E+07 -2.076654670605E+01 -2.941176470588E-03   1 -89
 -3.638216601833E-06 -4.388429638287E-04 -6.656962388578E+00  1.338099112463E+06  1.153883301148E+06 -2.539145678708E+07 -1.970417076282E+01 -2.941176470588E-03   1 -89
  3.028980071302E-04  1.769660614610E-04 -6.656972950632E+00 -3.747175254571E+03 -2.185353843532E+03 -2.354004823938E+07 -2.177904755522E+01 -2.941176470588E-03   1 -89
 -3.804313722130E-04  3.429648776936E-05 -6.656973657325E+00  2.307833600458E+03 -2.069017458920E+02 -2.313402849973E+07 -2.063380509752E+01 -2.941176470588E-03   1 -89
  6.628199008109E-05  3.395036147212E-04 -6.656973090076E+00 -1.261890652549E+04 -2.295444948963E+04 -2.438587641920E+07 -1.904139640812E+01 -2.941176470588E-03   1 -89
 -3.533153071421E-04 -1.706544407996E-04 -6.656977172051E+00  2.191471434230E+03  1.055360240054E+03 -2.314265029801E+07 -2.127007041066E+01 -2.941176470588E-03   1 -89
 -2.171608015378E-07 -5.411150790718E-04 -6.656977779361E+00  1.127635508646E+00  4.826507089213E+03 -2.331808790047E+07 -1.695571896054E+01 -2.941176470588E-03   1 -89
  7.956738110716E-06 -3.207680862943E-04 -6.656968921280E+00  7.056111873435E+05  1.030053589184E+06 -2.473088769733E+07 -1.446071695298E+01 -2.941176470588E-03   1 -89
 -1.179259924299E-05 -2.637198581981E-04 -6.656981834471E+00  1.507684432207E+02  3.486809830076E+03 -2.359538082018E+07 -2.099357452307E+01 -2.941176470588E-03   1 -89
 -4.498471837225E-04  1.389316661881E-04 -6.656981257140E+00 -9.497407417194E+05  3.921027611475E+05 -2.467390811465E+07 -2.140401124031E+01 -2.941176470588E-03   1 -89
  1.362171991510E-05  5.779321909859E-04 -6.656971292793E+00  1.445313057248E+06 -1.025995154689E+06 -2.403705770775E+07 -1.808545326139E+01 -2.941176470588E-03   1 -89
  3.024496123372E-04 -1.720355934322E-04 -6.656966605675E+00 -4.577703084554E+03  2.606181312042E+03 -2.371941069025E+07 -2.143333899563E+01 -2.941176470588E-03   1 -89
  3.733513303655E-04  1.862261165529E-05 -6.656987837708E+00 -7.508380498598E+03 -1.836016482014E+02 -2.415143295898E+07 -7.019872108671E-04 -2.941176470588E-03   1 -89
  2.738749880730E-04 -7.618148966680E-05 -6.656968453733E+00 -4.867611675714E+03  1.345622538443E+03 -2.388888102998E+07 -1.770666839414E+01 -2.941176470588E-03   1 -89
  3.810320106319E-04 -1.158858905259E-03 -6.656960909958E+00 -4.934773153482E+06 -6.114986589227E+06 -2.446626113309E+07 -1.533090251645E+01 -2.941176470588E-03   1 -89
 -1.620002463477E-04  2.982698121504E-04 -6.656962600923E+00  1.682765743666E+03 -3.091914404122E+03 -2.341183464597E+07 -1.997406328158E+01 -2.941176470588E-03   1 -89
  3.090947528056E-02  1.065506569432E-01 -5.599238671477E+00  1.347754729241E+05  3.666605687096E+05 -2.022113845629E+07 -1.303334540525E+01 -2.941176470588E-03   1 -15
 -1.214820241875E-04 -2.387719037143E-04 -6.656967384999E+00  1.640268689029E+03  3.211942021665E+03 -2.361110638033E+07 -1.745437549007E+01 -2.941176470588E-03   1 -89
 -7.393190673817E-04  2.226904385351E-04 -6.656960706025E+00  7.954467653551E+03 -2.421299243205E+03 -2.343549423533E+07 -1.952784394764E+01 -2.941176470588E-03   1 -89
 -1.939615334846E-04  9.271436596010E-05 -6.656984177696E+00  3.511957200850E+03 -1.671518571082E+03 -2.390952406102E+07 -1.568666633783E+01 -2.941176470588E-03   1 -89
  4.748447528444E-03  3.650874699126E-03 -6.656962043129E+00 -1.484337760781E+06 -2.148501503340E+06 -2.679300389458E+07 -1.830058689969E+01 -2.941176470588E-03   1 -89
 -2.232119333603E-04  4.015683195021E-04 -6.656983782858E+00  8.306488571204E+05  1.147283360371E+05 -2.441870079770E+07 -2.141813665429E+01 -2.941176470588E-03   1 -89
  1.671658889510E-05 -3.158728848008E-04 -6.656980360872E+00 -2.533674814661E+02  4.723293262194E+03 -2.370708130240E+07 -2.174408910978E+01 -2.941176470588E-03   1 -89
  1.649453754861E-04  4.648460004594E-04 -6.656962763053E+00 -3.706866170915E+05 -1.063058002526E+06 -2.558716189040E+07 -1.781395455034E+01 -2.941176470588E-03   1 -89
  2.577081350146E-01  4.558171087984E-02 -3.285483204045E+00  1.696801510959E+06  2.689219302385E+05 -1.052601026823E+06 -5.345257396196E+00 -2.941176470588E-03   1 -15
  2.971999238404E-04 -3.507728162278E-04 -6.656984881215E+00  5.337367228422E+05  2.327794654558E+05 -2.483232366450E+07 -2.139907022335E+01 -2.941176470588E-03   1 -89
  2.585619635664E-04  1.342724088837E-04 -6.656985164472E+00 -3.626987496572E+03 -1.887392545877E+03 -2.364789498184E+07 -2.174518681732E+01 -2.941176470588E-03   1 -89
 -8.841761657828E-04 -2.561930070980E-04 -6.656969241585E+00 -8.089928171079E+05 -1.729260065592E+05 -2.476548791570E+07 -2.082615029927E+01 -2.941176470588E-03   1 -89
  8.150676059600E-05 -8.105540501964E-04 -6.656961316651E+00 -6.811142403337E+02  6.970998181888E+03 -2.329757135038E+07 -2.089397478064E+01 -2.941176470588E-03   1 -89
 -5.160603149891E-05 -3.209354488644E-05 -6.656973910268E+00  7.959528642309E+02  4.962921727067E+02 -2.373786121109E+07 -2.173283671815E+01 -2.941176470588E-03   1 -89
 -7.193941133234E-05  3.414903494899E-04 -6.656967359164E+00  1.006753162741E+03 -4.793117491776E+03 -2.364817773500E+07 -2.177372558039E+01 -2.941176470588E-03   1 -89
 -1.735121091059E-04  1.239843880034E-04 -6.656978559670E+00  3.100841014158E+03 -2.215487549422E+03 -2.389502383937E+07 -1.808424325410E+01 -2.941176470588E-03   1 -89
 -2.869107037952E-04 -4.398509473219E-04 -6.656967755778E+00 -1.466645176006E+06 -1.213024953399E+06 -2.553268817914E+07 -2.018081726309E+01 -2.941176470588E-03   1 -89
  2.199218710359E-05  3.805392824433E-04 -6.656968337674E+00 -1.735399613970E+02 -2.845564432228E+03 -2.322524167904E+07 -1.951392991360E+01 -2.941176470588E-03   1 -89
  1.142351478642E-04  2.176923364722E-04 -6.656971624739E+00 -2.097461324582E+03 -3.999690444929E+03 -2.392806261001E+07 -2.008055223290E+01 -2.941176470588E-03   1 -89
  2.177705494874E-04 -3.013350114074E-04 -6.656978859494E+00 -3.387748611554E+03  4.671732841036E+03 -2.374504250891E+07 -2.099170866442E+01 -2.941176470588E-03   1 -89
 -2.817418521945E-05  1.350949603507E-04 -6.656976660032E+00  6.512210390409E+04  5.859997171144E+04 -2.441752119346E+07 -2.078531544554E+01 -2.941176470588E-03   1 -89
 -4.612158476789E-04 -3.383717734144E-04 -6.656969701142E+00 -3.108598621052E+06  9.794663072202E+05 -2.656637951498E+07 -1.380249938031E+01 -2.941176470588E-03   1 -89
