 -2.760650511335E-06  4.729391362958E-07  2.736042760058E+00  6.350562927711E-01 -2.609065396391E-01  1.808173863912E+07  9.191765879468E+00 -2.941176470588E-03   1   5
 -2.035454473069E-04 -2.286992282612E-04 -2.736052853309E+00 -7.208250455593E+04 -1.902181647643E+06 -2.291559657235E+07 -3.992322043875E+00 -2.941176470588E-03   1 -90
  3.680039014011E-04  6.234528821855E-05 -2.736054109877E+00  4.763659647617E+03 -7.071161490998E+04 -1.979145318417E+07 -4.952509331879E+00 -2.941176470588E-03   1 -90
 -1.598674430818E-03  4.170265119161E-04 -2.703576120714E+00 -6.171927798423E+05 -8.405774467789E+05 -1.847319177939E+07  0.000000000000E+00 -2.941176470588E-03   1   3
  6.619277452901E-02  1.319805490679E-01 -1.678322778584E+00  5.037060688251E+05  8.827113287040E+05 -1.304231508525E+07 -9.776999999977E-01 -2.941176470588E-03   1 -17
 -4.306718846512E-06  5.757535080560E-04 -2.736045229083E+00  2.458173943839E+06  1.690165409916E+06 -1.862853625159E+07 -7.227177073838E+00 -2.941176470588E-03   1 -90
 -5.475654903377E-04  1.939451384329E-04 -2.736055682834E+00  8.752856188635E+05  9.904511172565E+05 -2.015574861110E+07 -6.954549008832E+00 -2.941176470588E-03   1 -90
 -1.541930564494E-04  5.417004403535E-04 -2.736067039796E+00  6.979081050591E+05  6.324783078322E+05 -2.059386823882E+07 -6.453928476340E+00 -2.941176470588E-03   1 -89
 -4.137981864965E-05  3.982996397856E-04 -2.736069988033E+00 -9.929600446174E+04 -9.596995422233E+04 -1.959223402110E+07 -7.267010779227E+00 -2.941176470588E-03   1 -89
 -8.925570347280E-03  4.686058174472E-03 -2.702849919657E+00  1.520742092159E+06 -1.653786787527E+06 -1.520738623605E+07  8.234659599946E-04 -2.941176470588E-03   1   5
 -1.282615059651E-04 -3.455183754057E-04 -2.736046447290E+00  1.686202731170E+03  4.542083850678E+03 -1.892971991323E+07 -7.679774505387E+00 -2.941176470588E-03   1 -89
 -2.872180586333E-04  2.228402460226E-04 -2.736052602196E+00  5.687610610012E+03 -4.118520322983E+03 -1.917058675788E+07 -7.245435992309E+00 -2.941176470588E-03   1 -89
 -1.918237148489E-04 -3.466047393266E-04 -2.736069020847E+00  3.128890868678E+03  5.541129362355E+03 -1.910213382557E+07 -8.238193920141E+00 -2.941176470588E-03   1 -89
 -5.906888570436E-04  3.776180065267E-04 -2.736043388629E+00  1.758615954279E+05  5.234036067983E+05 -2.069953360371E+07 -6.649443243489E+00 -2.941176470588E-03   1 -89
  1.137748771449E-04  1.561326828280E-04 -2.736060528445E+00 -2.205625997638E+03 -3.036278014891E+03 -1.933415891642E+07 -2.286076033155E+00 -2.941176470588E-03   1 -89
  2.345313108966E-04  3.082479842448E-04 -2.736052794531E+00 -3.286252408941E+03 -4.316973810830E+03 -1.898548427002E+07 -7.681017174121E+00 -2.941176470588E-03   1 -89
  1.778512959809E-02 -7.405171391047E-02 -2.009767967035E+00  1.509237491384E+05 -1.217446323666E+06 -1.108658113087E+07 -5.832664600636E-04 -2.941176470588E-03   1   5
 -1.017497551430E-01  1.702437079845E-02 -8.798788485382E-01 -3.033060744368E+05  5.563107179069E+04 -1.744853779909E+07  9.592209165987E-05 -2.941176470588E-03   1   5
  1.257091519796E-04  3.995084650503E-04 -2.736060305975E+00 -5.604217477092E+04 -2.283330151388E+06 -2.171820053876E+07 -7.336329840910E+00 -2.941176470588E-03   1 -89
  1.191165095934E-04  9.145713141333E-04 -2.736054600935E+00 -1.933858390112E+03 -1.502519613708E+04 -1.914200160797E+07 -7.632491453872E+00 -2.941176470588E-03   1 -89
  3.387091139603E-04  2.636436139690E-04 -2.736056664986E+00 -3.083050164805E+06 -1.962367364533E+06 -2.070391437777E+07 -4.579644130023E+00 -2.941176470588E-03   1 -89
 -1.043033549765E-04 -3.076117396518E-04 -2.736043851553E+00  1.625076526169E+03  4.777200700527E+03 -1.911830808844E+07 -7.580307550553E+00 -2.941176470588E-03   1 -89
  1.006701282752E-04 -2.752378662509E-04 -2.736043436267E+00  1.000747061974E+06  3.652139155762E+06 -2.136901473790E+07  5.146990387104E-04 -2.941176470588E-03   1 -89
  7.407809902075E-04  5.355420649462E-04 -2.736053433704E+00 -9.823038934733E+03 -4.426126134940E+03 -1.892166562129E+07 -7.821023285645E+00 -2.941176470588E-03   1 -89
  4.054742853201E-04 -1.375677975422E-04 -2.736060298292E+00 -5.422383450782E+05  5.989332431016E+05 -2.005074300013E+07 -8.299077662107E+00 -2.941176470588E-03   1 -89
  3.644829284041E-04 -1.333259950750E-04 -2.736042805038E+00 -7.088284546512E+05  1.113601859066E+06 -1.989573313389E+07 -6.690268030874E+00 -2.941176470588E-03   1 -89
 -9.689623974340E-05  1.056431178884E-04 -2.736057113779E+00  1.048309585015E+05 -2.073258282054E+03 -2.148544252383E+07 -4.337888548137E+00 -2.941176470588E-03   1 -89
 -1.721321262852E-02 -1.274950783922E-01 -1.678320703653E+00 -2.945790673722E+05 -1.490847752676E+06 -9.356942827269E+06 -1.055431486710E+00 -2.941176470588E-03   1 -15
  1.604973036190E-04  7.082077831379E-04 -2.736050673765E+00  2.532555627998E+06 -9.368673142446E+05 -1.992833409313E+07 -6.600626858455E+00 -2.941176470588E-03   1 -89
 -2.221305151152E-04  2.456157829175E-05 -2.736055978211E+00  4.620192695881E+03 -5.160546427294E+02 -1.942012642230E+07 -4.669224832034E+00 -2.941176470588E-03   1 -89
  4.998027171689E-04  4.374604144464E-04 -2.736043290874E+00  3.109211465713E+06 -2.359049147404E+06 -1.987195926336E+07 -6.998803055693E+00 -2.941176470588E-03   1 -89
 -1.067372743768E-01  2.075281524979E-01 -1.973035310695E+00 -3.372774313837E+05  8.809097116122E+05 -1.641308801988E+07  2.091816986784E-03 -2.941176470588E-03   1   5
 -3.285006651295E-04  2.943440093473E-05 -2.736069146942E+00  6.710444281761E+03 -5.909391385268E+02 -1.939900225713E+07 -4.947928435184E+00 -2.941176470588E-03   1 -89
  3.530256689664E-04 -1.527644694207E-04 -2.736057288094E+00 -4.611677665669E+03  1.987135993787E+03 -1.892344731700E+07 -7.913358294983E+00 -2.941176470588E-03   1 -89
 -5.592362040571E-04  2.851532878637E-04 -2.736049361893E+00  2.125139351911E+03 -1.093655793812E+03 -1.832732139924E+07 -7.462082089049E+00 -2.941176470588E-03   1 -89
  2.279355986629E-04  2.784771291723E-04 -2.736044588768E+00 -2.383205888986E+03 -2.910689933054E+03 -1.875601813549E+07 -8.202947042535E+00 -2.941176470588E-03   1 -89
 -1.207239940765E-04 -2.599521129499E-04 -2.736066749216E+00 -1.986181048118E+05 -6.938929092200E+05 -1.940174447562E+07 -4.467467716786E+00 -2.941176470588E-03   1 -89
 -2.973051820041E-03 -6.685424939024E-04 -2.736057566610E+00 -1.920957570137E+05 -1.657704850016E+05 -2.211058986515E+07 -2.023723651766E+00 -2.941176470588E-03   1 -89
 -4.236783439835E-05  3.809861128789E-04 -2.736066596222E+00 -5.634031810201E+05  5.743897160630E+05 -1.971550991663E+07 -7.611149044198E+00 -2.941176470588E-03   1 -89
  1.622274313823E-04  4.818379875054E-06 -2.736056334307E+00 -1.204555795907E+06  5.719354155452E+06 -2.173914628269E+07 -1.932908705794E+00 -2.941176470588E-03   1 -89
 -3.233772854263E-06 -3.309268013438E-04 -2.736051161609E+00  2.992249502288E+04 -5.501130030412E+04 -1.926903150976E+07 -6.885788671179E+00 -2.941176470588E-03   1 -89
 -1.783152610371E-03 -5.000847612010E-03 -2.736050976019E+00  7.344362692590E+05  1.603717969850E+06 -2.239628977235E+07 -4.869081544123E+00 -2.941176470588E-03   1 -89
  2.583726606603E-04 -2.009657096794E-04 -2.736044950207E+00 -6.813232490001E+04  1.134054729666E+05 -1.815301860403E+07 -7.811320670408E+00 -2.941176470588E-03   1 -89
 -5.977621330584E-04 -4.186834620957E-04 -2.736062375397E+00 -3.454656373544E+06 -1.970234134765E+06 -2.533524640223E+07 -3.762738097821E+00 -2.941176470588E-03   1 -89
 -2.616402733512E-04  2.579968706182E-04 -2.736062004526E+00  7.654455595358E+05 -4.162295093513E+05 -1.969685654943E+07 -5.285046226512E+00 -2.941176470588E-03   1 -89
  2.331561033220E-04 -4.142936328903E-04 -2.736043245356E+00 -2.159149977842E+03  3.866676324744E+03 -1.868264266746E+07 -4.115080251335E+00 -2.941176470588E-03   1 -89
 -5.272143983650E-04 -2.671337733609E-04 -2.736043731794E+00 -2.440661309421E+06 -2.495657411810E+06 -1.886708930629E+07 -6.446766205039E+00 -2.941176470588E-03   1 -89
 -6.444257116498E-04 -1.308929062535E-04 -2.736046068685E+00  5.468249144689E+03  1.114712428560E+03 -1.862928371738E+07 -6.217222167456E+00 -2.941176470588E-03   1 -89
  8.886470513058E-04  2.496924979790E-04 -2.736057400427E+00 -1.159841765190E+04 -3.544103392409E+03 -1.895234677951E+07 -7.822962915231E+00 -2.941176470588E-03   1 -89
 -3.190641644513E-04 -1.487235588958E-04 -2.736059106547E+00  3.896269219599E+03  1.816191846885E+03 -1.886948561712E+07 -8.208012268104E+00 -2.941176470588E-03   1 -89
 -2.227897458078E-04  4.410581942485E-04 -2.736042852078E+00  2.043897866909E+06 -4.245306653513E+06 -1.998142991175E+07 -6.263963482973E+00 -2.941176470588E-03   1 -89
