 -1.441068536261E-05 -1.161544875837E-05  6.042730036540E+00 -4.306877059315E+01 -3.627673078386E+01  2.276008953767E+07  2.022586105013E+01 -2.941176470588E-03   1   5
  1.037527032954E-04 -1.448863094355E-04 -6.042735866682E+00 -1.024220390740E+03  1.431899243041E+03 -2.339736286254E+07 -1.739424513278E+01 -2.941176470588E-03   1 -90
  1.370823854235E-04 -9.376053069045E-05 -6.042749147700E+00  5.889877901378E+05  4.254750175738E+05 -2.467587633454E+07 -1.830950910135E+01 -2.941176470588E-03   1 -90
 -2.997996851236E-04  3.040970789848E-04 -6.042737377434E+00 -6.901443060126E+05 -1.486018968296E+06 -2.404083515098E+07 -1.231026556471E+01 -2.941176470588E-03   1 -90
 -2.151633759690E-04  2.772017791289E-04 -6.042741850998E+00  3.031947417797E+03 -3.910942713846E+03 -2.366997896266E+07 -1.972360977202E+01 -2.941176470588E-03   1 -90
  2.807021538504E-04  4.666314475556E-04 -6.042736885513E+00 -3.297854387458E+05 -2.553398856500E+06 -2.343804235097E+07 -1.507656692900E+01 -2.941176470588E-03   1 -90
 -3.236575778650E-04  6.814472234502E-04 -6.042735758970E+00  1.434897762837E+06 -8.843966382268E+05 -2.543135677110E+07 -1.837671796550E+01 -2.941176470588E-03   1 -90
  6.265295147019E-04 -7.640674444612E-05 -6.042735559320E+00 -1.207725420833E+04 -1.815522256734E+03 -2.389383331816E+07 -1.643246839679E+01 -2.941176470588E-03   1 -89
  9.289509978099E-05 -7.838563417086E-05 -6.042737446658E+00  1.495846849681E+05  6.672527028852E+04 -2.400540071709E+07 -1.993717049808E+01 -2.941176470588E-03   1 -89
 -3.263545745086E-04  1.345810227628E-05 -6.042744508268E+00  3.132390587025E+06 -2.722072817575E+06 -2.539067322310E+07 -1.701695631295E+01 -2.941176470588E-03   1 -89
 -4.679308484667E-04  1.857497384211E-04 -6.042736290273E+00  8.607843212438E+04  1.967351827088E+04 -2.459485300830E+07 -1.465709244871E+01 -2.941176470588E-03   1 -89
  2.170089085150E-04 -2.557031429868E-04 -6.042732532601E+00  1.924995625807E+05 -1.975076107858E+04 -2.401765192392E+07 -1.744153708770E+01 -2.941176470588E-03   1 -89
  2.030056622316E-04  4.232932363262E-04 -6.042744867814E+00  7.759206124931E+05  7.414362417621E+05 -2.463865419290E+07 -1.935316325069E+01 -2.941176470588E-03   1 -89
  1.339579797542E-04  3.635643471101E-04 -6.042730165058E+00 -2.548713901296E+05 -4.847582981789E+05 -2.410752758094E+07 -1.832354085114E+01 -2.941176470588E-03   1 -89
  3.511624587102E-04  1.036311156449E-03 -6.042749329432E+00  2.477638815862E+06  1.120751100108E+06 -2.550160544990E+07 -1.729770488643E+01 -2.941176470588E-03   1 -89
 -1.165987641861E-04  1.316464521330E-05 -6.042734159821E+00  9.810927804344E+04  3.380109316884E+04 -2.447060585838E+07 -1.995124413392E+01 -2.941176470588E-03   1 -89
  9.659049793004E-05 -5.859848059441E-04 -6.042750926094E+00 -1.544684411814E+03  9.270352406720E+03 -2.378069613337E+07 -1.762925915263E+01 -2.941176470588E-03   1 -89
  9.233427760141E-05  1.920203100381E-04 -6.042746273457E+00 -1.821863972373E+03 -3.795275958305E+03 -2.403392916450E+07 -1.468267429996E+01 -2.941176470588E-03   1 -89
  3.228761415677E-04  1.884496310793E-04 -6.042755046610E+00 -3.868846423865E+03 -2.636363967964E+03 -2.394368314450E+07 -1.795182664379E+01 -2.941176470588E-03   1 -89
 -2.825996217556E-04 -3.718064024504E-04 -6.042750468942E+00 -4.225468098333E+06  1.532360065472E+06 -2.712317460174E+07 -1.237415396865E+01 -2.941176470588E-03   1 -89
  9.730863444090E-05 -6.232935424707E-05 -6.042732542271E+00 -1.234162800031E+05  1.839381292578E+05 -2.422751724078E+07 -1.994474680263E+01 -2.941176470588E-03   1 -89
  2.518960815016E-04 -2.626550085317E-04 -6.042734674561E+00  1.032619640612E+05  5.385973430088E+05 -2.429692737008E+07 -1.797094046836E+01 -2.941176470588E-03   1 -89
 -4.364568390871E-04 -4.102074889078E-05 -6.042734913213E+00 -3.525300165659E+05 -6.193916660945E+05 -2.481034126291E+07 -1.934000405531E+01 -2.941176470588E-03   1 -89
  3.868728017388E-04  6.288028403866E-04 -6.042731312383E+00 -3.779521051849E+05 -9.428896620836E+03 -2.495215663794E+07 -1.399849314878E+01 -2.941176470588E-03   1 -89
 -7.354558740523E-04  4.897242190497E-04 -6.042755450691E+00  3.300319085304E+05 -3.585997828687E+04 -2.401648048800E+07 -1.887218349362E+01 -2.941176470588E-03   1 -89
 -4.551918203603E-03  6.809840425304E-03 -3.964245721986E-01 -1.343670131194E+04  2.034354836900E+04 -3.905967005859E+06 -6.947694046993E-04 -2.941176470588E-03   1   5
 -1.276646728875E-04  1.606978266942E-04 -6.042731903475E+00  2.246035464515E+03 -2.817124201104E+03 -2.389233829913E+07 -1.730228390096E+01 -2.941176470588E-03   1 -89
 -1.134243267369E-05  6.227884673856E-04 -6.042733935175E+00 -9.707488712902E+02 -9.358064258684E+03 -2.372592971383E+07 -1.644295732299E+01 -2.941176470588E-03   1 -89
  3.339502841100E-04  2.675509181874E-04 -6.042738217670E+00  7.939471538889E+05 -8.168646958420E+04 -2.422752537860E+07 -1.095106790655E+01 -2.941176470588E-03   1 -89
  3.256965468042E-04 -1.523008748695E-04 -6.042730966922E+00 -1.992083936707E+04  4.982102677673E+05 -2.426133347379E+07 -1.671186211659E+01 -2.941176470588E-03   1 -89
  1.900365329257E-04 -2.580606422357E-04 -6.042739646409E+00 -1.254233972766E+03  1.707480002414E+03 -2.318635661088E+07 -1.788443019162E+01 -2.941176470588E-03   1 -89
  3.899540046411E-04  2.695802128133E-04 -6.042732488237E+00 -6.487487064706E+03 -4.501198366192E+03 -2.383449214548E+07 -1.662796460405E+01 -2.941176470588E-03   1 -89
  1.805545132075E-04 -1.803466940102E-04 -6.042731361772E+00  3.684500393157E+05 -4.872245145462E+05 -2.478846013554E+07 -1.965318370215E+01 -2.941176470588E-03   1 -89
  3.909529507982E-04  4.166057926961E-05 -6.042743137752E+00 -6.413310363593E+05 -7.867412307797E+05 -2.441074756250E+07 -1.699299303644E+01 -2.941176470588E-03   1 -89
 -3.425943213779E-04  2.435070364654E-04 -6.042730811744E+00  1.245290149554E+06  1.110019935134E+06 -2.493481390897E+07 -1.423924731542E+01 -2.941176470588E-03   1 -89
  1.677395408814E-04  7.994934116813E-04 -6.042743592751E+00 -1.906711565536E+05 -3.327824633655E+04 -2.403730727173E+07 -1.612739067198E+01 -2.941176470588E-03   1 -89
  4.349381765129E-04 -7.793191290498E-04 -6.042732452327E+00  4.209903106356E+05 -1.040406597030E+06 -2.489840341596E+07 -1.843591480509E+01 -2.941176470588E-03   1 -89
 -3.412061644182E-04 -1.697026889982E-04 -6.042740817278E+00  3.137517705084E+03  1.558663593039E+03 -2.335325307359E+07 -1.923144179216E+01 -2.941176470588E-03   1 -89
 -3.389258796790E-04  2.164730196517E-04 -6.042747324292E+00  1.807222719165E+05  1.364961284239E+05 -2.466391811726E+07 -1.732528361731E+01 -2.941176470588E-03   1 -89
  2.076613741420E-05  5.871309058402E-04 -6.042744051146E+00 -3.099222105608E+06 -1.857790940768E+05 -2.467162681408E+07 -1.722129641212E+01 -2.941176470588E-03   1 -89
 -1.359906756370E-01 -8.976190419424E-03 -2.898413269953E+00  4.290500573917E+04  3.035275343447E+04 -1.669321934958E+05  4.590725933795E-05 -2.941176470588E-03   1   5
 -2.904289965265E-05  3.787504274622E-04 -6.042733111785E+00  5.085577142136E+02 -6.495028774592E+03 -2.386636960806E+07 -1.762323094790E+01 -2.941176470588E-03   1 -89
 -2.065899749637E-04  8.165317929645E-05 -6.042745813292E+00  1.522165401788E+03 -6.009661542506E+02 -2.323517061344E+07 -1.824686167236E+01 -2.941176470588E-03   1 -89
  3.409620085543E-04  1.044960942247E-04 -6.042737988081E+00 -1.143649001071E+06  2.316381593489E+05 -2.437778684914E+07 -1.667911032727E+01 -2.941176470588E-03   1 -89
  6.983718139842E-04  5.454007812695E-04 -6.042754518327E+00 -2.439627221382E+05 -6.639224848783E+05 -2.495526111071E+07 -5.543085236590E+00 -2.941176470588E-03   1 -89
  9.988001341773E-07  2.448622165155E-04 -6.042730113018E+00  1.080950846791E+06 -1.432082588171E+06 -2.631555550787E+07 -1.733777789816E+01 -2.941176470588E-03   1 -89
 -3.673506696662E-04 -1.429728425216E-04 -6.042751324958E+00 -4.538806711270E+05  2.060717802951E+04 -2.446814002089E+07 -1.702090246292E+01 -2.941176470588E-03   1 -89
 -2.907277530102E-04 -5.952874116672E-05 -6.042734305306E+00  2.897409604659E+06 -3.334510479651E+06 -2.358835006715E+07 -1.303750416887E+01 -2.941176470588E-03   1 -89
 -5.668805069914E-04 -3.669694676872E-06 -6.042753511573E+00 -1.634783218911E+06  8.004111641340E+05 -2.530646845312E+07 -1.852473641720E+01 -2.941176470588E-03   1 -89
 -2.287700139169E-04  1.906825540695E-04 -6.042753265233E+00  2.970050383859E+03 -2.471366413839E+03 -2.359678448038E+07 -1.969482116198E+01 -2.941176470588E-03   1 -89
  6.011589206637E-03  2.078562177143E-03 -6.042742489164E+00  2.685936571520E+06 -8.144681059165E+05 -2.617413057707E+07 -9.299020725070E+00 -2.941176470588E-03   1 -89
