  1.159847012481E-06  1.257426170938E-06  3.531860790446E+00  4.186457680535E+00  8.608705562914E+00  2.267897558139E+07  1.185042400766E+01 -2.941176470588E-03   1   5
  2.289440080307E-04 -3.956001348763E-04 -3.531882759515E+00 -3.610133865634E+03 -1.411705751588E+04 -2.395605201129E+07 -1.681099999996E+00 -2.941176470588E-03   1 -90
 -7.023673653326E-05  1.611604312578E-04 -3.531879466155E+00  6.866070013553E+02 -1.584292014944E+03 -2.331234234971E+07 -1.038348740000E+01 -2.941176470588E-03   1 -90
  2.806502581382E-04  2.111718385426E-04 -3.531885957865E+00 -4.081934955107E+03 -3.067705238912E+03 -2.361662576402E+07 -1.134715067251E+01 -2.941176470588E-03   1 -90
  3.615150980484E-02 -1.144476828452E-01 -2.474132898912E+00  1.062015476547E+05 -4.206086457753E+05 -2.004056106608E+07 -4.263607965435E+00 -2.941176470588E-03   1 -17
  5.179815129650E-04  2.647833552480E-04 -3.531866491680E+00 -1.771500820081E+06 -1.432774188669E+06 -2.466658606822E+07 -1.027291354339E+01 -2.941176470588E-03   1 -90
 -2.769467964813E-04  4.862820772582E-04 -3.531872922035E+00  2.169007189388E+06  1.991294241735E+05 -2.451593547411E+07 -1.026211354339E+01 -2.941176470588E-03   1 -90
  1.307849679316E-04  3.401607020325E-04 -3.531869157863E+00 -1.892091794075E+06  1.649433150434E+06 -2.886824445722E+07 -4.529351114859E+00 -2.941176470588E-03   1 -89
 -5.004543959293E-05  4.101124635683E-04 -3.531870196117E+00  1.771393810074E+02 -1.478360070816E+03 -2.291142210198E+07 -9.838154088867E+00 -2.941176470588E-03   1 -89
  1.295035402949E-04 -8.113740394627E-05 -3.531868097894E+00 -1.568486867837E+06 -9.504918999795E+05 -2.470650983142E+07 -6.654304279490E+00 -2.941176470588E-03   1 -89
  2.413071927001E-04  1.696337155486E-04 -3.531880177113E+00 -4.220167322847E+03 -2.967859448007E+03 -2.380678698226E+07 -1.099364316496E+01 -2.941176470588E-03   1 -89
 -1.367749524976E-04 -3.213670787901E-04 -3.531873595548E+00  2.447317869465E+03  5.747116662471E+03 -2.383294413593E+07 -8.666822052052E+00 -2.941176470588E-03   1 -89
 -2.382846404535E-05 -3.580445202855E-04 -3.531862659215E+00 -2.265360058487E+06  1.508445341705E+06 -2.393445930928E+07 -7.721670970463E+00 -2.941176470588E-03   1 -89
  1.823332747927E-04  2.182938527140E-04 -3.531885847623E+00 -3.212697946103E+03 -3.859626165956E+03 -2.381761711710E+07 -9.943161715345E+00 -2.941176470588E-03   1 -89
 -2.263829969650E-04  4.220072631571E-05 -3.531883728096E+00  2.847282521914E+03 -5.349167510663E+02 -2.349030262899E+07 -8.696916635969E+00 -2.941176470588E-03   1 -89
  1.982048658914E-04 -4.713705152968E-04 -3.531861766848E+00  4.436175807679E+04  7.056979490007E+05 -2.700385700289E+07 -9.953677738134E+00 -2.941176470588E-03   1 -89
  3.724919697988E-04 -5.674398390535E-04 -3.531874388178E+00 -5.347852927763E+05 -3.312174145809E+06 -2.569270185187E+07 -8.583846054772E+00 -2.941176470588E-03   1 -89
 -3.390417184349E-03 -3.171366434651E-03 -3.496984313734E+00 -6.892430205268E+05 -2.596916447991E+06 -2.568934701771E+07  8.565440802322E-04 -2.941176470588E-03   1   5
  1.013975592688E-04  4.236203516882E-05 -3.531863365571E+00 -3.021316675841E+05  1.064638195014E+05 -2.392197672055E+07 -5.534172318508E+00 -2.941176470588E-03   1 -89
  1.159825992102E-03  7.013601446125E-04 -3.531863902680E+00 -1.255466796658E+06  1.281353230911E+06 -2.603883595017E+07 -1.588829878538E+00 -2.941176470588E-03   1 -89
  3.469026198737E-04 -9.437844697785E-05 -3.531874505165E+00 -2.993734912666E+03  8.165661453543E+02 -2.323555615760E+07 -9.690219842579E+00 -2.941176470588E-03   1 -89
  4.967878971735E-04  1.796411979806E-04 -3.531882997445E+00  4.924922280908E+05 -1.279242023256E+06 -2.466206842103E+07 -7.929951943544E+00 -2.941176470588E-03   1 -89
  1.117005161879E-04  1.253630231677E-04 -3.531878396784E+00  6.443481368282E+04  1.325212809512E+05 -2.373829464292E+07 -1.058473869479E+01 -2.941176470588E-03   1 -89
  3.438799795379E-04  2.067217314834E-04 -3.531862073498E+00 -3.026677449503E+04 -2.957670865955E+03 -2.403327148837E+07 -1.091380375383E+01 -2.941176470588E-03   1 -89
 -4.422138994040E-05 -5.272057377549E-04 -3.531868240401E+00  6.777648908546E+02  8.047864973498E+03 -2.366388159000E+07 -5.336174430206E+00 -2.941176470588E-03   1 -89
 -8.207313619680E-02  4.579375083584E-02 -2.658990187906E+00 -7.706302749439E+05  5.723131780409E+05 -1.680884298245E+07 -2.692646746478E-04 -2.941176470588E-03   1   5
  4.340302612396E-05 -8.950168874542E-05 -3.531867354896E+00 -3.743348974264E+02  7.717948752276E+02 -2.323526241203E+07 -1.053337302332E+01 -2.941176470588E-03   1 -89
  4.138650202529E-04 -9.276000283817E-05 -3.531861589958E+00 -1.015607034272E+05 -4.028661265153E+05 -2.431637329556E+07 -1.094093628250E+01 -2.941176470588E-03   1 -89
 -1.674578101255E-04  2.405836362460E-04 -3.531861782397E+00 -1.233602109084E+05  2.828477668316E+05 -2.414852150538E+07 -8.914690283802E+00 -2.941176470588E-03   1 -89
  1.616326083666E-05 -1.789453459938E-04 -3.531861850824E+00 -2.513609396490E+02  2.728552223182E+03 -2.366231103147E+07 -1.025913862536E+01 -2.941176470588E-03   1 -89
 -4.430307231471E-05  1.544869571251E-04 -3.531887409479E+00 -1.399229210675E+06  6.994520891308E+05 -2.590458846455E+07 -1.070617807030E+01 -2.941176470588E-03   1 -89
  8.670875006814E-06 -2.968258544239E-04 -3.531861985463E+00 -4.867635162669E+01  1.680275718334E+03 -2.304411168271E+07 -1.136271892963E+01 -2.941176470588E-03   1 -89
 -1.872579517267E-04  4.392320267570E-05 -3.531869406268E+00  3.496509820286E+05 -3.679247811725E+05 -2.467511794496E+07 -9.990205541211E+00 -2.941176470588E-03   1 -89
  2.431764864613E-04 -1.258026261803E-04 -3.531873931693E+00 -3.738806518381E+03  1.932780354639E+03 -2.367083222872E+07 -9.992302774400E+00 -2.941176470588E-03   1 -89
  4.727604921818E-05  3.612971115306E-04 -3.531872506989E+00 -6.375490669719E+02 -5.256149325210E+03 -2.359141380812E+07 -1.087368010445E+01 -2.941176470588E-03   1 -89
 -2.998301523283E-04  1.259980629708E-03 -3.531869375636E+00  2.641049450277E+05 -5.890000742677E+05 -2.335535404845E+07 -1.817591425836E+00 -2.941176470588E-03   1 -89
  2.808220280306E-02 -2.019467407027E-01 -2.474132696857E+00  6.690855015427E+04 -1.052047132414E+06 -1.885479659718E+07 -3.793396873203E+00 -2.941176470588E-03   1 -15
  2.132896500452E-04 -2.108544607383E-04 -3.531863837140E+00  1.123463920413E+06  2.821406541519E+06 -2.529274254222E+07 -9.328011274145E+00 -2.941176470588E-03   1 -89
 -6.320277287424E-05 -3.590061918069E-04 -3.531872716215E+00  4.775441487100E+05  8.788782690655E+05 -2.429464424074E+07 -1.095206223358E+01 -2.941176470588E-03   1 -89
  2.513714041935E-04  2.925467377761E-04 -3.531884299340E+00 -2.681426456790E+03 -3.129515239447E+03 -2.336811524093E+07 -1.089486671508E+01 -2.941176470588E-03   1 -89
  3.043914840483E-04  7.380529037617E-05 -3.531880763245E+00  3.217103844393E+04  2.056701107110E+02 -2.432601169120E+07 -1.065144975434E+01 -2.941176470588E-03   1 -89
  2.507314464932E-04 -1.848127417339E-04 -3.531867722467E+00 -1.034461239532E+05  9.297058076131E+04 -2.436831964848E+07 -7.948823498471E+00 -2.941176470588E-03   1 -89
 -3.335991586808E-04 -1.099022309929E-03 -3.531871459903E+00  7.339714884903E+05  2.498396283605E+05 -2.408155163924E+07 -8.822127288955E+00 -2.941176470588E-03   1 -89
 -4.383348167292E-04 -3.106722609701E-05 -3.531882585537E+00 -1.000615952258E+05  3.551435286585E+04 -2.461477650520E+07 -1.028977416666E+01 -2.941176470588E-03   1 -89
 -1.175871608879E-04 -1.624736055455E-04 -3.531877063455E+00  3.348938529365E+05  5.048196650058E+05 -2.417811259244E+07 -1.094604780632E+01 -2.941176470588E-03   1 -89
 -3.629637668325E-04  2.415770695994E-04 -3.531880319894E+00 -8.173398567919E+05 -7.102877918471E+05 -2.456192245983E+07 -1.097680481456E+01 -2.941176470588E-03   1 -89
 -4.566173420142E-04 -2.241601635329E-04 -3.531875505477E+00 -1.069964672683E+06  2.054225189425E+06 -2.492320254578E+07  1.352226721512E-04 -2.941176470588E-03   1 -89
 -1.091248584009E-04  6.480937900434E-05 -3.531875341410E+00  1.889299197596E+05  1.353842827455E+05 -2.405949020908E+07 -5.911349937627E+00 -2.941176470588E-03   1 -89
 -5.620528410017E-04  1.636944083408E-04 -3.531863815325E+00  3.445277571228E+03 -9.999792257169E+02 -2.307433984759E+07 -1.021595819243E+01 -2.941176470588E-03   1 -89
 -4.403716345382E-04 -1.354166170911E-03 -3.531879385058E+00 -7.031940412101E+04  6.867909848348E+05 -2.588301949741E+07 -7.333306353814E+00 -2.941176470588E-03   1 -89
  8.648282894430E-05  2.731687744447E-04 -3.531882737592E+00  5.404754242302E+05  9.286590003449E+05 -2.419351619258E+07 -9.252660550789E+00 -2.941176470588E-03   1 -89
