  5.468255733760E-06 -2.160353767548E-06  3.783750326165E+00  2.641829471412E+01 -9.535783237692E+00  2.277591872707E+07  1.268825472533E+01 -2.941176470588E-03   1   5
  5.005390731782E-03  1.201580961480E-02 -3.223682678208E+00  5.569799585739E+04  7.631506976535E+04 -2.128526533373E+07  0.000000000000E+00 -2.941176470588E-03   1   3
  1.405277073379E-04  2.810684644678E-04 -3.783757721580E+00 -3.758860380890E+02 -7.471091778287E+02 -2.294740451641E+07 -9.030196617693E+00 -2.941176470588E-03   1 -90
  5.314535151086E-05  4.430488288530E-04 -3.783755399046E+00  2.202541666382E+05  2.353771646279E+05 -2.444799096607E+07 -9.178405859811E+00 -2.941176470588E-03   1 -90
 -2.132425444339E-04  2.789471326564E-04 -3.783771944642E+00  3.478411227406E+03 -4.548550680094E+03 -2.382759528172E+07 -1.216712740979E+01 -2.941176470588E-03   1 -90
  3.792281288490E-04 -5.094723321428E-04 -3.783761207270E+00 -5.378430280031E+06 -3.105854217941E+06 -2.526405448701E+07 -5.542374082053E+00 -2.941176470588E-03   1 -90
 -3.646018365992E-04 -3.672626397228E-04 -3.783754614450E+00 -7.757844892502E+04 -3.996490113819E+05 -2.493037915266E+07 -7.145103256366E+00 -2.941176470588E-03   1 -90
  3.632096425842E-04  4.089989130977E-04 -3.783767216976E+00 -2.368846349344E+06 -2.851299259738E+06 -2.714918444265E+07 -9.486760609186E+00 -2.941176470588E-03   1 -89
 -6.882932176737E-05 -7.869307975062E-04 -3.783750663941E+00 -2.814491650885E+05  7.829966147298E+05 -2.580555102678E+07 -9.830098624111E+00 -2.941176470588E-03   1 -89
  2.681445862331E-05  6.523247755063E-04 -3.783752859994E+00  3.974430362725E+06 -4.962775508612E+06 -2.456218132697E+07 -7.180071048279E+00 -2.941176470588E-03   1 -89
 -2.137217169254E-04 -1.038694759374E-04 -3.783766258418E+00  3.129403277233E+03  1.515266942636E+03 -2.371930648933E+07 -1.220261733580E+01 -2.941176470588E-03   1 -89
  3.688099035877E-04 -1.186543837503E-04 -3.783754112119E+00  4.793715893568E+05 -6.877797416913E+04 -2.457594510257E+07 -1.181480528338E+01 -2.941176470588E-03   1 -89
 -3.686339499335E-02  4.604898297638E-02 -3.283731856356E+00 -4.357126478962E+05  1.182276884587E+06 -1.907104269281E+07  2.131573441682E-03 -2.941176470588E-03   1   5
  9.520816996342E-05 -2.268930058872E-04 -3.783752918681E+00 -1.839636266410E+03  4.366310966892E+03 -2.401789184379E+07 -9.453040082917E+00 -2.941176470588E-03   1 -89
  1.829939811004E-04  1.513745407663E-03 -3.783762098834E+00  1.539951279959E+06  1.166282024254E+05 -2.427756956776E+07 -8.338217050024E+00 -2.941176470588E-03   1 -89
  6.276765520082E-04  7.876051350500E-06 -3.783755047374E+00 -2.629925735415E+06  9.883581469352E+04 -2.567897680591E+07 -1.008351730399E+01 -2.941176470588E-03   1 -89
  1.199674068667E-04  3.487695745566E-05 -3.783771931310E+00 -1.071585981077E+03 -3.120167972983E+02 -2.335206370680E+07 -1.237747633426E+01 -2.941176470588E-03   1 -89
 -1.910924094119E-04  6.552141016083E-05 -3.783757386273E+00  2.978224736206E+03 -1.018548277867E+03 -2.378102213488E+07 -1.215475916646E+01 -2.941176470588E-03   1 -89
  1.719567217843E-04  4.475992914871E-04 -3.783753388249E+00 -1.669517673000E+04  1.113542002078E+06 -2.426043734987E+07 -8.834327821682E+00 -2.941176470588E-03   1 -89
  4.075075536447E-05 -1.220663500952E-04 -3.783767138337E+00 -3.696677147914E+02  1.103215419281E+03 -2.335892679932E+07 -1.205901171085E+01 -2.941176470588E-03   1 -89
  2.242582513859E-02 -6.365521129716E-02 -3.756007572818E+00  5.794975071543E+05 -1.330162655028E+06 -2.295898248414E+07  1.085602867112E-03 -2.941176470588E-03   1   5
 -1.236739360374E-04  2.824364748207E-04 -3.783776135576E+00  2.319573376337E+03 -5.172543193999E+03 -2.395986899200E+07 -1.009514001819E+01 -2.941176470588E-03   1 -89
  2.372561021122E-04  2.460868243835E-04 -3.783759496628E+00 -4.119264692075E+05  8.263359699846E+05 -2.448537337439E+07 -9.249031086057E+00 -2.941176470588E-03   1 -89
 -8.322609545145E-04  1.029675276424E-03 -3.783761130085E+00 -1.412351807790E+05  3.004516512545E+05 -2.391884742596E+07 -8.323802495361E+00 -2.941176470588E-03   1 -89
  3.602697247309E-04 -1.179571754178E-04 -3.783759766990E+00 -5.764404924767E+04  3.689127404877E+04 -2.404944229092E+07 -6.746559654624E+00 -2.941176470588E-03   1 -89
  6.088155883658E-02  9.052962470201E-03 -3.458918817741E+00  4.861677988015E+06 -6.111321260133E+05 -1.775705234970E+07 -7.912265657879E+00 -2.941176470588E-03   1 -15
  4.488798988680E-04  9.458839666628E-04 -3.783763387919E+00 -7.990617382200E+05 -5.191123421281E+05 -2.591117000629E+07 -8.702216156724E+00 -2.941176470588E-03   1 -89
 -3.068671704445E-04  2.341609643542E-04 -3.783762810248E+00  4.325377217881E+03 -3.311439772870E+03 -2.368650184464E+07 -1.053832719650E+01 -2.941176470588E-03   1 -89
  4.502067276235E-04 -3.141195729608E-05 -3.783751654437E+00 -1.735975641256E+05 -7.446217240221E+05 -2.453721430882E+07 -9.834401519399E+00 -2.941176470588E-03   1 -89
  5.644912461587E-04  8.021742144063E-04 -3.783758586498E+00 -1.407481313341E+06 -5.025354654679E+04 -2.543677032920E+07 -1.143110157399E+01 -2.941176470588E-03   1 -89
  3.021136140122E-04 -2.356741872330E-04 -3.783755093399E+00  5.433731457986E+05  2.016462024930E+05 -2.478681025329E+07 -1.052229861005E+01 -2.941176470588E-03   1 -89
 -5.337457026119E-04 -6.736975765175E-04 -3.783759070989E+00 -5.575636539379E+05 -6.161882087918E+05 -2.500724031613E+07 -5.549266229827E+00 -2.941176470588E-03   1 -89
  5.239704424518E-04  4.966994852321E-04 -3.783756527327E+00 -3.291319272793E+05 -1.886166153632E+06 -2.523381406099E+07 -1.104587824605E+01 -2.941176470588E-03   1 -89
  3.450557576551E-04 -1.700960030356E-04 -3.783753662912E+00 -4.505715410861E+03  3.920912099646E+03 -2.371025869098E+07 -3.055761612047E+00 -2.941176470588E-03   1 -89
 -1.357810897234E-04  3.503979726610E-04 -3.783754217104E+00  4.668800865312E+03  3.499418168551E+03 -2.381278044418E+07 -7.927996879209E+00 -2.941176470588E-03   1 -89
  1.331308145037E-04 -3.300454823921E-04 -3.783767013151E+00 -7.077485724006E+02  3.730329887870E+03 -2.383681254796E+07 -1.040789446721E+01 -2.941176470588E-03   1 -89
 -1.871473819495E-05 -4.258869691371E-04 -3.783770124512E+00 -1.804725913162E+05  1.070018255480E+06 -2.454095105232E+07 -1.181383536575E+01 -2.941176470588E-03   1 -89
 -3.386792951771E-05  6.928340191945E-05 -3.783765000516E+00 -1.386603625479E+05 -1.344816802330E+05 -2.431364328465E+07 -1.106993654126E+01 -2.941176470588E-03   1 -89
  4.242778828197E-04  1.610228471207E-04 -3.783758285541E+00 -1.599787543193E+04 -5.452003082780E+04 -2.584462840921E+07 -7.067672444942E+00 -2.941176470588E-03   1 -89
 -1.551832156934E-04  1.566860616313E-04 -3.783763798040E+00  1.397317917274E+05 -9.786831549550E+05 -2.447005053432E+07 -7.410833726804E+00 -2.941176470588E-03   1 -89
  3.680469912981E-04  9.936979570032E-05 -3.783758917542E+00 -5.607058245861E+03 -1.515571684196E+03 -2.375885724081E+07 -1.116456012782E+01 -2.941176470588E-03   1 -89
 -9.607947736922E-05 -5.542008606699E-03 -3.783774651300E+00  1.053041303961E+05  5.146154737183E+05 -2.601828973797E+07 -5.257192180917E+00 -2.941176470588E-03   1 -89
 -2.921180455225E-04 -2.250054592346E-04 -3.783768415770E+00  4.736109256771E+03  3.660270151928E+03 -2.382265098239E+07 -1.041965105105E+01 -2.941176470588E-03   1 -89
  3.455503480990E-04  1.880790885515E-04 -3.783750963013E+00  9.434698647926E+04 -8.572135119318E+05 -2.439895361870E+07 -1.078057673432E+01 -2.941176470588E-03   1 -89
  1.560414660253E-04 -3.130189430282E-04 -3.783770940655E+00 -2.965069517020E+03  5.936594134114E+03 -2.399932433288E+07 -1.214972820982E+01 -2.941176470588E-03   1 -89
  6.382724297595E-04  5.899638698763E-04 -3.783762969426E+00  3.535005648727E+04  2.668980930252E+04 -2.391615032706E+07 -1.127825551682E+01 -2.941176470588E-03   1 -89
  5.536762940597E-05  3.860054643871E-04 -3.783761879103E+00 -9.379950153424E+02 -6.583135377071E+03 -2.387614490946E+07 -1.181433097542E+01 -2.941176470588E-03   1 -89
 -2.232512735979E-05  3.850916693639E-04 -3.783763732347E+00 -1.277841459005E+06  1.043887717292E+06 -2.695074811487E+07 -8.787469410543E+00 -2.941176470588E-03   1 -89
 -7.398695072002E-05  3.824978123143E-04 -3.783759538431E+00  9.909780342548E+02 -5.113915879473E+03 -2.363833868863E+07 -1.016626477087E+01 -2.941176470588E-03   1 -89
  5.475669706079E-04  3.718945811911E-03 -3.750610308553E+00 -5.321409916868E+05 -1.269405600548E+05 -2.256129061471E+07 -6.756168683690E-04 -2.941176470588E-03   1   5
  1.946067657156E-04  4.339903343438E-04 -3.783762060458E+00 -7.619904291985E+05 -2.996167167162E+06 -2.451377686998E+07 -1.038357167392E+01 -2.941176470588E-03   1 -89
