 -1.819054945830E-06 -1.591591685682E-06  2.673650587719E+00  2.254719960652E+00  1.071178949050E+00  1.786272241154E+07  8.977412662329E+00 -2.941176470588E-03   1   5
 -1.481740879990E-04  4.054779154557E-05 -2.673650826383E+00  3.592383663069E+06 -2.699518854816E+06 -2.278517416454E+07 -5.010323078938E+00 -2.941176470588E-03   1 -90
  1.428504970701E-04  2.941952065979E-05 -2.673657588866E+00 -2.305180332931E+06  1.413200398226E+06 -1.938240116726E+07 -6.743799759358E+00 -2.941176470588E-03   1 -90
  1.185913080283E-04  3.327844238373E-04 -2.673665136239E+00 -2.525864402923E+03 -7.101001119948E+03 -1.923816024050E+07 -8.110635296579E+00 -2.941176470588E-03   1 -90
 -3.253658837932E-04 -1.262608245431E-04 -2.673665074365E+00  4.424979330817E+03  1.715019326302E+03 -1.873943780357E+07 -7.141077214055E+00 -2.941176470588E-03   1 -90
  3.254050168685E-04  2.951745843962E-04 -2.673659080179E+00 -4.824257998957E+03 -4.373127076429E+03 -1.881892717542E+07 -7.471482518510E+00 -2.941176470588E-03   1 -90
 -2.968956690202E-04  3.215264952348E-04 -2.673672673268E+00  4.495013372890E+03 -4.867608436099E+03 -1.883908430025E+07 -7.464201385285E+00 -2.941176470588E-03   1 -90
 -3.742884167007E-04  2.844761522895E-04 -2.673675343948E+00  6.012591986938E+05 -5.039764040142E+05 -2.012171496034E+07 -8.096453993510E+00 -2.941176470588E-03   1 -89
 -6.570061942759E-05 -4.454321104750E-04 -2.673659670678E+00  1.023552793593E+06 -4.813519919250E+05 -1.982221454255E+07 -6.733207119958E+00 -2.941176470588E-03   1 -89
 -3.919982782930E-04 -8.044789408752E-05 -2.673668506160E+00  3.162195838489E+03  6.445531693463E+02 -1.838284714626E+07 -7.499602535297E+00 -2.941176470588E-03   1 -89
  3.523623506408E-04  1.423372135657E-04 -2.673653522391E+00 -7.001294573045E+05 -7.591003952948E+05 -1.800105176049E+07 -6.961293269376E+00 -2.941176470588E-03   1 -89
 -3.039676038884E-04 -1.691558744635E-04 -2.673662836528E+00  5.078941039187E+03  2.819335847904E+03 -1.893964441453E+07 -6.481669266487E+00 -2.941176470588E-03   1 -89
 -2.415287562610E-04 -1.739926554075E-04 -2.673667457052E+00  4.360946416732E+03  2.905483296844E+03 -1.894741063159E+07 -7.704754492935E+00 -2.941176470588E-03   1 -89
  3.048976180751E-04  1.264579163628E-04 -2.673665407801E+00 -6.096079371837E+03 -2.541757507251E+03 -1.915272350874E+07 -6.398803485398E+00 -2.941176470588E-03   1 -89
  1.317011162973E-04  8.591345011402E-06 -2.673676016062E+00 -1.789098537903E+03 -1.196694601444E+02 -1.873891591745E+07 -6.697723419484E+00 -2.941176470588E-03   1 -89
 -7.309927873940E-04 -1.442310125255E-04 -2.673662423667E+00 -8.506353349334E+04  1.119512005374E+05 -1.955139370023E+07 -7.300310309860E+00 -2.941176470588E-03   1 -89
  7.195366372923E-04 -2.365614074843E-04 -2.673667268374E+00 -4.398295560405E+05 -1.159352776450E+05 -1.910032224619E+07 -7.615308948768E+00 -2.941176470588E-03   1 -89
 -1.447108844122E-04  1.525754582103E-04 -2.673653566016E+00  1.430114510803E+04  3.071744653634E+04 -1.917623791648E+07 -8.675349855833E+00 -2.941176470588E-03   1 -89
  7.028117742136E-05 -4.640512527678E-04 -2.673675754723E+00 -3.413599484698E+04  4.500129236810E+04 -1.907489402111E+07 -8.091106174034E+00 -2.941176470588E-03   1 -89
  1.468524794839E-04  4.893847004543E-04 -2.673675738016E+00 -8.155500588143E+04  7.073425980487E+05 -2.020122565572E+07 -5.767710275326E+00 -2.941176470588E-03   1 -89
 -2.795274504358E-04  5.667720574102E-04 -2.673662847362E+00 -6.149913134997E+05 -3.575297331579E+06 -1.980811833641E+07 -6.480277261413E+00 -2.941176470588E-03   1 -89
  1.525404078872E-04 -3.645367400930E-04 -2.673663562912E+00 -4.161557807490E+03  9.050998003250E+03 -1.946580979461E+07 -6.405977295212E+00 -2.941176470588E-03   1 -89
 -3.937808700045E-04 -7.007494716999E-05 -2.673670037104E+00  7.956436272265E+03  1.430538579271E+03 -1.916597891943E+07 -7.408816924539E+00 -2.941176470588E-03   1 -89
  2.960553316587E-04 -2.713476893047E-04 -2.673675910333E+00 -4.462527774888E+03  2.962176693173E+03 -1.885215796438E+07 -8.000559260431E+00 -2.941176470588E-03   1 -89
 -5.473473886782E-04 -4.414805471687E-04 -2.673656740481E+00  1.005550539263E+04  8.141646081386E+03 -1.904990129782E+07 -7.400077057060E+00 -2.941176470588E-03   1 -89
  2.728047553615E-04 -5.040877593569E-04 -2.673655995241E+00 -1.455549596491E+06  8.902449904529E+05 -1.846584523107E+07 -2.824214886963E+00 -2.941176470588E-03   1 -89
  2.960829567116E-04 -1.828398961281E-04 -2.673678949087E+00  1.431825975297E+05 -1.186506003895E+05 -1.964403890866E+07 -2.730364303991E+00 -2.941176470588E-03   1 -89
  2.272807216898E-01  1.406840698228E-01 -7.848260264406E-01  1.476397446709E+06  9.174442708597E+05 -7.551254370021E+06  1.225576285387E-03 -2.941176470588E-03   1   5
 -1.655555138517E-04 -3.139217108722E-04 -2.673665631649E+00  1.544216765204E+03  2.935630613809E+03 -1.846540086204E+07 -6.011050703553E+00 -2.941176470588E-03   1 -89
 -1.240810302292E-04 -4.889509667211E-04 -2.673660634931E+00  1.785036872211E+03  7.096884712928E+03 -1.879873737278E+07 -3.720833357653E+00 -2.941176470588E-03   1 -89
  3.306306973451E-04  1.444292873430E-04 -2.673654423034E+00 -6.347037239703E+03 -2.781440173109E+03 -1.910162064687E+07 -6.430750669504E+00 -2.941176470588E-03   1 -89
  1.212788566038E-04  1.534007907075E-04 -2.605318222891E+00  5.260502842717E+04  1.336415923095E+06 -1.776683617930E+07  1.431395329222E-03 -2.941176470588E-03   1   5
 -6.868122131208E-05 -2.451238005423E-04 -2.673678738310E+00 -3.611055496093E+05 -3.727719364766E+05 -1.990662556501E+07 -5.090286992011E+00 -2.941176470588E-03   1 -89
 -8.082220287152E-05  3.240258212315E-04 -2.673653285801E+00  7.965368180506E+02 -3.206376952935E+03 -1.850086529631E+07 -7.824895672998E+00 -2.941176470588E-03   1 -89
 -4.431338022787E-04 -2.244428877264E-04 -2.673653476477E+00  6.056843004642E+03  3.084416202756E+03 -1.874513527547E+07 -5.681916628364E+00 -2.941176470588E-03   1 -89
  2.244319837894E-04 -1.354387540794E-04 -2.673657865698E+00 -9.572304736726E+04  2.086125784297E+06 -1.891015388400E+07 -5.039693865430E+00 -2.941176470588E-03   1 -89
  1.245695464445E-04 -6.269669849269E-05 -2.673660191177E+00 -1.514145289949E+06 -2.540714355702E+06 -1.954610102710E+07 -7.117291031068E+00 -2.941176470588E-03   1 -89
 -3.782605806429E-04 -1.886421401207E-04 -2.673666621814E+00  2.442415818182E+03  1.208956655948E+03 -1.827856223202E+07 -7.538097757238E+00 -2.941176470588E-03   1 -89
  1.764545096364E-04 -4.513035723788E-04 -2.673672878818E+00 -3.645031947580E+03  1.148078160624E+04 -1.951621014910E+07 -6.450260686906E+00 -2.941176470588E-03   1 -89
  1.524334702167E-01 -5.740107792327E-02 -1.615934481192E+00  6.219524880377E+05 -2.890664370689E+05 -1.484107794918E+07 -2.552927795011E+00 -2.941176470588E-03   1 -15
  7.510480614890E-04 -2.639905701353E-04 -2.673658757813E+00 -5.891105192330E+05  1.299366800627E+05 -2.097255698380E+07 -7.423980296883E+00 -2.941176470588E-03   1 -89
  7.239757779643E-04 -7.189945800431E-04 -2.639425794250E+00  1.544816119028E+03 -3.444625181897E+06 -1.958794747262E+07 -2.695883188082E-04 -2.941176470588E-03   1   5
 -1.182431103608E-04  2.029874444766E-04 -2.673665032119E+00  1.034528040035E+03 -1.780024165914E+03 -1.842784084244E+07 -7.159485939519E+00 -2.941176470588E-03   1 -89
  5.596860991250E-05 -1.096135119511E-03 -2.673677189125E+00  2.796240996406E+05 -1.230412024256E+06 -2.060366900622E+07 -1.061426420152E+00 -2.941176470588E-03   1 -89
 -1.881816066572E-04  2.075401978563E-04 -2.673664143864E+00  2.736336210838E+03 -3.016145153464E+03 -1.879989472870E+07 -6.459249331638E+00 -2.941176470588E-03   1 -89
 -3.665099404303E-04 -4.480433328566E-04 -2.673658642922E+00  2.589317241650E+05  2.292060599134E+05 -2.138896261642E+07 -5.050709731959E+00 -2.941176470588E-03   1 -89
  6.665059631342E-06 -3.806408624296E-04 -2.673654321026E+00 -2.852643346418E+02  5.009203088590E+03 -1.873101526481E+07 -5.525886806590E+00 -2.941176470588E-03   1 -89
 -2.518218115220E-04 -1.864065284918E-04 -2.673668598237E+00  3.222537691095E+03  2.388786569016E+03 -1.868830302471E+07 -8.455457974865E+00 -2.941176470588E-03   1 -89
  3.129952599452E-04  4.384175224786E-06 -2.673668773376E+00  7.265829076739E+05 -1.249476581943E+06 -1.982592298997E+07 -5.781488752166E+00 -2.941176470588E-03   1 -89
  2.646744271394E-04 -3.119867144692E-04 -2.673654493176E+00 -4.096476893853E+03  4.508808730801E+03 -1.886882405539E+07 -8.026781455866E+00 -2.941176470588E-03   1 -89
 -2.927556553141E-04 -3.293240013129E-04 -2.673652170853E+00  5.489458502410E+03  6.187301396944E+03 -1.907354632031E+07 -7.437980740949E+00 -2.941176470588E-03   1 -89
