  5.271730064087E-06 -2.089417084960E-06  3.614320288055E+00  2.641829471412E+01 -9.535783237692E+00  2.277591872707E+07  1.212295472533E+01 -2.941176470588E-03   1   5
  2.624612570575E-04  4.028855877736E-03 -3.214326400093E+00  1.858022031449E+04  6.377179436585E+04 -2.128375193702E+07  0.000000000000E+00 -2.941176470588E-03   1   3
  1.405277073379E-04  2.810684644678E-04 -3.614327683470E+00 -3.758860380890E+02 -7.471091778287E+02 -2.294740451641E+07 -8.464896617694E+00 -2.941176470588E-03   1 -90
  5.314535151086E-05  4.430488288530E-04 -3.614325360936E+00  2.202541666382E+05  2.353771646279E+05 -2.444799096607E+07 -8.613105859813E+00 -2.941176470588E-03   1 -90
 -2.132425444339E-04  2.789471326564E-04 -3.614341906532E+00  3.478411227406E+03 -4.548550680094E+03 -2.382759528172E+07 -1.160182740979E+01 -2.941176470588E-03   1 -90
  3.792281288490E-04 -5.094723321428E-04 -3.614331169160E+00 -5.378430280031E+06 -3.105854217941E+06 -2.526405448701E+07 -4.977074082055E+00 -2.941176470588E-03   1 -90
 -3.646018365992E-04 -3.672626397228E-04 -3.614324576340E+00 -7.757844892502E+04 -3.996490113819E+05 -2.493037915266E+07 -6.579803256367E+00 -2.941176470588E-03   1 -90
  3.632096425842E-04  4.089989130977E-04 -3.614337178866E+00 -2.368846349344E+06 -2.851299259738E+06 -2.714918444265E+07 -8.921460609187E+00 -2.941176470588E-03   1 -89
 -6.882932176737E-05 -7.869307975062E-04 -3.614320625831E+00 -2.814491650885E+05  7.829966147298E+05 -2.580555102678E+07 -9.264798624112E+00 -2.941176470588E-03   1 -89
  2.681445862331E-05  6.523247755063E-04 -3.614322821884E+00  3.974430362725E+06 -4.962775508612E+06 -2.456218132697E+07 -6.614771048281E+00 -2.941176470588E-03   1 -89
 -2.137217169254E-04 -1.038694759374E-04 -3.614336220308E+00  3.129403277233E+03  1.515266942636E+03 -2.371930648933E+07 -1.163731733580E+01 -2.941176470588E-03   1 -89
  3.688099035877E-04 -1.186543837503E-04 -3.614324074008E+00  4.793715893568E+05 -6.877797416913E+04 -2.457594510257E+07 -1.124950528338E+01 -2.941176470588E-03   1 -89
 -1.503480601986E-02  7.093174832343E-03 -3.275900295511E+00 -5.381482251479E+05  2.670900755474E+05 -1.890903497501E+07  2.131573441682E-03 -2.941176470588E-03   1   5
  9.520816996342E-05 -2.268930058872E-04 -3.614322880571E+00 -1.839636266410E+03  4.366310966892E+03 -2.401789184379E+07 -8.887740082919E+00 -2.941176470588E-03   1 -89
  1.829939811004E-04  1.513745407663E-03 -3.614332060723E+00  1.539951279959E+06  1.166282024254E+05 -2.427756956776E+07 -7.772917050025E+00 -2.941176470588E-03   1 -89
  6.276765520082E-04  7.876051350500E-06 -3.614325009264E+00 -2.629925735415E+06  9.883581469352E+04 -2.567897680591E+07 -9.518217303988E+00 -2.941176470588E-03   1 -89
  1.199674068667E-04  3.487695745566E-05 -3.614341893199E+00 -1.071585981077E+03 -3.120167972983E+02 -2.335206370680E+07 -1.181217633427E+01 -2.941176470588E-03   1 -89
 -1.910924094119E-04  6.552141016083E-05 -3.614327348163E+00  2.978224736206E+03 -1.018548277867E+03 -2.378102213488E+07 -1.158945916646E+01 -2.941176470588E-03   1 -89
  1.719567217843E-04  4.475992914871E-04 -3.614323350138E+00 -1.669517673000E+04  1.113542002078E+06 -2.426043734987E+07 -8.269027821683E+00 -2.941176470588E-03   1 -89
  4.075075536447E-05 -1.220663500952E-04 -3.614337100226E+00 -3.696677147914E+02  1.103215419281E+03 -2.335892679932E+07 -1.149371171085E+01 -2.941176470588E-03   1 -89
 -2.083260943498E-02 -1.686184374997E-02 -3.581785454562E+00  2.283227866186E+06  1.339123347589E+06 -2.061148748232E+07  1.085602867112E-03 -2.941176470588E-03   1   5
 -1.236739360374E-04  2.824364748207E-04 -3.614346097466E+00  2.319573376337E+03 -5.172543193999E+03 -2.395986899200E+07 -9.529840018190E+00 -2.941176470588E-03   1 -89
  2.372561021122E-04  2.460868243835E-04 -3.614329458518E+00 -4.119264692075E+05  8.263359699846E+05 -2.448537337439E+07 -8.683731086058E+00 -2.941176470588E-03   1 -89
 -8.322609545145E-04  1.029675276424E-03 -3.614331091975E+00 -1.412351807790E+05  3.004516512545E+05 -2.391884742596E+07 -7.758502495363E+00 -2.941176470588E-03   1 -89
  3.602697247309E-04 -1.179571754178E-04 -3.614329728879E+00 -5.764404924767E+04  3.689127404877E+04 -2.404944229092E+07 -6.181259654625E+00 -2.941176470588E-03   1 -89
  6.088155883658E-02  9.052962470201E-03 -3.289488779631E+00  4.861677988015E+06 -6.111321260133E+05 -1.775705234970E+07 -7.346965657880E+00 -2.941176470588E-03   1 -15
  4.488798988680E-04  9.458839666628E-04 -3.614333349809E+00 -7.990617382200E+05 -5.191123421281E+05 -2.591117000629E+07 -8.136916156726E+00 -2.941176470588E-03   1 -89
 -3.068671704445E-04  2.341609643542E-04 -3.614332772138E+00  4.325377217881E+03 -3.311439772870E+03 -2.368650184464E+07 -9.973027196505E+00 -2.941176470588E-03   1 -89
  4.502067276235E-04 -3.141195729608E-05 -3.614321616326E+00 -1.735975641256E+05 -7.446217240221E+05 -2.453721430882E+07 -9.269101519400E+00 -2.941176470588E-03   1 -89
  5.644912461587E-04  8.021742144063E-04 -3.614328548387E+00 -1.407481313341E+06 -5.025354654679E+04 -2.543677032920E+07 -1.086580157399E+01 -2.941176470588E-03   1 -89
  3.021136140122E-04 -2.356741872330E-04 -3.614325055289E+00  5.433731457986E+05  2.016462024930E+05 -2.478681025329E+07 -9.956998610052E+00 -2.941176470588E-03   1 -89
 -5.337457026119E-04 -6.736975765175E-04 -3.614329032879E+00 -5.575636539379E+05 -6.161882087918E+05 -2.500724031613E+07 -4.983966229829E+00 -2.941176470588E-03   1 -89
  5.239704424518E-04  4.966994852321E-04 -3.614326489217E+00 -3.291319272793E+05 -1.886166153632E+06 -2.523381406099E+07 -1.048057824605E+01 -2.941176470588E-03   1 -89
  3.450557576551E-04 -1.700960030356E-04 -3.614323624802E+00 -4.505715410861E+03  3.920912099646E+03 -2.371025869098E+07 -2.490461612048E+00 -2.941176470588E-03   1 -89
 -1.357810897234E-04  3.503979726610E-04 -3.614324178993E+00  4.668800865312E+03  3.499418168551E+03 -2.381278044418E+07 -7.362696879210E+00 -2.941176470588E-03   1 -89
  1.331308145037E-04 -3.300454823921E-04 -3.614336975041E+00 -7.077485724006E+02  3.730329887870E+03 -2.383681254796E+07 -9.842594467215E+00 -2.941176470588E-03   1 -89
 -1.871473819495E-05 -4.258869691371E-04 -3.614340086402E+00 -1.804725913162E+05  1.070018255480E+06 -2.454095105232E+07 -1.124853536575E+01 -2.941176470588E-03   1 -89
 -3.386792951771E-05  6.928340191945E-05 -3.614334962405E+00 -1.386603625479E+05 -1.344816802330E+05 -2.431364328465E+07 -1.050463654126E+01 -2.941176470588E-03   1 -89
  4.242778828197E-04  1.610228471207E-04 -3.614328247431E+00 -1.599787543193E+04 -5.452003082780E+04 -2.584462840921E+07 -6.502372444944E+00 -2.941176470588E-03   1 -89
 -1.551832156934E-04  1.566860616313E-04 -3.614333759930E+00  1.397317917274E+05 -9.786831549550E+05 -2.447005053432E+07 -6.845533726805E+00 -2.941176470588E-03   1 -89
  3.680469912981E-04  9.936979570032E-05 -3.614328879432E+00 -5.607058245861E+03 -1.515571684196E+03 -2.375885724081E+07 -1.059926012782E+01 -2.941176470588E-03   1 -89
 -9.607947736922E-05 -5.542008606699E-03 -3.614344613189E+00  1.053041303961E+05  5.146154737183E+05 -2.601828973797E+07 -4.691892180918E+00 -2.941176470588E-03   1 -89
 -2.921180455225E-04 -2.250054592346E-04 -3.614338377659E+00  4.736109256771E+03  3.660270151928E+03 -2.382265098239E+07 -9.854351051055E+00 -2.941176470588E-03   1 -89
  3.455503480990E-04  1.880790885515E-04 -3.614320924903E+00  9.434698647926E+04 -8.572135119318E+05 -2.439895361870E+07 -1.021527673432E+01 -2.941176470588E-03   1 -89
  1.560414660253E-04 -3.130189430282E-04 -3.614340902544E+00 -2.965069517020E+03  5.936594134114E+03 -2.399932433288E+07 -1.158442820982E+01 -2.941176470588E-03   1 -89
  6.382724297595E-04  5.899638698763E-04 -3.614332931316E+00  3.535005648727E+04  2.668980930252E+04 -2.391615032706E+07 -1.071295551682E+01 -2.941176470588E-03   1 -89
  5.536762940597E-05  3.860054643871E-04 -3.614331840992E+00 -9.379950153424E+02 -6.583135377071E+03 -2.387614490946E+07 -1.124903097542E+01 -2.941176470588E-03   1 -89
 -2.232512735979E-05  3.850916693639E-04 -3.614333694237E+00 -1.277841459005E+06  1.043887717292E+06 -2.695074811487E+07 -8.222169410544E+00 -2.941176470588E-03   1 -89
 -7.398695072002E-05  3.824978123143E-04 -3.614329500321E+00  9.909780342548E+02 -5.113915879473E+03 -2.363833868863E+07 -9.600964770868E+00 -2.941176470588E-03   1 -89
  2.930275224458E-03 -2.394309406662E-03 -3.581541862137E+00 -1.808815189178E+05 -4.877519131730E+05 -2.243944041128E+07 -6.756168683690E-04 -2.941176470588E-03   1   5
  1.946067657156E-04  4.339903343438E-04 -3.614332022348E+00 -7.619904291985E+05 -2.996167167162E+06 -2.451377686998E+07 -9.818271673924E+00 -2.941176470588E-03   1 -89
