  3.1264E-03  2.6752E-02  1.9889E-01  2.1843E-01  1.6972E+01  2.3729E-01  1.6937E+01
  6.3249E-03  4.0652E-02  3.9219E-01  2.7322E-01  2.1580E+01  4.2107E-01  2.1525E+01
  9.5530E-03  5.3252E-02  5.6032E-01  3.0051E-01  2.3028E+01  5.5100E-01  2.2955E+01
  1.2766E-02  6.5252E-02  6.8933E-01  3.1702E-01  2.2900E+01  6.4645E-01  2.2809E+01
  1.5964E-02  7.6952E-02  7.7484E-01  3.2863E-01  2.2053E+01  7.2140E-01  2.1943E+01
  1.9193E-02  8.8652E-02  8.2035E-01  3.3792E-01  2.1124E+01  7.8357E-01  2.0996E+01
  2.2377E-02  1.0015E-01  8.3527E-01  3.4587E-01  2.0677E+01  8.3692E-01  2.0535E+01
  2.5589E-02  1.1175E-01  8.3660E-01  3.5298E-01  2.1065E+01  8.9319E-01  2.0912E+01
  2.8811E-02  1.2345E-01  8.4347E-01  3.5678E-01  2.2388E+01  1.0426E+00  2.2197E+01
  3.2026E-02  1.3595E-01  8.7292E-01  3.5063E-01  2.3463E+01  3.6321E+00  2.1052E+01
  3.5223E-02  1.1886E+00  1.2738E+00  5.1304E+01  9.5291E+02  4.3564E+04  4.3246E+02
  3.9241E-02  1.3191E+00  2.3252E+00  6.0153E+01  1.6280E+03  9.6141E+04  3.0968E+02
  4.2564E-02  1.5537E+00  2.0643E+00  7.6558E+01  1.1365E+03  8.2622E+04  3.5632E+02
  4.5719E-02  1.6846E+00  2.0282E+00  8.6132E+01  1.2826E+03  1.0504E+05  3.9723E+02
  4.8203E-02  1.7169E+00  2.0270E+00  8.9063E+01  1.4540E+03  1.2465E+05  3.9416E+02
  5.1275E-02  2.0950E+00  2.1573E+00  1.1516E+02  1.5989E+03  1.7872E+05  3.8506E+02
  5.4487E-02  2.2151E+00  2.0188E+00  1.2182E+02  1.6070E+03  1.8990E+05  3.9002E+02
  5.9153E-02  2.2906E+00  2.0132E+00  1.3102E+02  1.6432E+03  2.0614E+05  4.7414E+02
  6.2098E-02  2.5085E+00  1.9561E+00  1.4788E+02  1.6972E+03  2.4013E+05  4.9371E+02
  6.6727E-02  2.5612E+00  2.0204E+00  1.5788E+02  1.7669E+03  2.6765E+05  4.9779E+02
  6.9403E-02  2.6383E+00  2.1742E+00  1.6695E+02  1.7813E+03  2.8670E+05  4.7349E+02
  7.0543E-02  2.6867E+00  2.0302E+00  1.7002E+02  1.8773E+03  3.0676E+05  5.1857E+02
  7.5267E-02  2.8487E+00  2.4352E+00  1.9110E+02  2.0199E+03  3.7926E+05  3.7566E+02
  7.9940E-02  2.8590E+00  2.4399E+00  1.9687E+02  2.1091E+03  4.0819E+05  3.8603E+02
  8.5443E-02  2.8902E+00  2.4689E+00  2.0471E+02  2.0536E+03  4.1166E+05  4.1619E+02
  8.6595E-02  3.0427E+00  2.3155E+00  2.1660E+02  2.0498E+03  4.3221E+05  4.6887E+02
  8.9812E-02  3.1028E+00  2.3249E+00  2.2046E+02  1.9734E+03  4.2320E+05  4.5767E+02
  9.3020E-02  3.3917E+00  2.4476E+00  2.4275E+02  2.2468E+03  5.3547E+05  4.2692E+02
  9.6228E-02  3.4443E+00  2.5131E+00  2.4603E+02  2.3828E+03  5.7810E+05  3.9591E+02
  9.9439E-02  3.4999E+00  2.3809E+00  2.4964E+02  2.1776E+03  5.3293E+05  4.2961E+02
  1.0265E-01  3.6601E+00  2.1582E+00  2.6227E+02  1.7209E+03  4.3075E+05  5.1380E+02
  1.0586E-01  3.7283E+00  2.6189E+00  2.6717E+02  2.1569E+03  5.6671E+05  3.9125E+02
  1.0907E-01  3.7792E+00  2.7753E+00  2.7067E+02  2.4536E+03  6.5774E+05  3.3942E+02
  1.1229E-01  3.8527E+00  2.3210E+00  2.7624E+02  1.9031E+03  5.0792E+05  4.9074E+02
  1.1549E-01  3.9484E+00  2.1302E+00  2.8390E+02  1.6528E+03  4.4263E+05  5.4882E+02
  1.1871E-01  4.0285E+00  2.2419E+00  2.9033E+02  1.6297E+03  4.4877E+05  5.1627E+02
  1.2762E-01  4.0394E+00  2.2584E+00  2.9963E+02  1.7517E+03  4.9939E+05  5.3903E+02
  1.2834E-01  4.0616E+00  2.4656E+00  3.0154E+02  1.9591E+03  5.7365E+05  4.6797E+02
  1.3155E-01  4.1545E+00  2.4527E+00  3.0951E+02  2.0806E+03  6.2682E+05  4.7705E+02
  1.3476E-01  4.2445E+00  2.4062E+00  3.1729E+02  1.8329E+03  5.5223E+05  5.7479E+02
  1.3797E-01  4.3533E+00  2.0401E+00  3.2709E+02  1.6959E+03  4.8862E+05  8.0289E+02
