 -5.088321230404E-06  5.791330360976E-06  2.809335595973E+00  3.657845966416E+00 -5.875042739884E+00  1.871766336462E+07  9.438066096529E+00 -2.941176470588E-03   1   5
 -5.068699893579E-06  1.613981078966E-04 -2.809350521839E+00 -4.037490993471E+05 -2.807918995899E+05 -2.133910881684E+07 -5.965394285442E+00 -2.941176470588E-03   1 -90
 -1.274099295472E-04 -1.263576443476E-04 -2.809340537775E+00  3.443508444923E+03  2.685420800419E+03 -1.965964223103E+07 -7.494862745210E+00 -2.941176470588E-03   1 -90
 -2.221933103434E-04 -2.368979125504E-04 -2.809348155347E+00 -8.531075125560E+03 -1.363699912208E+03 -2.017256934386E+07 -6.174264398640E+00 -2.941176470588E-03   1 -90
 -2.073569757584E-04  1.279601806964E-04 -2.809349337939E+00  3.940430910486E+03 -2.425041495201E+03 -1.994286173585E+07 -5.214111123371E+00 -2.941176470588E-03   1 -90
 -5.591232720199E-04  8.632081289275E-04 -2.809345784387E+00  1.724120171769E+06  3.916619639980E+05 -2.126469832186E+07 -1.473297877919E+00 -2.941176470588E-03   1 -90
 -2.104024836721E-04  3.192868508536E-04 -2.809351503903E+00  3.637134994218E+03 -5.507857380149E+03 -1.983058837378E+07 -4.559756241622E+00 -2.941176470588E-03   1 -90
 -2.123533700482E-04  1.201235946014E-04 -2.809340535571E+00 -1.271401815956E+04 -2.279976295055E+04 -2.030098918102E+07 -7.230827177599E+00 -2.941176470588E-03   1 -89
 -1.615580326019E-04  4.126363585602E-04 -2.809352013517E+00  1.010326113650E+03 -2.456664750580E+04 -2.013834374138E+07 -8.176966612257E+00 -2.941176470588E-03   1 -89
  1.997055485814E-04  9.624197204155E-05 -2.809344929417E+00 -2.021910056225E+03 -9.729188725737E+02 -1.937065092054E+07 -9.108383012451E+00 -2.941176470588E-03   1 -89
 -1.877934190101E-04  6.669873996815E-04 -2.809350476102E+00  2.383799363169E+06  4.214826932477E+05 -2.110074614861E+07 -4.227508848531E+00 -2.941176470588E-03   1 -89
 -4.753125410699E-04 -3.557804828091E-04 -2.809340594491E+00  1.162332101230E+06  3.834974529852E+06 -2.172360221299E+07 -5.840151106545E+00 -2.941176470588E-03   1 -89
  1.720816178608E-04 -3.460970619295E-04 -2.809339313531E+00 -1.933675167399E+03  3.890645127587E+03 -1.944278331556E+07 -7.930601140297E+00 -2.941176470588E-03   1 -89
 -5.054359858880E-04  1.195708838386E-04 -2.809347704418E+00 -3.538371811188E+03  1.415983942935E+04 -2.055564638795E+07 -7.542356888166E+00 -2.941176470588E-03   1 -89
  2.993459309720E-04  2.498147807931E-04 -2.809355854419E+00 -5.800189157700E+03 -4.855292946633E+03 -1.996888471862E+07 -2.531888708415E+00 -2.941176470588E-03   1 -89
  1.481182178647E-04 -7.096713591424E-05 -2.809348961121E+00  4.837925782698E+04  5.887260984525E+04 -1.989613313519E+07 -9.140531894455E+00 -2.941176470588E-03   1 -89
 -3.404754636805E-02  8.565463359046E-02 -4.985327386379E-01 -5.644167605426E+03  6.184169097441E+04 -2.274197180492E+06  9.131390082420E-04 -2.941176470588E-03   1   5
 -1.194835944983E-01  7.887209274629E-02 -1.373168029114E+00 -8.406694329539E+05  5.653612845853E+05 -1.492623213016E+07  3.367767705242E-04 -2.941176470588E-03   1   5
  3.144027438019E-04 -4.625674002790E-04 -2.809349066696E+00  2.468256590499E+06 -6.069246740936E+04 -2.157026403886E+07 -7.426402030099E+00 -2.941176470588E-03   1 -89
  2.337968628064E-06  1.498260186236E-04 -2.809344511815E+00 -1.917941593953E+01 -1.176753723903E+03 -1.922436962709E+07 -9.108518425134E+00 -2.941176470588E-03   1 -89
 -5.283467091199E-02 -2.490772212770E-01 -1.751629373281E+00 -2.381442567043E+05 -8.310516622946E+05 -1.628657389050E+07 -2.074250461976E+00 -2.941176470588E-03   1 -15
  4.093025337321E-04  1.018392585242E-03 -2.809337515695E+00 -1.946927457101E+05 -6.129087677246E+05 -2.185938149279E+07 -9.324663412043E-01 -2.941176470588E-03   1 -89
 -1.062683538216E-04 -2.030802862167E-04 -2.809349001094E+00  1.052383076634E+03  2.007388893206E+03 -1.935524576142E+07 -9.104804043853E+00 -2.941176470588E-03   1 -89
 -1.924200020228E-04  2.244517714942E-04 -2.809348697564E+00  1.849527884461E+04  2.823580167930E+04 -2.008272407671E+07 -8.179009592690E+00 -2.941176470588E-03   1 -89
 -2.193558369296E-04  9.580167845160E-05 -2.809354039339E+00  4.223852958160E+05  7.143690182025E+05 -2.216434153716E+07 -5.796303330120E+00 -2.941176470588E-03   1 -89
 -9.072386042344E-05 -1.301993721004E-04 -2.809356745012E+00  1.250778341966E+03  1.796186151057E+03 -1.960707404077E+07 -7.583844489934E+00 -2.941176470588E-03   1 -89
 -5.095439037037E-03 -1.175258852970E-02 -2.776230412771E+00  4.604268030366E+05  5.076270849429E+06 -2.401747332951E+07 -2.454788292461E-05 -2.941176470588E-03   1   5
 -3.821266177299E-04 -3.781820638299E-04 -2.809363120834E+00 -8.447060179864E+05 -2.003213013594E+05 -2.187223960486E+07 -7.740316174317E+00 -2.941176470588E-03   1 -89
  3.070991319391E-04  2.575458819844E-04 -2.809358125087E+00 -5.527697260663E+03 -4.645931212418E+03 -1.987951125459E+07 -7.892228935621E+00 -2.941176470588E-03   1 -89
  1.030513501168E-04  1.721558884556E-04 -2.809355773134E+00 -1.268349345206E+03 -2.112339737347E+03 -1.950730401946E+07 -9.121134208041E+00 -2.941176470588E-03   1 -89
  8.103153423156E-05 -6.309847610780E-04 -2.809341899101E+00  1.270676156067E+05  1.996891737679E+06 -2.096753494226E+07 -4.916511710540E+00 -2.941176470588E-03   1 -89
 -5.469962821692E-04 -1.202744667811E-04 -2.809353384010E+00  6.050402257237E+03  1.339056807802E+03 -1.943123908544E+07 -7.816355970811E+00 -2.941176470588E-03   1 -89
 -1.192111583737E-05 -7.042597062623E-05 -2.809339197293E+00  8.180888310751E+05 -2.909174253877E+06 -2.011059840476E+07 -4.922634273025E+00 -2.941176470588E-03   1 -89
 -1.600949745865E-04 -2.014606563408E-04 -2.809341582157E+00 -2.183445935350E+06  1.854504287608E+06 -1.991917091027E+07 -7.842013769291E+00 -2.941176470588E-03   1 -89
 -3.492798444008E-04 -8.878587026557E-05 -2.809358983490E+00  3.813616733119E+03  9.686228743769E+02 -1.942184090728E+07 -7.933178097914E+00 -2.941176470588E-03   1 -89
 -1.114724098470E-03 -8.173617476231E-04 -2.785593120284E+00 -4.406609637111E+06  1.391097327921E+06 -1.793233418915E+07 -7.124372667366E-04 -2.941176470588E-03   1   5
 -7.903819563292E-04 -1.896172550068E-04 -2.782364284101E+00 -3.650591231128E+06 -8.862729196092E+06 -1.681880071641E+07 -2.866397283086E-04 -2.941176470588E-03   1   5
  4.341694293152E-02 -8.581862095226E-03 -2.778338585072E+00 -4.429626960037E+05 -5.482771334297E+06 -1.672761119715E+07  3.783058109299E-04 -2.941176470588E-03   1   5
  1.969634065286E-03 -1.500208026684E-03 -2.457048458232E+00  1.883332733428E+04 -1.649494680671E+04 -1.793795203233E+07 -7.486851020033E-05 -2.941176470588E-03   1   5
 -9.921159102907E-02 -3.780773516749E-02 -1.200763765342E-01 -1.189792637875E+05 -4.838376619183E+04 -1.347993455820E+07 -1.922980565853E-03 -2.941176470588E-03   1   5
 -1.005362613659E-03 -1.891667316610E-04 -2.809347565664E+00 -3.779878177026E+03  1.600633552000E+06 -2.122912305337E+07 -8.176584514907E+00 -2.941176470588E-03   1 -89
 -3.206575941474E-04 -1.458686678790E-05 -2.809349643324E+00  3.230754149021E+03  1.509306833181E+02 -1.936734921664E+07 -6.141840000026E+00 -2.941176470588E-03   1 -89
 -6.356761113726E-05 -2.859766695179E-04 -2.809348289308E+00  2.402989173119E+02  1.071772396267E+03 -1.895947912263E+07 -7.978538594248E+00 -2.941176470588E-03   1 -89
  1.694684998976E-04 -1.990262255953E-04 -2.809341093493E+00 -1.978639270064E+03  2.339323160577E+03 -1.947375206723E+07 -8.572402293261E-04 -2.941176470588E-03   1 -89
 -2.315530183613E-04  2.359725211133E-04 -2.809337833645E+00  1.575514482912E+03 -1.606097231389E+03 -1.915663163807E+07 -7.115234136717E+00 -2.941176470588E-03   1 -89
  1.127447651785E-04 -6.890119382572E-04 -2.809350821698E+00  5.212682106952E+05 -2.217520139737E+06 -2.145591740023E+07 -8.877221959123E-01 -2.941176470588E-03   1 -89
  3.325377980862E-04  4.696131183249E-05 -2.809351716216E+00 -6.440990254848E+03 -9.194217164453E+02 -1.996669541335E+07 -8.536070023479E+00 -2.941176470588E-03   1 -89
  4.138045892494E-04  2.218624160078E-04 -2.809341848963E+00  9.067966877676E+03  3.232226409925E+04 -2.056347183425E+07 -7.224818908537E+00 -2.941176470588E-03   1 -89
 -4.738595463458E-05  3.012620200344E-04 -2.809347256679E+00  6.779821881790E+02 -4.319541617329E+03 -1.964271166056E+07 -6.929172207606E+00 -2.941176470588E-03   1 -89
 -1.457235388826E-04  1.590617875717E-04 -2.809338048337E+00  2.719021331618E+03 -3.008047036255E+03 -1.998190365421E+07 -7.267048736563E+00 -2.941176470588E-03   1 -89
 -3.333572409048E-04 -5.119762208776E-05 -2.809339575279E+00  2.599698063361E+03  3.956496089887E+02 -1.922062410839E+07 -8.961580906795E+00 -2.941176470588E-03   1 -89
