  2.067030400009E-04 -4.303225474418E-04  3.371397459045E+00  1.289523108148E+03 -2.719821970350E+03  2.283692613430E+07  1.130595944249E+01 -2.941176470588E-03   1   5
  1.369701365266E-03 -1.810925979871E-03 -1.134465237307E-07  8.570599771500E+03 -1.165679539655E+04  5.102499896735E+02  0.000000000000E+00 -2.941176470588E-03   1   3
  1.659324371934E-03  8.651227658808E-04  5.864215814722E-06  1.072267885776E+04  5.449856615858E+03  1.509618725359E+03  0.000000000000E+00 -2.941176470588E-03   1   3
  2.398696005427E-03 -2.670756194585E-03  1.891895177319E-05  1.483874356894E+04 -1.719301951107E+04  5.599307752937E+03  0.000000000000E+00 -2.941176470588E-03   1   3
  2.455180869750E-03  2.011769816074E-03  3.066258172124E-05  1.590962209394E+04  1.254817711976E+04  7.699691051345E+03  0.000000000000E+00 -2.941176470588E-03   1   3
  3.451691384786E-03 -2.846282292522E-03  8.077733792611E-05  2.110838857781E+04 -1.842313631907E+04  1.853126965041E+04  0.000000000000E+00 -2.941176470588E-03   1   3
  2.649569912892E-03  3.153931397919E-03  9.702166557002E-05  1.726879766530E+04  1.945892100888E+04  2.064100503480E+04  0.000000000000E+00 -2.941176470588E-03   1   3
  7.317030456729E-04  2.580296450491E-03  7.916843831910E-04  4.788180342631E+03  1.590037580061E+04  1.198486029043E+05  6.689974150849E-04 -2.941176470588E-03   1   5
  2.315151989408E-03 -2.546459149313E-03  2.184779996104E-04  1.445262867242E+04 -1.662172095339E+04  3.948207687910E+04  2.079174663816E-04 -2.941176470588E-03   1   5
  5.505458582055E-05 -6.477276287976E-04 -1.185200925130E-03 -5.851023564733E+01 -3.802747798549E+03 -1.940872983978E+05 -1.182457287561E-03 -2.941176470588E-03   1   5
  3.408018307964E-03 -1.931333579265E-03  7.261990611318E-04  2.078310236422E+04 -1.281549815352E+04  1.080118559593E+05  7.624017561838E-04 -2.941176470588E-03   1   5
 -3.038949996806E-03  1.263943553790E-03 -2.446993792455E-04 -1.861001226991E+04  8.237600015167E+03 -4.058564693953E+04 -2.717945038437E-04 -2.941176470588E-03   1   5
  3.123515941953E-04 -8.698946614896E-04 -5.140817236291E-04  1.771747473332E+03 -5.084847734084E+03 -8.548330395055E+04 -3.725423130962E-04 -2.941176470588E-03   1   5
  1.878654629358E-03  1.673096786532E-03 -4.343330700474E-04  1.185187157174E+04  1.020264969038E+04 -7.186871338791E+04 -3.867389916152E-04 -2.941176470588E-03   1   5
  2.223387144274E-03  8.361586965246E-04 -1.307010441562E-03  1.273432578414E+04  4.679206660129E+03 -2.112135700989E+05 -1.645907355217E-03 -2.941176470588E-03   1   5
 -3.432346146890E-03 -1.031064899479E-03  9.405825154563E-04 -2.102802152374E+04 -5.396264231876E+03  1.320235288777E+05  1.048452932871E-03 -2.941176470588E-03   1   5
 -2.232045829036E-03  1.620897921307E-03  5.981342524257E-04 -1.404650244015E+04  1.037787284753E+04  9.460563857355E+04  4.939817140706E-04 -2.941176470588E-03   1   5
  2.629301386428E-03  7.092999448387E-03 -2.755382475645E-04  1.537775416272E+04  3.885918497624E+04 -3.504632078599E+04 -9.334563188936E-04 -2.941176470588E-03   1   5
 -1.456472269398E-03 -3.304354903921E-03  1.056223187182E-03 -8.906723715064E+03 -1.953590833008E+04  1.404981954227E+05  1.060202758609E-03 -2.941176470588E-03   1   5
 -7.130571672296E-04  3.951490194210E-03  3.831273414701E-05 -3.798333059969E+03  2.496339868712E+04  9.936155687578E+03 -7.335224420935E-05 -2.941176470588E-03   1   5
 -1.384064009195E-03 -3.068600617580E-03  8.022591828363E-04 -8.783305346377E+03 -1.862290490905E+04  1.216721948301E+05  6.838675597791E-04 -2.941176470588E-03   1   5
  2.640976919342E-03  2.949149758221E-03  2.920856930184E-04  1.741105172865E+04  1.823188328456E+04  4.983812458511E+04  2.596925425564E-04 -2.941176470588E-03   1   5
  3.405002564023E-03  4.842533314356E-04  8.829041714224E-04  2.114586095389E+04  2.248265866608E+03  1.269450030469E+05  9.820729849412E-04 -2.941176470588E-03   1   5
  1.993933682553E-03  1.246610802707E-03  2.671843989126E-04  1.302083390567E+04  7.900508380267E+03  4.663945763465E+04  2.273628025602E-04 -2.941176470588E-03   1   5
  4.188546329246E-04  6.072715507551E-03 -4.359757497108E-05  3.313830706404E+03  3.624106869420E+04 -3.691440267548E+03 -2.923714340373E-04 -2.941176470588E-03   1   5
  2.883162359900E-03 -4.409904884413E-04 -5.902985563289E-05  1.827278497390E+04 -3.153134555878E+03 -1.162363771187E+04 -1.940433947212E-05 -2.941176470588E-03   1   5
  7.117287741124E-03  7.097277614484E-04  3.205827376456E-04  4.170276541667E+04  3.182864890530E+03  5.765652469609E+04  1.507116778221E-04 -2.941176470588E-03   1   5
 -2.606830806700E-03 -1.257432665850E-03  3.287027674315E-04 -1.706663879028E+04 -7.627540409040E+03  5.526816685140E+04  2.966198047432E-04 -2.941176470588E-03   1   5
  1.907524356807E-03 -2.977247697200E-03 -2.495553754489E-04  1.133865554601E+04 -1.862615987769E+04 -4.095134061161E+04 -2.378551831850E-04 -2.941176470588E-03   1   5
 -3.585017965898E-03 -2.263020205971E-03 -3.362904753943E-04 -2.189734956278E+04 -1.306229334194E+04 -5.364233506689E+04 -4.143917052897E-04 -2.941176470588E-03   1   5
 -5.479242308833E-03 -3.672748577875E-03  4.881262352496E-04 -3.315731343324E+04 -2.104325528353E+04  7.905503993915E+04  4.752830598758E-04 -2.941176470588E-03   1   5
  5.504048306531E-04 -1.552674561091E-04 -1.214960340071E-03  3.463032956508E+03 -1.105430981196E+03 -1.989681120371E+05 -1.265603023606E-03 -2.941176470588E-03   1   5
 -2.999335901142E-03  8.981390612847E-04 -9.453869923295E-04 -1.802867111608E+04  5.742903488998E+03 -1.502790656249E+05 -1.112472237899E-03 -2.941176470588E-03   1   5
 -2.367053143892E-03 -1.117309733400E-03  7.897463557867E-04 -1.467010194819E+04 -6.679809905853E+03  1.202216044968E+05  6.347957649968E-04 -2.941176470588E-03   1   5
 -6.203744420304E-04 -3.174061112212E-03  6.005000661062E-04 -4.531106480678E+03 -1.987947044325E+04  9.372319623121E+04  5.385973818495E-04 -2.941176470588E-03   1   5
  3.174033637734E-03 -3.987939577079E-03  1.759351006672E-04  1.914174744760E+04 -2.540157151171E+04  3.418009064374E+04  9.932101037791E-05 -2.941176470588E-03   1   5
 -4.678431736948E-03  1.088387145845E-03  1.254517220759E-03 -2.660896294023E+04  6.878628696716E+03  1.350829389425E+05  1.841202245380E-03 -2.941176470588E-03   1   5
  2.753498288921E-03  5.425457017105E-04 -1.094545781457E-03  1.658673240214E+04  2.948115383458E+03 -1.753362728472E+05 -1.356787706516E-03 -2.941176470588E-03   1   5
  3.152549992784E-04 -2.437907323268E-04 -1.321758609094E-03  1.825930023457E+03 -1.531972883665E+03 -2.165530900330E+05 -1.453225397338E-03 -2.941176470588E-03   1   5
 -3.474620336424E-03  3.060786017495E-04 -5.725678187440E-05 -2.161222420847E+04  2.736403211434E+03 -1.095675713675E+04 -9.616879862229E-05 -2.941176470588E-03   1   5
 -3.968426460695E-03 -7.499632019527E-05  3.835344502554E-04 -2.519585942413E+04  2.671923224162E+02  6.353093640708E+04  3.456146776699E-04 -2.941176470588E-03   1   5
 -2.457989920574E-03 -1.727188897592E-03 -6.861423090361E-04 -1.525940165676E+04 -1.008461213508E+04 -1.098699346264E+05 -7.180699093183E-04 -2.941176470588E-03   1   5
 -2.730802266181E-03  3.380178893453E-03  1.241852797975E-03 -1.532230159513E+04  2.001448254915E+04  1.365246660314E+05  1.738810050036E-03 -2.941176470588E-03   1   5
  3.249593218199E-03 -1.011854499634E-03  7.277801676593E-04  1.998770671262E+04 -7.071077084860E+03  1.091252814119E+05  7.187463626508E-04 -2.941176470588E-03   1   5
 -1.265882771601E-03 -4.053930132142E-03 -4.515289956424E-04 -7.971013420550E+03 -2.410204567019E+04 -7.177287868807E+04 -4.752058195940E-04 -2.941176470588E-03   1   5
 -3.283316245156E-03  6.371248570790E-04  9.221048103951E-04 -1.988861789167E+04  4.810586938913E+03  1.301107397196E+05  1.016219164145E-03 -2.941176470588E-03   1   5
 -6.349761125862E-03  6.072886452818E-04 -7.217068465142E-04 -3.467778863527E+04  4.040778192897E+03 -1.055640381900E+05 -1.405330500383E-03 -2.941176470588E-03   1   5
 -5.926651671507E-03  1.566294114574E-03 -7.788769416539E-05 -3.501850099619E+04  1.007123180145E+04 -9.412917117115E+03 -3.460097301389E-04 -2.941176470588E-03   1   5
  5.418905881801E-03 -2.342671868218E-03  4.119253995380E-04  3.278424120329E+04 -1.521555225586E+04  6.927210253341E+04  3.467971393647E-04 -2.941176470588E-03   1   5
  4.848896994956E-03  3.410342617057E-03 -3.256837089607E-04  2.876164365599E+04  1.942391291598E+04 -4.774609910158E+04 -6.275387061123E-04 -2.941176470588E-03   1   5
  2.290100788300E-03 -3.158276134079E-03  7.532960248540E-04  1.376382411389E+04 -1.979637165532E+04  1.139441020638E+05  6.921249463563E-04 -2.941176470588E-03   1   5
