  3.1264E-03  2.6752E-02  1.3088E-02  4.2812E-01  1.9115E+04  7.8855E+03 -2.2283E+02
  6.3249E-03  4.0652E-02  1.3751E-02  4.5383E-01  1.1933E+04  7.8903E+03 -1.3487E+02
  9.5530E-03  5.3252E-02  1.4583E-02  4.8516E-01  8.8317E+03  7.8934E+03 -9.5592E+01
  1.2766E-02  6.5252E-02  1.5606E-02  5.2376E-01  7.0988E+03  7.9006E+03 -7.2112E+01
  1.5964E-02  7.6952E-02  1.6877E-02  5.7275E-01  5.9751E+03  7.8994E+03 -5.4751E+01
  1.9193E-02  8.8652E-02  1.8532E-02  6.3854E-01  5.1524E+03  7.9106E+03 -3.8892E+01
  2.2377E-02  1.0015E-01  2.0709E-02  7.3042E-01  4.4550E+03  7.9221E+03 -2.0070E+01
  2.5589E-02  1.1175E-01  2.3868E-02  8.7530E-01  3.7307E+03  7.9429E+03  1.0362E+01
  2.8811E-02  1.2345E-01  2.9338E-02  1.1518E+00  2.8610E+03  7.9608E+03  8.6628E+01
  3.2026E-02  1.3595E-01  5.9555E-02  2.0037E+00  2.0068E+03  7.4502E+03  5.3804E+02
  3.5223E-02  1.1886E+00 -5.2792E+00  4.6233E+01  1.6158E+05  5.1663E+06 -2.5314E+04
  3.9241E-02  1.3191E+00 -2.6543E+00  3.1076E+01  9.2237E+05  6.3907E+06 -2.1173E+05
  4.2564E-02  1.5537E+00 -1.0166E+00  3.5008E+01  2.6867E+22  8.4248E+06 -1.1947E+22
  4.5719E-02  1.6846E+00 -5.7412E-01  2.2864E+01  2.4315E+22  4.9611E+06 -1.0973E+22
  4.8203E-02  1.7169E+00 -6.4355E-01  2.2336E+01  4.1499E+05  6.1433E+06 -1.6139E+05
  5.1275E-02  2.0950E+00  3.7537E-01  1.5745E+01  3.8636E+05  4.5534E+06  2.3376E+05
  5.4487E-02  2.2151E+00  4.1843E+00  1.7203E+01  7.4835E+05  5.2640E+06  5.8609E+05
  5.9153E-02  2.2906E+00  2.6629E+00  1.5646E+01  9.2452E+05  4.9460E+06  6.6588E+05
  6.2098E-02  2.5085E+00 -4.0264E+00  2.8461E+01  1.1824E+06  1.4141E+07  6.3320E+05
  6.6727E-02  2.5612E+00 -3.8345E+00  2.9174E+01  2.2989E+06  1.7941E+07  1.1729E+06
  6.9403E-02  2.6383E+00 -4.2188E+00  2.3028E+01  4.8898E+05  1.2674E+07  2.2950E+05
  7.0543E-02  2.6867E+00 -3.7788E+00  2.0214E+01  6.3863E+05  1.1323E+07  2.9169E+05
  7.5267E-02  2.8487E+00 -3.6150E+00  2.8192E+01  1.2663E+23  2.8759E+07  7.5021E+22
  7.9940E-02  2.8590E+00 -3.7052E+00  2.8894E+01  1.3658E+23  3.1310E+07  8.3147E+22
  8.5443E-02  2.8902E+00 -2.6738E+00  2.7883E+01  7.8308E+05  2.9041E+07  5.0476E+05
  8.6595E-02  3.0427E+00  1.5830E+00  1.4463E+01  5.7415E+05  8.3954E+06  4.1542E+05
  8.9812E-02  3.1028E+00  2.9811E+00  1.3099E+01  6.6290E+05  8.6767E+06  4.6127E+05
  9.3020E-02  3.3917E+00 -7.2011E-01  1.2148E+01  7.9513E+05  7.8473E+06  5.7356E+04
  9.6228E-02  3.4443E+00 -2.3684E+00  1.5789E+01  8.3412E+05  1.1413E+07 -7.5691E+03
  9.9439E-02  3.4999E+00 -1.9132E+00  2.0296E+01  9.2870E+05  1.7575E+07 -1.4898E+04
  1.0265E-01  3.6601E+00  2.8495E+00  1.9977E+01  1.1949E+06  1.4370E+07 -9.3726E+05
  1.0586E-01  3.7283E+00  5.1832E+00  2.1199E+01  8.2069E+05  1.1381E+07 -7.5737E+05
  1.0907E-01  3.7792E+00  5.4993E+00  2.3202E+01  5.0426E+06  1.2113E+07 -4.7586E+06
  1.1229E-01  3.8527E+00  5.2440E+00  2.6857E+01  9.4026E+05  1.6623E+07 -8.8614E+05
  1.1549E-01  3.9484E+00  6.1943E+00  2.8601E+01  1.8476E+06  1.3802E+07 -1.7819E+06
  1.1871E-01  4.0285E+00  6.6313E+00  2.9587E+01  1.2753E+06  1.5904E+07 -1.2168E+06
  1.2762E-01  4.0394E+00  6.7887E+00  3.1203E+01  1.0721E+06  1.6855E+07 -1.0170E+06
  1.2834E-01  4.0616E+00  6.5208E+00  3.2657E+01  9.5356E+05  2.0702E+07 -8.9005E+05
  1.3155E-01  4.1545E+00  6.2033E+00  3.8752E+01  1.3267E+06  3.9416E+07 -1.1538E+06
  1.3476E-01  4.2445E+00  7.0981E+00  3.9399E+01  1.1501E+06  3.9176E+07 -9.9166E+05
  1.3797E-01  4.3533E+00  9.9422E+00  3.4622E+01  9.2588E+05  2.0567E+07 -8.5752E+05
