 -1.213834575980E-06  8.811774288008E-06  7.039194592222E+00 -3.471387775290E+00  2.422718489190E+01  2.277070019420E+07  2.355009370919E+01 -2.941176470588E-03   1   5
  3.530046740505E-04 -3.230932157842E-04 -7.039195740352E+00  6.279199103781E+05  8.222276494853E+05 -2.514529999119E+07 -1.897457765874E+01 -2.941176470588E-03   1 -90
  2.514613766117E-03 -4.237100714142E-03 -7.039215248983E+00  1.225892971167E+06  1.412476511105E+06 -2.832321491639E+07 -2.045332986288E+01 -2.941176470588E-03   1 -90
  1.358710113304E-05  3.510224137702E-04 -7.039208602372E+00 -2.091074221124E+02 -5.414751177322E+03 -2.376521825950E+07 -2.236503290825E+01 -2.941176470588E-03   1 -90
 -4.719920084938E-04 -1.603795470791E-04 -7.039211007954E+00  3.728352746780E+03  1.256917632977E+03 -2.327974854465E+07 -2.209501307005E+01 -2.941176470588E-03   1 -90
 -4.428204879082E-03  2.187022950927E-02 -6.714357563796E+00  1.245885403566E+05  1.966070588712E+06 -1.617661448003E+07 -1.602899702871E+01 -2.941176470588E-03   1 -17
 -2.071236135816E-01  2.351494776053E-01 -5.981477793049E+00 -3.110231554585E+05  4.011498243688E+05 -2.165065021181E+07 -1.707489702871E+01 -2.941176470588E-03   1 -17
 -3.527827301098E-04 -4.068530795108E-05 -7.039203645231E+00  1.358426285636E+05 -1.271860162973E+05 -2.454900721101E+07 -1.832669675914E+01 -2.941176470588E-03   1 -89
  3.392595137994E-04 -6.684187556961E-05 -7.039195933920E+00 -1.550060104305E+03  3.057043244436E+02 -2.306543758707E+07 -2.189811471500E+01 -2.941176470588E-03   1 -89
 -3.754241106543E-05  9.140388017867E-04 -7.039209667849E+00  2.592661110882E+06 -6.040598156885E+03 -2.448007371714E+07 -1.874146522535E+01 -2.941176470588E-03   1 -89
  1.230089171697E-04  3.754312752078E-04 -7.039218972842E+00 -2.627620495945E+03 -8.032110408559E+03 -2.415027352018E+07 -2.201356481537E+01 -2.941176470588E-03   1 -89
 -2.528992360011E-04 -1.066040392334E-05 -7.039206795637E+00 -4.270998171863E+03  6.086053813764E+03 -2.409071222455E+07 -2.305422507466E+01 -2.941176470588E-03   1 -89
 -8.173477597354E-04 -5.725789957547E-04 -7.039198541812E+00 -3.171863541732E+06  5.394607898684E+05 -2.562025874565E+07 -1.998185034306E+01 -2.941176470588E-03   1 -89
 -4.759269835850E-04  4.754297547732E-04 -7.039210622496E+00  3.965086622780E+03 -3.985024492001E+03 -2.330971332312E+07 -2.183107104545E+01 -2.941176470588E-03   1 -89
 -7.167742352074E-02  1.667617118799E-01 -5.981485273389E+00 -6.116178116292E+05  1.779191786725E+06 -1.477730124138E+07 -1.411134887118E+01 -2.941176470588E-03   1 -15
 -3.467143368928E-04 -4.784538761156E-04 -7.039198692527E+00  4.150495397810E+06 -1.256837630461E+06 -2.380803655581E+07 -2.056732559781E+01 -2.941176470588E-03   1 -89
  1.887795510162E-04  2.306877955512E-04 -7.039209402182E+00 -3.574484135216E+05  1.192381984038E+05 -2.490195541625E+07 -2.201275417811E+01 -2.941176470588E-03   1 -89
  3.360801727337E-04  2.033501299161E-04 -7.039199598979E+00  1.096479910960E+05 -6.615721581925E+04 -2.415238380341E+07 -1.599833065575E+01 -2.941176470588E-03   1 -89
  4.825302386590E-05  1.731318573826E-04 -7.039208112312E+00  4.696410625491E+05 -2.073780640088E+06 -2.475771784127E+07 -2.058728136554E+01 -2.941176470588E-03   1 -89
 -3.452246083718E-04 -1.391755765218E-04 -7.039198600717E+00  8.364700450550E+05 -1.741627008411E+05 -2.451857950554E+07 -2.064834388645E+01 -2.941176470588E-03   1 -89
  1.629570797272E-04  3.274500542975E-04 -7.039198470636E+00 -3.115668769221E+03 -6.283226143895E+03 -2.400757526769E+07 -1.965124939930E+01 -2.941176470588E-03   1 -89
  1.670495626415E-01 -3.833224096056E-02 -5.981469063569E+00  1.069919650302E+06 -3.343056494642E+05 -1.791533480107E+07 -1.592570943746E+01 -2.941176470588E-03   1 -15
 -3.014591148362E-04  2.237005953770E-04 -7.039199172963E+00  2.159747376570E+03 -1.605877407118E+03 -2.323320190962E+07 -1.553990569081E+01 -2.941176470588E-03   1 -89
  6.610594800724E-04 -7.207218332099E-04 -7.039197598539E+00 -2.114972637995E+06 -5.020680380191E+05 -2.566977673884E+07 -2.005939176310E+01 -2.941176470588E-03   1 -89
 -1.753864193207E-04  5.046217281497E-04 -7.039196966545E+00 -4.728739625543E+06 -3.283288938394E+06 -2.604340743494E+07 -1.832593443284E+01 -2.941176470588E-03   1 -89
  2.207895641115E-05 -4.995767108665E-04 -7.039211755291E+00 -4.068696914533E+02  8.937926577834E+03 -2.392442067467E+07 -1.565688244844E+01 -2.941176470588E-03   1 -89
 -1.947642433446E-04  3.649762624662E-04 -7.039208040648E+00 -8.941970165899E+05 -7.506562098173E+05 -2.399376892328E+07 -1.615152004365E+01 -2.941176470588E-03   1 -89
  8.462450541657E-04  1.559686741415E-04 -7.039216730760E+00 -1.025944717359E+04 -2.650049501399E+03 -2.356533183874E+07 -2.217820499225E+01 -2.941176470588E-03   1 -89
  1.382199202477E-04  3.402528557522E-04 -7.039198116262E+00 -4.830997934215E+06 -1.430523477308E+06 -2.611063309662E+07 -2.032254144105E+01 -2.941176470588E-03   1 -89
 -3.762775897329E-04  7.730086431681E-05 -7.039202084241E+00 -9.545246066648E+05 -8.438903013084E+05 -2.492772893563E+07 -2.092756969288E+01 -2.941176470588E-03   1 -89
 -3.232255847737E-04  1.262520904083E-04 -7.039202308035E+00  3.067623528214E+03 -1.199028420201E+03 -2.338303852504E+07 -2.155891530585E+01 -2.941176470588E-03   1 -89
 -1.646221374085E-04  3.728580248006E-04 -7.039212894209E+00  2.350878881273E+03 -5.323732236138E+03 -2.369143154704E+07 -2.203330651832E+01 -2.941176470588E-03   1 -89
 -5.245901243587E-05 -1.723913452085E-04 -7.039220391824E+00  1.157916469740E+05 -7.073578732650E+04 -2.425587336457E+07 -2.072265646442E+01 -2.941176470588E-03   1 -89
  4.563111674980E-03 -1.548673157436E-02 -1.403263789648E+00  1.725694309289E+04 -6.095602400112E+04  1.028540959434E+06  3.691082129720E-05 -2.941176470588E-03   1   5
  2.836741964316E-04  2.864788529597E-05 -7.039205859289E+00  1.305759255077E+04 -1.995738469136E+03 -2.438519267860E+07 -2.133168152624E+01 -2.941176470588E-03   1 -89
  2.912936046133E-04  9.316934774368E-06 -7.039199847653E+00 -4.002108818648E+03 -1.346875011516E+02 -2.365700887077E+07 -1.460288255759E+01 -2.941176470588E-03   1 -89
  1.450170675936E-04 -7.894347952973E-05 -7.039201933498E+00 -3.085225160090E+03  1.677910463234E+03 -2.414307193702E+07 -2.234916657216E+01 -2.941176470588E-03   1 -89
 -9.381553835621E-05 -3.370152889761E-04 -7.039204023614E+00  2.063757604985E+03  7.431978062598E+03 -2.419311821440E+07 -2.200860050917E+01 -2.941176470588E-03   1 -89
  3.350117507269E-04  2.113881377783E-04 -7.039208835017E+00 -1.721860135785E+03 -1.082932480717E+03 -2.310190169512E+07 -2.254137540199E+01 -2.941176470588E-03   1 -89
 -2.457487355968E-04  3.654071360182E-04 -7.039201765839E+00 -9.560866780672E+05  9.025852952079E+04 -2.473457989477E+07 -2.267483587459E+01 -2.941176470588E-03   1 -89
 -3.217534680400E-03 -5.147469039657E-03 -7.039194775258E+00  3.096881728124E+06  2.331341565678E+06 -2.681155051303E+07 -1.888384177931E+01 -2.941176470588E-03   1 -89
 -1.119808985026E-05  3.686246760466E-04 -7.039214428683E+00  2.436288878714E+02 -7.810495965111E+03 -2.413686362740E+07 -2.165873126596E+01 -2.941176470588E-03   1 -89
  2.718445933232E-05 -3.385653692724E-04 -7.039205515548E+00 -4.664160806578E+02  5.752651183314E+03 -2.386701398961E+07 -2.101263400858E+01 -2.941176470588E-03   1 -89
 -1.151809067273E-03  6.352443756308E-04 -7.039199894072E+00  1.967826274785E+06  9.782160621274E+05 -2.491468433932E+07 -1.757289970806E+01 -2.941176470588E-03   1 -89
  2.139591768621E-04 -7.065528808939E-04 -7.039204925113E+00 -7.989877523024E+04 -2.524193949429E+05 -2.597649659539E+07 -2.032327223858E+01 -2.941176470588E-03   1 -89
 -1.971644167084E-01  1.668121850735E-01 -5.981482769677E+00 -1.101521721937E+06  1.069254772353E+06 -1.840556436096E+07 -1.421042801171E+01 -2.941176470588E-03   1 -15
 -2.130750952577E-05  2.226664583416E-04 -7.039199672521E+00  3.928125933795E+02 -4.033792530093E+03 -2.393946852582E+07 -2.196878289246E+01 -2.941176470588E-03   1 -89
 -7.755698459676E-04 -5.406566891313E-04 -7.039203689719E+00  5.266113795441E+04  6.386079833023E+05 -2.614125565890E+07 -2.201487281756E+01 -2.941176470588E-03   1 -89
 -9.302641331527E-05 -7.886502766480E-05 -7.039209596579E+00 -3.783026653433E+04  1.305117976841E+05 -2.456303967002E+07 -2.327756873304E+01 -2.941176470588E-03   1 -89
  2.200929384299E-04 -1.367650245136E-03 -7.039209271332E+00 -1.461376167650E+06  1.336568781683E+06 -2.443801556276E+07 -1.223257228043E+01 -2.941176470588E-03   1 -89
 -1.924133902989E-02 -7.335044293019E-02 -6.714367095081E+00 -1.012786604707E+06 -7.187242417267E+05 -2.185157594620E+07 -1.460336157994E+01 -2.941176470588E-03   1 -15
