# header: write what you want on lines starting with #
# Total ACTIVE Pulses, # breakdowns, amp_set, index (point on pulse / power curve) , pulse length
# the init of this file could be 1 0 500 0 3500, 2 0 500 0 3500, etc
531 0 709 7 756
629927 1 19500 287 756
649134 2 19900 287 756
663617 3 19900 287 756
675254 4 19900 287 756
685220 5 19900 287 756
701197 6 19900 287 756
716534 7 19900 287 756
727172 8 19900 287 756
743893 9 20300 287 756
809136 10 22300 287 756
850907 11 23100 287 756
1311952 12 34700 287 756
1322395 13 34700 287 756
1345435 14 35100 287 756
1445388 16 35270 287 756
1500817 17 38300 287 756
1515290 18 38300 287 756
1527422 19 38300 287 756
1550025 20 38700 287 756
1565127 21 38700 287 756
1577229 22 38700 287 756
1589818 23 38700 287 756
1605748 24 38700 287 756
1618050 25 38700 287 756
1633214 26 38700 287 756
1648658 27 38700 287 756
1662460 28 38700 287 756
1675533 29 38700 287 756
1704498 30 38700 287 756
1717266 31 38700 287 756
1967674 32 45500 287 756
1993695 33 46300 287 756
2009915 34 46300 287 756
2109710 35 49100 287 756
2109778 37 49100 287 756
2109916 38 49100 287 756
2110042 40 49100 287 756
2153576 41 49500 287 756
2217174 42 49500 287 756
2217244 44 49500 287 756
2265819 45 49500 287 756
2265886 47 49500 287 756
2331968 48 51541 287 756
2332036 49 51541 287 756
2360661 50 52300 287 756
2360729 51 52300 287 756
2387038 53 53100 287 756
2387105 55 53100 287 756
2434285 56 53900 287 756
2455135 57 54300 287 756
2476035 58 54700 287 756
2496947 59 55100 287 756
2511098 60 55100 287 756
2525622 61 55100 287 756
2538407 62 55100 287 756
2960985 62 66500 287 756
2960919 62 69100 287 756
2960984 62 69100 287 756
2961052 62 69100 287 756
2961112 62 69100 287 756
2961172 62 69100 287 756
2961238 62 69100 287 756
2961306 62 69100 287 756
2961366 62 69100 287 756
2961435 62 69100 287 756
2961497 62 69100 287 756
2961563 62 69100 287 756
2961629 62 69100 287 756
2961691 62 69100 287 756
2961757 62 69100 287 756
2961824 62 69100 287 756
2961888 62 69100 287 756
2961959 62 69100 287 756
2962024 62 69100 287 756
2962092 62 69100 287 756
2962152 62 69100 287 756
2962213 62 69100 287 756
2962276 62 69100 287 756
2962345 62 69100 287 756
2962411 62 69100 287 756
2962471 62 69100 287 756
2962534 62 69100 287 756
2962595 62 69100 287 756
2962655 62 69100 287 756
2962719 62 69100 287 756
2962783 62 69100 287 756
2962844 62 69100 287 756
2962907 62 69100 287 756
2962977 62 69100 287 756
2963037 62 69100 287 756
2963101 62 69100 287 756
2963171 62 69100 287 756
2963234 62 69100 287 756
2963302 62 69100 287 756
2963366 62 69100 287 756
2963430 62 69100 287 756
2963497 62 69100 287 756
2963558 62 69100 287 756
2963619 62 69100 287 756
2963687 62 69100 287 756
2963750 62 69100 287 756
2963817 62 69100 287 756
2963887 62 69100 287 756
2963953 62 69100 287 756
2964015 62 69100 287 756
2964081 62 69100 287 756
2964146 62 69100 287 756
2964209 62 69100 287 756
2964278 62 69100 287 756
2964342 62 69100 287 756
2964410 62 69100 287 756
2964479 62 69100 287 756
2964550 62 69100 287 756
2964618 62 69100 287 756
2964684 62 69100 287 756
2964746 62 69100 287 756
2964816 62 69100 287 756
2964876 62 69100 287 756
2964944 62 69100 287 756
2965014 62 69100 287 756
2965081 62 69100 287 756
2965143 62 69100 287 756
2965209 62 69100 287 756
2965276 62 69100 287 756
2965339 62 69100 287 756
2965401 62 69100 287 756
2965463 62 69100 287 756
2965528 62 69100 287 756
2965592 62 69100 287 756
2965652 62 69100 287 756
2965716 62 69100 287 756
2965776 62 69100 287 756
2965837 62 69100 287 756
2965906 62 69100 287 756
2965972 62 69100 287 756
2966037 62 69100 287 756
2966100 62 69100 287 756
2966162 62 69100 287 756
2966230 62 69100 287 756
2966299 62 69100 287 756
2966368 62 69100 287 756
2966430 62 69100 287 756
2966498 62 69100 287 756
2966568 62 69100 287 756
2966629 62 69100 287 756
2966693 62 69100 287 756
2966757 62 69100 287 756
2966822 62 69100 287 756
2966883 62 69100 287 756
2966949 62 69100 287 756
2967018 62 69100 287 756
2967079 62 69100 287 756
2967147 62 69100 287 756
2967211 62 69100 287 756
2967277 62 69100 287 756
2967341 62 69100 287 756
2967410 62 69100 287 756
2967477 62 69100 287 756
2967539 62 69100 287 756
2967602 62 69100 287 756
2967671 62 69100 287 756
2967733 62 69100 287 756
2967796 62 69100 287 756
2967865 62 69100 287 756
2967925 62 69100 287 756
2967988 62 69100 287 756
2968056 62 69100 287 756
2968119 62 69100 287 756
2968184 62 69100 287 756
2968252 62 69100 287 756
2968315 62 69100 287 756
2968387 62 69100 287 756
2968452 62 69100 287 756
2968517 62 69100 287 756
2968585 62 69100 287 756
2968649 62 69100 287 756
2968712 62 69100 287 756
2968778 62 69100 287 756
2968839 62 69100 287 756
2968908 62 69100 287 756
2968968 62 69100 287 756
2969031 62 69100 287 756
2969103 62 69100 287 756
2969164 62 69100 287 756
2969225 62 69100 287 756
2969287 62 69100 287 756
2969350 62 69100 287 756
2969410 62 69100 287 756
2969476 62 69100 287 756
2969543 62 69100 287 756
2969606 62 69100 287 756
2969672 62 69100 287 756
2969734 62 69100 287 756
2969794 62 69100 287 756
2969854 62 69100 287 756
2969914 62 69100 287 756
2969976 62 69100 287 756
2970043 62 69100 287 756
2970104 62 69100 287 756
2970166 62 69100 287 756
2970228 62 69100 287 756
2970290 62 69100 287 756
2970359 62 69100 287 756
2970423 62 69100 287 756
2970490 62 69100 287 756
2970558 62 69100 287 756
2970627 62 69100 287 756
2970690 62 69100 287 756
2970752 62 69100 287 756
2970821 62 69100 287 756
2970886 62 69100 287 756
2970953 62 69100 287 756
2971017 62 69100 287 756
2971080 62 69100 287 756
2971147 62 69100 287 756
2971208 62 69100 287 756
2971271 62 69100 287 756
2971333 62 69100 287 756
2971396 62 69100 287 756
2971464 62 69100 287 756
2971535 62 69100 287 756
2971603 62 69100 287 756
2971669 62 69100 287 756
2971732 62 69100 287 756
2971800 62 69100 287 756
2971868 62 69100 287 756
2971930 62 69100 287 756
2971997 62 69100 287 756
2972061 62 69100 287 756
2972126 62 69100 287 756
2972191 62 69100 287 756
2972261 62 69100 287 756
2972325 62 69100 287 756
2972389 62 69100 287 756
2972451 62 69100 287 756
2972512 62 69100 287 756
2972579 62 69100 287 756
2972646 62 69100 287 756
2972711 62 69100 287 756
2972778 62 69100 287 756
2972842 62 69100 287 756
2972908 62 69100 287 756
2972974 62 69100 287 756
2973035 62 69100 287 756
2973101 62 69100 287 756
2973162 62 69100 287 756
2973230 62 69100 287 756
2973294 62 69100 287 756
2973366 62 69100 287 756
2973426 62 69100 287 756
2973493 62 69100 287 756
2973562 62 69100 287 756
2973625 62 69100 287 756
2973694 62 69100 287 756
2974695 62 69100 287 756
2975697 62 69150 287 756
2976698 62 69200 287 756
2977706 62 69250 287 756
2978708 62 69300 287 756
2978859 62 69500 287 756
2978923 62 69500 287 756
2978983 62 69500 287 756
2979047 62 69500 287 756
2979117 62 69500 287 756
2979178 62 69500 287 756
2979241 62 69500 287 756
2979302 62 69500 287 756
2979366 62 69500 287 756
2979428 62 69500 287 756
2979494 62 69500 287 756
2979558 62 69500 287 756
2979618 62 69500 287 756
2979683 62 69500 287 756
2979746 62 69500 287 756
2979811 62 69500 287 756
2979874 62 69500 287 756
2979940 62 69500 287 756
2980006 62 69500 287 756
2980074 62 69500 287 756
2980135 62 69500 287 756
2980201 62 69500 287 756
2980270 62 69500 287 756
2980334 62 69500 287 756
2980404 62 69500 287 756
2980475 62 69500 287 756
2980540 62 69500 287 756
2980610 62 69500 287 756
2980674 62 69500 287 756
2980741 62 69500 287 756
2980805 62 69500 287 756
2980869 62 69500 287 756
2980936 62 69500 287 756
2981006 62 69500 287 756
2981070 62 69500 287 756
2981131 62 69500 287 756
2981191 62 69500 287 756
2981253 62 69500 287 756
2981313 62 69500 287 756
2981374 62 69500 287 756
2981444 62 69500 287 756
2981505 62 69500 287 756
2981566 62 69500 287 756
2981631 62 69500 287 756
2981694 62 69500 287 756
2981762 62 69500 287 756
2981829 62 69500 287 756
2981898 62 69500 287 756
2981965 62 69500 287 756
2982036 62 69500 287 756
2982096 62 69500 287 756
2982157 62 69500 287 756
2982225 62 69500 287 756
2982286 62 69500 287 756
2982346 62 69500 287 756
2982412 62 69500 287 756
2982476 62 69500 287 756
2982536 62 69500 287 756
2982601 62 69500 287 756
2982667 62 69500 287 756
2982730 62 69500 287 756
2982795 62 69500 287 756
2982859 62 69500 287 756
2982921 62 69500 287 756
2982986 62 69500 287 756
2983050 62 69500 287 756
2983110 62 69500 287 756
2983174 62 69500 287 756
2983240 62 69500 287 756
2983305 62 69500 287 756
2983370 62 69500 287 756
2983430 62 69500 287 756
2983496 62 69500 287 756
2983566 62 69500 287 756
2983638 62 69500 287 756
2983698 62 69500 287 756
2983759 62 69500 287 756
2983820 62 69500 287 756
2983884 62 69500 287 756
2983945 62 69500 287 756
2984011 62 69500 287 756
2984073 62 69500 287 756
2984141 62 69500 287 756
2984210 62 69500 287 756
2984278 62 69500 287 756
2984345 62 69500 287 756
2984407 62 69500 287 756
2984469 62 69500 287 756
2984536 62 69500 287 756
2984597 62 69500 287 756
2984659 62 69500 287 756
2984721 62 69500 287 756
2984784 62 69500 287 756
2984847 62 69500 287 756
2984913 62 69500 287 756
2984974 62 69500 287 756
2985034 62 69500 287 756
2985104 62 69500 287 756
2985171 62 69500 287 756
2985238 62 69500 287 756
2985302 62 69500 287 756
2985362 62 69500 287 756
2985423 62 69500 287 756
2985485 62 69500 287 756
2985555 62 69500 287 756
2985621 62 69500 287 756
2985681 62 69500 287 756
2985748 62 69500 287 756
2985815 62 69500 287 756
2985878 62 69500 287 756
2985943 62 69500 287 756
2986006 62 69500 287 756
2986067 62 69500 287 756
2986129 62 69500 287 756
2986195 62 69500 287 756
2986261 62 69500 287 756
2986326 62 69500 287 756
2986392 62 69500 287 756
2986455 62 69500 287 756
2986522 62 69500 287 756
2986582 62 69500 287 756
2986645 62 69500 287 756
2986705 62 69500 287 756
2986774 62 69500 287 756
2986834 62 69500 287 756
2986898 62 69500 287 756
2986964 62 69500 287 756
2987030 62 69500 287 756
2987099 62 69500 287 756
2987160 62 69500 287 756
2987222 62 69500 287 756
2987284 62 69500 287 756
2987353 62 69500 287 756
2987420 62 69500 287 756
2987486 62 69500 287 756
2987555 62 69500 287 756
2987615 62 69500 287 756
2987682 62 69500 287 756
2987749 62 69500 287 756
2987812 62 69500 287 756
2987881 62 69500 287 756
2987952 62 69500 287 756
2988015 62 69500 287 756
2988075 62 69500 287 756
2988140 62 69500 287 756
2988204 62 69500 287 756
2988269 62 69500 287 756
2988340 62 69500 287 756
2988402 62 69500 287 756
2988464 62 69500 287 756
2988531 62 69500 287 756
2988599 62 69500 287 756
2988663 62 69500 287 756
2988727 62 69500 287 756
2988790 62 69500 287 756
2988855 62 69500 287 756
2988924 62 69500 287 756
2988986 62 69500 287 756
2989052 62 69500 287 756
2989116 62 69500 287 756
2989176 62 69500 287 756
2989243 62 69500 287 756
2989310 62 69500 287 756
2989380 62 69500 287 756
2989443 62 69500 287 756
2989509 62 69500 287 756
2989580 62 69500 287 756
2989646 62 69500 287 756
2989710 62 69500 287 756
2989778 62 69500 287 756
2989846 62 69500 287 756
2989913 62 69500 287 756
2989976 62 69500 287 756
2990047 62 69500 287 756
2990112 62 69500 287 756
2990172 62 69500 287 756
2990235 62 69500 287 756
2990297 62 69500 287 756
2990362 62 69500 287 756
2990422 62 69500 287 756
2990482 62 69500 287 756
2990549 62 69500 287 756
2990616 62 69500 287 756
2990683 62 69500 287 756
2990750 62 69500 287 756
2990816 62 69500 287 756
2990885 62 69500 287 756
2990952 62 69500 287 756
2991017 62 69500 287 756
2991087 62 69500 287 756
2991148 62 69500 287 756
2991218 62 69500 287 756
2991282 62 69500 287 756
2991346 62 69500 287 756
2991418 62 69500 287 756
2991479 62 69500 287 756
2991539 62 69500 287 756
2991599 62 69500 287 756
2991685 62 69500 287 756
2991778 62 69500 287 756
2991843 62 69500 287 756
2991910 62 69500 287 756
2991977 62 69500 287 756
2992037 62 69500 287 756
2992098 62 69500 287 756
2992162 62 69500 287 756
2992222 62 69500 287 756
2992285 62 69500 287 756
2992347 62 69500 287 756
2992409 62 69500 287 756
2992476 62 69500 287 756
2992539 62 69500 287 756
2992605 62 69500 287 756
2992671 62 69500 287 756
2992732 62 69500 287 756
2992793 62 69500 287 756
2992861 62 69500 287 756
2992927 62 69500 287 756
2992987 62 69500 287 756
2993048 62 69500 287 756
2993108 62 69500 287 756
2993171 62 69500 287 756
2993238 62 69500 287 756
2993299 62 69500 287 756
2993364 62 69500 287 756
2993426 62 69500 287 756
2993488 62 69500 287 756
2993548 62 69500 287 756
2993616 62 69500 287 756
2993681 62 69500 287 756
2993743 62 69500 287 756
2993860 62 69500 287 756
2993924 62 69500 287 756
2993992 62 69500 287 756
2994052 62 69500 287 756
2994112 62 69500 287 756
2994173 62 69500 287 756
2994235 62 69500 287 756
2994297 62 69500 287 756
2994361 62 69500 287 756
2994426 62 69500 287 756
2994489 62 69500 287 756
2994560 62 69500 287 756
2994621 62 69500 287 756
2994685 62 69500 287 756
2994755 62 69500 287 756
2994818 62 69500 287 756
2994879 62 69500 287 756
2994940 62 69500 287 756
2995000 62 69500 287 756
2995063 62 69500 287 756
2995127 62 69500 287 756
2995195 62 69500 287 756
2995255 62 69500 287 756
2995317 62 69500 287 756
2995384 62 69500 287 756
2995453 62 69500 287 756
2995515 62 69500 287 756
2995583 62 69500 287 756
2995645 62 69500 287 756
2995705 62 69500 287 756
2995775 62 69500 287 756
2995837 62 69500 287 756
2995898 62 69500 287 756
2995959 62 69500 287 756
2996027 62 69500 287 756
2996088 62 69500 287 756
2996150 62 69500 287 756
2996210 62 69500 287 756
2996274 62 69500 287 756
2996334 62 69500 287 756
2996402 62 69500 287 756
2996473 62 69500 287 756
2996536 62 69500 287 756
2996599 62 69500 287 756
2996666 62 69500 287 756
2996736 62 69500 287 756
2996803 62 69500 287 756
2996871 62 69500 287 756
2996935 62 69500 287 756
2996998 62 69500 287 756
2997066 62 69500 287 756
2997130 62 69500 287 756
2997195 62 69500 287 756
2997258 62 69500 287 756
2997318 62 69500 287 756
2997380 62 69500 287 756
2997447 62 69500 287 756
2997507 62 69500 287 756
2997572 62 69500 287 756
2997632 62 69500 287 756
2997701 62 69500 287 756
2997770 62 69500 287 756
2997831 62 69500 287 756
2997892 62 69500 287 756
2997957 62 69500 287 756
2998020 62 69500 287 756
2998083 62 69500 287 756
2998144 62 69500 287 756
2998208 62 69500 287 756
2998276 62 69500 287 756
2998277 62 66500 287 756
