0.	1.
0.00012489591999999999	0.9996367725621228
0.00024979183	0.9992735451242455
0.00037468773	0.9989103176863683
0.00049958366	0.9980082831631186
0.00062447959	0.9969692397235622
0.00074937546	0.9959302751607567
0.00087427139	0.9945685469332838
0.00099916732	0.9929869103243121
0.0011240633000000001	0.9914052737153403
0.0012489592	0.9896778728707123
0.0013738551	0.9877243323812647
0.0014987509000000002	0.985770791891817
0.0016236469	0.9837780496571741
0.0017485428000000001	0.9816175365733747
0.0018734386999999999	0.9794570234895753
0.0019983346	0.9772965104057759
0.0021232305	0.975059644627109
0.0022481265	0.9728218323274312
0.0023730223000000003	0.9705843355347572
0.0024979184	0.9683477063863429
0.0026228142000000003	0.9661111561146796
0.0027477102	0.9639012661848191
0.002872606	0.9617058895771237
0.0029975019	0.9595105129694281
0.0031223979	0.9573892016308242
0.0032472937000000003	0.9552694678272382
0.0033721898	0.9531496551469013
0.0034970856000000002	0.9510581592201361
0.0036219816	0.9490659691227493
0.0037468773999999997	0.9470737001486117
0.0038717735000000004	0.945081510051225
0.0039966693	0.9430893199538382
0.0041215653	0.9410970509797005
0.0042464608999999995	0.9391047820055629
0.004371357	0.937112670784927
0.004496253	0.9351204018107894
0.0046211491	0.9331898933326035
0.004746044600000001	0.9312663260084965
0.0048709407000000005	0.9293426798076385
0.0049958367	0.9274191124835316
0.005120732300000001	0.9254955451594246
0.005245628400000001	0.9235719778353175
0.0053705244	0.9216484105112105
0.0054954205	0.9197248431871035
0.005620316	0.9177748521514463
0.0057452121	0.9157485084209214
0.0058701081	0.9137222435671475
0.0059950037	0.9116958209598717
0.0061198997000000005	0.9096694772293469
0.0062447958	0.9076431334988221
0.0063696918000000005	0.9056168686450481
0.006494587400000001	0.9035904460377724
0.0066194835	0.9015641811839984
0.0067443795	0.8993069652036002
0.0068692756	0.8969057991528164
0.0069941711	0.8945047119787835
0.0071190672	0.8921035459279996
0.0072439632	0.8897023798772158
0.0073688588	0.8873012138264319
0.0074937549	0.884900047775648
0.0076186509	0.882498960601615
0.007743547000000001	0.8800977945508313
0.0078684425	0.8776966285000474
0.0079933386	0.8752954624492635
0.0081182346	0.8728942963984797
0.0082431307	0.8704931303476958
0.0083680267	0.8680920431736628
0.008492921799999999	0.8656908771228791
0.0086178179	0.8627178546280974
0.0087427139	0.8596667441499283
0.008867610000000001	0.8566157914252611
0.008992506	0.8535646809470921
0.0091174021	0.850513649345674
0.009242298099999999	0.8474626177442559
0.0093671932	0.8444115861428377
0.009492089300000001	0.8413605545414197
0.0096169853	0.8383094440632507
0.009741881400000001	0.8352584124618325
0.0098667774	0.8322073019836635
0.0099916735	0.8291562703822454
0.01011657	0.8261052387808273
0.010241465	0.8230542071794092
0.010366361	0.8198819420118636
0.010491256999999999	0.8162218241400245
0.010616153000000001	0.8125616273914347
0.010741049	0.8089015883963465
0.010865945	0.8052413916477567
0.010990841	0.8015812737759176
0.011115736000000001	0.7979211559040786
0.011240632	0.7942610380322396
0.011365528	0.7906009201604006
0.011490424	0.7866611053298835
0.01161532	0.7824996468293479
0.011740216000000001	0.7783381883288123
0.011865112	0.7741767298282767
0.011990007	0.7700152713277411
0.012114903	0.7658538917039563
0.012239798999999999	0.7616924332034207
0.012364696000000001	0.7575309747028851
0.012489592	0.7533695162023495
0.012614488	0.7488852151603955
0.012739384	0.7443715719671081
0.01286428	0.7398579287738207
0.012989175	0.7351724920170812
0.013114071	0.7304707277729062
0.013238967	0.7257689635287313
0.013363863	0.7208931182953283
0.013488759	0.7160003145604826
0.013613655	0.7111075897023877
0.013738551	0.7060385753060399
0.013863446	0.700951971394242
0.013988341999999999	0.6958653674824442
0.014113238000000002	0.6905879607102283
0.014238134000000001	0.6852909925037902
0.01436303	0.6799939454206012
0.014487926	0.6745890738189371
0.014612823	0.6690650983234194
0.014737718	0.6635411228279019
0.014862614000000001	0.6580070905466451
0.01498751	0.652253899213023
0.015112406	0.6465007473177764
0.015237302	0.6407475954225298
0.015362198	0.6348531358280525
0.015487094000000002	0.6288692299980588
0.015611989	0.6228854030448161
0.015736885	0.6168595742217211
0.015861781000000002	0.6106441256894716
0.015986677	0.6044286377188465
0.016111571999999998	0.5982132286249724
0.016236469	0.5918240540488738
0.016361364	0.5853769839376174
0.016486261	0.5789297955112346
0.016611156000000002	0.5724092517065182
0.016736052999999997	0.5657311515918867
0.016860949000000004	0.559053130354006
0.016985844	0.5523751091161253
0.017110741000000002	0.5454838445821966
0.017235636	0.538565407007584
0.017360533	0.5316469299945962
0.017485428	0.5246989925151485
0.017610325	0.517531935421711
0.017735220000000003	0.5103649572050244
0.017860115	0.5031980184267133
0.017985012	0.4959453406201779
0.018109907	0.4885345149280956
0.018234804	0.4811236103592623
0.018359699	0.47371278466718
0.018484596	0.4661632542086465
0.018609491	0.4585147334277383
0.018734386000000002	0.4508662126468301
0.018859283	0.4432175735507955
0.018984179	0.4353815627330069
0.019109076000000003	0.4275029190313588
0.019233971000000002	0.4196244330832125
0.019358868	0.4117352987736953
0.019483763	0.4036361156765413
0.019608657999999998	0.39553693257938727
0.019733555	0.38743763116710694
0.019858450000000003	0.379279842644037
0.019983347	0.370970847389499
0.020108242000000002	0.36266200988846276
0.020233139	0.3543530146339247
0.020358034	0.3459433332068676
0.020482929	0.337437501020468
0.020607826	0.32893153079975423
0.020732721000000003	0.3204256788941669
0.020857617999999998	0.31178380403165895
0.020982513	0.3030952735709958
0.021107410000000004	0.2944066247952064
0.021232306000000003	0.285718114053731
0.021357201	0.2768668214175935
0.021482098	0.2680113877520339
0.021606992999999998	0.2591560921207884
0.02173189	0.25026956129618794
0.021856785	0.24126497169468356
0.021981682	0.23226022433967736
0.022106577000000002	0.22325561501898525
0.022231472000000002	0.21419356370445292
0.022356369	0.20505837392265205
0.022481264	0.19592332217516523
0.022606161	0.18678813239336436
0.022731056	0.1775788970616596
0.022855953	0.16833343758210578
0.022980848	0.1590880865580844
0.023105743	0.1498427453936569
0.02323064	0.1405166935938748
0.023355536	0.13118229071809157
0.023480433000000002	0.12184774980799427
0.023605328000000002	0.11250419722910707
0.023730225	0.10310274911506201
0.02385512	0.09370144889492489
0.023980015000000004	0.08430014867478777
0.024104912	0.07488244209046423
0.024229807000000003	0.06543710892413926
0.024354704	0.05599162786390637
0.024479599	0.04654629075374386
0.024604496	0.037088351110706914
0.024729391	0.027622285190408873
0.024854288000000002	0.018156076108807952
0.024979183	0.008690010582893667
0.025104078000000002	-0.0007737437161850439
0.025228974999999997	-0.010237179432066887
0.02535387	-0.019700471848611536
0.025478767000000003	-0.029162190082400178
0.025603662	-0.038599253021393665
0.025728559	-0.04803645991045753
0.025853455	-0.05747352087753225
0.02597835	-0.06689588119015867
0.026103247	-0.07628368757013622
0.026228142	-0.08567135197196216
0.026353038999999998	-0.09505916426769602
0.026477934	-0.1044086720412759
0.026602831	-0.11372443042506603
0.026727726	-0.12304007049372981
0.026852621	-0.1323556908432059
0.026977518	-0.1415999375927147
0.027102413	-0.15082168474903035
0.02722731	-0.16004356993966007
0.027352205	-0.16926530723638186
0.027477102	-0.1783731662239972
0.027601997	-0.1874801970057281
0.027726892	-0.1965872080682713
0.027851789000000002	-0.20566396989684577
0.027976685	-0.21463659469504948
0.028101582	-0.22360935752756722
0.028226477	-0.23258198232577093
0.028351374000000002	-0.2414847026034928
0.028476269	-0.25030456285439817
0.028601164000000002	-0.25912442310530354
0.028726061	-0.26794440167133526
0.028850956	-0.27664711022797195
0.028975853000000003	-0.2852974643412013
0.029100748	-0.2939477001393042
0.029225645	-0.3025980345333458
0.029350539999999998	-0.311077600761697
0.029475435	-0.31954287057894826
0.029600332000000004	-0.32800827843051356
0.029725227	-0.33644278631491525
0.029850124000000002	-0.3447095825077238
0.029975019	-0.352976260385406
0.030099916	-0.36124305657821454
0.030224812	-0.36942817589547
0.030349707	-0.37748421340988375
0.030474604	-0.38554040867779926
0.030599499000000002	-0.393596446192213
0.030724396	-0.40151579029732354
0.030849291	-0.4093508940324769
0.030974188000000003	-0.4171860766443811
0.031099083	-0.4250211803795344
0.031223978	-0.4326607880875914
0.031348875	-0.440266399916012
0.03147377	-0.4478718934293064
0.031598667	-0.45545770719325207
0.031723562000000004	-0.4628265704538576
0.031848458999999996	-0.47019551259121406
0.031973354	-0.4775643758518196
0.032098251	-0.4848568864175576
0.032223145	-0.4919834797377853
0.032348042	-0.49911027024989024
0.032472939	-0.5062370607619952
0.032597836000000005	-0.5132290114684429
0.032722729	-0.5201094698874988
0.032847626	-0.526990125498432
0.032972523000000004	-0.5338707811093653
0.033097416000000004	-0.5405626452170282
0.033222313	-0.5472014647097134
0.033347209999999995	-0.5538403630791496
0.033472107	-0.5604268478476152
0.033597	-0.5668293525946152
0.033721897	-0.5732320150951171
0.033846794000000006	-0.5796347170339944
0.033971687	-0.5858804936769636
0.034096584	-0.5920467625550294
0.034221481	-0.5982130314330951
0.034346378000000004	-0.6043546907648812
0.034471272	-0.6102850392810163
0.034596169	-0.6162155455506532
0.034721066	-0.6221460912586655
0.034845959	-0.6279485411232223
0.034970856	-0.6336448228810727
0.035095753	-0.6393410652005477
0.03522065	-0.6450373075200226
0.035345543	-0.6505042156862668
0.035470440000000006	-0.655968402604605
0.035595337000000005	-0.6614325500845677
0.03572023	-0.666798180502661
0.035845127	-0.6720330727061438
0.035970024	-0.6772678860328757
0.036094921	-0.6825026993596076
0.036219814	-0.6875407940696042
0.036344710999999995	-0.6925496255050183
0.036469608	-0.6975585358171833
0.036594501	-0.7024979557118086
0.036719398	-0.7072848279702006
0.036844296	-0.712071542475091
0.036969193	-0.7168582569799812
0.037094086	-0.7214805923360036
0.037218983000000004	-0.7260493703781675
0.037343879999999996	-0.7306181484203313
0.037468773	-0.7351452006612711
0.03759367	-0.739500380462008
0.037718567	-0.7438556391394957
0.037843464	-0.7482108978169834
0.037968357	-0.7524330914157091
0.038093254	-0.7565794844568235
0.038218151	-0.7607259563746889
0.038343044	-0.7648563374353714
0.038467941000000005	-0.7687989129521698
0.038592838000000004	-0.7727413307154666
0.038717734999999996	-0.776683906232265
0.038842628	-0.7805229165751368
0.038967525	-0.7842664860494241
0.039092422	-0.7880099766469604
0.039217315999999995	-0.7917533883677458
0.039342213	-0.795310729833167
0.03946711	-0.7988604202537513
0.039592007000000005	-0.8024101106743355
0.039716900000000006	-0.8058837639070557
0.039841797	-0.8092446233859943
0.039966694	-0.812605403988182
0.040091587	-0.8159661845903697
0.040216484000000004	-0.8191719723770463
0.040341381	-0.8223491279031476
0.040466278	-0.8255262045524979
0.040591171	-0.8286522479440184
0.040716068	-0.8316505898758377
0.040840965	-0.8346489318076572
0.040965858	-0.8376472737394766
0.041090755	-0.8405149957718118
0.041215652	-0.8433337353418404
0.041340549000000004	-0.8461523960351182
0.041465443000000005	-0.848970977851645
0.041590339999999996	-0.8516232086005316
0.041715237	-0.8542614781645096
0.04184013	-0.8568997477284876
0.041965027	-0.8595170360767272
0.04208992400000001	-0.8619802781304664
0.042214821	-0.8644434413074548
0.042339714	-0.866906604484443
0.042464611	-0.8693158948405693
0.042589508000000005	-0.871609157496127
0.042714401000000006	-0.8739023412749338
0.042839298	-0.8761956039304917
0.042964195	-0.8784039163253341
0.043089092	-0.8805320110645152
0.043213985	-0.8826601058036961
0.043338882	-0.8847882005428771
0.043463779	-0.8868022395002622
0.043588673	-0.8887698200513693
0.04371357	-0.8907374006024764
0.043838467	-0.8927049811535835
0.043963364	-0.8945308201833301
0.044088257	-0.8963422247676627
0.044213154000000005	-0.8981535504752443
0.044338051	-0.8999491008326467
0.044462944000000004	-0.9016084310412512
0.044587840999999996	-0.9032677612498557
0.044712738	-0.9049270914584603
0.044837635	-0.9065417774260576
0.044962528	-0.9080528193429772
0.04508742500000001	-0.9095639401366477
0.045212322	-0.9110749820535673
0.045337215	-0.9125140094969186
0.045462112	-0.9138803914526944
0.045587009000000005	-0.9152468522852212
0.045711906	-0.916613234240997
0.0458368	-0.9179042100229161
0.045961697	-0.9191621364462096
0.046086594	-0.9203689507349223
0.046211487	-0.9215532062728787
0.046336384	-0.9226871384437633
0.046461281	-0.9237985907406424
0.046586178	-0.9248603506844569
0.046711071	-0.9258997885077679
0.046835968000000006	-0.9268900861152704
0.046960865	-0.9278581404790202
0.047085758	-0.9287776856409686
0.047210655000000004	-0.9296751453126663
0.047335552	-0.930524569043068
0.047460448999999995	-0.9313519861599698
0.047585341999999996	-0.9321318405960811
0.047710239	-0.9328897672954433
0.047835136	-0.9336007623280221
0.04796003000000001	-0.9342898296238518
0.048084927	-0.9349323596366527
0.048209824	-0.9355530407894553
0.048334721000000004	-0.9361107782950427
0.048459614000000005	-0.9366387003887914
0.048584511	-0.93716662248254
0.048709408	-0.9376711181812725
0.048834305	-0.9380822238069438
0.048959198	-0.9384933294326151
0.049084095	-0.9389044350582864
0.049208992	-0.9392318524512567
0.049333885	-0.9395271670066123
0.049458782	-0.9398225604387188
0.049583679	-0.9400897948707554
0.049708576000000004	-0.9402701071233042
0.049833469000000005	-0.940450498252604
0.049958366	-0.9406308893819036
0.050083263	-0.9406664627965579
0.050208157	-0.940658022984212
0.050333053999999995	-0.9406495831718661
0.050457951	-0.9406411433595202
0.050582848	-0.9406327035471743
0.050707741	-0.9406242637348283
0.050832638000000006	-0.9406157450457315
0.050957535	-0.9406073052333856
0.051082428	-0.9404078259303691
0.051207325	-0.9401365687840368
0.051332222000000004	-0.9398652327609537
0.051457119	-0.9395938967378705
0.051582012	-0.9393225607147875
0.051706909	-0.9390512246917043
0.051831806	-0.9387798886686212
0.051956699	-0.938508631522289
0.052081596	-0.938056194479148
0.052206493	-0.9375210946010678
0.05233139	-0.9369859947229876
0.052456284	-0.9364508948449074
0.052581181000000005	-0.9359157949668272
0.052706077999999996	-0.935380695088747
0.052830971	-0.9348455952106668
0.052955868	-0.9343104953325866
0.053080765	-0.9335269336891832
0.053205662	-0.9326077040342382
0.053330554999999995	-0.9316884743792933
0.053455452	-0.9307691658475974
0.053580349	-0.9298499361926524
0.053705242	-0.9289307065377074
0.053830139000000006	-0.9280113980060115
0.053955036	-0.9270921683510666
0.054079933	-0.9261728598193707
0.054204826	-0.9252536301644257
0.054329723	-0.9243344005094807
0.05445462	-0.9234150919777848
0.054579514	-0.9224958623228399
0.054704411	-0.9215766326678949
0.054829308	-0.920657324136199
0.054954205000000006	-0.9193374005867011
0.055079098	-0.9178313279050879
0.055203995	-0.9163252552234749
0.055328892000000005	-0.9148191825418617
0.055453785000000005	-0.9133131098602486
0.055578682000000004	-0.9118069583018845
0.055703578999999996	-0.9103008856202714
0.055828476	-0.9087947340619074
0.055953369	-0.9072887402570452
0.056078266	-0.9057825886986811
0.05620316300000001	-0.904276516017068
0.056328055999999994	-0.9027704433354549
0.056452953	-0.9012642917770909
0.05657785	-0.8997582190954777
0.056702747000000005	-0.8982520675371137
0.056827641	-0.8967459948555006
0.056952538	-0.8952398432971366
0.057077435	-0.8937337706155234
0.057202328000000004	-0.8922276979339103
0.057327225	-0.8901645976374678
0.057452122	-0.8879887824639946
0.057577019	-0.8858130461672722
0.057701912	-0.883637230993799
0.057826809	-0.8814614158203258
0.057951706000000006	-0.8792856006468525
0.058076599	-0.8771097854733793
0.058201496	-0.8749339702999059
0.058326393000000004	-0.8727581551264327
0.05845129	-0.8705823399529595
0.058576183000000004	-0.8684066036562371
0.058701079999999996	-0.8662307884827639
0.058825977	-0.8640549733092907
0.058950871	-0.8618792370125683
0.059075768	-0.8597033429623442
0.059200665	-0.857527527788871
0.059325562	-0.8553517126153977
0.059450455	-0.8530325783855459
0.059575352000000005	-0.8503323905721144
0.059700249000000004	-0.8476322816354337
0.059825142	-0.8449320938220022
0.059950039	-0.8422319848853215
0.060074936	-0.83953179707189
0.060199833	-0.8368316881352093
0.060324726	-0.8341315791985286
0.060449623	-0.831431391385097
0.06057452	-0.8287312035716655
0.060699413	-0.8257601529956562
0.06082431	-0.8226778073241323
0.060949207000000005	-0.8195953827758574
0.061074104	-0.8165130371043335
0.061198997	-0.8134307703095605
0.061323895	-0.8103484246380366
0.061448792	-0.8072660000897618
0.061573684999999996	-0.8041837332949887
0.061698582	-0.8011013876234648
0.061823479	-0.7979635127193099
0.061948376000000006	-0.7944968795174194
0.06207326900000001	-0.791030246315529
0.062198166	-0.7875636131136384
0.062323063	-0.784096979911748
0.062447956	-0.7806303467098575
0.062572853	-0.777163713507967
0.06269775	-0.7736970014293256
0.06282264700000001	-0.7702303682274352
0.06294754	-0.7667638139022955
0.06307243700000001	-0.7630954928483633
0.063197334	-0.7592810131750204
0.063322227	-0.7554667701319301
0.06344712400000001	-0.751652369335338
0.063572021	-0.7478379685387458
0.06369691799999999	-0.7440235677421538
0.063821812	-0.7402093246990635
0.063946709	-0.7363949239024714
0.064071602	-0.7324063632399004
0.064196503	-0.7282879714453542
0.06432139599999999	-0.7241698162810606
0.06444628899999999	-0.7200515822400161
0.06457119	-0.715933111568719
0.064696083	-0.7118149564044254
0.064820984	-0.7076964857331283
0.064945877	-0.7035782516920838
0.06507077	-0.6992994245862145
0.06519567100000001	-0.6948975497489471
0.06532056400000001	-0.6904959115419325
0.06544545700000001	-0.6860942733349177
0.065570358	-0.6816923196208994
0.065695251	-0.6772906025371338
0.065820145	-0.6728889643301191
0.065945045	-0.6684870894928517
0.06606993900000001	-0.6639434731342237
0.06619483200000001	-0.6592882461730776
0.066319733	-0.6546328220200541
0.066444626	-0.6499776344972834
0.06656952699999999	-0.6453221709058845
0.06669441999999999	-0.6406669833831138
0.06681931299999999	-0.6360117958603431
0.066944214	-0.6313563322689442
0.067069107	-0.6265765589181328
0.067194	-0.6216962177099287
0.067318901	-0.616815560994721
0.067443794	-0.6119351803481415
0.067568687	-0.6070548391399374
0.06769358800000001	-0.6021741429863543
0.06781848100000001	-0.5972938017781502
0.067943375	-0.592413460569946
0.068068275	-0.5875328038547384
0.068193169	-0.5825810397485978
0.068318069	-0.5775230680973753
0.06844296300000001	-0.5724654513915318
0.06856785600000001	-0.5674078346856883
0.06869275700000001	-0.5623499419112168
0.06881765000000001	-0.557292285766998
0.06894254300000001	-0.5522346690611545
0.06906744399999999	-0.5471767368483075
0.06919233699999999	-0.542119120142464
0.06931723	-0.5370370122054673
0.069442131	-0.5318820221506425
0.069567024	-0.5267273476028211
0.069691917	-0.5215726730549999
0.069816818	-0.516417683000175
0.069941711	-0.5112630084523537
0.07006661200000001	-0.506108018397529
0.070191505	-0.500953383288083
0.070316399	-0.4957986693018863
0.070441299	-0.49064300879467887
0.070566193	-0.48548143253115417
0.070691086	-0.4803198957060049
0.07081598700000001	-0.4751580433738521
0.07094088000000001	-0.46999650654870284
0.071065773	-0.46483496972355354
0.07119067400000001	-0.4596731173914007
0.071315567	-0.454511541127876
0.07144046	-0.4493500437411022
0.071565361	-0.44418815197057393
0.071690254	-0.4391100667478729
0.071815155	-0.4340359648010922
0.071940048	-0.42896213892293955
0.07206494100000001	-0.42388835248316237
0.072189842	-0.41881417165963075
0.072314735	-0.41374038521985357
0.07243962899999999	-0.40866655934170093
0.07256452899999999	-0.40359241795654477
0.072689423	-0.39851859207839213
0.072814316	-0.3935887951473761
0.072939217	-0.38869453219263883
0.07306411	-0.3838005847449051
0.073189003	-0.37890659785879593
0.073313904	-0.37401233490405866
0.073438797	-0.3691183480179495
0.07356369800000001	-0.36422408506321224
0.073688591	-0.3593300981771031
0.073813484	-0.35443611129099395
0.073938385	-0.34971245874844525
0.074063278	-0.34508073705906617
0.074188171	-0.3404490153696871
0.07431307200000001	-0.33581697817330436
0.07443796500000001	-0.33118525648392527
0.07456285900000001	-0.3265535545137339
0.074687759	-0.321921537036539
0.07481265299999999	-0.31728979562797216
0.074937546	-0.312658073938593
0.075062447	-0.30818935105494105
0.07518734	-0.30388417911427246
0.075312241	-0.29957875082416346
0.075437134	-0.29527357888349487
0.075562027	-0.2909684069428263
0.075686928	-0.2866629786527173
0.075811821	-0.2823578264312364
0.075936714	-0.2780526544905678
0.076061615	-0.2737472262004588
0.076186508	-0.26960538829170866
0.076311401	-0.26567018775111895
0.076436302	-0.26173475058027657
0.076561195	-0.25779955003968685
0.076686089	-0.25386434949909714
0.07681098900000001	-0.24992891232825476
0.07693588300000001	-0.24599371178766505
0.07706078300000001	-0.24205827461682267
0.077185677	-0.23812307407623295
0.07731057	-0.2343382717804147
0.077435471	-0.23079562110984794
0.077560364	-0.2272531479119707
0.077685257	-0.2237106944332812
0.077810158	-0.22016802404352673
0.077935051	-0.2166255705648372
0.078059944	-0.2130831170861477
0.078184845	-0.2095404466963932
0.078309738	-0.2059979932177037
0.07843463099999999	-0.20258333979465384
0.078559532	-0.199434599618063
0.078684425	-0.1962860566333494
0.078809326	-0.19313731645675855
0.078934219	-0.18998877347204493
0.079059113	-0.18684025020651907
0.079184013	-0.1836915100299282
0.07930890700000001	-0.1805429670452146
0.07943380000000001	-0.177394424060501
0.079558701	-0.17434566016567116
0.079683594	-0.17157300433735365
0.079808487	-0.16880034850903616
0.079933388	-0.16602751520802916
0.080058281	-0.1632548495201178
0.080183174	-0.1604821936918003
0.080308075	-0.15770936039079328
0.08043296800000001	-0.15493669470288193
0.080557869	-0.15216387126146877
0.080682762	-0.14946134672429193
0.08080765499999999	-0.14702676650990965
0.080932556	-0.14459203840161944
0.081057449	-0.14215746804683102
0.081182343	-0.13972288783244874
0.081307243	-0.1372881695837524
0.081432137	-0.1348535893693701
0.08155703	-0.13241901901458172
0.08168193100000001	-0.12998429090629152
0.08180682400000001	-0.12767021464809097
0.081931717	-0.12552706430908264
0.082056618	-0.12338378579535411
0.082181511	-0.12124063545634578
0.082306412	-0.11909735694261725
0.082431305	-0.11695420660360892
0.082556198	-0.11481105626460059
0.08268109900000001	-0.11266776789127818
0.08280599200000001	-0.11052461755226985
0.08293088500000001	-0.10853423176055985
0.08305578599999999	-0.10663753182972686
0.083180679	-0.10474094035442637
0.083305573	-0.10284435873871973
0.083430473	-0.1009476489482929
0.083555367	-0.09905105747299241
0.08368026	-0.09715447585728577
0.083805161	-0.09525776606685893
0.083930054	-0.0933611844511523
0.08405495500000001	-0.09164306148434845
0.08417984800000002	-0.08996274020041163
0.084304741	-0.08828241891647481
0.084429642	-0.08660200889619322
0.084554535	-0.08492168761225641
0.084679428	-0.08324137618791345
0.084804329	-0.08156095236420045
0.084929222	-0.07988063502410118
0.085054115	-0.07820031965592068
0.08517901600000001	-0.07651990371988279
0.08530390900000001	-0.07498523427223222
0.08542880200000001	-0.07348887329057319
0.085553703	-0.07199242357256941
0.085678596	-0.07049606653474794
0.08580349699999999	-0.06899961681674414
0.085928391	-0.06750325583508512
0.08605328400000001	-0.0660069007691824
0.086178185	-0.06451044513542231
0.086303078	-0.0630140900695196
0.086427971	-0.061674510433698294
0.08655287199999999	-0.06033519897883003
0.08667776499999999	-0.058995964428793894
0.08680265799999999	-0.05765673579451407
0.086927559	-0.05631742433964581
0.087052452	-0.05497818978960968
0.087177345	-0.05363895721149231
0.087302246	-0.05229964378470528
0.087427139	-0.050992803916262236
0.08755204000000001	-0.04981232460275499
0.08767693300000001	-0.048631924165998645
0.08780182600000001	-0.0474515237292423
0.087926727	-0.04627105033149138
0.08805162	-0.04509064397897872
0.088176514	-0.043910239598384825
0.088301414	-0.04272977014447144
0.08842630800000001	-0.04154936379195878
0.08855120100000001	-0.04044028568528161
0.088676102	-0.039433798624657644
0.08880099500000001	-0.03842737269351563
0.08892588800000001	-0.03742095070621116
0.08905078899999999	-0.036414463645587196
0.08917568199999999	-0.035408039686363954
0.089300583	-0.03440155262573999
0.089425476	-0.03339512669459798
0.089550369	-0.03238870273537473
0.08967527	-0.03138221764666954
0.089800163	-0.03054244645865868
0.089925056	-0.029719957166769194
0.09004995700000001	-0.028897414633072847
0.09017485000000001	-0.028074925341183356
0.090299744	-0.02725243802121264
0.090424644	-0.026429895487516297
0.090549538	-0.025607406195626806
0.090674431	-0.024784916903737315
0.09079933200000001	-0.02396237437004097
0.09092422500000001	-0.02320991580143472
0.09104912600000001	-0.022561558768661352
0.09117401900000001	-0.02191323920234466
0.09129891200000001	-0.021264917664109196
0.09142381299999999	-0.020616560631335823
0.091548706	-0.01996824106501913
0.091673599	-0.019319921104318682
0.0917985	-0.018671562691202175
0.091923393	-0.018023242730501727
0.092048286	-0.017374925136103805
0.092173187	-0.016863745815884155
0.09229808	-0.0163681681197999
0.092422974	-0.015872592987210058
0.09254787399999999	-0.01537698571234422
0.092672768	-0.014881409199411232
0.092797668	-0.01438580310769666
0.092922562	-0.013890226594763674
0.093047455	-0.013394650279022563
0.093172356	-0.012899044187307989
0.093297249	-0.012453017063328645
0.093422142	-0.012083159048579166
0.09354704300000001	-0.011713277567996295
0.09367193600000001	-0.011343418370095552
0.093796829	-0.010973559172194808
0.09392173	-0.010603677691611938
0.094046623	-0.010233818493711196
0.094171516	-0.009863959887386085
0.09429641700000001	-0.009494077815227583
0.09442131000000001	-0.009124219208902471
0.094546211	-0.008838670581267229
0.094671104	-0.008563543544344155
0.09479599799999999	-0.008288416507421079
0.09492089799999999	-0.008013272709188439
0.095045792	-0.007738145080689734
0.095170685	-0.00746301863534229
0.095295586	-0.007187875034301527
0.095420479	-0.0069127474058028205
0.095545372	-0.006665060210173412
0.095670273	-0.006458899849163989
0.095795166	-0.006252751122475323
0.095920059	-0.006046602395786656
0.09604496	-0.0058404406544340925
0.096169853	-0.005634292716512934
0.096294754	-0.005428131566736002
0.096419647	-0.005221982840047336
0.09654454	-0.0050158343105505465
0.09666944100000001	-0.004859843704140564
0.09679433400000001	-0.004709101556735219
0.09691922800000001	-0.004558359606521751
0.09704412800000001	-0.004407607796714421
0.097169022	-0.004256865846500952
0.097293915	-0.004106123304711853
0.097418816	-0.003955372086480154
0.097543709	-0.0038046295446910548
0.09766861	-0.003653878523651233
0.097793503	-0.003516205465101889
0.097918396	-0.003409169319751914
0.098043297	-0.0033021268642618668
0.09816819	-0.003195090718911892
0.098293083	-0.0030880547707537944
0.098417984	-0.0029810121180718708
0.098542877	-0.002873976169913773
0.09866777	-0.002766940024563798
0.098792671	-0.002659897569073751
0.098917564	-0.002552861423723776
0.099042458	-0.002467701548043001
0.099167358	-0.0023922512032056773
0.09929225200000001	-0.002316805788165285
0.09941715200000001	-0.002241355837711716
0.099542046	-0.0021659102254794464
0.099666939	-0.0020904646132471768
0.09979183999999999	-0.0020150146627936076
0.099916733	-0.001939569129438089
0.10004163	-0.0018641235172058195
0.10016652999999999	-0.0017910808851896044
0.10029142	-0.0017436056984350932
0.10041631	-0.0016961306891532715
0.10054121	-0.0016486525839589773
0.10066611	-0.0016011773972044658
0.100791	-0.0015537022301691425
0.10091589999999999	-0.0015062242827283499
0.10104079	-0.0014587490959738388
0.1011657	-0.0014112709907795446
0.10129059	-0.001363795823744221
0.10141548	-0.0013163207947432117
0.10154038	-0.0012688426895489174
0.10166528	-0.001221367502794406
0.10179017	-0.0011738923357590828
0.10191507	-0.0011264143094415393
0.10203996	-0.001078939122687028
0.10216486000000001	-0.0010314639556517045
0.10228976000000001	-0.0009839859293341612
0.10241465	-0.0009412749377721594
0.10253954	-0.0009166502865947306
0.10266444	-0.0008920242550741611
0.10278933999999999	-0.00086739962361592
0.10291424	-0.0008427735920953507
0.10303913	-0.0008181490197946727
0.10316402	-0.0007935244474939949
0.10328893	-0.0007688983568158623
0.10341382	-0.0007442737845151845
0.10353870999999999	-0.0007196492122145065
0.10366361	-0.0006950231018171863
0.10378851	-0.0006703985492356961
0.1039134	-0.0006457739374966428
0.10403830000000001	-0.000621147866537698
0.10416319	-0.00059652329423702
0.10428809	-0.0005718987022171545
0.10441299	-0.0005472726312582096
0.10453788	-0.0005226480589575318
0.10466278	-0.0004980219485602115
0.10478767000000001	-0.0004752043440266282
0.10491257000000001	-0.0004627829121722365
0.10503747000000001	-0.00045036067183114824
0.10516236000000001	-0.0004379391611000057
0.10528725	-0.00042551768980723866
0.10541216	-0.0004130954494661503
0.10553705	-0.00040067397817338327
0.10566194000000001	-0.0003882525068806162
0.10578684000000001	-0.00037583026653952793
0.10591173999999999	-0.0003634087952467608
0.10603663	-0.0003509873239539937
0.10616153	-0.0003385650836129054
0.10628642	-0.00032614357288176285
0.10641132	-0.00031372137197905003
0.10653622	-0.0003012998809670952
0.10666110999999999	-0.00028887840967432816
0.10678601	-0.0002764561693332398
0.1069109	-0.00026403467832128506
0.1070358	-0.00025161322674770566
0.10716070000000001	-0.00023973121327350584
0.10728559	-0.0002334725402817651
0.10741048	-0.00022721388700921213
0.10753539000000001	-0.00022095479991452916
0.10766028	-0.00021469614664197613
0.10778517	-0.00020843747365023542
0.10791007000000001	-0.0002021784062747402
0.10803497000000001	-0.00019591973919875577
0.10815987	-0.00018966068759861075
0.10828476000000001	-0.0001834020224945451
0.10840965	-0.0001771433376712917
0.10853455	-0.00017088428607114667
0.10865945	-0.00016462561899516226
0.10878434000000001	-0.00015836694403150274
0.10890924	-0.00015210789243135772
0.10903413	-0.00014584921746769818
0.10915903	-0.00013959054053211991
0.10928393	-0.00013333149090389364
0.10940882	-0.00012707282382790923
0.10953371	-0.00012089861008910945
0.10965862	-0.00011774656300473727
0.10978351000000001	-0.00011459471902799865
0.10990841000000001	-0.00011144268180322033
0.1100333	-0.00010829083585456294
0.1101582	-0.00010513899187782432
0.11028310000000001	-0.00010198695465304602
0.11040799	-0.0000988351106763074
0.11053288000000001	-0.00009568326669956879
0.11065778000000001	-0.00009253122947479047
0.11078268000000001	-0.00008937938549805187
0.11090757000000001	-0.00008622753954939447
0.11103247000000001	-0.00008307550232461616
0.11115736	-0.00007992365834787754
0.11128226	-0.00007677181042730139
0.11140716	-0.00007361977714636063
0.11153205	-0.00007046793316962201
0.11165694999999999	-0.00006731589594484371
0.11178185	-0.00006416405196810509
0.11190674	-0.00006101220207561015
0.11203164	-0.000059373227984493143
0.11215653	-0.00005778635790309944
0.11228143	-0.00005619948782170573
0.11240633	-0.00005461251717245463
0.11253122	-0.00005302565103489847
0.11265611	-0.00005143877700966721
0.11278101	-0.00004985181030425366
0.11290591000000001	-0.00004826494022285995
0.1130308	-0.00004667807014146624
0.1131557	-0.00004509109949221514
0.11328059	-0.00004350422941082143
0.11340549	-0.00004191726467732665
0.11353039	-0.000040330392624014174
0.11365528000000001	-0.00003874352254262046
0.11378018000000001	-0.000037156553865288134
0.11390508	-0.000035569683783894426
0.11402997000000001	-0.00003398281370250071
0.11415487	-0.00003239584502516839
0.11427976	-0.00003080897297185591
0.11440466	-0.000029936323982152713
0.11452956	-0.00002913742081069998
0.11465445	-0.000028338566937216552
0.11477934000000001	-0.00002753971109181435
0.11490424	-0.000026740807920361615
0.11502914	-0.00002594195404687819
0.11515404	-0.00002514304693158791
0.11527893	-0.00002434419503002325
0.11540382	-0.000023545341156539825
0.11552872000000002	-0.000022746436013168318
0.11565362000000001	-0.00002194758411160366
0.11577851	-0.00002114872629428269
0.11590341	-0.000020349823122829954
0.11602831000000001	-0.000019550969249346525
0.1161532	-0.00001875211340394433
0.1162781	-0.00001795321082406722
0.11640299000000001	-0.000017154356161816286
0.11652789	-0.000016355500316414087
0.11665278999999999	-0.000015556597736536982
0.11677768000000001	-0.000015093344718929404
0.11690258	-0.000014691189632566066
0.11702747	-0.000014289056040117347
0.11715237	-0.000013886925011163033
0.11727727	-0.00001348476736130529
0.11740215999999999	-0.000013082635149199712
0.11752705000000001	-0.000012680502937094136
0.11765195	-0.000012278346470387657
0.11777685	-0.00001187621425828208
0.11790174	-0.000011474081848984623
0.11802664	-0.000011071925579470022
0.11815154	-0.000010669793170172568
0.11827643	-0.000010267660958066988
0.11840133	-9.865503899784879e-6
0.11852622	-9.463371687679301e-6
0.11865112000000001	-9.061214629397192e-6
0.11877602000000001	-8.659082417291614e-6
0.11890091	-8.256950007994159e-6
0.11902581000000001	-7.854793738479557e-6
0.1191507	-7.609539299039668e-6
0.1192756	-7.4071184847902355e-6
0.11940049999999999	-7.204685247452537e-6
0.11952539000000001	-7.0022650247787376e-6
0.11965028	-6.799844210529305e-6
0.11977518000000001	-6.59741077599973e-6
0.11990008	-6.394990158942174e-6
0.12002497	-6.192569344692743e-6
0.12014987	-5.990136501738799e-6
0.12027477	-5.787715884681243e-6
0.12039967	-5.585282450151668e-6
0.12052456	-5.382861635902235e-6
0.12064945	-5.180440821652804e-6
0.12077435	-4.978007781506983e-6
0.12089925	-4.775586967257551e-6
0.12102414	-4.5731665473918734e-6
0.12114904	-4.370733507246052e-6
0.12127393	-4.168312495804743e-6
0.12139883000000001	-3.965891878747188e-6
0.12152373	-3.83635515424467e-6
0.12164862	-3.7344659140825525e-6
0.12177351	-3.6325770683041903e-6
0.12189841	-3.5306815180020015e-6
0.12202331	-3.4287926722236393e-6
0.12214821000000001	-3.32689712192145e-6
0.1222731	-3.2250082761430876e-6
0.12239799	-3.1231190359809712e-6
0.1225229	-3.0212238800625366e-6
0.12264779	-2.9193346399004194e-6
0.12277268	-2.8174453997383027e-6
0.12289758	-2.715550441011746e-6
0.12302248	-2.6136613980415063e-6
0.12314736999999999	-2.511772157879389e-6
0.12327227	-2.409877001960955e-6
0.12339716	-2.307987958990715e-6
0.12352206	-2.2060989160204756e-6
0.12364696000000001	-2.1042037601020414e-6
0.12377185	-2.0023145199399246e-6
0.12389675	-1.93405556567369e-6
0.12402164	-1.8827712628648968e-6
0.12414654	-1.8314868023026018e-6
0.12427144	-1.7801992063894585e-6
0.12439633000000001	-1.7289147458271636e-6
0.12452122	-1.6776304430183703e-6
0.12464613000000001	-1.6263428273860395e-6
0.12477102	-1.5750583865429322e-6
0.12489591	-1.5237739259806372e-6
0.12502081	-1.4724864681018082e-6
0.12514571	-1.4212020272587007e-6
0.1252706	-1.369917566696406e-6
0.1253955	-1.3186301088175769e-6
0.12552039	-1.2673456679744694e-6
0.12564529	-1.2160580523421386e-6
0.12577019	-1.1647735917798436e-6
0.12589508	-1.1134892298134873e-6
0.12601998	-1.0622016930579073e-6
0.12614487	-1.0109172324956123e-6
0.12626977	-9.750235782327617e-7
0.12639467000000001	-9.492099980698859e-7
0.12651956	-9.233979165652773e-7
0.12664445000000002	-8.975858350606684e-7
0.12676936	-8.717721760210419e-7
0.12689425000000001	-8.45960173393184e-7
0.12701914	-8.20148032731012e-7
0.12714404	-7.943343736913855e-7
0.12726894	-7.685223710635277e-7
0.12739384	-7.42708712023901e-7
0.12751873	-7.168966305192922e-7
0.12764362	-6.910845490146834e-7
0.12776852	-6.652709688518077e-7
0.12789342	-6.39458887347199e-7
0.12801831000000002	-6.136468058425903e-7
0.1281432	-5.878347243379815e-7
0.12826811000000002	-5.620195272017124e-7
0.12839301	-5.362074456971037e-7
0.1285179	-5.103953641924949e-7
0.12864279	-4.915551592612308e-7
0.12876768000000002	-4.785637442856751e-7
0.12889258	-4.655723293101195e-7
0.12901749	-4.5257933679954587e-7
0.12914238	-4.3958792182399017e-7
0.12926727	-4.2659646741005904e-7
0.12939217	-4.1360505243450334e-7
0.12951706	-4.0061365717813533e-7
0.12964197	-3.876206646675617e-7
0.12976686	-3.746292102536306e-7
0.12989175	-3.616377952780749e-7
0.13001665	-3.486463803025192e-7
0.13014154	-3.356549653269635e-7
0.13026643000000002	-3.2266355035140773e-7
0.13039134000000002	-3.096705381216464e-7
0.13051624	-2.9667910342690297e-7
0.13064113	-2.836876884513473e-7
0.13076602	-2.706962734757916e-7
0.13089091	-2.577048387810482e-7
0.13101580999999998	-2.4783226969349366e-7
0.13114072	-2.4129293350287627e-7
0.13126561	-2.3475440579895562e-7
0.1313905	-2.2821587809503497e-7
0.1315154	-2.216773503911143e-7
0.13164029	-2.1513880296800596e-7
0.1317652	-2.085994864965763e-7
0.13189009	-2.0206095879265566e-7
0.13201498	-1.9552242122914117e-7
0.13213988000000002	-1.8898387380603278e-7
0.13226477	-1.8244534413019335e-7
0.13238966	-1.7590681642627267e-7
0.13251457	-1.693674960110055e-7
0.13263946999999998	-1.6282894858789712e-7
0.13276436000000003	-1.562904287716516e-7
0.13288925000000001	-1.4975189120813704e-7
0.13301414	-1.432133713918915e-7
0.13313905	-1.3667403322935538e-7
0.13326395	-1.3013550355351593e-7
0.13338883999999998	-1.249704941794085e-7
0.13351373000000002	-1.2167931245029286e-7
0.13363863	-1.1838813072117724e-7
0.13376352	-1.1509694702014284e-7
0.13388843	-1.11805351188085e-7
0.13401332	-1.0851417734664447e-7
0.13413820999999998	-1.0522298575793498e-7
0.13426311000000002	-1.0193180402881935e-7
0.134388	-9.864061244010987e-8
0.13451289	-9.534943859866934e-8
0.1346378	-9.205784276661151e-8
0.13476269999999999	-8.87666590655771e-8
0.13488759	-8.547547733646148e-8
0.13501248000000002	-8.218429363542708e-8
0.13513737	-7.88931020467176e-8
0.13526228	-7.560152001809118e-8
0.13538718	-7.231033237321924e-8
0.13551206999999998	-6.901914670026606e-8
0.13563696	-6.572796299923166e-8
0.13576186	-6.302898594392636e-8
0.13588675	-6.137150933896786e-8
0.13601166	-5.971382962637582e-8
0.13613655	-5.8056358937173646e-8
0.13626143999999998	-5.639888233221515e-8
0.13638634	-5.474140572725666e-8
0.13651123	-5.3083929122298165e-8
0.13663614000000002	-5.142625138162489e-8
0.13676103	-4.9768774776666394e-8
0.13688593000000002	-4.81112981717079e-8
0.13701082	-4.645382156674941e-8
0.13713571	-4.479634496179092e-8
0.1372606	-4.3138872300669974e-8
0.13738551000000002	-4.148119061615915e-8
0.13751041	-3.9823717955038197e-8
0.13763530000000002	-3.8166239378160936e-8
0.13776019	-3.6508764745121216e-8
0.13788509	-3.485128814016273e-8
0.13800998	-3.319381350712301e-8
0.13813489	-3.178436681727657e-8
0.13825978	-3.094847044965348e-8
0.13838467000000002	-3.011257605394917e-8
0.13850957	-2.9276681658244863e-8
0.13863446	-2.8440789234459327e-8
0.13875937	-2.7604792298978852e-8
0.13888426	-2.676889593135577e-8
0.13900916000000002	-2.5933001535651465e-8
0.13913405	-2.509710516802838e-8
0.13925894	-2.4261210772324074e-8
0.13938383	-2.3425318348538538e-8
0.13950874	-2.2589321413058063e-8
0.13963364	-2.1753427017353753e-8
0.13975853000000002	-2.0917530649730673e-8
0.13988342	-2.0081636254026363e-8
0.14000832	-1.924574284428144e-8
0.14013322	-1.840974689476035e-8
0.14025812	-1.757385190748041e-8
0.14038301	-1.673795692020047e-8
0.14050790000000002	-1.6001598082411535e-8
0.1406328	-1.5577581712961668e-8
0.14075769	-1.5153566329471185e-8
0.1408826	-1.4729498295749482e-8
0.14100748999999999	-1.4305481729107739e-8
0.14113239	-1.3881466542809135e-8
0.14125728	-1.3457450173359266e-8
0.14138217	-1.3033434789868786e-8
0.14150706	-1.2609419603570183e-8
0.14163197	-1.2185351372656601e-8
0.14175687	-1.1761335003206734e-8
0.14188176000000002	-1.1337321000059394e-8
0.14200665	-1.0913304433417651e-8
0.14213155	-1.0489288063967784e-8
0.14225645	-1.0065221016205465e-8
0.14238135	-9.641204646755597e-9
0.14250624	-9.217188868881363e-9
0.14263113000000002	-8.793173485390882e-9
0.14275603	-8.369157707516647e-9
0.14288092	-7.982240820658957e-9
0.14300583	-7.762954776724764e-9
0.14313072	-7.543696931229017e-9
0.14325562	-7.324438494157639e-9
0.14338051	-7.105179465510628e-9
0.1435054	-6.885921225631127e-9
0.14363031	-6.666635773272566e-9
0.1437552	-6.447377336201187e-9
0.1438801	-6.228118899129808e-9
0.14400499	-6.008859870482798e-9
0.14412988000000002	-5.789601630603297e-9
0.14425478000000003	-5.570343193531917e-9
0.14437968	-5.351057149597724e-9
0.14450458	-5.131799304101978e-9
0.14462947	-4.912540669838722e-9
0.14475436	-4.693282035575466e-9
0.14487925999999998	-4.474023598504087e-9
0.14500415000000003	-4.2547651614327076e-9
0.14512906	-4.03547951188227e-9
0.14525395	-3.828117069189187e-9
0.14537885	-3.7073088459408487e-9
0.14550374	-3.586500819884387e-9
0.14562862999999998	-3.4656927938279256e-9
0.14575354	-3.3448697811887943e-9
0.14587843	-3.2240615579404556e-9
0.14600333000000001	-3.1032535318839942e-9
0.14612822	-2.982445505827533e-9
0.14625311	-2.861637282579194e-9
0.14637801	-2.7408290593308554e-9
0.14650291000000001	-2.6200062438836007e-9
0.14662781000000003	-2.4991982178271394e-9
0.1467527	-2.378389994578801e-9
0.14687759	-2.2575819685223397e-9
0.14700248999999999	-2.136773745274001e-9
0.1471274	-2.0159509298267463e-9
0.14725228999999998	-1.895142844612722e-9
0.14737718000000002	-1.7743347002411342e-9
0.14750208	-1.6535265361503586e-9
0.14762697	-1.5373049170898864e-9
0.14775185999999998	-1.4924895135331603e-9
0.14787677	-1.4476686674806222e-9
0.14800165999999998	-1.402853263923896e-9
0.14812656000000002	-1.358037840647982e-9
0.14825145	-1.3132224370912556e-9
0.14837634	-1.2684070138153417e-9
0.14850124	-1.2235916891353665e-9
0.14862614	-1.1787708430828284e-9
0.14875104	-1.1339553409301636e-9
0.14887593000000002	-1.0891400162501882e-9
0.14900082	-1.0443245929742742e-9
0.14912572000000002	-9.995091105407972e-10
0.14925063	-9.5468834336501e-10
0.14937551999999998	-9.09872860931533e-10
0.14950041	-8.650575165323699e-10
0.14962531	-8.202421129756436e-10
0.1497502	-7.754266896997296e-10
0.14987509000000002	-7.306112861430034e-10
0.15	-6.857904400904653e-10