700.0 9334.83372539
1100.0 17532.8252964
1500.0 31670.990842
1900.0 53399.8007463
2300.0 79069.1335716
2700.0 108921.819719
3100.0 140591.009344
3500.0 180792.774427
3900.0 219707.449489
4300.0 264598.642633
4700.0 315659.251637
5100.0 362292.63172
5500.0 421708.248954
5900.0 479160.026199
6300.0 544872.800497
6700.0 615786.168916
7100.0 681880.436695
7500.0 758461.557174
7900.0 833854.072102
8300.0 913222.916531
8700.0 1003080.79847
9100.0 1100063.5892
9500.0 1196310.00354
9900.0 1294608.90038
10300.0 1401899.56414
10700.0 1526424.65376
11100.0 1645765.12566
11500.0 1727141.23128
11900.0 1870711.86365
12300.0 1982619.56333
12700.0 2096124.90648
13100.0 2225427.02787
13500.0 2344932.8537
13900.0 2448075.11503
14300.0 2596809.48733
14700.0 2746778.06786
15100.0 2868998.18755
15500.0 3024033.581
15900.0 3148206.51881
16300.0 3286844.22007
16700.0 3426767.77038
17100.0 3558886.35839
17500.0 3712056.83949
17900.0 3853768.94719
18300.0 4021241.84462
18700.0 4182195.15574
19100.0 4337974.13982
19500.0 4500672.58994
19900.0 4635175.89973
20300.0 4779585.92966
20700.0 4940793.96569
21100.0 5111774.00103
21500.0 5262041.37042
21900.0 5431255.63804
22300.0 5586815.58677
22700.0 5730636.56222
23100.0 5894341.7172
23500.0 6078384.49478
23900.0 6248179.08992
24300.0 6423473.79798
24700.0 6624357.86626
25100.0 6790500.05766
25500.0 6945540.17627
25900.0 7117314.05273
26300.0 7311596.51635
26700.0 7492454.04939
27100.0 7696729.00049
27500.0 7845202.75321
27900.0 8025233.02614
28300.0 8205989.8714
28700.0 8385031.5367
29100.0 8585007.33607
29500.0 8766362.04636
29900.0 8933134.54841
30300.0 9124936.15212
30700.0 9300551.66296
31100.0 9484769.82189
31500.0 9672905.89251
31900.0 9846085.78201
32300.0 10022080.1241
32700.0 10210122.8053
33100.0 10406875.768
33500.0 10596498.7404
33900.0 10762687.9517
34300.0 10938203.296
34700.0 11126874.6921
35100.0 11292531.6449
35500.0 11492771.2288
35900.0 11669103.5061
36300.0 11834297.9453
36700.0 12009643.4663
37100.0 12199841.3434
37500.0 12362183.1325
37900.0 12524335.4107
38300.0 12688591.4277
38700.0 12846524.8201
39100.0 13028766.6917
39500.0 13179865.9306
39900.0 13341963.6588
40300.0 13502475.5008
40700.0 13642128.2005
41100.0 13811129.777
41500.0 13957371.5252
41900.0 14108862.0437
42300.0 14263257.2473
42700.0 14403169.3931
43100.0 14532484.0413
43500.0 14671559.6125
43900.0 14796538.1899
44300.0 14938778.2187
44700.0 15054500.0442
45100.0 15178149.4571
45500.0 15305795.5735
45900.0 15427240.9296
46300.0 15540582.8691
46700.0 15639238.7228
47100.0 15759231.4678
47500.0 15868567.7708
47900.0 15970838.4094
48300.0 16079932.3892
48700.0 16182964.7444
49100.0 16293602.0341
49500.0 16377689.4296
49900.0 16460796.818
50300.0 16539274.0467
50700.0 16633777.4645
51100.0 16718697.8355
51500.0 16814679.852
51900.0 16907761.7029
52300.0 17002211.4161
52700.0 17079538.6835
53100.0 17158230.1725
53500.0 17217161.2396
53900.0 17275848.6257
54300.0 17455641.744
54700.0 17587838.7684
55100.0 17683339.6653
55500.0 17748560.6015
55900.0 17811164.3923
56300.0 17862117.7686
56700.0 17913435.2189
57100.0 17955729.6292
57500.0 18012538.1316
57900.0 18052277.247
58300.0 18121240.0786
58700.0 18149886.4223
59100.0 18192114.9626
59500.0 18249431.8647
59900.0 18272144.1023
60300.0 18312968.1442
60700.0 18361098.003
61100.0 18405847.6484
61500.0 18439478.5499
61900.0 18469953.651
62300.0 18500174.9808
62700.0 18530448.5886
63100.0 18561013.3111
63500.0 18597831.3832
63900.0 18653689.7648
64300.0 18655852.1527
64700.0 18680953.0689
65100.0 18699743.2881
65500.0 18722118.0047
65900.0 18748931.9668
66300.0 18774485.0941
66700.0 18800641.3887
67100.0 18820058.5783
67500.0 18838238.8828
67900.0 18857529.9532
68300.0 18881627.5539
68700.0 18894952.0834
69100.0 18903891.4725
69500.0 18896417.2651
