# header: write what you want on lines starting with #
# Total ACTIVE Pulses, # breakdowns, amp_set, index (point on pulse / power curve) , pulse length
# the init of this file could be 1 0 500 0 3500, 2 0 500 0 3500, etc
1 0 500 0 3500
102 7 3675 0 2493
77860 8 20550 222 2493
84624 9 26850 291 2493
86956 10 27050 291 2493
88189 11 27050 0 2493
89804 12 28450 291 2493
90894 13 28450 291 2493
91987 14 28450 291 2493
98240 15 29450 291 2493
99172 16 29450 291 2493
100158 17 29450 291 2493
106672 18 36150 291 2493
106684 19 36150 291 2493
106697 20 36150 291 2493
106709 21 36150 291 2493
106722 22 36150 291 2493
106735 23 36150 291 2493
106748 24 36150 291 2493
106760 25 36150 291 2493
106772 26 36150 291 2493
106784 27 36150 291 2493
106796 28 36150 291 2493
106808 29 36150 291 2493
106820 30 36150 291 2493
106834 31 36150 291 2493
106846 32 36150 291 2493
106859 33 36150 291 2493
106871 34 36150 291 2493
106884 35 36150 291 2493
106897 36 36150 291 2493
3848819 286 39931 238 2493
4701474 341 40000 287 2493
4770142 342 45265 287 2493
4795011 343 48799 287 2493
4843634 344 54053 287 2493
4898590 344 57517 287 2493
4898605 344 57517 287 2493
4898620 344 57517 287 2493
4898636 344 57517 287 2493
4898651 344 58748 287 2493
4898666 344 58748 287 2493
4898682 344 58748 287 2493
4898697 344 58748 287 2493
4898712 344 58748 287 2493
4898728 344 58748 287 2493
4898743 344 58748 287 2493
4898758 344 58748 287 2493
4898773 344 58748 287 2493
4898788 344 58748 287 2493
4898803 344 58748 287 2493
4898818 344 58748 287 2493
4898834 344 58748 287 2493
4898849 344 58748 287 2493
4898864 344 58748 287 2493
4898879 344 58748 287 2493
4898894 344 58748 287 2493
4898909 344 58748 287 2493
4898924 344 58748 287 2493
4898939 344 58748 287 2493
4898954 344 58748 287 2493
4898970 344 58748 287 2493
4898985 344 58748 287 2493
4899000 344 58748 287 2493
4899015 344 58748 287 2493
4899030 344 58748 287 2493
4899045 344 58748 287 2493
4899060 344 58748 287 2493
4899075 344 58748 287 2493
4899090 344 58748 287 2493
4899105 344 58748 287 2493
4899120 344 58748 287 2493
4899135 344 58748 287 2493
4899150 344 58748 287 2493
4899165 344 58748 287 2493
4899180 344 58748 287 2493
4899195 344 58748 287 2493
4899210 344 58748 287 2493
4899225 344 58748 287 2493
4899240 344 58748 287 2493
4899255 344 58748 287 2493
4899270 344 58748 287 2493
4899285 344 58748 287 2493
4899300 344 58748 287 2493
4899315 344 58748 287 2493
4899330 344 58748 287 2493
4899345 344 58748 287 2493
4899361 344 58748 287 2493
4899376 344 58748 287 2493
4899391 344 58748 287 2493
4899406 344 58748 287 2493
4899421 344 58748 287 2493
4899436 344 58748 287 2493
4899451 344 58748 287 2493
4899466 344 58748 287 2493
4899481 344 58748 287 2493
4899496 344 58748 287 2493
4899511 344 58748 287 2493
4899526 344 58748 287 2493
4899541 344 58748 287 2493
4899556 344 58748 287 2493
4899571 344 58748 287 2493
4899587 344 58748 287 2493
4899602 344 58748 287 2493
4899617 344 58748 287 2493
4899632 344 58748 287 2493
4899647 344 58748 287 2493
4899663 344 58748 287 2493
4899678 344 58748 287 2493
4899693 344 58748 287 2493
4899709 344 58748 287 2493
4899724 344 58748 287 2493
4899739 344 58748 287 2493
4899754 344 58748 287 2493
4899769 344 58748 287 2493
4899784 344 58748 287 2493
4899799 344 58748 287 2493
4899814 344 58748 287 2493
4899830 344 58748 287 2493
4899845 344 58748 287 2493
4899860 344 58748 287 2493
4899875 344 58748 287 2493
4899890 344 58748 287 2493
4899905 344 58748 287 2493
4899920 344 58748 287 2493
4899935 344 58748 287 2493
4899951 344 58748 287 2493
4899966 344 58748 287 2493
4899981 344 58748 287 2493
4899996 344 58748 287 2493
4900011 344 58748 287 2493
4900026 344 58748 287 2493
4900041 344 58748 287 2493
4900056 344 58748 287 2493
4900071 344 58748 287 2493
4900086 344 58748 287 2493
4900101 344 58748 287 2493
4900116 344 58748 287 2493
4900131 344 58748 287 2493
4900146 344 58748 287 2493
4900161 344 58748 287 2493
4900176 344 58748 287 2493
4900191 344 58748 287 2493
4900206 344 58748 287 2493
4900221 344 58748 287 2493
4900237 344 58748 287 2493
4900252 344 58748 287 2493
4900267 344 58748 287 2493
4900282 344 58748 287 2493
4900297 344 58748 287 2493
4900312 344 58748 287 2493
4900327 344 58748 287 2493
4900342 344 58748 287 2493
4900358 344 58748 287 2493
4900373 344 58748 287 2493
4900388 344 58748 287 2493
4900403 344 58748 287 2493
4900418 344 58748 287 2493
4900433 344 58748 287 2493
4900448 344 58748 287 2493
4900463 344 58748 287 2493
4900478 344 58748 287 2493
4900493 344 58748 287 2493
4900509 344 58748 287 2493
4900524 344 58748 287 2493
4900539 344 58748 287 2493
4900555 344 58748 287 2493
4900570 344 58748 287 2493
4900585 344 58748 287 2493
4900600 344 58748 287 2493
4900615 344 58748 287 2493
4900631 344 58748 287 2493
4900646 344 58748 287 2493
4900661 344 58748 287 2493
4900676 344 58748 287 2493
4900691 344 58748 287 2493
4900706 344 58748 287 2493
4900721 344 58748 287 2493
4900736 344 58748 287 2493
4900751 344 58748 287 2493
4900766 344 58748 287 2493
4900781 344 58748 287 2493
4900796 344 58748 287 2493
4900811 344 58748 287 2493
4900826 344 58748 287 2493
4900841 344 58748 287 2493
4900856 344 58748 287 2493
4900871 344 58748 287 2493
4900886 344 58748 287 2493
4900901 344 58748 287 2493
4901902 344 58748 287 2493
4902902 344 58798 287 2493
4903902 344 58848 287 2493
4904902 344 58898 287 2493
4905250 344 59374 287 2493
4905265 344 59374 287 2493
4905280 344 59374 287 2493
4905295 344 59374 287 2493
4905310 344 59374 287 2493
4905326 344 59374 287 2493
4905341 344 59374 287 2493
4905356 344 59374 287 2493
4905371 344 59374 287 2493
4905386 344 59374 287 2493
4905401 344 59374 287 2493
4905416 344 59374 287 2493
4905431 344 59374 287 2493
4905446 344 59374 287 2493
4905461 344 59374 287 2493
4905476 344 59374 287 2493
4905491 344 59374 287 2493
4905506 344 59374 287 2493
4905521 344 59374 287 2493
4905536 344 59374 287 2493
4905551 344 59374 287 2493
4905566 344 59374 287 2493
4905581 344 59374 287 2493
4905596 344 59374 287 2493
4905611 344 59374 287 2493
4905626 344 59374 287 2493
4905641 344 59374 287 2493
4905657 344 59374 287 2493
4905672 344 59374 287 2493
4905688 344 59374 287 2493
4905703 344 59374 287 2493
4905718 344 59374 287 2493
4905733 344 59374 287 2493
4905748 344 59374 287 2493
4905763 344 59374 287 2493
4905778 344 59374 287 2493
4905793 344 59374 287 2493
4905808 344 59374 287 2493
4905823 344 59374 287 2493
4905838 344 59374 287 2493
4905853 344 59374 287 2493
4905868 344 59374 287 2493
4905884 344 59374 287 2493
4905899 344 59374 287 2493
4905915 344 59374 287 2493
4905930 344 59374 287 2493
4905946 344 59374 287 2493
4905961 344 59374 287 2493
4905976 344 59374 287 2493
4905991 344 59374 287 2493
4906006 344 59374 287 2493
4906021 344 59374 287 2493
4906036 344 59374 287 2493
4906051 344 59374 287 2493
4906067 344 59374 287 2493
4906082 344 59374 287 2493
4906097 344 59374 287 2493
4906112 344 59374 287 2493
4906127 344 59374 287 2493
4906142 344 59374 287 2493
4906157 344 59374 287 2493
4906172 344 59374 287 2493
4906187 344 59374 287 2493
4906202 344 59374 287 2493
4906217 344 59374 287 2493
4906232 344 59374 287 2493
4906247 344 59374 287 2493
4906262 344 59374 287 2493
4906277 344 59374 287 2493
4906292 344 59374 287 2493
4906307 344 59374 287 2493
4906322 344 59374 287 2493
4906337 344 59374 287 2493
4906352 344 59374 287 2493
4906367 344 59374 287 2493
4906382 344 59374 287 2493
4906397 344 59374 287 2493
4906412 344 59374 287 2493
4906427 344 59374 287 2493
4906442 344 59374 287 2493
4906457 344 59374 287 2493
4906472 344 59374 287 2493
4906487 344 59374 287 2493
4906502 344 59374 287 2493
4906517 344 59374 287 2493
4906532 344 59374 287 2493
4906547 344 59374 287 2493
4906562 344 59374 287 2493
4906577 344 59374 287 2493
4906592 344 59374 287 2493
4906607 344 59374 287 2493
4906622 344 59374 287 2493
4906638 344 59374 287 2493
4906654 344 59374 287 2493
4906669 344 59374 287 2493
4906684 344 59374 287 2493
4906699 344 59374 287 2493
4906714 344 59374 287 2493
4906729 344 59374 287 2493
4906744 344 59374 287 2493
4906759 344 59374 287 2493
4906775 344 59374 287 2493
4906790 344 59374 287 2493
4906805 344 59374 287 2493
4906820 344 59374 287 2493
4906835 344 59374 287 2493
4906850 344 59374 287 2493
4906866 344 59374 287 2493
4906881 344 59374 287 2493
4906896 344 59374 287 2493
4906911 344 59374 287 2493
4906926 344 59374 287 2493
4906941 344 59374 287 2493
4906956 344 59374 287 2493
4906971 344 59374 287 2493
4906986 344 59374 287 2493
4907001 344 59374 287 2493
4907016 344 59374 287 2493
4907031 344 59374 287 2493
4907046 344 59374 287 2493
4907063 344 59374 287 2493
4907078 344 59374 287 2493
4907093 344 59374 287 2493
4907108 344 59374 287 2493
4907123 344 59374 287 2493
4907138 344 59374 287 2493
4907153 344 59374 287 2493
4907169 344 59374 287 2493
4907184 344 59374 287 2493
4907199 344 59374 287 2493
4907214 344 59374 287 2493
4907229 344 59374 287 2493
4907244 344 59374 287 2493
4907259 344 59374 287 2493
4907274 344 59374 287 2493
4907289 344 59374 287 2493
4907304 344 59374 287 2493
4907319 344 59374 287 2493
4907334 344 59374 287 2493
4907349 344 59374 287 2493
4907364 344 59374 287 2493
4907379 344 59374 287 2493
4907394 344 59374 287 2493
4907409 344 59374 287 2493
4907424 344 59374 287 2493
4907439 344 59374 287 2493
4907454 344 59374 287 2493
4907469 344 59374 287 2493
4907484 344 59374 287 2493
4907499 344 59374 287 2493
4908499 344 59374 287 2493
4913788 344 59424 287 2493
4914789 344 59598 287 2493
4915789 344 59660 287 2493
4916789 344 59666 287 2493
4917789 344 59718 287 2493
4918789 344 59768 287 2493
4919789 344 59818 287 2493
4920789 344 59868 287 2493
4921789 344 59918 287 2493
4922789 344 59968 287 2493
4923789 344 60018 287 2493
4924789 344 60068 287 2493
4925789 344 60118 287 2493
4926789 344 60168 287 2493
4927789 344 60218 287 2493
4928789 344 60268 287 2493
4929789 344 60318 287 2493
4930789 344 60368 287 2493
4931789 344 60418 287 2493
4932789 344 60468 287 2493
4933789 344 60518 287 2493
4934789 344 60572 287 2493
4935789 344 60624 287 2493
4936789 344 60689 287 2493
