# header: write what you want on lines starting with #
# Total ACTIVE Pulses, # breakdowns, amp_set, index (point on pulse / power curve) , pulse length
# the init of this file could be 1 0 500 0 3500, 2 0 500 0 3500, etc
531 0 709 7 756
629927 1 19500 287 756
649134 2 19900 287 756
663617 3 19900 287 756
675254 4 19900 287 756
685220 5 19900 287 756
701197 6 19900 287 756
716534 7 19900 287 756
727172 8 19900 287 756
743893 9 20300 287 756
809136 10 22300 287 756
850907 11 23100 287 756
1311952 12 34700 287 756
1322395 13 34700 287 756
1345435 14 35100 287 756
1445388 16 35270 287 756
1500817 17 38300 287 756
1515290 18 38300 287 756
1527422 19 38300 287 756
1550025 20 38700 287 756
1565127 21 38700 287 756
1577229 22 38700 287 756
1589818 23 38700 287 756
1605748 24 38700 287 756
1618050 25 38700 287 756
1633214 26 38700 287 756
1648658 27 38700 287 756
1662460 28 38700 287 756
1675533 29 38700 287 756
1704498 30 38700 287 756
1717266 31 38700 287 756
1967674 32 45500 287 756
1993695 33 46300 287 756
2009915 34 46300 287 756
2109710 35 49100 287 756
2109778 37 49100 287 756
2109916 38 49100 287 756
2110042 40 49100 287 756
2153576 41 49500 287 756
2217174 42 49500 287 756
2217244 44 49500 287 756
2265819 45 49500 287 756
2265886 47 49500 287 756
2331968 48 51541 287 756
2332036 49 51541 287 756
2360661 50 52300 287 756
2360729 51 52300 287 756
2387038 53 53100 287 756
2387105 55 53100 287 756
2409077 55 53350 287 756
2409800 55 53500 287 756
2409861 55 53500 287 756
2409930 55 53500 287 756
2409991 55 53500 287 756
2410058 55 53500 287 756
2410119 55 53500 287 756
2410182 55 53500 287 756
2410250 55 53500 287 756
2410319 55 53500 287 756
2410381 55 53500 287 756
2410446 55 53500 287 756
2410511 55 53500 287 756
2410572 55 53500 287 756
2410632 55 53500 287 756
2410698 55 53500 287 756
2410758 55 53500 287 756
2410820 55 53500 287 756
2410885 55 53500 287 756
2410946 55 53500 287 756
2411008 55 53500 287 756
2411075 55 53500 287 756
2411144 55 53500 287 756
2411205 55 53500 287 756
2411271 55 53500 287 756
2411333 55 53500 287 756
2411393 55 53500 287 756
2411457 55 53500 287 756
2411518 55 53500 287 756
2411578 55 53500 287 756
2411642 55 53500 287 756
2411705 55 53500 287 756
2411765 55 53500 287 756
2411831 55 53500 287 756
2411891 55 53500 287 756
2411951 55 53500 287 756
2412018 55 53500 287 756
2412080 55 53500 287 756
2412140 55 53500 287 756
2412205 55 53500 287 756
2412277 55 53500 287 756
2412338 55 53500 287 756
2412404 55 53500 287 756
2412475 55 53500 287 756
2412537 55 53500 287 756
2412600 55 53500 287 756
2412664 55 53500 287 756
2412727 55 53500 287 756
2412791 55 53500 287 756
2412862 55 53500 287 756
2412925 55 53500 287 756
2412985 55 53500 287 756
2413050 55 53500 287 756
2413110 55 53500 287 756
2413174 55 53500 287 756
2413241 55 53500 287 756
2413305 55 53500 287 756
2413365 55 53500 287 756
2413430 55 53500 287 756
2413491 55 53500 287 756
2413555 55 53500 287 756
2413620 55 53500 287 756
2413690 55 53500 287 756
2413759 55 53500 287 756
2413827 55 53500 287 756
2413888 55 53500 287 756
2413951 55 53500 287 756
2414019 55 53500 287 756
2414080 55 53500 287 756
2414152 55 53500 287 756
2414212 55 53500 287 756
2414277 55 53500 287 756
2414337 55 53500 287 756
2414398 55 53500 287 756
2414463 55 53500 287 756
2414533 55 53500 287 756
2414602 55 53500 287 756
2414667 55 53500 287 756
2414728 55 53500 287 756
2414794 55 53500 287 756
2414857 55 53500 287 756
2415018 55 53500 287 756
2415083 55 53500 287 756
2415147 55 53500 287 756
2415209 55 53500 287 756
2415269 55 53500 287 756
2415335 55 53500 287 756
2415400 55 53500 287 756
2415461 55 53500 287 756
2415526 55 53500 287 756
2415586 55 53500 287 756
2415656 55 53500 287 756
2415728 55 53500 287 756
2415793 55 53500 287 756
2415858 55 53500 287 756
2415929 55 53500 287 756
2415991 55 53500 287 756
2416053 55 53500 287 756
2416123 55 53500 287 756
2416194 55 53500 287 756
2416258 55 53500 287 756
2416318 55 53500 287 756
2416378 55 53500 287 756
2416442 55 53500 287 756
2416509 55 53500 287 756
2416570 55 53500 287 756
2416634 55 53500 287 756
2416694 55 53500 287 756
2416757 55 53500 287 756
2416822 55 53500 287 756
2416882 55 53500 287 756
2416943 55 53500 287 756
2417008 55 53500 287 756
2417070 55 53500 287 756
2417140 55 53500 287 756
2417203 55 53500 287 756
2417265 55 53500 287 756
2417334 55 53500 287 756
2417395 55 53500 287 756
2417461 55 53500 287 756
2417531 55 53500 287 756
2417593 55 53500 287 756
2417659 55 53500 287 756
2417729 55 53500 287 756
2417793 55 53500 287 756
2417860 55 53500 287 756
2417921 55 53500 287 756
2417982 55 53500 287 756
2418044 55 53500 287 756
2418107 55 53500 287 756
2418170 55 53500 287 756
2418232 55 53500 287 756
2418297 55 53500 287 756
2418359 55 53500 287 756
2418420 55 53500 287 756
2418483 55 53500 287 756
2418546 55 53500 287 756
2418610 55 53500 287 756
2418672 55 53500 287 756
2418741 55 53500 287 756
2418801 55 53500 287 756
2418867 55 53500 287 756
2418929 55 53500 287 756
2418991 55 53500 287 756
2419055 55 53500 287 756
2419116 55 53500 287 756
2419177 55 53500 287 756
2419242 55 53500 287 756
2419303 55 53500 287 756
2419363 55 53500 287 756
2419427 55 53500 287 756
2419492 55 53500 287 756
2419552 55 53500 287 756
2419618 55 53500 287 756
2419682 55 53500 287 756
2419744 55 53500 287 756
2419812 55 53500 287 756
2419872 55 53500 287 756
2419934 55 53500 287 756
2419998 55 53500 287 756
2420061 55 53500 287 756
2420130 55 53500 287 756
2420195 55 53500 287 756
2420255 55 53500 287 756
2420316 55 53500 287 756
2420383 55 53500 287 756
2420444 55 53500 287 756
2420504 55 53500 287 756
2420569 55 53500 287 756
2420640 55 53500 287 756
2420702 55 53500 287 756
2420768 55 53500 287 756
2420828 55 53500 287 756
2420896 55 53500 287 756
2420962 55 53500 287 756
2421027 55 53500 287 756
2421088 55 53500 287 756
2421154 55 53500 287 756
2421217 55 53500 287 756
2421286 55 53500 287 756
2421346 55 53500 287 756
2421410 55 53500 287 756
2421473 55 53500 287 756
2421534 55 53500 287 756
2421597 55 53500 287 756
2421660 55 53500 287 756
2421725 55 53500 287 756
2421787 55 53500 287 756
2421848 55 53500 287 756
2421914 55 53500 287 756
2421974 55 53500 287 756
2422034 55 53500 287 756
2422101 55 53500 287 756
2422163 55 53500 287 756
2422231 55 53500 287 756
2422294 55 53500 287 756
2422360 55 53500 287 756
2422429 55 53500 287 756
2422492 55 53500 287 756
2422555 55 53500 287 756
2422618 55 53500 287 756
2422680 55 53500 287 756
2422745 55 53500 287 756
2423755 55 53500 287 756
2424758 55 53550 287 756
2425766 55 53600 287 756
2426767 55 53650 287 756
2427775 55 53700 287 756
2428786 55 53750 287 756
2429789 55 53775 287 756
2430789 55 53801 287 756
2431797 55 53827 287 756
2432799 55 53855 287 756
2433806 55 53887 287 756
2434285 56 53900 287 756
2434346 56 53900 287 756
2434406 56 53900 287 756
2434473 56 53900 287 756
2434535 56 53900 287 756
2434597 56 53900 287 756
2434664 56 53900 287 756
2434734 56 53900 287 756
2434796 56 53900 287 756
2434859 56 53900 287 756
2434924 56 53900 287 756
2434987 56 53900 287 756
2435050 56 53900 287 756
2435114 56 53900 287 756
2435175 56 53900 287 756
2435239 56 53900 287 756
2435299 56 53900 287 756
2435360 56 53900 287 756
2435426 56 53900 287 756
2435487 56 53900 287 756
2435553 56 53900 287 756
2435619 56 53900 287 756
2435686 56 53900 287 756
2435747 56 53900 287 756
2435813 56 53900 287 756
2435878 56 53900 287 756
2435940 56 53900 287 756
2436001 56 53900 287 756
2436068 56 53900 287 756
2436130 56 53900 287 756
2436194 56 53900 287 756
