# header: write what you want on lines starting with #
# Total ACTIVE Pulses, # breakdowns, amp_set, index (point on pulse / power curve) , pulse length
# the init of this file could be 1 0 500 0 3500, 2 0 500 0 3500, etc
1 0 500 0 3500
102 7 3675 0 2493
77860 8 20550 222 2493
84624 9 26850 291 2493
86956 10 27050 291 2493
88189 11 27050 0 2493
89804 12 28450 291 2493
90894 13 28450 291 2493
91987 14 28450 291 2493
98240 15 29450 291 2493
99172 16 29450 291 2493
100158 17 29450 291 2493
106672 18 36150 291 2493
106684 19 36150 291 2493
106697 20 36150 291 2493
106709 21 36150 291 2493
106722 22 36150 291 2493
106735 23 36150 291 2493
106748 24 36150 291 2493
106760 25 36150 291 2493
106772 26 36150 291 2493
106784 27 36150 291 2493
106796 28 36150 291 2493
106808 29 36150 291 2493
106820 30 36150 291 2493
106834 31 36150 291 2493
106846 32 36150 291 2493
106859 33 36150 291 2493
106871 34 36150 291 2493
106884 35 36150 291 2493
106897 36 36150 291 2493
3848819 286 39931 238 2493
4701474 341 40000 287 2493
4770142 342 45265 287 2493
4795011 343 48799 287 2493
4843634 344 54053 287 2493
4940712 345 61629 287 2493
4952722 346 64039 287 2493
4967192 347 65392 287 2493
4968498 348 65392 287 2493
5006008 355 67020 287 2493
5007182 356 67020 287 2493
5221406 395 67522 287 2493
5226754 396 67731 287 2493
5227268 397 67731 287 2493
5248241 399 67802 287 2493
5256327 400 67802 287 2493
5262168 401 67802 287 2493
5269222 402 67802 287 2493
5297152 403 67802 287 2493
5381111 403 68564 287 2493
5381126 403 68564 287 2493
5381141 403 68564 287 2493
5381157 403 68564 287 2493
5381172 403 68564 287 2493
5381187 403 68564 287 2493
5381202 403 68564 287 2493
5381217 403 68564 287 2493
5381233 403 68564 287 2493
5381248 403 68564 287 2493
5381264 403 68564 287 2493
5381279 403 68564 287 2493
5381294 403 68564 287 2493
5381309 403 68564 287 2493
5381324 403 68564 287 2493
5381339 403 68564 287 2493
5381354 403 68564 287 2493
5381369 403 68564 287 2493
5381384 403 68564 287 2493
5381399 403 68564 287 2493
5381415 403 68564 287 2493
5381430 403 68564 287 2493
5381445 403 68564 287 2493
5381461 403 68564 287 2493
5381476 403 68564 287 2493
5381491 403 68564 287 2493
5381506 403 68564 287 2493
5381521 403 68564 287 2493
5381536 403 68564 287 2493
5381552 403 68564 287 2493
5381567 403 68564 287 2493
5381582 403 68564 287 2493
5381597 403 68564 287 2493
5381612 403 68564 287 2493
5381627 403 68564 287 2493
5381642 403 68564 287 2493
5381657 403 68564 287 2493
5381672 403 68564 287 2493
5381687 403 68564 287 2493
5381702 403 68564 287 2493
5381718 403 68564 287 2493
5381733 403 68564 287 2493
5381748 403 68564 287 2493
5381763 403 68564 287 2493
5381778 403 68564 287 2493
5381793 403 68564 287 2493
5381808 403 68564 287 2493
5381823 403 68564 287 2493
5381838 403 68564 287 2493
5381854 403 68564 287 2493
5381869 403 68564 287 2493
5381884 403 68564 287 2493
5381899 403 68564 287 2493
5381914 403 68564 287 2493
5381929 403 68564 287 2493
5381944 403 68564 287 2493
5381959 403 68564 287 2493
5381974 403 68564 287 2493
5381989 403 68564 287 2493
5382004 403 68564 287 2493
5382020 403 68564 287 2493
5382035 403 68564 287 2493
5382050 403 68564 287 2493
5382065 403 68564 287 2493
5382081 403 68564 287 2493
5382096 403 68564 287 2493
5382111 403 68564 287 2493
5382126 403 68564 287 2493
5382141 403 68564 287 2493
5382156 403 68564 287 2493
5382172 403 68564 287 2493
5382187 403 68564 287 2493
5382202 403 68564 287 2493
5382217 403 68564 287 2493
5382233 403 68564 287 2493
5382248 403 68564 287 2493
5382264 403 68564 287 2493
5382279 403 68564 287 2493
5382294 403 68564 287 2493
5382309 403 68564 287 2493
5382324 403 68564 287 2493
5382339 403 68564 287 2493
5382354 403 68564 287 2493
5382369 403 68564 287 2493
5382384 403 68564 287 2493
5382399 403 68564 287 2493
5382414 403 68564 287 2493
5382429 403 68564 287 2493
5382444 403 68564 287 2493
5382459 403 68564 287 2493
5382474 403 68564 287 2493
5382489 403 68564 287 2493
5382504 403 68564 287 2493
5382519 403 68564 287 2493
5382534 403 68564 287 2493
5382549 403 68564 287 2493
5382564 403 68564 287 2493
5382579 403 68564 287 2493
5382594 403 68564 287 2493
5382609 403 68564 287 2493
5382624 403 68564 287 2493
5382639 403 68564 287 2493
5382654 403 68564 287 2493
5382669 403 68564 287 2493
5382684 403 68564 287 2493
5382699 403 68564 287 2493
5382714 403 68564 287 2493
5382729 403 68564 287 2493
5382744 403 68564 287 2493
5382760 403 68564 287 2493
5382775 403 68564 287 2493
5382790 403 68564 287 2493
5382805 403 68564 287 2493
5382820 403 68564 287 2493
5382835 403 68564 287 2493
5382850 403 68564 287 2493
5382865 403 68564 287 2493
5382880 403 68564 287 2493
5382895 403 68564 287 2493
5382911 403 68564 287 2493
5382926 403 68564 287 2493
5382942 403 68564 287 2493
5382957 403 68564 287 2493
5382972 403 68564 287 2493
5382987 403 68564 287 2493
5383002 403 68564 287 2493
5383017 403 68564 287 2493
5383032 403 68564 287 2493
5383047 403 68564 287 2493
5383062 403 68564 287 2493
5383077 403 68564 287 2493
5383093 403 68564 287 2493
5383108 403 68564 287 2493
5383123 403 68564 287 2493
5383138 403 68564 287 2493
5383153 403 68564 287 2493
5383169 403 68564 287 2493
5383184 403 68564 287 2493
5383199 403 68564 287 2493
5383214 403 68564 287 2493
5383229 403 68564 287 2493
5383244 403 68564 287 2493
5383259 403 68564 287 2493
5383274 403 68564 287 2493
