# header: write what you want on lines starting with #
# Total ACTIVE Pulses, # breakdowns, amp_set, index (point on pulse / power curve) , pulse length
# the init of this file could be 1 0 500 0 3500, 2 0 500 0 3500, etc
531 0 709 7 756
130031 0 1385 287 756
130198 0 1385 287 756
102 0 1500 33 756
184 0 710 33 756
286 0 710 7 756
393 0 760 7 756
493 0 810 8 756
599 0 860 9 756
701 0 910 10 756
804 0 960 12 756
915 0 1010 13 756
1020 0 1060 15 756
1125 0 1110 16 756
1227 0 1160 18 756
1333 0 1210 20 756
1439 0 1260 21 756
1546 0 1310 23 756
1647 0 1360 25 756
1750 0 1410 27 756
1855 0 1460 29 756
1956 0 1510 31 756
2060 0 1560 34 756
2168 0 1610 36 756
2275 0 1660 38 756
2379 0 1710 40 756
2487 0 1760 42 756
2591 0 1810 45 756
2693 0 1860 48 756
2796 0 1910 51 756
2898 0 1960 53 756
3008 0 2010 57 756
3108 0 2060 59 756
3210 0 2110 62 756
3320 0 2160 65 756
3438 0 2210 68 756
3539 0 2260 71 756
3647 0 2310 75 756
3749 0 2360 78 756
3849 0 2410 82 756
3960 0 2460 85 756
4062 0 2510 89 756
4163 0 2560 92 756
4266 0 2610 96 756
4481 0 2660 100 756
4684 0 2710 102 756
4892 0 2760 104 756
5104 0 2810 106 756
5306 0 2860 108 756
5513 0 2910 109 756
5716 0 2960 112 756
5916 0 3010 114 756
6117 0 3060 116 756
6320 0 3110 118 756
6529 0 3160 120 756
6730 0 3210 123 756
6937 0 3260 125 756
7139 0 3310 127 756
7343 0 3360 129 756
7546 0 3410 132 756
7758 0 3460 135 756
7966 0 3510 137 756
8169 0 3560 139 756
8378 0 3610 142 756
8578 0 3660 145 756
8782 0 3710 147 756
8990 0 3760 149 756
9296 0 3810 152 756
9601 0 3860 153 756
9904 0 3910 155 756
10210 0 3960 157 756
10511 0 4010 159 756
10814 0 4060 161 756
11119 0 4110 163 756
11422 0 4160 164 756
11723 0 4210 166 756
12029 0 4260 168 756
12331 0 4310 170 756
12637 0 4360 172 756
12939 0 4410 174 756
13243 0 4460 176 756
13551 0 4510 178 756
13856 0 4560 180 756
14156 0 4610 182 756
14564 0 4660 184 756
14969 0 4710 186 756
15374 0 4760 187 756
15774 0 4810 189 756
16177 0 4860 191 756
16582 0 4910 192 756
16984 0 4960 194 756
17384 0 5010 195 756
17789 0 5060 197 756
18201 0 5110 199 756
18601 0 5160 201 756
19007 0 5210 202 756
19407 0 5260 204 756
19815 0 5310 206 756
20219 0 5360 207 756
20726 0 5410 209 756
21234 0 5460 211 756
21735 0 5510 212 756
22243 0 5560 213 756
22751 0 5610 215 756
23254 0 5660 216 756
23765 0 5710 218 756
24265 0 5760 219 756
24774 0 5810 221 756
25280 0 5860 222 756
25788 0 5910 224 756
26294 0 5960 225 756
26794 0 6010 227 756
27204 0 6060 229 756
27809 0 6110 230 756
28414 0 6160 232 756
29025 0 6210 233 756
29630 0 6260 234 756
30231 0 6310 235 756
30375 0 881 237 756
30456 0 881 237 756
30538 0 881 237 756
30631 0 881 237 756
30719 0 881 237 756
30799 0 881 237 756
30883 0 881 237 756
30964 0 881 237 756
31050 0 881 237 756
31133 0 881 237 756
31215 0 881 237 756
31298 0 881 237 756
31379 0 881 237 756
31461 0 881 237 756
31545 0 881 237 756
31625 0 881 237 756
31712 0 881 237 756
31800 0 881 237 756
31884 0 881 237 756
31968 0 881 237 756
32048 0 881 237 756
32132 0 881 237 756
32217 0 881 237 756
32299 0 881 237 756
32381 0 881 237 756
32471 0 881 237 756
32556 0 881 237 756
32638 0 881 237 756
32719 0 881 237 756
32802 0 881 237 756
32883 0 881 237 756
32968 0 881 237 756
33049 0 881 237 756
33137 0 881 237 756
33218 0 881 237 756
33303 0 881 237 756
33391 0 881 237 756
33473 0 881 237 756
33561 0 881 237 756
33642 0 881 237 756
33732 0 881 237 756
33814 0 881 237 756
33900 0 881 237 756
33982 0 881 237 756
34065 0 881 237 756
34147 0 881 237 756
34230 0 881 237 756
34316 0 881 237 756
34397 0 881 237 756
34480 0 881 237 756
34562 0 881 237 756
34644 0 881 237 756
34728 0 881 237 756
34808 0 881 237 756
34892 0 881 237 756
34972 0 881 237 756
35059 0 881 237 756
35142 0 881 237 756
35222 0 881 237 756
35303 0 881 237 756
35387 0 881 237 756
35467 0 881 237 756
35548 0 881 237 756
35629 0 881 237 756
35711 0 881 237 756
35796 0 881 237 756
35877 0 881 237 756
35960 0 881 237 756
36051 0 881 237 756
36142 0 881 237 756
36224 0 881 237 756
36308 0 881 237 756
36395 0 881 237 756
36479 0 881 237 756
36565 0 881 237 756
36648 0 881 237 756
36736 0 881 237 756
36824 0 881 237 756
36907 0 881 237 756
36991 0 881 237 756
37082 0 881 237 756
37162 0 881 237 756
37243 0 881 237 756
37324 0 881 237 756
37408 0 881 237 756
37489 0 881 237 756
37575 0 881 237 756
37659 0 881 237 756
37742 0 881 237 756
37822 0 881 237 756
37908 0 881 237 756
37989 0 881 237 756
38073 0 881 237 756
38156 0 881 237 756
38244 0 881 237 756
38327 0 881 237 756
38416 0 881 237 756
38499 0 881 237 756
38579 0 881 237 756
38664 0 881 237 756
38744 0 881 237 756
38824 0 881 237 756
38905 0 881 237 756
38990 0 881 237 756
39075 0 881 237 756
39160 0 881 237 756
39245 0 881 237 756
39327 0 881 237 756
39409 0 881 237 756
39492 0 881 237 756
39573 0 881 237 756
39657 0 881 237 756
39740 0 881 237 756
39825 0 881 237 756
39910 0 881 237 756
39993 0 881 237 756
40082 0 881 237 756
40163 0 881 237 756
40243 0 881 237 756
40325 0 881 237 756
40416 0 881 237 756
40500 0 881 237 756
40583 0 881 237 756
40668 0 881 237 756
40753 0 881 237 756
40836 0 881 237 756
40916 0 881 237 756
40998 0 881 237 756
41081 0 881 237 756
41165 0 881 237 756
41255 0 881 237 756
41336 0 881 237 756
41417 0 881 237 756
41504 0 881 237 756
41587 0 881 237 756
41670 0 881 237 756
41752 0 881 237 756
41833 0 881 237 756
41921 0 881 237 756
42004 0 881 237 756
42086 0 881 237 756
42167 0 881 237 756
42249 0 881 237 756
42334 0 881 237 756
42419 0 881 237 756
42502 0 881 237 756
42586 0 881 237 756
42672 0 881 237 756
42754 0 881 237 756
42836 0 881 237 756
42917 0 881 237 756
42998 0 881 237 756
43086 0 881 237 756
43166 0 881 237 756
43253 0 881 237 756
43335 0 881 237 756
43417 0 881 237 756
43501 0 881 237 756
43583 0 881 237 756
43686 0 881 11 756
43790 0 931 11 756
43897 0 981 12 756
44002 0 1031 14 756
44108 0 1081 15 756
44213 0 1131 17 756
44315 0 1181 19 756
44427 0 1231 20 756
44538 0 1281 22 756
44640 0 1331 24 756
44743 0 1381 26 756
44853 0 1431 28 756
44955 0 1481 30 756
45056 0 1531 32 756
45157 0 1581 34 756
45261 0 1631 37 756
45363 0 1681 39 756
45476 0 1731 41 756
45580 0 1781 44 756
45682 0 1831 46 756
45789 0 1881 49 756
45893 0 1931 51 756
45996 0 1981 54 756
46102 0 2031 58 756
46206 0 2081 61 756
46312 0 2131 63 756
46415 0 2181 66 756
46523 0 2231 69 756
46630 0 2281 73 756
46735 0 2331 76 756
46841 0 2381 79 756
46950 0 2431 83 756
47054 0 2481 87 756
47158 0 2531 90 756
47263 0 2581 94 756
47373 0 2631 97 756
47573 0 2681 100 756
47776 0 2731 102 756
47978 0 2781 104 756
48182 0 2831 107 756
48390 0 2881 108 756
48599 0 2931 110 756
48800 0 2981 113 756
49008 0 3031 115 756
49211 0 3081 117 756
49420 0 3131 119 756
49621 0 3181 121 756
49828 0 3231 124 756
50029 0 3281 126 756
50229 0 3331 128 756
50438 0 3381 130 756
50645 0 3431 133 756
50851 0 3481 135 756
51056 0 3531 138 756
51256 0 3581 140 756
51465 0 3631 143 756
51668 0 3681 145 756
51869 0 3731 148 756
52179 0 3781 151 756
52484 0 3831 152 756
52788 0 3881 154 756
53095 0 3931 156 756
53399 0 3981 158 756
53704 0 4031 160 756
54004 0 4081 162 756
54312 0 4131 163 756
54621 0 4181 165 756
54924 0 4231 167 756
55230 0 4281 169 756
55541 0 4331 171 756
55841 0 4381 173 756
56142 0 4431 175 756
56442 0 4481 177 756
56748 0 4531 179 756
57051 0 4581 181 756
57357 0 4631 183 756
57760 0 4681 185 756
58169 0 4731 186 756
58573 0 4781 188 756
58977 0 4831 189 756
59387 0 4881 191 756
59792 0 4931 193 756
60195 0 4981 194 756
60600 0 5031 196 756
61007 0 5081 198 756
61408 0 5131 200 756
61808 0 5181 201 756
62219 0 5231 203 756
62625 0 5281 205 756
63032 0 5331 206 756
63435 0 5381 208 756
63939 0 5431 210 756
64443 0 5481 211 756
64950 0 5531 213 756
65452 0 5581 214 756
65956 0 5631 216 756
66463 0 5681 217 756
66972 0 5731 218 756
67475 0 5781 220 756
67984 0 5831 221 756
68486 0 5881 223 756
68987 0 5931 224 756
69493 0 5981 226 756
69994 0 6031 228 756
70395 0 6081 229 756
71004 0 6131 231 756
71610 0 6181 232 756
72213 0 6231 233 756
72815 0 6281 235 756
73425 0 6331 236 756
74029 0 6381 237 756
74635 0 6431 239 756
75246 0 6481 240 756
75853 0 6531 242 756
76463 0 6581 243 756
77069 0 6631 244 756
77272 0 6681 246 756
77979 0 6731 248 756
78680 0 6781 249 756
79382 0 6831 250 756
80086 0 6881 252 756
80793 0 6931 253 756
81501 0 6981 254 756
82208 0 7031 255 756
82911 0 7081 256 756
83613 0 7131 258 756
84326 0 7181 259 756
85028 0 7231 260 756
85832 0 7281 262 756
86637 0 7331 263 756
87444 0 7381 265 756
88251 0 7431 265 756
89061 0 7481 267 756
89865 0 7531 268 756
90670 0 7581 269 756
91475 0 7631 270 756
92276 0 7681 271 756
93085 0 7731 273 756
93987 0 7781 275 756
94889 0 7831 276 756
95794 0 7881 277 756
96695 0 7931 278 756
97612 0 7981 279 756
98518 0 8031 280 756
99419 0 8081 281 756
100319 0 8131 282 756
101220 0 8181 284 756
102129 0 8231 284 756
103129 0 8281 286 756
104138 0 8331 287 756
105138 0 8381 287 756
106138 0 8431 287 756
107147 0 8481 287 756
108148 0 8531 287 756
109152 0 8581 287 756
110154 0 8631 287 756
111162 0 8681 287 756
112166 0 8731 287 756
113211 0 1061 287 756
113302 0 1061 287 756
113391 0 1061 287 756
113471 0 1061 287 756
113560 0 1061 287 756
113648 0 1061 287 756
113728 0 1061 287 756
113816 0 1061 287 756
113898 0 1061 287 756
113981 0 1061 287 756
114061 0 1061 287 756
114144 0 1061 287 756
114225 0 1061 287 756
114305 0 1061 287 756
114392 0 1061 287 756
114481 0 1061 287 756
114566 0 1061 287 756
114650 0 1061 287 756
114732 0 1061 287 756
114814 0 1061 287 756
114895 0 1061 287 756
114977 0 1061 287 756
115066 0 1061 287 756
115146 0 1061 287 756
115229 0 1061 287 756
115316 0 1061 287 756
115398 0 1061 287 756
115481 0 1061 287 756
115564 0 1061 287 756
115648 0 1061 287 756
115731 0 1061 287 756
115812 0 1061 287 756
115892 0 1061 287 756
115977 0 1061 287 756
116060 0 1061 287 756
116145 0 1061 287 756
116237 0 1061 287 756
116324 0 1061 287 756
116409 0 1061 287 756
116492 0 1061 287 756
116572 0 1061 287 756
116655 0 1061 287 756
116739 0 1061 287 756
116826 0 1061 287 756
116907 0 1061 287 756
116990 0 1061 287 756
117079 0 1061 287 756
117162 0 1061 287 756
117243 0 1061 287 756
117333 0 1061 287 756
117414 0 1061 287 756
117496 0 1061 287 756
117577 0 1061 287 756
117662 0 1061 287 756
117743 0 1061 287 756
117824 0 1061 287 756
117910 0 1061 287 756
117997 0 1061 287 756
118085 0 1061 287 756
118166 0 1061 287 756
118249 0 1061 287 756
118332 0 1061 287 756
118420 0 1061 287 756
118504 0 1061 287 756
118593 0 1061 287 756
118680 0 1061 287 756
118761 0 1061 287 756
118844 0 1061 287 756
118924 0 1061 287 756
119006 0 1061 287 756
119089 0 1061 287 756
119171 0 1061 287 756
119256 0 1061 287 756
119339 0 1061 287 756
119426 0 1061 287 756
119506 0 1061 287 756
119588 0 1061 287 756
119677 0 1061 287 756
119769 0 1061 287 756
119851 0 1061 287 756
119932 0 1061 287 756
120014 0 1061 287 756
120103 0 1061 287 756
120191 0 1061 287 756
120273 0 1061 287 756
120359 0 1061 287 756
120443 0 1061 287 756
120526 0 1061 287 756
120607 0 1061 287 756
120696 0 1061 287 756
120782 0 1061 287 756
120875 0 1061 287 756
120957 0 1061 287 756
121040 0 1061 287 756
121120 0 1061 287 756
121204 0 1061 287 756
121295 0 1061 287 756
121384 0 1061 287 756
121464 0 1061 287 756
121549 0 1061 287 756
121629 0 1061 287 756
121710 0 1061 287 756
121799 0 1061 287 756
121882 0 1061 287 756
121973 0 1061 287 756
122053 0 1061 287 756
122135 0 1061 287 756
122221 0 1061 287 756
122302 0 1061 287 756
122386 0 1061 287 756
122467 0 1061 287 756
122551 0 1061 287 756
122634 0 1061 287 756
122716 0 1061 287 756
122798 0 1061 287 756
122884 0 1061 287 756
122964 0 1061 287 756
123050 0 1061 287 756
123132 0 1061 287 756
123218 0 1061 287 756
123301 0 1061 287 756
123385 0 1061 287 756
123466 0 1061 287 756
123551 0 1061 287 756
123632 0 1061 287 756
123717 0 1061 287 756
123798 0 1061 287 756
123881 0 1061 287 756
123964 0 1061 287 756
124046 0 1061 287 756
124131 0 1061 287 756
124214 0 1061 287 756
124299 0 1061 287 756
124380 0 1061 287 756
124463 0 1061 287 756
124552 0 1061 287 756
124634 0 1061 287 756
124725 0 1061 287 756
124808 0 1061 287 756
124888 0 1061 287 756
124971 0 1061 287 756
125051 0 1061 287 756
125138 0 1061 287 756
125223 0 1061 287 756
125315 0 1061 287 756
125401 0 1061 287 756
125482 0 1061 287 756
125564 0 1061 287 756
125645 0 1061 287 756
125725 0 1061 287 756
125809 0 1061 287 756
125892 0 1061 287 756
125977 0 1061 287 756
126059 0 1061 287 756
126139 0 1061 287 756
126222 0 1061 287 756
126307 0 1061 287 756
126390 0 1061 287 756
126471 0 1061 287 756
126553 0 1061 287 756
126634 0 1061 287 756
126718 0 1061 287 756
126800 0 1061 287 756
126883 0 1061 287 756
126963 0 1061 287 756
127046 0 1061 287 756
127128 0 1061 287 756
127209 0 1061 287 756
127293 0 1061 287 756
127378 0 1061 287 756
127470 0 1061 287 756
127551 0 1061 287 756
127631 0 1061 287 756
127712 0 1061 287 756
127793 0 1061 287 756
127874 0 1061 287 756
127963 0 1061 287 756
128045 0 1061 287 756
128133 0 1061 287 756
128216 0 1061 287 756
128305 0 1061 287 756
128387 0 1061 287 756
128469 0 1061 287 756
128560 0 1061 287 756
128641 0 1061 287 756
128728 0 1061 287 756
128811 0 1061 287 756
128893 0 1061 287 756
128975 0 1061 287 756
129060 0 1061 287 756
129145 0 1061 287 756
129231 0 1061 287 756
129315 0 1061 287 756
129397 0 1061 287 756
129481 0 1061 287 756
129564 0 1061 287 756
129646 0 1061 287 756
129728 0 1061 287 756
129811 0 1061 287 756
129892 0 1061 287 756
129976 0 1061 287 756
130067 0 1061 287 756
130158 0 1061 287 756
130240 0 1061 287 756
130322 0 1061 287 756
130405 0 1061 287 756
130491 0 1061 287 756
130573 0 1061 287 756
130653 0 1061 287 756
130733 0 1061 287 756
130814 0 1061 287 756
130907 0 1061 287 756
130997 0 1061 287 756
131078 0 1061 287 756
131158 0 1061 287 756
131241 0 1061 287 756
131321 0 1061 287 756
131411 0 1061 287 756
131502 0 1061 287 756
131584 0 1061 287 756
131673 0 1061 287 756
131754 0 1061 287 756
131839 0 1061 287 756
131919 0 1061 287 756
132009 0 1061 287 756
132090 0 1061 287 756
132174 0 1061 287 756
132260 0 1061 287 756
132342 0 1061 287 756
132424 0 1061 287 756
132506 0 1061 287 756
132595 0 1061 287 756
132679 0 1061 287 756
132760 0 1061 287 756
132863 0 1061 16 756
132969 0 1111 16 756
133074 0 1161 18 756
133174 0 1211 19 756
133276 0 1261 21 756
133380 0 1311 23 756
133485 0 1361 25 756
133590 0 1411 27 756
133692 0 1461 29 756
133797 0 1511 31 756
133897 0 1561 33 756
134002 0 1611 36 756
134106 0 1661 38 756
134209 0 1711 40 756
134310 0 1761 42 756
134417 0 1811 45 756
134520 0 1861 48 756
134625 0 1911 50 756
134726 0 1961 53 756
134827 0 2011 57 756
134928 0 2061 59 756
135039 0 2111 62 756
135155 0 2161 65 756
135263 0 2211 68 756
135364 0 2261 71 756
135477 0 2311 75 756
135582 0 2361 78 756
135692 0 2411 81 756
135805 0 2461 85 756
135907 0 2511 88 756
136009 0 2561 92 756
136111 0 2611 96 756
136317 0 2661 100 756
136518 0 2711 102 756
136723 0 2761 103 756
136928 0 2811 106 756
137132 0 2861 108 756
137339 0 2911 109 756
137543 0 2961 112 756
137745 0 3011 114 756
137953 0 3061 116 756
138163 0 3111 118 756
138370 0 3161 120 756
138573 0 3211 123 756
138777 0 3261 125 756
138978 0 3311 127 756
139114 0 758 129 756
139205 0 758 129 756
139287 0 758 129 756
139367 0 758 129 756
139452 0 758 129 756
139532 0 758 129 756
139623 0 758 129 756
139711 0 758 129 756
139794 0 758 129 756
139881 0 758 129 756
139964 0 758 129 756
140048 0 758 129 756
140129 0 758 129 756
140209 0 758 129 756
140295 0 758 129 756
140379 0 758 129 756
140460 0 758 129 756
140543 0 758 129 756
140623 0 758 129 756
140705 0 758 129 756
140786 0 758 129 756
140867 0 758 129 756
140953 0 758 129 756
141033 0 758 129 756
141115 0 758 129 756
141196 0 758 129 756
141280 0 758 129 756
141371 0 758 129 756
141455 0 758 129 756
141542 0 758 129 756
141623 0 758 129 756
141713 0 758 129 756
141794 0 758 129 756
