# header: write what you want on lines starting with #
# Total ACTIVE Pulses, # breakdowns, amp_set, index (point on pulse / power curve) , pulse length
# the init of this file could be 1 0 500 0 3500, 2 0 500 0 3500, etc
1 0 500 0 3500
102 7 3675 0 2493
77860 8 20550 222 2493
84624 9 26850 291 2493
86956 10 27050 291 2493
88189 11 27050 0 2493
89804 12 28450 291 2493
90894 13 28450 291 2493
91987 14 28450 291 2493
98240 15 29450 291 2493
99172 16 29450 291 2493
100158 17 29450 291 2493
106672 18 36150 291 2493
106684 19 36150 291 2493
106697 20 36150 291 2493
106709 21 36150 291 2493
106722 22 36150 291 2493
106735 23 36150 291 2493
106748 24 36150 291 2493
106760 25 36150 291 2493
106772 26 36150 291 2493
106784 27 36150 291 2493
106796 28 36150 291 2493
106808 29 36150 291 2493
106820 30 36150 291 2493
106834 31 36150 291 2493
106846 32 36150 291 2493
106859 33 36150 291 2493
106871 34 36150 291 2493
106884 35 36150 291 2493
106897 36 36150 291 2493
3848819 286 39931 238 2493
4701474 341 40000 287 2493
4770142 342 45265 287 2493
4795011 343 48799 287 2493
4843634 344 54053 287 2493
4843951 344 54053 287 2493
4843966 344 54053 287 2493
4843981 344 54053 287 2493
4843997 344 54053 287 2493
4844012 344 53665 287 2493
4844027 344 53665 287 2493
4844042 344 53665 287 2493
4844057 344 53665 287 2493
4844072 344 53665 287 2493
4844087 344 53665 287 2493
4844102 344 53665 287 2493
4844117 344 53665 287 2493
4844132 344 53665 287 2493
4844147 344 53665 287 2493
4844163 344 53665 287 2493
4844178 344 53665 287 2493
4844193 344 53665 287 2493
4844208 344 53665 287 2493
4844223 344 53665 287 2493
4844238 344 53665 287 2493
4844254 344 53665 287 2493
4844269 344 53665 287 2493
4844284 344 53665 287 2493
4844300 344 53665 287 2493
4844315 344 53665 287 2493
4844330 344 53665 287 2493
4844345 344 53665 287 2493
4844360 344 53665 287 2493
4844375 344 53665 287 2493
4844390 344 53665 287 2493
4844405 344 53665 287 2493
4844420 344 53665 287 2493
4844436 344 53665 287 2493
4844451 344 53665 287 2493
4844466 344 53665 287 2493
4844482 344 53665 287 2493
4844497 344 53665 287 2493
4844512 344 53665 287 2493
4844527 344 53665 287 2493
4844542 344 53665 287 2493
4844557 344 53665 287 2493
4844573 344 53665 287 2493
4844588 344 53665 287 2493
4844604 344 53665 287 2493
4844619 344 53665 287 2493
4844634 344 53665 287 2493
4844649 344 53665 287 2493
4844664 344 53665 287 2493
4844680 344 53665 287 2493
4844695 344 53665 287 2493
4844710 344 53665 287 2493
4844725 344 53665 287 2493
4844740 344 53665 287 2493
4844755 344 53665 287 2493
4844770 344 53665 287 2493
4844786 344 53665 287 2493
4844801 344 53665 287 2493
4844816 344 53665 287 2493
4844831 344 53665 287 2493
4844846 344 53665 287 2493
4844861 344 53665 287 2493
4844876 344 53665 287 2493
4844891 344 53665 287 2493
4844906 344 53665 287 2493
4844921 344 53665 287 2493
4844936 344 53665 287 2493
4844951 344 53665 287 2493
4844966 344 53665 287 2493
4844981 344 53665 287 2493
4844996 344 53665 287 2493
4845012 344 53665 287 2493
4845027 344 53665 287 2493
4845042 344 53665 287 2493
4845057 344 53665 287 2493
4845072 344 53665 287 2493
4845088 344 53665 287 2493
4845103 344 53665 287 2493
4845118 344 53665 287 2493
4845133 344 53665 287 2493
4845148 344 53665 287 2493
4845163 344 53665 287 2493
4845178 344 53665 287 2493
4845193 344 53665 287 2493
4845208 344 53665 287 2493
4845223 344 53665 287 2493
4845238 344 53665 287 2493
4845253 344 53665 287 2493
4845268 344 53665 287 2493
4845283 344 53665 287 2493
4845298 344 53665 287 2493
4845313 344 53665 287 2493
4845329 344 53665 287 2493
4845344 344 53665 287 2493
4845359 344 53665 287 2493
4845374 344 53665 287 2493
4845390 344 53665 287 2493
4845405 344 53665 287 2493
4845421 344 53665 287 2493
4845436 344 53665 287 2493
4845452 344 53665 287 2493
4845469 344 53665 287 2493
4845484 344 53665 287 2493
4845499 344 53665 287 2493
4845514 344 53665 287 2493
4845529 344 53665 287 2493
4845544 344 53665 287 2493
4845560 344 53665 287 2493
4845575 344 53665 287 2493
4845590 344 53665 287 2493
4845605 344 53665 287 2493
4845621 344 53665 287 2493
4845636 344 53665 287 2493
4845651 344 53665 287 2493
4845666 344 53665 287 2493
4845681 344 53665 287 2493
4845697 344 53665 287 2493
4845712 344 53665 287 2493
4845727 344 53665 287 2493
4845742 344 53665 287 2493
4845757 344 53665 287 2493
4845772 344 53665 287 2493
4845787 344 53665 287 2493
4845802 344 53665 287 2493
4845817 344 53665 287 2493
4845832 344 53665 287 2493
4845847 344 53665 287 2493
4845862 344 53665 287 2493
4845877 344 53665 287 2493
4845892 344 53665 287 2493
4845907 344 53665 287 2493
4845922 344 53665 287 2493
4845937 344 53665 287 2493
4845953 344 53665 287 2493
4845970 344 53665 287 2493
4845985 344 53665 287 2493
4846000 344 53665 287 2493
4846015 344 53665 287 2493
4846030 344 53665 287 2493
4846045 344 53665 287 2493
4846060 344 53665 287 2493
4846075 344 53665 287 2493
4846090 344 53665 287 2493
4846105 344 53665 287 2493
4846121 344 53665 287 2493
4846136 344 53665 287 2493
4846152 344 53665 287 2493
4846167 344 53665 287 2493
4846183 344 53665 287 2493
4846198 344 53665 287 2493
4846213 344 53665 287 2493
4846228 344 53665 287 2493
4846243 344 53665 287 2493
4846259 344 53665 287 2493
4846274 344 53665 287 2493
4847274 344 53665 287 2493
4848274 344 53916 287 2493
4849274 344 54022 287 2493
4850274 344 54117 287 2493
4851274 344 54167 287 2493
4852274 344 54217 287 2493
4853274 344 54267 287 2493
4854275 344 54317 287 2493
4855275 344 54367 287 2493
4856276 344 54417 287 2493
4857276 344 54467 287 2493
4858277 344 54517 287 2493
4859277 344 54567 287 2493
4860278 344 54617 287 2493
4861278 344 54667 287 2493
4862278 344 54717 287 2493
4863278 344 54767 287 2493
4864278 344 54817 287 2493
4865278 344 54867 287 2493
4866278 344 54917 287 2493
4867278 344 54967 287 2493
4868279 344 55017 287 2493
4869279 344 55067 287 2493
4870279 344 55117 287 2493
4871279 344 55167 287 2493
4872279 344 55217 287 2493
4873279 344 55267 287 2493
4874279 344 55375 287 2493
4875279 344 55661 287 2493
4876279 344 55711 287 2493
4877279 344 55964 287 2493
4878279 344 56199 287 2493
4879279 344 56202 287 2493
4880279 344 56252 287 2493
4881279 344 56302 287 2493
4882279 344 56352 287 2493
4883279 344 56402 287 2493
4884279 344 56452 287 2493
4885279 344 56502 287 2493
4886279 344 56552 287 2493
4887279 344 56602 287 2493
4888279 344 56652 287 2493
4889280 344 56702 287 2493
4890280 344 56752 287 2493
4891280 344 56802 287 2493
4892281 344 56852 287 2493
4893281 344 56902 287 2493
4894281 344 56952 287 2493
4895281 344 56963 287 2493
4896281 344 56996 287 2493
4897281 344 57044 287 2493
4897804 344 57517 287 2493
4897819 344 57517 287 2493
4897834 344 57517 287 2493
4897849 344 57517 287 2493
4897864 344 57517 287 2493
4897879 344 57517 287 2493
4897894 344 57517 287 2493
4897909 344 57517 287 2493
4897924 344 57517 287 2493
4897939 344 57517 287 2493
4897954 344 57517 287 2493
4897969 344 57517 287 2493
4897984 344 57517 287 2493
4897999 344 57517 287 2493
4898014 344 57517 287 2493
4898029 344 57517 287 2493
4898044 344 57517 287 2493
4898059 344 57517 287 2493
4898074 344 57517 287 2493
4898089 344 57517 287 2493
4898104 344 57517 287 2493
4898119 344 57517 287 2493
4898134 344 57517 287 2493
4898149 344 57517 287 2493
4898164 344 57517 287 2493
4898179 344 57517 287 2493
4898194 344 57517 287 2493
4898209 344 57517 287 2493
4898224 344 57517 287 2493
4898239 344 57517 287 2493
4898255 344 57517 287 2493
4898270 344 57517 287 2493
4898286 344 57517 287 2493
4898301 344 57517 287 2493
4898317 344 57517 287 2493
4898332 344 57517 287 2493
4898347 344 57517 287 2493
4898362 344 57517 287 2493
4898377 344 57517 287 2493
4898392 344 57517 287 2493
4898407 344 57517 287 2493
4898423 344 57517 287 2493
4898438 344 57517 287 2493
4898454 344 57517 287 2493
4898469 344 57517 287 2493
4898485 344 57517 287 2493
4898500 344 57517 287 2493
4898515 344 57517 287 2493
4898530 344 57517 287 2493
4898545 344 57517 287 2493
4898560 344 57517 287 2493
4898575 344 57517 287 2493
4898590 344 57517 287 2493
4898605 344 57517 287 2493
4898620 344 57517 287 2493
4898636 344 57517 287 2493
