# header: write what you want on lines starting with #
# Total ACTIVE Pulses, # breakdowns, amp_set, index (point on pulse / power curve) , pulse length
# the init of this file could be 1 0 500 0 3500, 2 0 500 0 3500, etc
1 0 500 0 3500
102 7 3675 0 2493
77860 8 20550 222 2493
84624 9 26850 291 2493
86956 10 27050 291 2493
88189 11 27050 0 2493
89804 12 28450 291 2493
90894 13 28450 291 2493
91987 14 28450 291 2493
98240 15 29450 291 2493
99172 16 29450 291 2493
100158 17 29450 291 2493
106672 18 36150 291 2493
106684 19 36150 291 2493
106697 20 36150 291 2493
106709 21 36150 291 2493
106722 22 36150 291 2493
106735 23 36150 291 2493
106748 24 36150 291 2493
106760 25 36150 291 2493
106772 26 36150 291 2493
106784 27 36150 291 2493
106796 28 36150 291 2493
106808 29 36150 291 2493
106820 30 36150 291 2493
106834 31 36150 291 2493
106846 32 36150 291 2493
106859 33 36150 291 2493
106871 34 36150 291 2493
106884 35 36150 291 2493
106897 36 36150 291 2493
3848819 286 39931 238 2493
4701474 341 40000 287 2493
4770142 342 45265 287 2493
4795011 343 48799 287 2493
4843634 344 54053 287 2493
4940712 345 61629 287 2493
4952722 346 64039 287 2493
4967192 347 65392 287 2493
4968498 348 65392 287 2493
5006008 355 67020 287 2493
5007182 356 67020 287 2493
5221406 395 67522 287 2493
5226754 396 67731 287 2493
5227268 397 67731 287 2493
5248241 399 67802 287 2493
5256327 400 67802 287 2493
5262168 401 67802 287 2493
5269222 402 67802 287 2493
5297152 403 67802 287 2493
5337060 403 67802 287 2493
5337092 403 67802 287 2493
5337123 403 67802 287 2493
5337153 403 67802 287 2493
5337168 403 68889 287 2493
5337183 403 68889 287 2493
5337198 403 68889 287 2493
5337213 403 68889 287 2493
5337229 403 68889 287 2493
5337244 403 68889 287 2493
5337259 403 68889 287 2493
5337274 403 68889 287 2493
5337289 403 68889 287 2493
5337305 403 68889 287 2493
5337320 403 68889 287 2493
5337335 403 68889 287 2493
5337350 403 68889 287 2493
5337365 403 68889 287 2493
5337380 403 68889 287 2493
5337395 403 68889 287 2493
5337410 403 68889 287 2493
5337425 403 68889 287 2493
5337440 403 68889 287 2493
5337455 403 68889 287 2493
5337470 403 68889 287 2493
5337485 403 68889 287 2493
5337501 403 68889 287 2493
5337516 403 68889 287 2493
5337532 403 68889 287 2493
5337547 403 68889 287 2493
5337562 403 68889 287 2493
5337578 403 68889 287 2493
5337593 403 68889 287 2493
5337609 403 68889 287 2493
5337624 403 68889 287 2493
5337639 403 68889 287 2493
5337654 403 68889 287 2493
5337669 403 68889 287 2493
5337684 403 68889 287 2493
5337699 403 68889 287 2493
5337714 403 68889 287 2493
5337729 403 68889 287 2493
5337744 403 68889 287 2493
5337759 403 68889 287 2493
5337774 403 68889 287 2493
5337789 403 68889 287 2493
5337804 403 68889 287 2493
5337819 403 68889 287 2493
5337834 403 68889 287 2493
5337849 403 68889 287 2493
5337864 403 68889 287 2493
5337879 403 68889 287 2493
5337894 403 68889 287 2493
5337909 403 68889 287 2493
5337924 403 68889 287 2493
5337939 403 68889 287 2493
5337955 403 68889 287 2493
5337970 403 68889 287 2493
5337985 403 68889 287 2493
5338000 403 68889 287 2493
5338015 403 68889 287 2493
5338030 403 68889 287 2493
5338045 403 68889 287 2493
5338060 403 68889 287 2493
5338076 403 68889 287 2493
5338091 403 68889 287 2493
5338106 403 68889 287 2493
5338121 403 68889 287 2493
5338136 403 68889 287 2493
5338151 403 68889 287 2493
5338167 403 68889 287 2493
5338182 403 68889 287 2493
5338197 403 68889 287 2493
5338212 403 68889 287 2493
5338227 403 68889 287 2493
5338242 403 68889 287 2493
5338257 403 68889 287 2493
5338272 403 68889 287 2493
5338287 403 68889 287 2493
5338302 403 68889 287 2493
5338317 403 68889 287 2493
5338332 403 68889 287 2493
5338347 403 68889 287 2493
5338362 403 68889 287 2493
5338377 403 68889 287 2493
5338394 403 68889 287 2493
5338409 403 68889 287 2493
5338424 403 68889 287 2493
5338439 403 68889 287 2493
5338454 403 68889 287 2493
5338469 403 68889 287 2493
5338484 403 68889 287 2493
5338499 403 68889 287 2493
5338515 403 68889 287 2493
5338530 403 68889 287 2493
5338545 403 68889 287 2493
5338560 403 68889 287 2493
5338575 403 68889 287 2493
5338591 403 68889 287 2493
5338606 403 68889 287 2493
5338621 403 68889 287 2493
5338636 403 68889 287 2493
5338651 403 68889 287 2493
5338666 403 68889 287 2493
5338683 403 68889 287 2493
5338699 403 68889 287 2493
5338715 403 68889 287 2493
5338730 403 68889 287 2493
5338745 403 68889 287 2493
5338760 403 68889 287 2493
5338775 403 68889 287 2493
5338790 403 68889 287 2493
5338807 403 68889 287 2493
5338822 403 68889 287 2493
5338841 403 68889 287 2493
5338857 403 68889 287 2493
5338872 403 68889 287 2493
5338887 403 68889 287 2493
5338902 403 68889 287 2493
5338917 403 68889 287 2493
5338932 403 68889 287 2493
5338947 403 68889 287 2493
