# header: write what you want on lines starting with #
# Total ACTIVE Pulses, # breakdowns, amp_set, index (point on pulse / power curve) , pulse length
# the init of this file could be 1 0 500 0 3500, 2 0 500 0 3500, etc
531 0 709 7 756
629927 1 19500 287 756
649134 2 19900 287 756
663617 3 19900 287 756
675254 4 19900 287 756
685220 5 19900 287 756
701197 6 19900 287 756
716534 7 19900 287 756
727172 8 19900 287 756
743893 9 20300 287 756
809136 10 22300 287 756
850907 11 23100 287 756
1311952 12 34700 287 756
1322395 13 34700 287 756
1345435 14 35100 287 756
1445388 16 35270 287 756
1500817 17 38300 287 756
1515290 18 38300 287 756
1527422 19 38300 287 756
1550025 20 38700 287 756
1565127 21 38700 287 756
1577229 22 38700 287 756
1589818 23 38700 287 756
1605748 24 38700 287 756
1618050 25 38700 287 756
1633214 26 38700 287 756
1648658 27 38700 287 756
1662460 28 38700 287 756
1675533 29 38700 287 756
1704498 30 38700 287 756
1717266 31 38700 287 756
1967674 32 45500 287 756
1993695 33 46300 287 756
2009915 34 46300 287 756
2109710 35 49100 287 756
2109778 37 49100 287 756
2109916 38 49100 287 756
2110042 40 49100 287 756
2153576 41 49500 287 756
2156586 41 49500 287 756
2156646 41 49500 287 756
2156781 41 49500 287 756
2156841 41 49500 287 756
2156909 41 49500 287 756
2156970 41 49500 287 756
2157035 41 49500 287 756
2157105 41 49500 287 756
2157165 41 49500 287 756
2157235 41 49500 287 756
2157300 41 49500 287 756
2157361 41 49500 287 756
2157423 41 49500 287 756
2157487 41 49500 287 756
2157556 41 49500 287 756
2157616 41 49500 287 756
2157677 41 49500 287 756
2157740 41 49500 287 756
2157801 41 49500 287 756
2157866 41 49500 287 756
2157928 41 49500 287 756
2157989 41 49500 287 756
2158054 41 49500 287 756
2158114 41 49500 287 756
2158175 41 49500 287 756
2158242 41 49500 287 756
2158302 41 49500 287 756
2158362 41 49500 287 756
2158423 41 49500 287 756
2158485 41 49500 287 756
2158556 41 49500 287 756
2158621 41 49500 287 756
2158683 41 49500 287 756
2158752 41 49500 287 756
2158814 41 49500 287 756
2158877 41 49500 287 756
2158949 41 49500 287 756
2159017 41 49500 287 756
2159084 41 49500 287 756
2159145 41 49500 287 756
2159215 41 49500 287 756
2159283 41 49500 287 756
2159346 41 49500 287 756
2159408 41 49500 287 756
2159474 41 49500 287 756
2159543 41 49500 287 756
2159604 41 49500 287 756
2159668 41 49500 287 756
2159728 41 49500 287 756
2159791 41 49500 287 756
2159857 41 49500 287 756
2159924 41 49500 287 756
2159996 41 49500 287 756
2160065 41 49500 287 756
2160125 41 49500 287 756
2160192 41 49500 287 756
2160260 41 49500 287 756
2160320 41 49500 287 756
2160384 41 49500 287 756
2160446 41 49500 287 756
2160515 41 49500 287 756
2160579 41 49500 287 756
2160639 41 49500 287 756
2160709 41 49500 287 756
2160776 41 49500 287 756
2160836 41 49500 287 756
2160896 41 49500 287 756
2160962 41 49500 287 756
2161023 41 49500 287 756
2161083 41 49500 287 756
2161148 41 49500 287 756
2161214 41 49500 287 756
2161276 41 49500 287 756
2161341 41 49500 287 756
2161403 41 49500 287 756
2161463 41 49500 287 756
2161529 41 49500 287 756
2161590 41 49500 287 756
2161659 41 49500 287 756
2161720 41 49500 287 756
2161785 41 49500 287 756
2161848 41 49500 287 756
2161912 41 49500 287 756
2161972 41 49500 287 756
2162041 41 49500 287 756
2162101 41 49500 287 756
2162164 41 49500 287 756
2162229 41 49500 287 756
2162289 41 49500 287 756
2162349 41 49500 287 756
2162419 41 49500 287 756
2162490 41 49500 287 756
2162553 41 49500 287 756
2162623 41 49500 287 756
2162693 41 49500 287 756
2162760 41 49500 287 756
2162827 41 49500 287 756
2162897 41 49500 287 756
2162958 41 49500 287 756
2163026 41 49500 287 756
2163090 41 49500 287 756
2163150 41 49500 287 756
2163210 41 49500 287 756
2163272 41 49500 287 756
2163333 41 49500 287 756
2163397 41 49500 287 756
2163463 41 49500 287 756
2163524 41 49500 287 756
2163585 41 49500 287 756
2163649 41 49500 287 756
2163711 41 49500 287 756
2163783 41 49500 287 756
2163848 41 49500 287 756
2163909 41 49500 287 756
2163971 41 49500 287 756
2164036 41 49500 287 756
2164096 41 49500 287 756
2164157 41 49500 287 756
2164225 41 49500 287 756
2164294 41 49500 287 756
2164355 41 49500 287 756
2164422 41 49500 287 756
2164493 41 49500 287 756
2164554 41 49500 287 756
2164614 41 49500 287 756
2164680 41 49500 287 756
2164742 41 49500 287 756
2164805 41 49500 287 756
2164870 41 49500 287 756
2164930 41 49500 287 756
2164992 41 49500 287 756
2165055 41 49500 287 756
2165115 41 49500 287 756
2165180 41 49500 287 756
2165249 41 49500 287 756
2165309 41 49500 287 756
2165372 41 49500 287 756
2165437 41 49500 287 756
2165498 41 49500 287 756
2165559 41 49500 287 756
2165627 41 49500 287 756
2165689 41 49500 287 756
2165750 41 49500 287 756
2165814 41 49500 287 756
2165875 41 49500 287 756
2165940 41 49500 287 756
2166001 41 49500 287 756
2166063 41 49500 287 756
2166128 41 49500 287 756
2166192 41 49500 287 756
2166253 41 49500 287 756
2166313 41 49500 287 756
2166374 41 49500 287 756
2166435 41 49500 287 756
2166500 41 49500 287 756
2166569 41 49500 287 756
2166636 41 49500 287 756
2166698 41 49500 287 756
2166761 41 49500 287 756
2166824 41 49500 287 756
2166884 41 49500 287 756
2166950 41 49500 287 756
2167012 41 49500 287 756
2167073 41 49500 287 756
2167138 41 49500 287 756
2167209 41 49500 287 756
2167279 41 49500 287 756
2167344 41 49500 287 756
2167406 41 49500 287 756
2167466 41 49500 287 756
2167533 41 49500 287 756
2167603 41 49500 287 756
2167664 41 49500 287 756
2167729 41 49500 287 756
2167790 41 49500 287 756
2167860 41 49500 287 756
2167921 41 49500 287 756
2167986 41 49500 287 756
2168051 41 49500 287 756
2168113 41 49500 287 756
2168178 41 49500 287 756
2168238 41 49500 287 756
2168301 41 49500 287 756
2168361 41 49500 287 756
2168426 41 49500 287 756
2168490 41 49500 287 756
2168551 41 49500 287 756
2168612 41 49500 287 756
2168678 41 49500 287 756
2168747 41 49500 287 756
2168810 41 49500 287 756
2168871 41 49500 287 756
2168937 41 49500 287 756
2168998 41 49500 287 756
2169059 41 49500 287 756
2169123 41 49500 287 756
2169185 41 49500 287 756
2169251 41 49500 287 756
2169311 41 49500 287 756
2169373 41 49500 287 756
2169439 41 49500 287 756
2170444 41 49500 287 756
2171448 41 49550 287 756
2172458 41 49600 287 756
2173465 41 49650 287 756
2174465 41 49700 287 756
2175475 41 49750 287 756
2176476 41 49800 287 756
2177482 41 49850 287 756
2178489 41 49900 287 756
2179496 41 49950 287 756
2180504 41 50000 287 756
2181510 41 50050 287 756
2182515 41 50100 287 756
2183524 41 50150 287 756
2184525 41 50200 287 756
2185533 41 50250 287 756
2186538 41 50300 287 756
2187546 41 50350 287 756
2188552 41 50400 287 756
2189560 41 50450 287 756
2190571 41 50500 287 756
2191580 41 50550 287 756
2192583 41 50600 287 756
2193585 41 50650 287 756
2194595 41 50700 287 756
2195598 41 50750 287 756
2196606 41 50800 287 756
2197609 41 50850 287 756
2198612 41 50900 287 756
2199615 41 50950 287 756
2200624 41 51000 287 756
2201626 41 51050 287 756
2202628 41 51100 287 756
2203639 41 51150 287 756
2204644 41 51200 287 756
2205654 41 51250 287 756
2206656 41 51300 287 756
2207670 41 51350 287 756
2208671 41 51400 287 756
2209680 41 51450 287 756
2210685 41 51500 287 756
2211695 41 51550 287 756
2212704 41 51600 287 756
2213706 41 51650 287 756
2214708 41 51700 287 756
2215710 41 51750 287 756
2216711 41 51800 287 756
2217174 42 49500 287 756
2217244 44 49500 287 756
2217305 44 49500 287 756
2217367 44 49500 287 756
2217431 44 49500 287 756
2217492 44 49500 287 756
2217557 44 49500 287 756
2217618 44 49500 287 756
2217680 44 49500 287 756
2217745 44 49500 287 756
2217807 44 49500 287 756
2217878 44 49500 287 756
2217938 44 49500 287 756
2218003 44 49500 287 756
2218064 44 49500 287 756
2218127 44 49500 287 756
2218190 44 49500 287 756
2218251 44 49500 287 756
2218318 44 49500 287 756
2218387 44 49500 287 756
2218447 44 49500 287 756
2218515 44 49500 287 756
2218580 44 49500 287 756
2218650 44 49500 287 756
2218710 44 49500 287 756
2218774 44 49500 287 756
2218834 44 49500 287 756
2218897 44 49500 287 756
2218962 44 49500 287 756
2219023 44 49500 287 756
2219086 44 49500 287 756
2219151 44 49500 287 756
2219211 44 49500 287 756
2219274 44 49500 287 756
2219341 44 49500 287 756
2219412 44 49500 287 756
2219474 44 49500 287 756
2219539 44 49500 287 756
2219610 44 49500 287 756
2219671 44 49500 287 756
2219733 44 49500 287 756
2219795 44 49500 287 756
2219855 44 49500 287 756
2219921 44 49500 287 756
2219981 44 49500 287 756
2220042 44 49500 287 756
2220109 44 49500 287 756
2220178 44 49500 287 756
2220246 44 49500 287 756
2220316 44 49500 287 756
2220383 44 49500 287 756
2220453 44 49500 287 756
2220515 44 49500 287 756
2220575 44 49500 287 756
2220641 44 49500 287 756
2220701 44 49500 287 756
2220764 44 49500 287 756
2220831 44 49500 287 756
2220902 44 49500 287 756
2220963 44 49500 287 756
2221026 44 49500 287 756
2221089 44 49500 287 756
2221150 44 49500 287 756
2221218 44 49500 287 756
2221281 44 49500 287 756
2221347 44 49500 287 756
2221411 44 49500 287 756
2221471 44 49500 287 756
2221537 44 49500 287 756
2221605 44 49500 287 756
2221668 44 49500 287 756
2221728 44 49500 287 756
2221793 44 49500 287 756
2221853 44 49500 287 756
2221915 44 49500 287 756
2221982 44 49500 287 756
2222052 44 49500 287 756
2222114 44 49500 287 756
2222177 44 49500 287 756
2222238 44 49500 287 756
2222304 44 49500 287 756
2222377 44 49500 287 756
2222442 44 49500 287 756
2222503 44 49500 287 756
2222564 44 49500 287 756
2222630 44 49500 287 756
2222700 44 49500 287 756
2222763 44 49500 287 756
2222829 44 49500 287 756
2222892 44 49500 287 756
2222954 44 49500 287 756
2223018 44 49500 287 756
2223079 44 49500 287 756
2223141 44 49500 287 756
2223207 44 49500 287 756
2223277 44 49500 287 756
2223337 44 49500 287 756
2223405 44 49500 287 756
2223465 44 49500 287 756
2223527 44 49500 287 756
2223593 44 49500 287 756
2223654 44 49500 287 756
2223715 44 49500 287 756
2223780 44 49500 287 756
2223840 44 49500 287 756
2223904 44 49500 287 756
2223969 44 49500 287 756
2224029 44 49500 287 756
2224091 44 49500 287 756
2224156 44 49500 287 756
2224218 44 49500 287 756
2224281 44 49500 287 756
2224346 44 49500 287 756
2224407 44 49500 287 756
2224477 44 49500 287 756
2224543 44 49500 287 756
2224604 44 49500 287 756
2224665 44 49500 287 756
2224731 44 49500 287 756
2224794 44 49500 287 756
2224857 44 49500 287 756
2224924 44 49500 287 756
2224986 44 49500 287 756
2225047 44 49500 287 756
2225113 44 49500 287 756
2225181 44 49500 287 756
2225252 44 49500 287 756
2225322 44 49500 287 756
2225387 44 49500 287 756
2225449 44 49500 287 756
2225512 44 49500 287 756
2225577 44 49500 287 756
2225639 44 49500 287 756
2225699 44 49500 287 756
2225764 44 49500 287 756
2225827 44 49500 287 756
2225898 44 49500 287 756
2225965 44 49500 287 756
2226026 44 49500 287 756
2226094 44 49500 287 756
2226157 44 49500 287 756
2226218 44 49500 287 756
2227219 44 49500 287 756
2228223 44 49550 287 756
2229224 44 49600 287 756
2230225 44 49650 287 756
2231226 44 49700 287 756
2232229 44 49750 287 756
2233234 44 49800 287 756
2234239 44 49850 287 756
2235239 44 49900 287 756
2236247 44 49950 287 756
2237248 44 50000 287 756
2238253 44 50050 287 756
2239259 44 50100 287 756
2240260 44 50150 287 756
2241266 44 50200 287 756
2242271 44 50250 287 756
2243274 44 50300 287 756
2244276 44 50350 287 756
2245283 44 50400 287 756
2246296 44 50450 287 756
2247302 44 50500 287 756
2248308 44 50550 287 756
2249315 44 50600 287 756
2250322 44 50650 287 756
2251332 44 50700 287 756
2252341 44 50750 287 756
2253347 44 50800 287 756
2254352 44 50850 287 756
2255357 44 50900 287 756
2256362 44 50950 287 756
2257367 44 51000 287 756
2258370 44 51050 287 756
2259373 44 51100 287 756
2260378 44 51150 287 756
2261385 44 51200 287 756
2262392 44 51250 287 756
2263397 44 51300 287 756
2264400 44 51350 287 756
2265407 44 51400 287 756
2265819 45 49500 287 756
2265886 47 49500 287 756
2265955 47 49500 287 756
2266015 47 49500 287 756
2266086 47 49500 287 756
2266146 47 49500 287 756
2266206 47 49500 287 756
2266273 47 49500 287 756
2266336 47 49500 287 756
