# header: write what you want on lines starting with #
# Total ACTIVE Pulses, # breakdowns, amp_set, index (point on pulse / power curve) , pulse length
# the init of this file could be 1 0 500 0 3500, 2 0 500 0 3500, etc
1 0 500 0 3500
102 7 3675 0 2493
77860 8 20550 222 2493
84624 9 26850 291 2493
86956 10 27050 291 2493
88189 11 27050 0 2493
89804 12 28450 291 2493
90894 13 28450 291 2493
91987 14 28450 291 2493
98240 15 29450 291 2493
99172 16 29450 291 2493
100158 17 29450 291 2493
106672 18 36150 291 2493
106684 19 36150 291 2493
106697 20 36150 291 2493
106709 21 36150 291 2493
106722 22 36150 291 2493
106735 23 36150 291 2493
106748 24 36150 291 2493
106760 25 36150 291 2493
106772 26 36150 291 2493
106784 27 36150 291 2493
106796 28 36150 291 2493
106808 29 36150 291 2493
106820 30 36150 291 2493
106834 31 36150 291 2493
106846 32 36150 291 2493
106859 33 36150 291 2493
106871 34 36150 291 2493
106884 35 36150 291 2493
106897 36 36150 291 2493
3848819 286 39931 238 2493
4701474 341 40000 287 2493
4770142 342 45265 287 2493
4795011 343 48799 287 2493
4843634 344 54053 287 2493
4940712 345 61629 287 2493
4952722 346 64039 287 2493
4967192 347 65392 287 2493
4968498 348 65392 287 2493
5006008 355 67020 287 2493
5007182 356 67020 287 2493
5004344 351 67158 287 2493
5004578 352 67158 287 2493
5004922 353 67158 287 2493
5005196 354 67158 287 2493
5007198 354 67855 287 2493
5007214 354 67855 287 2493
5007229 354 67855 287 2493
5007244 354 67855 287 2493
5007259 354 67855 287 2493
5007274 354 67855 287 2493
5007289 354 67855 287 2493
5007304 354 67855 287 2493
5007319 354 67855 287 2493
5007334 354 67855 287 2493
5007350 354 67855 287 2493
5007365 354 67855 287 2493
5007380 354 67855 287 2493
5007395 354 67855 287 2493
5007410 354 67855 287 2493
5007425 354 67855 287 2493
5007440 354 67855 287 2493
5007455 354 67855 287 2493
5007470 354 67855 287 2493
5007485 354 67855 287 2493
5007500 354 67855 287 2493
5007515 354 67855 287 2493
5007530 354 67855 287 2493
5007545 354 67855 287 2493
5007560 354 67855 287 2493
5007575 354 67855 287 2493
5007590 354 67855 287 2493
5007605 354 67855 287 2493
5007620 354 67855 287 2493
5007635 354 67855 287 2493
5007651 354 67855 287 2493
5007666 354 67855 287 2493
5007681 354 67855 287 2493
5007697 354 67855 287 2493
5007712 354 67855 287 2493
5007728 354 67855 287 2493
5007743 354 67855 287 2493
5007758 354 67855 287 2493
5007773 354 67855 287 2493
5007789 354 67855 287 2493
5007804 354 67855 287 2493
5007819 354 67855 287 2493
5007834 354 67855 287 2493
5007849 354 67855 287 2493
5007864 354 67855 287 2493
5007879 354 67855 287 2493
5007894 354 67855 287 2493
5007909 354 67855 287 2493
5007924 354 67855 287 2493
5007939 354 67855 287 2493
5007954 354 67855 287 2493
5007970 354 67855 287 2493
5007985 354 67855 287 2493
5008000 354 67855 287 2493
5008015 354 67855 287 2493
5008030 354 67855 287 2493
5008045 354 67855 287 2493
5008060 354 67855 287 2493
5008075 354 67855 287 2493
5008090 354 67855 287 2493
5008105 354 67855 287 2493
5008120 354 67855 287 2493
5008135 354 67855 287 2493
5008150 354 67855 287 2493
5008165 354 67855 287 2493
5008180 354 67855 287 2493
5008195 354 67855 287 2493
5008210 354 67855 287 2493
5008225 354 67855 287 2493
5008240 354 67855 287 2493
5008255 354 67855 287 2493
5008270 354 67855 287 2493
5008301 355 67855 287 2493
5008316 355 67855 287 2493
5008331 355 67855 287 2493
5008346 355 67855 287 2493
5008361 355 67855 287 2493
5008376 355 67855 287 2493
5008391 355 67855 287 2493
5008406 355 67855 287 2493
5008421 355 67855 287 2493
5008437 355 67855 287 2493
5008453 355 67855 287 2493
5008468 355 67855 287 2493
5008483 355 67855 287 2493
5008498 355 67855 287 2493
5008513 355 67855 287 2493
5008528 355 67855 287 2493
5008543 355 67855 287 2493
5008558 355 67855 287 2493
5008573 355 67855 287 2493
5008588 355 67855 287 2493
5008604 355 67855 287 2493
5008619 355 67855 287 2493
5008634 355 67855 287 2493
5008649 355 67855 287 2493
5008664 355 67855 287 2493
5008679 355 67855 287 2493
5008694 355 67855 287 2493
5008709 355 67855 287 2493
5008724 355 67855 287 2493
5008739 355 67855 287 2493
5008754 355 67855 287 2493
5008769 355 67855 287 2493
5008784 355 67855 287 2493
5008799 355 67855 287 2493
5008814 355 67855 287 2493
5008829 355 67855 287 2493
5008844 355 67855 287 2493
5008859 355 67855 287 2493
5008875 355 67855 287 2493
5008890 355 67855 287 2493
5008906 355 67855 287 2493
5008921 355 67855 287 2493
5008936 355 67855 287 2493
5008951 355 67855 287 2493
5008966 355 67855 287 2493
5008981 355 67855 287 2493
5008996 355 67855 287 2493
5009011 355 67855 287 2493
5009026 355 67855 287 2493
5009041 355 67855 287 2493
5009058 356 67724 287 2493
5009074 356 67724 287 2493
5009089 356 67724 287 2493
5009105 356 67724 287 2493
5009120 356 67724 287 2493
5009135 356 67724 287 2493
5009150 356 67724 287 2493
5009165 356 67724 287 2493
5009180 356 67724 287 2493
5009195 356 67724 287 2493
5009210 356 67724 287 2493
5009226 356 67724 287 2493
5009241 356 67724 287 2493
5009256 356 67724 287 2493
5009271 356 67724 287 2493
5009286 356 67724 287 2493
5009301 356 67724 287 2493
5009316 356 67724 287 2493
5009331 356 67724 287 2493
5009346 356 67724 287 2493
5009361 356 67724 287 2493
5009376 356 67724 287 2493
5009392 356 67724 287 2493
5009407 356 67724 287 2493
5009422 356 67724 287 2493
5009437 356 67724 287 2493
5009452 356 67724 287 2493
5009467 356 67724 287 2493
5009482 356 67724 287 2493
5009497 356 67724 287 2493
5009512 356 67724 287 2493
5009527 356 67724 287 2493
5009542 356 67724 287 2493
5009557 356 67724 287 2493
5009572 356 67724 287 2493
5009587 356 67724 287 2493
5009602 356 67724 287 2493
5009617 356 67724 287 2493
5009632 356 67724 287 2493
5009647 356 67724 287 2493
5009662 356 67724 287 2493
5009677 356 67724 287 2493
5009692 356 67724 287 2493
5009707 356 67724 287 2493
5009722 356 67724 287 2493
5009737 356 67724 287 2493
5009752 356 67724 287 2493
5009767 356 67724 287 2493
5009782 356 67724 287 2493
5009797 356 67724 287 2493
5009812 356 67724 287 2493
5009827 356 67724 287 2493
5009842 356 67724 287 2493
5009857 356 67724 287 2493
5009872 356 67724 287 2493
5009887 356 67724 287 2493
5009902 356 67724 287 2493
5009918 356 67724 287 2493
5009933 356 67724 287 2493
5009949 356 67724 287 2493
5009964 356 67724 287 2493
5009979 356 67724 287 2493
5009994 356 67724 287 2493
5010009 356 67724 287 2493
5010024 356 67724 287 2493
5010039 356 67724 287 2493
5010054 356 67724 287 2493
5010069 356 67724 287 2493
5010084 356 67724 287 2493
5010099 356 67724 287 2493
5010114 356 67724 287 2493
5010129 356 67724 287 2493
5010144 356 67724 287 2493
5010159 356 67724 287 2493
5010174 356 67724 287 2493
5010189 356 67724 287 2493
5010205 356 67724 287 2493
5010220 356 67724 287 2493
5010235 356 67724 287 2493
5010250 356 67724 287 2493
5010265 356 67724 287 2493
5010280 356 67724 287 2493
5010295 356 67724 287 2493
5010311 356 67724 287 2493
5010326 356 67724 287 2493
5010341 356 67724 287 2493
5010356 356 67724 287 2493
5010371 356 67724 287 2493
5010386 356 67724 287 2493
5010401 356 67724 287 2493
5010416 356 67724 287 2493
5010431 356 67724 287 2493
5010446 356 67724 287 2493
5010461 356 67724 287 2493
5010476 356 67724 287 2493
5010491 356 67724 287 2493
5010506 356 67724 287 2493
5010521 356 67724 287 2493
5010536 356 67724 287 2493
5010551 356 67724 287 2493
5010566 356 67724 287 2493
5010581 356 67724 287 2493
5010597 356 67724 287 2493
5010612 356 67724 287 2493
5010628 356 67724 287 2493
5010643 356 67724 287 2493
5010658 356 67724 287 2493
5010673 356 67724 287 2493
5010688 356 67724 287 2493
5010703 356 67724 287 2493
5010718 356 67724 287 2493
5010733 356 67724 287 2493
5010748 356 67724 287 2493
5010763 356 67724 287 2493
5010778 356 67724 287 2493
5010793 356 67724 287 2493
5010808 356 67724 287 2493
5010823 356 67724 287 2493
5010838 356 67724 287 2493
5010853 356 67724 287 2493
5010868 356 67724 287 2493
5010883 356 67724 287 2493
5010898 356 67724 287 2493
5010913 356 67724 287 2493
5010928 356 67724 287 2493
5010943 356 67724 287 2493
5010958 356 67724 287 2493
5010973 356 67724 287 2493
5010988 356 67724 287 2493
5011003 356 67724 287 2493
5011018 356 67724 287 2493
5011033 356 67724 287 2493
5011048 356 67724 287 2493
5011063 356 67724 287 2493
5011078 356 67724 287 2493
5011093 356 67724 287 2493
5011108 356 67724 287 2493
5011123 356 67724 287 2493
5011138 356 67724 287 2493
5011153 356 67724 287 2493
5011169 356 67724 287 2493
5011186 356 67724 287 2493
5011201 356 67724 287 2493
5011216 356 67724 287 2493
5011231 356 67724 287 2493
5011246 356 67724 287 2493
5011261 356 67724 287 2493
5011276 356 67724 287 2493
5011291 356 67724 287 2493
5011306 356 67724 287 2493
5012741 357 67724 287 2493
5012756 357 67724 287 2493
5012772 357 67724 287 2493
5012787 357 67724 287 2493
5012802 357 67724 287 2493
5012817 357 67724 287 2493
5012832 357 67724 287 2493
5012848 357 67724 287 2493
5012863 357 67724 287 2493
5012878 357 67724 287 2493
5012893 357 67724 287 2493
5012908 357 67724 287 2493
5012923 357 67724 287 2493
5012939 357 67724 287 2493
5012954 357 67724 287 2493
5012969 357 67724 287 2493
5012984 357 67724 287 2493
5012999 357 67724 287 2493
5013014 357 67724 287 2493
5013029 357 67724 287 2493
5013044 357 67724 287 2493
5013059 357 67724 287 2493
5013074 357 67724 287 2493
5013089 357 67724 287 2493
5013104 357 67724 287 2493
5013119 357 67724 287 2493
5013134 357 67724 287 2493
5013149 357 67724 287 2493
5013164 357 67724 287 2493
5013179 357 67724 287 2493
5013194 357 67724 287 2493
5013209 357 67724 287 2493
5013224 357 67724 287 2493
5013239 357 67724 287 2493
5013254 357 67724 287 2493
5013269 357 67724 287 2493
5013284 357 67724 287 2493
5013299 357 67724 287 2493
5013314 357 67724 287 2493
5013329 357 67724 287 2493
5013345 357 67724 287 2493
5013360 357 67724 287 2493
5013375 357 67724 287 2493
5013391 357 67724 287 2493
5013406 357 67724 287 2493
5013421 357 67724 287 2493
5013436 357 67724 287 2493
5013451 357 67724 287 2493
5013466 357 67724 287 2493
5013481 357 67724 287 2493
5013496 357 67724 287 2493
5013511 357 67724 287 2493
5013526 357 67724 287 2493
5013541 357 67724 287 2493
5013556 357 67724 287 2493
5013571 357 67724 287 2493
5013586 357 67724 287 2493
5013601 357 67724 287 2493
5013616 357 67724 287 2493
5013631 357 67724 287 2493
5013646 357 67724 287 2493
5013661 357 67724 287 2493
5013677 357 67724 287 2493
5013692 357 67724 287 2493
5013707 357 67724 287 2493
5013723 357 67724 287 2493
5013738 357 67724 287 2493
5013753 357 67724 287 2493
5013768 357 67724 287 2493
5013783 357 67724 287 2493
5013798 357 67724 287 2493
5013813 357 67724 287 2493
5013828 357 67724 287 2493
5013843 357 67724 287 2493
5013858 357 67724 287 2493
5013873 357 67724 287 2493
5013888 357 67724 287 2493
5013903 357 67724 287 2493
5013918 357 67724 287 2493
5013933 357 67724 287 2493
5013948 357 67724 287 2493
5013963 357 67724 287 2493
5013979 357 67724 287 2493
5013995 357 67724 287 2493
5014010 357 67724 287 2493
5014025 357 67724 287 2493
5014040 357 67724 287 2493
5014055 357 67724 287 2493
5014070 357 67724 287 2493
5014085 357 67724 287 2493
5014100 357 67724 287 2493
5014115 357 67724 287 2493
5014130 357 67724 287 2493
5014145 357 67724 287 2493
5014160 357 67724 287 2493
5014175 357 67724 287 2493
5014190 357 67724 287 2493
5014205 357 67724 287 2493
5014220 357 67724 287 2493
5014235 357 67724 287 2493
5014250 357 67724 287 2493
5014265 357 67724 287 2493
5014280 357 67724 287 2493
5014295 357 67724 287 2493
5014310 357 67724 287 2493
5014325 357 67724 287 2493
5014340 357 67724 287 2493
5014355 357 67724 287 2493
5014370 357 67724 287 2493
5014386 357 67724 287 2493
5014401 357 67724 287 2493
5014417 357 67724 287 2493
5014432 357 67724 287 2493
5014448 357 67724 287 2493
5014463 357 67724 287 2493
5014478 357 67724 287 2493
5014493 357 67724 287 2493
5014509 357 67724 287 2493
5014524 357 67724 287 2493
5014539 357 67724 287 2493
5014554 357 67724 287 2493
5014569 357 67724 287 2493
5014584 357 67724 287 2493
5014599 357 67724 287 2493
5014614 357 67724 287 2493
5014629 357 67724 287 2493
5014645 357 67724 287 2493
5014660 357 67724 287 2493
5014675 357 67724 287 2493
5014690 357 67724 287 2493
5014705 357 67724 287 2493
5014720 357 67724 287 2493
5014735 357 67724 287 2493
5014751 357 67724 287 2493
5014766 357 67724 287 2493
5014782 357 67724 287 2493
5014797 357 67724 287 2493
5014812 357 67724 287 2493
5014827 357 67724 287 2493
5014842 357 67724 287 2493
5014857 357 67724 287 2493
5014872 357 67724 287 2493
5014887 357 67724 287 2493
5014902 357 67724 287 2493
5014918 357 67724 287 2493
5014933 357 67724 287 2493
5014948 357 67724 287 2493
5014964 357 67724 287 2493
5014980 357 67724 287 2493
5014995 357 67724 287 2493
5018190 358 67724 287 2493
5018205 358 67724 287 2493
5018220 358 67724 287 2493
5018235 358 67724 287 2493
5018250 358 67724 287 2493
5018265 358 67724 287 2493
5018281 358 67724 287 2493
5018296 358 67724 287 2493
5018312 358 67724 287 2493
5018327 358 67724 287 2493
5018343 358 67724 287 2493
5018358 358 67724 287 2493
5018373 358 67724 287 2493
5018388 358 67724 287 2493
5018404 358 67724 287 2493
5018419 358 67724 287 2493
5018435 358 67724 287 2493
5018450 358 67724 287 2493
5018465 358 67724 287 2493
5018480 358 67724 287 2493
5018495 358 67724 287 2493
5018510 358 67724 287 2493
5018526 358 67724 287 2493
5018541 358 67724 287 2493
5018556 358 67724 287 2493
5018571 358 67724 287 2493
5018586 358 67724 287 2493
5018601 358 67724 287 2493
5018616 358 67724 287 2493
5018631 358 67724 287 2493
5018646 358 67724 287 2493
5018661 358 67724 287 2493
5018676 358 67724 287 2493
5018691 358 67724 287 2493
5018707 358 67724 287 2493
5018723 358 67724 287 2493
5018738 358 67724 287 2493
5018753 358 67724 287 2493
5018768 358 67724 287 2493
5018783 358 67724 287 2493
5018799 358 67724 287 2493
5018814 358 67724 287 2493
5018829 358 67724 287 2493
5018844 358 67724 287 2493
5018859 358 67724 287 2493
5018875 358 67724 287 2493
5018890 358 67724 287 2493
5018906 358 67724 287 2493
5018921 358 67724 287 2493
5018936 358 67724 287 2493
5018951 358 67724 287 2493
5018966 358 67724 287 2493
5018981 358 67724 287 2493
5018996 358 67724 287 2493
5019011 358 67724 287 2493
5019026 358 67724 287 2493
5019041 358 67724 287 2493
5019056 358 67724 287 2493
5019071 358 67724 287 2493
5019086 358 67724 287 2493
5019101 358 67724 287 2493
5019116 358 67724 287 2493
5019131 358 67724 287 2493
5019146 358 67724 287 2493
5019161 358 67724 287 2493
5019176 358 67724 287 2493
5019191 358 67724 287 2493
5019208 358 67724 287 2493
5019223 358 67724 287 2493
5019238 358 67724 287 2493
5019254 358 67724 287 2493
5019269 358 67724 287 2493
5019284 358 67724 287 2493
5019299 358 67724 287 2493
5019314 358 67724 287 2493
5019329 358 67724 287 2493
5019344 358 67724 287 2493
5019359 358 67724 287 2493
5019374 358 67724 287 2493
5019389 358 67724 287 2493
5019404 358 67724 287 2493
5019419 358 67724 287 2493
5019434 358 67724 287 2493
5019449 358 67724 287 2493
5019465 358 67724 287 2493
5019480 358 67724 287 2493
5019495 358 67724 287 2493
5019510 358 67724 287 2493
5019526 358 67724 287 2493
5019541 358 67724 287 2493
5019556 358 67724 287 2493
5019571 358 67724 287 2493
5019586 358 67724 287 2493
5019601 358 67724 287 2493
5019616 358 67724 287 2493
5019632 358 67724 287 2493
5019647 358 67724 287 2493
5019662 358 67724 287 2493
5019677 358 67724 287 2493
5019692 358 67724 287 2493
5019707 358 67724 287 2493
5019722 358 67724 287 2493
5019737 358 67724 287 2493
5019752 358 67724 287 2493
5019767 358 67724 287 2493
5019782 358 67724 287 2493
5019797 358 67724 287 2493
5019814 358 67724 287 2493
5019831 358 67724 287 2493
5019846 358 67724 287 2493
5019861 358 67724 287 2493
5019876 358 67724 287 2493
5019892 358 67724 287 2493
5019907 358 67724 287 2493
5019922 358 67724 287 2493
5019937 358 67724 287 2493
5019952 358 67724 287 2493
5019967 358 67724 287 2493
5019982 358 67724 287 2493
5019997 358 67724 287 2493
5020012 358 67724 287 2493
5020027 358 67724 287 2493
5020042 358 67724 287 2493
5020057 358 67724 287 2493
5020072 358 67724 287 2493
5020087 358 67724 287 2493
5020102 358 67724 287 2493
5020117 358 67724 287 2493
5020133 358 67724 287 2493
5020148 358 67724 287 2493
5020163 358 67724 287 2493
5020178 358 67724 287 2493
5020193 358 67724 287 2493
5020208 358 67724 287 2493
5020223 358 67724 287 2493
5020239 358 67724 287 2493
5020254 358 67724 287 2493
5020269 358 67724 287 2493
5020284 358 67724 287 2493
5020299 358 67724 287 2493
5020314 358 67724 287 2493
5020329 358 67724 287 2493
5020344 358 67724 287 2493
5020359 358 67724 287 2493
5020374 358 67724 287 2493
5020390 358 67724 287 2493
5020405 358 67724 287 2493
5020421 358 67724 287 2493
5020436 358 67724 287 2493
5020452 358 67724 287 2493
5021763 359 67724 287 2493
5021779 359 67724 287 2493
5021794 359 67724 287 2493
5021809 359 67724 287 2493
5021824 359 67724 287 2493
5021840 359 67724 287 2493
5021855 359 67724 287 2493
5021870 359 67724 287 2493
5021885 359 67724 287 2493
5021901 359 67724 287 2493
5021916 359 67724 287 2493
5021931 359 67724 287 2493
5021946 359 67724 287 2493
5021961 359 67724 287 2493
5021976 359 67724 287 2493
5021991 359 67724 287 2493
5022006 359 67724 287 2493
5022021 359 67724 287 2493
5022036 359 67724 287 2493
5022051 359 67724 287 2493
5022066 359 67724 287 2493
5022081 359 67724 287 2493
5022096 359 67724 287 2493
5022111 359 67724 287 2493
5022126 359 67724 287 2493
5022141 359 67724 287 2493
5022157 359 67724 287 2493
5022172 359 67724 287 2493
5022187 359 67724 287 2493
5022202 359 67724 287 2493
5022217 359 67724 287 2493
5022232 359 67724 287 2493
5022247 359 67724 287 2493
5022262 359 67724 287 2493
5022277 359 67724 287 2493
5022292 359 67724 287 2493
5022307 359 67724 287 2493
5022322 359 67724 287 2493
5022337 359 67724 287 2493
5022352 359 67724 287 2493
5022367 359 67724 287 2493
5022382 359 67724 287 2493
5022397 359 67724 287 2493
5022412 359 67724 287 2493
5022427 359 67724 287 2493
5022442 359 67724 287 2493
5022457 359 67724 287 2493
5022472 359 67724 287 2493
5022487 359 67724 287 2493
5022502 359 67724 287 2493
5022517 359 67724 287 2493
5022532 359 67724 287 2493
5022547 359 67724 287 2493
5022562 359 67724 287 2493
5022577 359 67724 287 2493
5022592 359 67724 287 2493
5022607 359 67724 287 2493
5022622 359 67724 287 2493
5022637 359 67724 287 2493
5022653 359 67724 287 2493
5022668 359 67724 287 2493
5022683 359 67724 287 2493
5022698 359 67724 287 2493
5022713 359 67724 287 2493
5022728 359 67724 287 2493
5022743 359 67724 287 2493
5022758 359 67724 287 2493
5022773 359 67724 287 2493
5022788 359 67724 287 2493
5022803 359 67724 287 2493
5022819 359 67724 287 2493
5022834 359 67724 287 2493
5022850 359 67724 287 2493
5022865 359 67724 287 2493
5022880 359 67724 287 2493
5022896 359 67724 287 2493
5022911 359 67724 287 2493
5022926 359 67724 287 2493
5022941 359 67724 287 2493
5022956 359 67724 287 2493
5022971 359 67724 287 2493
5022986 359 67724 287 2493
5023001 359 67724 287 2493
5023016 359 67724 287 2493
5023031 359 67724 287 2493
5023046 359 67724 287 2493
5023061 359 67724 287 2493
5023076 359 67724 287 2493
5023091 359 67724 287 2493
5023106 359 67724 287 2493
5023121 359 67724 287 2493
5023136 359 67724 287 2493
5023152 359 67724 287 2493
5023167 359 67724 287 2493
5023182 359 67724 287 2493
5023197 359 67724 287 2493
5023212 359 67724 287 2493
5023227 359 67724 287 2493
5023243 359 67724 287 2493
5023258 359 67724 287 2493
5023273 359 67724 287 2493
5023289 359 67724 287 2493
5023304 359 67724 287 2493
5023319 359 67724 287 2493
5023335 359 67724 287 2493
5023351 359 67724 287 2493
5023367 359 67724 287 2493
5023382 359 67724 287 2493
5023397 359 67724 287 2493
5023413 359 67724 287 2493
5023428 359 67724 287 2493
5023443 359 67724 287 2493
5023459 359 67724 287 2493
5023475 359 67724 287 2493
5023490 359 67724 287 2493
5023505 359 67724 287 2493
5023520 359 67724 287 2493
5023535 359 67724 287 2493
5023551 359 67724 287 2493
5023566 359 67724 287 2493
5023581 359 67724 287 2493
5023597 359 67724 287 2493
5023612 359 67724 287 2493
5023628 359 67724 287 2493
5023643 359 67724 287 2493
5023658 359 67724 287 2493
5023673 359 67724 287 2493
5023688 359 67724 287 2493
5023703 359 67724 287 2493
5023718 359 67724 287 2493
5023733 359 67724 287 2493
5023748 359 67724 287 2493
5023763 359 67724 287 2493
5023778 359 67724 287 2493
5023794 359 67724 287 2493
5023809 359 67724 287 2493
5023824 359 67724 287 2493
5023839 359 67724 287 2493
5023854 359 67724 287 2493
5023869 359 67724 287 2493
5023884 359 67724 287 2493
5023899 359 67724 287 2493
5023914 359 67724 287 2493
5023930 359 67724 287 2493
5023946 359 67724 287 2493
5023962 359 67724 287 2493
5023977 359 67724 287 2493
5023992 359 67724 287 2493
5024008 359 67724 287 2493
5024023 359 67724 287 2493
5024935 360 67724 287 2493
5024950 360 67724 287 2493
5024965 360 67724 287 2493
5024980 360 67724 287 2493
5024995 360 67724 287 2493
5025010 360 67724 287 2493
5025025 360 67724 287 2493
5025040 360 67724 287 2493
5025055 360 67724 287 2493
5025070 360 67724 287 2493
5025085 360 67724 287 2493
5025100 360 67724 287 2493
5025115 360 67724 287 2493
5025130 360 67724 287 2493
5025146 360 67724 287 2493
5025161 360 67724 287 2493
5025176 360 67724 287 2493
5025191 360 67724 287 2493
5025206 360 67724 287 2493
5025221 360 67724 287 2493
5025236 360 67724 287 2493
5025251 360 67724 287 2493
5025266 360 67724 287 2493
5025281 360 67724 287 2493
5025296 360 67724 287 2493
5025311 360 67724 287 2493
5025326 360 67724 287 2493
5025341 360 67724 287 2493
5025356 360 67724 287 2493
5025371 360 67724 287 2493
5025387 360 67724 287 2493
5025402 360 67724 287 2493
5025417 360 67724 287 2493
5025432 360 67724 287 2493
5025447 360 67724 287 2493
5025462 360 67724 287 2493
5025477 360 67724 287 2493
5025492 360 67724 287 2493
5025507 360 67724 287 2493
5025522 360 67724 287 2493
5025537 360 67724 287 2493
5025552 360 67724 287 2493
5025567 360 67724 287 2493
5025582 360 67724 287 2493
5025597 360 67724 287 2493
5025612 360 67724 287 2493
5025627 360 67724 287 2493
5025642 360 67724 287 2493
5025657 360 67724 287 2493
5025672 360 67724 287 2493
5025687 360 67724 287 2493
5025702 360 67724 287 2493
5025717 360 67724 287 2493
5025732 360 67724 287 2493
5025748 360 67724 287 2493
5025763 360 67724 287 2493
5025778 360 67724 287 2493
5025793 360 67724 287 2493
5025808 360 67724 287 2493
5025823 360 67724 287 2493
5025838 360 67724 287 2493
5025853 360 67724 287 2493
5025868 360 67724 287 2493
5025883 360 67724 287 2493
5025898 360 67724 287 2493
5025913 360 67724 287 2493
5025928 360 67724 287 2493
5025943 360 67724 287 2493
5025958 360 67724 287 2493
5025973 360 67724 287 2493
5025988 360 67724 287 2493
5026003 360 67724 287 2493
5026018 360 67724 287 2493
5026033 360 67724 287 2493
5026048 360 67724 287 2493
5026063 360 67724 287 2493
5026078 360 67724 287 2493
5026093 360 67724 287 2493
5026109 360 67724 287 2493
5026125 360 67724 287 2493
5026140 360 67724 287 2493
5026155 360 67724 287 2493
5026170 360 67724 287 2493
5026185 360 67724 287 2493
5026200 360 67724 287 2493
5026215 360 67724 287 2493
5026231 360 67724 287 2493
5026246 360 67724 287 2493
5026261 360 67724 287 2493
5026276 360 67724 287 2493
5026291 360 67724 287 2493
5026306 360 67724 287 2493
5026321 360 67724 287 2493
5026336 360 67724 287 2493
5026351 360 67724 287 2493
5026366 360 67724 287 2493
5026381 360 67724 287 2493
5026397 360 67724 287 2493
5026412 360 67724 287 2493
5026428 360 67724 287 2493
5026443 360 67724 287 2493
5026458 360 67724 287 2493
5026473 360 67724 287 2493
5026488 360 67724 287 2493
5026503 360 67724 287 2493
5026519 360 67724 287 2493
5026534 360 67724 287 2493
5026549 360 67724 287 2493
5026564 360 67724 287 2493
5026580 360 67724 287 2493
5026595 360 67724 287 2493
5026611 360 67724 287 2493
5026626 360 67724 287 2493
5026642 360 67724 287 2493
5026657 360 67724 287 2493
5026672 360 67724 287 2493
5026687 360 67724 287 2493
5026702 360 67724 287 2493
5026717 360 67724 287 2493
5026732 360 67724 287 2493
5026747 360 67724 287 2493
5026763 360 67724 287 2493
5026778 360 67724 287 2493
5026793 360 67724 287 2493
5026808 360 67724 287 2493
5026823 360 67724 287 2493
5026838 360 67724 287 2493
5026853 360 67724 287 2493
5026868 360 67724 287 2493
5026883 360 67724 287 2493
5026899 360 67724 287 2493
5026914 360 67724 287 2493
5026929 360 67724 287 2493
5026944 360 67724 287 2493
5026959 360 67724 287 2493
5026974 360 67724 287 2493
5026990 360 67724 287 2493
5027005 360 67724 287 2493
5027021 360 67724 287 2493
5027036 360 67724 287 2493
5027052 360 67724 287 2493
5027067 360 67724 287 2493
5027083 360 67724 287 2493
5027098 360 67724 287 2493
5027113 360 67724 287 2493
5027128 360 67724 287 2493
5027143 360 67724 287 2493
5027158 360 67724 287 2493
5027173 360 67724 287 2493
5027189 360 67724 287 2493
5041078 361 67724 287 2493
5041093 361 67724 287 2493
5041108 361 67724 287 2493
5041123 361 67724 287 2493
5041138 361 67724 287 2493
5041154 361 67724 287 2493
5041169 361 67724 287 2493
5041184 361 67724 287 2493
5041199 361 67724 287 2493
5041214 361 67724 287 2493
5041229 361 67724 287 2493
5041244 361 67724 287 2493
5041259 361 67724 287 2493
5041274 361 67724 287 2493
5041289 361 67724 287 2493
5041304 361 67724 287 2493
5041319 361 67724 287 2493
5041334 361 67724 287 2493
5041349 361 67724 287 2493
5041364 361 67724 287 2493
5041380 361 67724 287 2493
5041395 361 67724 287 2493
5041410 361 67724 287 2493
5041425 361 67724 287 2493
5041440 361 67724 287 2493
5041455 361 67724 287 2493
5041470 361 67724 287 2493
5041485 361 67724 287 2493
5041500 361 67724 287 2493
5041515 361 67724 287 2493
5041530 361 67724 287 2493
5041545 361 67724 287 2493
5041560 361 67724 287 2493
5041575 361 67724 287 2493
5041590 361 67724 287 2493
5041605 361 67724 287 2493
5041620 361 67724 287 2493
5041635 361 67724 287 2493
5041650 361 67724 287 2493
5041665 361 67724 287 2493
5041680 361 67724 287 2493
5041695 361 67724 287 2493
5041710 361 67724 287 2493
5041725 361 67724 287 2493
5041740 361 67724 287 2493
5041755 361 67724 287 2493
5041770 361 67724 287 2493
5041785 361 67724 287 2493
5041800 361 67724 287 2493
5041816 361 67724 287 2493
5041831 361 67724 287 2493
5041846 361 67724 287 2493
5041861 361 67724 287 2493
5041876 361 67724 287 2493
5041891 361 67724 287 2493
5041906 361 67724 287 2493
5041921 361 67724 287 2493
5041936 361 67724 287 2493
5041951 361 67724 287 2493
5041966 361 67724 287 2493
5041981 361 67724 287 2493
5041996 361 67724 287 2493
5042011 361 67724 287 2493
5042026 361 67724 287 2493
5042042 361 67724 287 2493
5042057 361 67724 287 2493
5042072 361 67724 287 2493
5042087 361 67724 287 2493
5042102 361 67724 287 2493
5042117 361 67724 287 2493
5042132 361 67724 287 2493
5042147 361 67724 287 2493
5042162 361 67724 287 2493
5042177 361 67724 287 2493
5042192 361 67724 287 2493
5042209 362 67724 287 2493
5042224 362 67724 287 2493
5042239 362 67724 287 2493
5042254 362 67724 287 2493
5042269 362 67724 287 2493
5042284 362 67724 287 2493
5042299 362 67724 287 2493
5042314 362 67724 287 2493
5042329 362 67724 287 2493
5042344 362 67724 287 2493
5042359 362 67724 287 2493
5042374 362 67724 287 2493
5042389 362 67724 287 2493
5042404 362 67724 287 2493
5042419 362 67724 287 2493
5042434 362 67724 287 2493
5042449 362 67724 287 2493
5042464 362 67724 287 2493
5042480 362 67724 287 2493
5042495 362 67724 287 2493
5042510 362 67724 287 2493
5042525 362 67724 287 2493
5042540 362 67724 287 2493
5042555 362 67724 287 2493
5042570 362 67724 287 2493
5042586 362 67724 287 2493
5042601 362 67724 287 2493
5042616 362 67724 287 2493
5042631 362 67724 287 2493
5042646 362 67724 287 2493
5042661 362 67724 287 2493
5042676 362 67724 287 2493
5042691 362 67724 287 2493
5042706 362 67724 287 2493
5042721 362 67724 287 2493
5042736 362 67724 287 2493
5042751 362 67724 287 2493
5042766 362 67724 287 2493
5042781 362 67724 287 2493
5042811 363 67724 287 2493
5042826 363 67724 287 2493
5042841 363 67724 287 2493
5042856 363 67724 287 2493
5042871 363 67724 287 2493
5042886 363 67724 287 2493
5042901 363 67724 287 2493
5042916 363 67724 287 2493
5042931 363 67724 287 2493
5042946 363 67724 287 2493
5042961 363 67724 287 2493
5042976 363 67724 287 2493
5042991 363 67724 287 2493
5043006 363 67724 287 2493
5043021 363 67724 287 2493
5043036 363 67724 287 2493
5043051 363 67724 287 2493
5043066 363 67724 287 2493
5043081 363 67724 287 2493
5043096 363 67724 287 2493
5043111 363 67724 287 2493
5043126 363 67724 287 2493
5043141 363 67724 287 2493
5043156 363 67724 287 2493
5043171 363 67724 287 2493
5043186 363 67724 287 2493
5043201 363 67724 287 2493
5043216 363 67724 287 2493
5043231 363 67724 287 2493
5043246 363 67724 287 2493
5043262 363 67724 287 2493
5043277 363 67724 287 2493
5043293 363 67724 287 2493
5043308 363 67724 287 2493
5043323 363 67724 287 2493
5043338 363 67724 287 2493
5043354 363 67724 287 2493
5043369 363 67724 287 2493
5043384 363 67724 287 2493
5043399 363 67724 287 2493
5043414 363 67724 287 2493
5043429 363 67724 287 2493
5043444 363 67724 287 2493
5043459 363 67724 287 2493
5043474 363 67724 287 2493
5043489 363 67724 287 2493
5043504 363 67724 287 2493
5043519 363 67724 287 2493
5043535 363 67724 287 2493
5043551 363 67724 287 2493
5043566 363 67724 287 2493
5043581 363 67724 287 2493
5043596 363 67724 287 2493
5043611 363 67724 287 2493
5043626 363 67724 287 2493
5043641 363 67724 287 2493
5043656 363 67724 287 2493
5043671 363 67724 287 2493
5043686 363 67724 287 2493
5043701 363 67724 287 2493
5043716 363 67724 287 2493
5043731 363 67724 287 2493
5043746 363 67724 287 2493
5043761 363 67724 287 2493
5043777 363 67724 287 2493
5043792 363 67724 287 2493
5043807 363 67724 287 2493
5043823 363 67724 287 2493
5043838 363 67724 287 2493
5043853 363 67724 287 2493
5043919 364 67724 287 2493
5043934 364 67724 287 2493
5043949 364 67724 287 2493
5043964 364 67724 287 2493
5043979 364 67724 287 2493
5043994 364 67724 287 2493
5044009 364 67724 287 2493
5044024 364 67724 287 2493
5044039 364 67724 287 2493
5044054 364 67724 287 2493
5044069 364 67724 287 2493
5044084 364 67724 287 2493
5044099 364 67724 287 2493
5044114 364 67724 287 2493
5044129 364 67724 287 2493
5044144 364 67724 287 2493
5044159 364 67724 287 2493
5044174 364 67724 287 2493
5044189 364 67724 287 2493
5044204 364 67724 287 2493
5044220 364 67724 287 2493
5044235 364 67724 287 2493
5044250 364 67724 287 2493
5044266 364 67724 287 2493
5044281 364 67724 287 2493
5044296 364 67724 287 2493
5044312 364 67724 287 2493
5044327 364 67724 287 2493
5044343 364 67724 287 2493
5044358 364 67724 287 2493
5044373 364 67724 287 2493
5044389 364 67724 287 2493
5044404 364 67724 287 2493
5044419 364 67724 287 2493
5044435 364 67724 287 2493
5044450 364 67724 287 2493
5044465 364 67724 287 2493
5044480 364 67724 287 2493
5044495 364 67724 287 2493
5044510 364 67724 287 2493
5044525 364 67724 287 2493
5044541 364 67724 287 2493
5044557 364 67724 287 2493
5044572 364 67724 287 2493
5044587 364 67724 287 2493
5044602 364 67724 287 2493
5044618 364 67724 287 2493
5044633 364 67724 287 2493
5044648 364 67724 287 2493
5044663 364 67724 287 2493
5044679 364 67724 287 2493
5044694 364 67724 287 2493
5044709 364 67724 287 2493
5044725 364 67724 287 2493
5044740 364 67724 287 2493
5044755 364 67724 287 2493
5044771 364 67724 287 2493
5044786 364 67724 287 2493
5044801 364 67724 287 2493
5044817 364 67724 287 2493
5044832 364 67724 287 2493
5044847 364 67724 287 2493
5044862 364 67724 287 2493
5044877 364 67724 287 2493
5044892 364 67724 287 2493
5044907 364 67724 287 2493
5044923 364 67724 287 2493
5044938 364 67724 287 2493
5044953 364 67724 287 2493
5044968 364 67724 287 2493
5044983 364 67724 287 2493
5044998 364 67724 287 2493
5045013 364 67724 287 2493
5045029 364 67724 287 2493
5045044 364 67724 287 2493
5045059 364 67724 287 2493
5045075 364 67724 287 2493
5045090 364 67724 287 2493
5045105 364 67724 287 2493
5045121 364 67724 287 2493
5045136 364 67724 287 2493
5045151 364 67724 287 2493
5045166 364 67724 287 2493
5045181 364 67724 287 2493
5045196 364 67724 287 2493
5045211 364 67724 287 2493
5045226 364 67724 287 2493
5045241 364 67724 287 2493
5045256 364 67724 287 2493
5045272 364 67724 287 2493
5045288 364 67724 287 2493
5045303 364 67724 287 2493
5045318 364 67724 287 2493
5045333 364 67724 287 2493
5045348 364 67724 287 2493
5045364 364 67724 287 2493
5045379 364 67724 287 2493
5045394 364 67724 287 2493
5045409 364 67724 287 2493
5045424 364 67724 287 2493
5045439 364 67724 287 2493
5045454 364 67724 287 2493
5045470 364 67724 287 2493
5045485 364 67724 287 2493
5045500 364 67724 287 2493
5045516 364 67724 287 2493
5045531 364 67724 287 2493
5045546 364 67724 287 2493
5045561 364 67724 287 2493
5045576 364 67724 287 2493
5045591 364 67724 287 2493
5045606 364 67724 287 2493
5045622 364 67724 287 2493
5045637 364 67724 287 2493
5045653 364 67724 287 2493
5045668 364 67724 287 2493
5045684 364 67724 287 2493
5045699 364 67724 287 2493
5045714 364 67724 287 2493
5045729 364 67724 287 2493
5045744 364 67724 287 2493
5045759 364 67724 287 2493
5045775 364 67724 287 2493
5045790 364 67724 287 2493
5045805 364 67724 287 2493
5045821 364 67724 287 2493
5045836 364 67724 287 2493
5045851 364 67724 287 2493
5045867 364 67724 287 2493
5045882 364 67724 287 2493
5045897 364 67724 287 2493
5045912 364 67724 287 2493
5045927 364 67724 287 2493
5045942 364 67724 287 2493
5045957 364 67724 287 2493
5045973 364 67724 287 2493
5045988 364 67724 287 2493
5046003 364 67724 287 2493
5046018 364 67724 287 2493
5046033 364 67724 287 2493
5046048 364 67724 287 2493
5046063 364 67724 287 2493
5046078 364 67724 287 2493
5046093 364 67724 287 2493
5046108 364 67724 287 2493
5046124 364 67724 287 2493
5046140 364 67724 287 2493
5046155 364 67724 287 2493
5046170 364 67724 287 2493
5046185 364 67724 287 2493
5049970 365 67724 287 2493
5049985 365 67724 287 2493
5050000 365 67724 287 2493
5050015 365 67724 287 2493
5050032 366 67724 287 2493
5050047 366 67724 287 2493
5050062 366 67724 287 2493
5050077 366 67724 287 2493
5050092 366 67724 287 2493
5050107 366 67724 287 2493
5050130 367 67724 287 2493
5050145 367 67724 287 2493
5050161 367 67724 287 2493
5050176 367 67724 287 2493
5050191 367 67724 287 2493
5050207 367 67724 287 2493
5050222 367 67724 287 2493
5050237 367 67724 287 2493
5050252 367 67724 287 2493
5050267 367 67724 287 2493
5050282 367 67724 287 2493
5050298 367 67724 287 2493
5050313 367 67724 287 2493
5050328 367 67724 287 2493
5050343 367 67724 287 2493
5050358 367 67724 287 2493
5050373 367 67724 287 2493
5050388 367 67724 287 2493
5050404 367 67724 287 2493
5050419 367 67724 287 2493
5050434 367 67724 287 2493
5050449 367 67724 287 2493
5050464 367 67724 287 2493
5050479 367 67724 287 2493
5050494 367 67724 287 2493
5050525 368 67724 287 2493
5050540 368 67724 287 2493
5050555 368 67724 287 2493
5050570 368 67724 287 2493
5050585 368 67724 287 2493
5050600 368 67724 287 2493
5050615 368 67724 287 2493
5050631 368 67724 287 2493
5050646 368 67724 287 2493
5050661 368 67724 287 2493
5050676 368 67724 287 2493
5050691 368 67724 287 2493
5050706 368 67724 287 2493
5050721 368 67724 287 2493
5050736 368 67724 287 2493
5050751 368 67724 287 2493
5050767 368 67724 287 2493
5050783 368 67724 287 2493
5050798 368 67724 287 2493
5050814 368 67724 287 2493
5050829 368 67724 287 2493
5050844 368 67724 287 2493
5050859 368 67724 287 2493
5050874 368 67724 287 2493
5050889 368 67724 287 2493
5050904 368 67724 287 2493
5050919 368 67724 287 2493
5050934 368 67724 287 2493
5050949 368 67724 287 2493
5050964 368 67724 287 2493
5050979 368 67724 287 2493
5050994 368 67724 287 2493
5051009 368 67724 287 2493
5051024 368 67724 287 2493
5051039 368 67724 287 2493
5051054 368 67724 287 2493
5051069 368 67724 287 2493
5051084 368 67724 287 2493
5051099 368 67724 287 2493
5051114 368 67724 287 2493
5051129 368 67724 287 2493
5051151 369 67724 287 2493
5051166 369 67724 287 2493
5051181 369 67724 287 2493
5051196 369 67724 287 2493
5051211 369 67724 287 2493
5051226 369 67724 287 2493
5051241 369 67724 287 2493
5051256 369 67724 287 2493
5051272 369 67724 287 2493
5051288 369 67724 287 2493
5051303 369 67724 287 2493
5051318 369 67724 287 2493
5051334 369 67724 287 2493
5051349 369 67724 287 2493
5051364 369 67724 287 2493
5051379 369 67724 287 2493
5051394 369 67724 287 2493
5051409 369 67724 287 2493
5051424 369 67724 287 2493
5051439 369 67724 287 2493
5051454 369 67724 287 2493
5051469 369 67724 287 2493
5051484 369 67724 287 2493
5051499 369 67724 287 2493
5051514 369 67724 287 2493
5051530 369 67724 287 2493
5051545 369 67724 287 2493
5051560 369 67724 287 2493
5051575 369 67724 287 2493
5051590 369 67724 287 2493
5051605 369 67724 287 2493
5051620 369 67724 287 2493
5051635 369 67724 287 2493
5051650 369 67724 287 2493
5051665 369 67724 287 2493
5051680 369 67724 287 2493
5051695 369 67724 287 2493
5051710 369 67724 287 2493
5051725 369 67724 287 2493
5051740 369 67724 287 2493
5051756 369 67724 287 2493
5051771 369 67724 287 2493
5051786 369 67724 287 2493
5051801 369 67724 287 2493
5051816 369 67724 287 2493
5051831 369 67724 287 2493
5051846 369 67724 287 2493
5051861 369 67724 287 2493
5051876 369 67724 287 2493
5051891 369 67724 287 2493
5051906 369 67724 287 2493
5051921 369 67724 287 2493
5051936 369 67724 287 2493
5051951 369 67724 287 2493
5051967 369 67724 287 2493
5051982 369 67724 287 2493
5051997 369 67724 287 2493
5052012 369 67724 287 2493
5052027 369 67724 287 2493
5052042 369 67724 287 2493
5052057 369 67724 287 2493
5052073 369 67724 287 2493
5052088 369 67724 287 2493
5052103 369 67724 287 2493
5052118 369 67724 287 2493
5052133 369 67724 287 2493
5052148 369 67724 287 2493
5052163 369 67724 287 2493
5052178 369 67724 287 2493
5052193 369 67724 287 2493
5052208 369 67724 287 2493
5052223 369 67724 287 2493
5052238 369 67724 287 2493
5052253 369 67724 287 2493
5052268 369 67724 287 2493
5052283 369 67724 287 2493
5052299 369 67724 287 2493
5052314 369 67724 287 2493
5052329 369 67724 287 2493
5052345 369 67724 287 2493
5052360 369 67724 287 2493
5052375 369 67724 287 2493
5052391 369 67724 287 2493
5052406 369 67724 287 2493
5052421 369 67724 287 2493
5052436 369 67724 287 2493
5052451 369 67724 287 2493
5052466 369 67724 287 2493
5052534 371 67724 287 2493
5052549 371 67724 287 2493
5052564 371 67724 287 2493
5052579 371 67724 287 2493
5052594 371 67724 287 2493
5052609 371 67724 287 2493
5052625 371 67724 287 2493
5052640 371 67724 287 2493
5052655 371 67724 287 2493
5052670 371 67724 287 2493
5052685 371 67724 287 2493
5052700 371 67724 287 2493
5052715 371 67724 287 2493
5052731 371 67724 287 2493
5052746 371 67724 287 2493
5052761 371 67724 287 2493
5052776 371 67724 287 2493
5052791 371 67724 287 2493
5052806 371 67724 287 2493
5052821 371 67724 287 2493
5052836 371 67724 287 2493
5052851 371 67724 287 2493
5052866 371 67724 287 2493
5052881 371 67724 287 2493
5052896 371 67724 287 2493
5052911 371 67724 287 2493
5052926 371 67724 287 2493
5052942 371 67724 287 2493
5052957 371 67724 287 2493
5052972 371 67724 287 2493
5052988 371 67724 287 2493
5053004 371 67724 287 2493
5053019 371 67724 287 2493
5053034 371 67724 287 2493
5053049 371 67724 287 2493
5053064 371 67724 287 2493
5053079 371 67724 287 2493
5053094 371 67724 287 2493
5053110 371 67724 287 2493
5053125 371 67724 287 2493
5053141 371 67724 287 2493
5053156 371 67724 287 2493
5053171 371 67724 287 2493
5053186 371 67724 287 2493
5053201 371 67724 287 2493
5053217 371 67724 287 2493
5053232 371 67724 287 2493
5053247 371 67724 287 2493
5053262 371 67724 287 2493
5053277 371 67724 287 2493
5053292 371 67724 287 2493
5053307 371 67724 287 2493
5053322 371 67724 287 2493
5053337 371 67724 287 2493
5053352 371 67724 287 2493
5053367 371 67724 287 2493
5053382 371 67724 287 2493
5053397 371 67724 287 2493
5053412 371 67724 287 2493
5053427 371 67724 287 2493
5053442 371 67724 287 2493
5053457 371 67724 287 2493
5053472 371 67724 287 2493
5053487 371 67724 287 2493
5053502 371 67724 287 2493
5053517 371 67724 287 2493
5053532 371 67724 287 2493
5053547 371 67724 287 2493
5053562 371 67724 287 2493
5053577 371 67724 287 2493
5053592 371 67724 287 2493
5053607 371 67724 287 2493
5053623 371 67724 287 2493
5053638 371 67724 287 2493
5053653 371 67724 287 2493
5053668 371 67724 287 2493
5053683 371 67724 287 2493
5053698 371 67724 287 2493
5053713 371 67724 287 2493
5053729 371 67724 287 2493
5053744 371 67724 287 2493
5053759 371 67724 287 2493
5053774 371 67724 287 2493
5053789 371 67724 287 2493
5053804 371 67724 287 2493
5053819 371 67724 287 2493
5053834 371 67724 287 2493
5053849 371 67724 287 2493
5053864 371 67724 287 2493
5053879 371 67724 287 2493
5053894 371 67724 287 2493
5053909 371 67724 287 2493
5053925 371 67724 287 2493
5053940 371 67724 287 2493
5053955 371 67724 287 2493
5053970 371 67724 287 2493
5053986 371 67724 287 2493
5054001 371 67724 287 2493
5054016 371 67724 287 2493
5054031 371 67724 287 2493
5054046 371 67724 287 2493
5054061 371 67724 287 2493
5054076 371 67724 287 2493
5054091 371 67724 287 2493
5054106 371 67724 287 2493
5054121 371 67724 287 2493
5054136 371 67724 287 2493
5054151 371 67724 287 2493
5054166 371 67724 287 2493
5054181 371 67724 287 2493
5054196 371 67724 287 2493
5054211 371 67724 287 2493
5054226 371 67724 287 2493
5054241 371 67724 287 2493
5054256 371 67724 287 2493
5054271 371 67724 287 2493
5054286 371 67724 287 2493
5054301 371 67724 287 2493
5054316 371 67724 287 2493
5054331 371 67724 287 2493
5054346 371 67724 287 2493
5054362 371 67724 287 2493
5054377 371 67724 287 2493
5054392 371 67724 287 2493
5054407 371 67724 287 2493
5054422 371 67724 287 2493
5054437 371 67724 287 2493
5054452 371 67724 287 2493
5054467 371 67724 287 2493
5054482 371 67724 287 2493
5054497 371 67724 287 2493
5054512 371 67724 287 2493
5054527 371 67724 287 2493
5054542 371 67724 287 2493
5054557 371 67724 287 2493
5054572 371 67724 287 2493
5054588 371 67724 287 2493
5054603 371 67724 287 2493
5054618 371 67724 287 2493
5054634 371 67724 287 2493
5054649 371 67724 287 2493
5054664 371 67724 287 2493
5054679 371 67724 287 2493
5054694 371 67724 287 2493
5054709 371 67724 287 2493
5054725 371 67724 287 2493
5054740 371 67724 287 2493
5054755 371 67724 287 2493
5054770 371 67724 287 2493
5054785 371 67724 287 2493
5062081 372 67724 287 2493
5062096 372 67724 287 2493
5062111 372 67724 287 2493
5062126 372 67724 287 2493
5062141 372 67724 287 2493
5062157 372 67724 287 2493
5062172 372 67724 287 2493
5062187 372 67724 287 2493
5062202 372 67724 287 2493
5062217 372 67724 287 2493
5062233 372 67724 287 2493
5062248 372 67724 287 2493
5062263 372 67724 287 2493
5062278 372 67724 287 2493
5062293 372 67724 287 2493
5062308 372 67724 287 2493
5062323 372 67724 287 2493
5062338 372 67724 287 2493
5062353 372 67724 287 2493
5062368 372 67724 287 2493
5062383 372 67724 287 2493
5062398 372 67724 287 2493
5062414 372 67724 287 2493
5062429 372 67724 287 2493
5062444 372 67724 287 2493
5062459 372 67724 287 2493
5062474 372 67724 287 2493
5062489 372 67724 287 2493
5062504 372 67724 287 2493
5062519 372 67724 287 2493
5062534 372 67724 287 2493
5062550 372 67724 287 2493
5062565 372 67724 287 2493
5062580 372 67724 287 2493
5062595 372 67724 287 2493
5062610 372 67724 287 2493
5062625 372 67724 287 2493
5062640 372 67724 287 2493
5062655 372 67724 287 2493
5062670 372 67724 287 2493
5062685 372 67724 287 2493
5062700 372 67724 287 2493
5062715 372 67724 287 2493
5062738 373 67724 287 2493
5062753 373 67724 287 2493
5062768 373 67724 287 2493
5062783 373 67724 287 2493
5062798 373 67724 287 2493
5062813 373 67724 287 2493
5062828 373 67724 287 2493
5062843 373 67724 287 2493
5062858 373 67724 287 2493
5062873 373 67724 287 2493
5062888 373 67724 287 2493
5062903 373 67724 287 2493
5062918 373 67724 287 2493
5062933 373 67724 287 2493
5062949 373 67724 287 2493
5062964 373 67724 287 2493
5062980 373 67724 287 2493
5062995 373 67724 287 2493
5063011 373 67724 287 2493
5063026 373 67724 287 2493
5063041 373 67724 287 2493
5063056 373 67724 287 2493
5063072 373 67724 287 2493
5063087 373 67724 287 2493
5063103 373 67724 287 2493
5063118 373 67724 287 2493
5063134 373 67724 287 2493
5063149 373 67724 287 2493
5063165 373 67724 287 2493
5063180 373 67724 287 2493
5063196 373 67724 287 2493
5063211 373 67724 287 2493
5063226 373 67724 287 2493
5063241 373 67724 287 2493
5063256 373 67724 287 2493
5063271 373 67724 287 2493
5063286 373 67724 287 2493
5063301 373 67724 287 2493
5063316 373 67724 287 2493
5063331 373 67724 287 2493
5063346 373 67724 287 2493
5063361 373 67724 287 2493
5063376 373 67724 287 2493
5063391 373 67724 287 2493
5063420 374 67724 287 2493
5063435 374 67724 287 2493
5063450 374 67724 287 2493
5063465 374 67724 287 2493
5063480 374 67724 287 2493
5063495 374 67724 287 2493
5063511 374 67724 287 2493
5063526 374 67724 287 2493
5063541 374 67724 287 2493
5063557 374 67724 287 2493
5063572 374 67724 287 2493
5063587 374 67724 287 2493
5063602 374 67724 287 2493
5063617 374 67724 287 2493
5063632 374 67724 287 2493
5063647 374 67724 287 2493
5063662 374 67724 287 2493
5063677 374 67724 287 2493
5063692 374 67724 287 2493
5063707 374 67724 287 2493
5063722 374 67724 287 2493
5063737 374 67724 287 2493
5063753 374 67724 287 2493
5063768 374 67724 287 2493
5063783 374 67724 287 2493
5063798 374 67724 287 2493
5063814 374 67724 287 2493
5063829 374 67724 287 2493
5063845 374 67724 287 2493
5063860 374 67724 287 2493
5063875 374 67724 287 2493
5063890 374 67724 287 2493
5063905 374 67724 287 2493
5063920 374 67724 287 2493
5063935 374 67724 287 2493
5063951 374 67724 287 2493
5063966 374 67724 287 2493
5063981 374 67724 287 2493
5063996 374 67724 287 2493
5064012 374 67724 287 2493
5064027 374 67724 287 2493
5064042 374 67724 287 2493
5064057 374 67724 287 2493
5064073 374 67724 287 2493
5064088 374 67724 287 2493
5064104 374 67724 287 2493
5064119 374 67724 287 2493
5064134 374 67724 287 2493
5064149 374 67724 287 2493
5064166 374 67724 287 2493
5064181 374 67724 287 2493
5064196 374 67724 287 2493
5064211 374 67724 287 2493
5064227 374 67724 287 2493
5064242 374 67724 287 2493
5064257 374 67724 287 2493
5064272 374 67724 287 2493
5064287 374 67724 287 2493
5064302 374 67724 287 2493
5064317 374 67724 287 2493
5064332 374 67724 287 2493
5064347 374 67724 287 2493
5064362 374 67724 287 2493
5064377 374 67724 287 2493
5064392 374 67724 287 2493
5064407 374 67724 287 2493
5064422 374 67724 287 2493
5064437 374 67724 287 2493
5064452 374 67724 287 2493
5064467 374 67724 287 2493
5064482 374 67724 287 2493
5064497 374 67724 287 2493
5064512 374 67724 287 2493
5064527 374 67724 287 2493
5064542 374 67724 287 2493
5064557 374 67724 287 2493
5064573 374 67724 287 2493
5064589 374 67724 287 2493
5064604 374 67724 287 2493
5064620 374 67724 287 2493
5064636 374 67724 287 2493
5064651 374 67724 287 2493
5064666 374 67724 287 2493
5064681 374 67724 287 2493
5064696 374 67724 287 2493
5064711 374 67724 287 2493
5064726 374 67724 287 2493
5064741 374 67724 287 2493
5064756 374 67724 287 2493
5064771 374 67724 287 2493
5064786 374 67724 287 2493
5064801 374 67724 287 2493
5064816 374 67724 287 2493
5064831 374 67724 287 2493
5064847 374 67724 287 2493
5064862 374 67724 287 2493
5064877 374 67724 287 2493
5064893 374 67724 287 2493
5064909 374 67724 287 2493
5064924 374 67724 287 2493
5064939 374 67724 287 2493
5064955 374 67724 287 2493
5064970 374 67724 287 2493
5064985 374 67724 287 2493
5065000 374 67724 287 2493
5065015 374 67724 287 2493
5065030 374 67724 287 2493
5065045 374 67724 287 2493
5065060 374 67724 287 2493
5065075 374 67724 287 2493
5065090 374 67724 287 2493
5065105 374 67724 287 2493
5065120 374 67724 287 2493
5065135 374 67724 287 2493
5065150 374 67724 287 2493
5065165 374 67724 287 2493
5065180 374 67724 287 2493
5065195 374 67724 287 2493
5065210 374 67724 287 2493
5065225 374 67724 287 2493
5065240 374 67724 287 2493
5065255 374 67724 287 2493
5065270 374 67724 287 2493
5065285 374 67724 287 2493
5065300 374 67724 287 2493
5065316 374 67724 287 2493
5065332 374 67724 287 2493
5065347 374 67724 287 2493
5065362 374 67724 287 2493
5065377 374 67724 287 2493
5065392 374 67724 287 2493
5065408 374 67724 287 2493
5065423 374 67724 287 2493
5065438 374 67724 287 2493
5065453 374 67724 287 2493
5065468 374 67724 287 2493
5065483 374 67724 287 2493
5065498 374 67724 287 2493
5065513 374 67724 287 2493
5065528 374 67724 287 2493
5065543 374 67724 287 2493
5065558 374 67724 287 2493
5065573 374 67724 287 2493
5065588 374 67724 287 2493
5065603 374 67724 287 2493
5065618 374 67724 287 2493
5065633 374 67724 287 2493
5065648 374 67724 287 2493
5065663 374 67724 287 2493
5065678 374 67724 287 2493
5065793 375 67724 287 2493
5065808 375 67724 287 2493
5065823 375 67724 287 2493
5065838 375 67724 287 2493
5065853 375 67724 287 2493
5065869 375 67724 287 2493
5065884 375 67724 287 2493
5065899 375 67724 287 2493
5065914 375 67724 287 2493
5065930 375 67724 287 2493
5065945 375 67724 287 2493
5065960 375 67724 287 2493
5065975 375 67724 287 2493
5065990 375 67724 287 2493
5066005 375 67724 287 2493
5066020 375 67724 287 2493
5066035 375 67724 287 2493
5066050 375 67724 287 2493
5066065 375 67724 287 2493
5066080 375 67724 287 2493
5066095 375 67724 287 2493
5066110 375 67724 287 2493
5066125 375 67724 287 2493
5066140 375 67724 287 2493
5066155 375 67724 287 2493
5066170 375 67724 287 2493
5066185 375 67724 287 2493
5066200 375 67724 287 2493
5066215 375 67724 287 2493
5066231 375 67724 287 2493
5066246 375 67724 287 2493
5066261 375 67724 287 2493
5066276 375 67724 287 2493
5066292 375 67724 287 2493
5066307 375 67724 287 2493
5066322 375 67724 287 2493
5066337 375 67724 287 2493
5066352 375 67724 287 2493
5066368 375 67724 287 2493
5066383 375 67724 287 2493
5066398 375 67724 287 2493
5066413 375 67724 287 2493
5066428 375 67724 287 2493
5066443 375 67724 287 2493
5066458 375 67724 287 2493
5066474 375 67724 287 2493
5066489 375 67724 287 2493
5066504 375 67724 287 2493
5066519 375 67724 287 2493
5066534 375 67724 287 2493
5066549 375 67724 287 2493
5066564 375 67724 287 2493
5066579 375 67724 287 2493
5066594 375 67724 287 2493
5066609 375 67724 287 2493
5066624 375 67724 287 2493
5066639 375 67724 287 2493
5066654 375 67724 287 2493
5066669 375 67724 287 2493
5066684 375 67724 287 2493
5066699 375 67724 287 2493
5066715 375 67724 287 2493
5066730 375 67724 287 2493
5066745 375 67724 287 2493
5066760 375 67724 287 2493
5066775 375 67724 287 2493
5066790 375 67724 287 2493
5066805 375 67724 287 2493
5066820 375 67724 287 2493
5066835 375 67724 287 2493
5066850 375 67724 287 2493
5066865 375 67724 287 2493
5066880 375 67724 287 2493
5066895 375 67724 287 2493
5066910 375 67724 287 2493
5066925 375 67724 287 2493
5066940 375 67724 287 2493
5066955 375 67724 287 2493
5066970 375 67724 287 2493
5066985 375 67724 287 2493
5067000 375 67724 287 2493
5067015 375 67724 287 2493
5067030 375 67724 287 2493
5067045 375 67724 287 2493
5067060 375 67724 287 2493
5067075 375 67724 287 2493
5067090 375 67724 287 2493
5067105 375 67724 287 2493
5067120 375 67724 287 2493
5067135 375 67724 287 2493
5067150 375 67724 287 2493
5067165 375 67724 287 2493
5067180 375 67724 287 2493
5067195 375 67724 287 2493
5067210 375 67724 287 2493
5067225 375 67724 287 2493
5067240 375 67724 287 2493
5067255 375 67724 287 2493
5067270 375 67724 287 2493
5067285 375 67724 287 2493
5067300 375 67724 287 2493
5067315 375 67724 287 2493
5067330 375 67724 287 2493
5067345 375 67724 287 2493
5067360 375 67724 287 2493
5067375 375 67724 287 2493
5067390 375 67724 287 2493
5067405 375 67724 287 2493
5067420 375 67724 287 2493
5067435 375 67724 287 2493
5067450 375 67724 287 2493
5067465 375 67724 287 2493
5067480 375 67724 287 2493
5067495 375 67724 287 2493
5067510 375 67724 287 2493
5067525 375 67724 287 2493
5067540 375 67724 287 2493
5067556 375 67724 287 2493
5067571 375 67724 287 2493
5067587 375 67724 287 2493
5067602 375 67724 287 2493
5067617 375 67724 287 2493
5067632 375 67724 287 2493
5067648 375 67724 287 2493
5067663 375 67724 287 2493
5067678 375 67724 287 2493
5067694 375 67724 287 2493
5067709 375 67724 287 2493
5067724 375 67724 287 2493
5067739 375 67724 287 2493
5067754 375 67724 287 2493
5067770 375 67724 287 2493
5067785 375 67724 287 2493
5067801 375 67724 287 2493
5067816 375 67724 287 2493
5067831 375 67724 287 2493
5067846 375 67724 287 2493
5067861 375 67724 287 2493
5067876 375 67724 287 2493
5067891 375 67724 287 2493
5067906 375 67724 287 2493
5067921 375 67724 287 2493
5067936 375 67724 287 2493
5067951 375 67724 287 2493
5067966 375 67724 287 2493
5067981 375 67724 287 2493
5067997 375 67724 287 2493
5068012 375 67724 287 2493
5068027 375 67724 287 2493
5068042 375 67724 287 2493
5097864 376 67724 287 2493
5097879 376 67724 287 2493
5097895 376 67724 287 2493
5097911 376 67724 287 2493
5097926 376 67724 287 2493
5097942 376 67724 287 2493
5097957 376 67724 287 2493
5097972 376 67724 287 2493
5097987 376 67724 287 2493
5098002 376 67724 287 2493
5098018 376 67724 287 2493
5098033 376 67724 287 2493
5098048 376 67724 287 2493
5098064 376 67724 287 2493
5098079 376 67724 287 2493
5098094 376 67724 287 2493
5098109 376 67724 287 2493
5098124 376 67724 287 2493
5098139 376 67724 287 2493
5098154 376 67724 287 2493
5098169 376 67724 287 2493
5098184 376 67724 287 2493
5098199 376 67724 287 2493
5098214 376 67724 287 2493
5098229 376 67724 287 2493
5098244 376 67724 287 2493
5098259 376 67724 287 2493
5098274 376 67724 287 2493
5098289 376 67724 287 2493
5098304 376 67724 287 2493
5098319 376 67724 287 2493
5098334 376 67724 287 2493
5098349 376 67724 287 2493
5098364 376 67724 287 2493
5098379 376 67724 287 2493
5098394 376 67724 287 2493
5098409 376 67724 287 2493
5098424 376 67724 287 2493
5098439 376 67724 287 2493
5098454 376 67724 287 2493
5098470 376 67724 287 2493
5098485 376 67724 287 2493
5098500 376 67724 287 2493
5098515 376 67724 287 2493
5098531 376 67724 287 2493
5098546 376 67724 287 2493
5098561 376 67724 287 2493
5098576 376 67724 287 2493
5098591 376 67724 287 2493
5098606 376 67724 287 2493
5098621 376 67724 287 2493
5098636 376 67724 287 2493
5098651 376 67724 287 2493
5098667 376 67724 287 2493
5098682 376 67724 287 2493
5098697 376 67724 287 2493
5098712 376 67724 287 2493
5098727 376 67724 287 2493
5098742 376 67724 287 2493
5098757 376 67724 287 2493
5098773 376 67724 287 2493
5098788 376 67724 287 2493
5098803 376 67724 287 2493
5098818 376 67724 287 2493
5098833 376 67724 287 2493
5098848 376 67724 287 2493
5098863 376 67724 287 2493
5098878 376 67724 287 2493
5098893 376 67724 287 2493
5098908 376 67724 287 2493
5098923 376 67724 287 2493
5098938 376 67724 287 2493
5098953 376 67724 287 2493
5098968 376 67724 287 2493
5098983 376 67724 287 2493
5098998 376 67724 287 2493
5099014 376 67724 287 2493
5099029 376 67724 287 2493
5099044 376 67724 287 2493
5099059 376 67724 287 2493
5099074 376 67724 287 2493
5099089 376 67724 287 2493
5099104 376 67724 287 2493
5099119 376 67724 287 2493
5099134 376 67724 287 2493
5099149 376 67724 287 2493
5099164 376 67724 287 2493
5099179 376 67724 287 2493
5099194 376 67724 287 2493
5099209 376 67724 287 2493
5099224 376 67724 287 2493
5099239 376 67724 287 2493
5099254 376 67724 287 2493
5099269 376 67724 287 2493
5099284 376 67724 287 2493
5099300 376 67724 287 2493
5099315 376 67724 287 2493
5099330 376 67724 287 2493
5099345 376 67724 287 2493
5099360 376 67724 287 2493
5099375 376 67724 287 2493
5099390 376 67724 287 2493
5099405 376 67724 287 2493
5099420 376 67724 287 2493
5099436 376 67724 287 2493
5099451 376 67724 287 2493
5099466 376 67724 287 2493
5099482 376 67724 287 2493
5099497 376 67724 287 2493
5099512 376 67724 287 2493
5099527 376 67724 287 2493
5099542 376 67724 287 2493
5099557 376 67724 287 2493
5099572 376 67724 287 2493
5099587 376 67724 287 2493
5099602 376 67724 287 2493
5099617 376 67724 287 2493
5099632 376 67724 287 2493
5099647 376 67724 287 2493
5099662 376 67724 287 2493
5099677 376 67724 287 2493
5099693 376 67724 287 2493
5099708 376 67724 287 2493
5099724 376 67724 287 2493
5099739 376 67724 287 2493
5099754 376 67724 287 2493
5099769 376 67724 287 2493
5099784 376 67724 287 2493
5099799 376 67724 287 2493
5099814 376 67724 287 2493
5099830 376 67724 287 2493
5099845 376 67724 287 2493
5099860 376 67724 287 2493
5099875 376 67724 287 2493
5099890 376 67724 287 2493
5099905 376 67724 287 2493
5099920 376 67724 287 2493
5099936 376 67724 287 2493
5099951 376 67724 287 2493
5099966 376 67724 287 2493
5099981 376 67724 287 2493
5099996 376 67724 287 2493
5100011 376 67724 287 2493
5100026 376 67724 287 2493
5100041 376 67724 287 2493
5100056 376 67724 287 2493
5100071 376 67724 287 2493
5100086 376 67724 287 2493
5100101 376 67724 287 2493
5100116 376 67724 287 2493
5105970 377 67724 287 2493
5105985 377 67724 287 2493
5106000 377 67724 287 2493
5106016 377 67724 287 2493
5106031 377 67724 287 2493
5106046 377 67724 287 2493
5106062 377 67724 287 2493
5106077 377 67724 287 2493
5106092 377 67724 287 2493
5106108 377 67724 287 2493
5106123 377 67724 287 2493
5106138 377 67724 287 2493
5106153 377 67724 287 2493
5106168 377 67724 287 2493
5106183 377 67724 287 2493
5106198 377 67724 287 2493
5106213 377 67724 287 2493
5106228 377 67724 287 2493
5106243 377 67724 287 2493
5106258 377 67724 287 2493
5106273 377 67724 287 2493
5106288 377 67724 287 2493
5106303 377 67724 287 2493
5106318 377 67724 287 2493
5106333 377 67724 287 2493
5106348 377 67724 287 2493
5106364 377 67724 287 2493
5106379 377 67724 287 2493
5106394 377 67724 287 2493
5106409 377 67724 287 2493
5106424 377 67724 287 2493
5106439 377 67724 287 2493
5106454 377 67724 287 2493
5106469 377 67724 287 2493
5106484 377 67724 287 2493
5106499 377 67724 287 2493
5106514 377 67724 287 2493
5106529 377 67724 287 2493
5106544 377 67724 287 2493
5106560 377 67724 287 2493
5106575 377 67724 287 2493
5106590 377 67724 287 2493
5106605 377 67724 287 2493
5106620 377 67724 287 2493
5106635 377 67724 287 2493
5106650 377 67724 287 2493
5106665 377 67724 287 2493
5106681 377 67724 287 2493
5106696 377 67724 287 2493
5106711 377 67724 287 2493
5106726 377 67724 287 2493
5106741 377 67724 287 2493
5106756 377 67724 287 2493
5106771 377 67724 287 2493
5106786 377 67724 287 2493
5106801 377 67724 287 2493
5106816 377 67724 287 2493
5106831 377 67724 287 2493
5106846 377 67724 287 2493
5106861 377 67724 287 2493
5106876 377 67724 287 2493
5106891 377 67724 287 2493
5106906 377 67724 287 2493
5106921 377 67724 287 2493
5106936 377 67724 287 2493
5106951 377 67724 287 2493
5106966 377 67724 287 2493
5106981 377 67724 287 2493
5106996 377 67724 287 2493
5107011 377 67724 287 2493
5107026 377 67724 287 2493
5107041 377 67724 287 2493
5107056 377 67724 287 2493
5107071 377 67724 287 2493
5107086 377 67724 287 2493
5107101 377 67724 287 2493
5107116 377 67724 287 2493
5107131 377 67724 287 2493
5107146 377 67724 287 2493
5107161 377 67724 287 2493
5107176 377 67724 287 2493
5107191 377 67724 287 2493
5107206 377 67724 287 2493
5107222 377 67724 287 2493
5107237 377 67724 287 2493
5107252 377 67724 287 2493
5107267 377 67724 287 2493
5107282 377 67724 287 2493
5107297 377 67724 287 2493
5107312 377 67724 287 2493
5107327 377 67724 287 2493
5107342 377 67724 287 2493
5107357 377 67724 287 2493
5107373 377 67724 287 2493
5107388 377 67724 287 2493
5107403 377 67724 287 2493
5107418 377 67724 287 2493
5107434 377 67724 287 2493
5107449 377 67724 287 2493
5107464 377 67724 287 2493
5107479 377 67724 287 2493
5107494 377 67724 287 2493
5107509 377 67724 287 2493
5107524 377 67724 287 2493
5107539 377 67724 287 2493
5107555 377 67724 287 2493
5107570 377 67724 287 2493
5107586 377 67724 287 2493
5107601 377 67724 287 2493
5107616 377 67724 287 2493
5107631 377 67724 287 2493
5107646 377 67724 287 2493
5107661 377 67724 287 2493
5107676 377 67724 287 2493
5107691 377 67724 287 2493
5107706 377 67724 287 2493
5107721 377 67724 287 2493
5107736 377 67724 287 2493
5107751 377 67724 287 2493
5107767 377 67724 287 2493
5107782 377 67724 287 2493
5107797 377 67724 287 2493
5107812 377 67724 287 2493
5107827 377 67724 287 2493
5107843 377 67724 287 2493
5107858 377 67724 287 2493
5107873 377 67724 287 2493
5107888 377 67724 287 2493
5107903 377 67724 287 2493
5107918 377 67724 287 2493
5107933 377 67724 287 2493
5107948 377 67724 287 2493
5107963 377 67724 287 2493
5107978 377 67724 287 2493
5107993 377 67724 287 2493
5108009 377 67724 287 2493
5108024 377 67724 287 2493
5108039 377 67724 287 2493
5108055 377 67724 287 2493
5108070 377 67724 287 2493
5108085 377 67724 287 2493
5108101 377 67724 287 2493
5108116 377 67724 287 2493
5108132 377 67724 287 2493
5108147 377 67724 287 2493
5108162 377 67724 287 2493
5108178 377 67724 287 2493
5108193 377 67724 287 2493
5108209 377 67724 287 2493
5108224 377 67724 287 2493
5110828 378 67724 287 2493
5110843 378 67724 287 2493
5110858 378 67724 287 2493
5110873 378 67724 287 2493
5110888 378 67724 287 2493
5110903 378 67724 287 2493
5110918 378 67724 287 2493
5110933 378 67724 287 2493
5110948 378 67724 287 2493
5110964 378 67724 287 2493
5110979 378 67724 287 2493
5110994 378 67724 287 2493
5111009 378 67724 287 2493
5111024 378 67724 287 2493
5111039 378 67724 287 2493
5111054 378 67724 287 2493
5111070 378 67724 287 2493
5111085 378 67724 287 2493
5111100 378 67724 287 2493
5111116 378 67724 287 2493
5111131 378 67724 287 2493
5111147 378 67724 287 2493
5111162 378 67724 287 2493
5111177 378 67724 287 2493
5111193 378 67724 287 2493
5111208 378 67724 287 2493
5111223 378 67724 287 2493
5111238 378 67724 287 2493
5111253 378 67724 287 2493
5111268 378 67724 287 2493
5111283 378 67724 287 2493
5111298 378 67724 287 2493
5111313 378 67724 287 2493
5111328 378 67724 287 2493
5111343 378 67724 287 2493
5111358 378 67724 287 2493
5111373 378 67724 287 2493
5111388 378 67724 287 2493
5111403 378 67724 287 2493
5111418 378 67724 287 2493
5111433 378 67724 287 2493
5111449 378 67724 287 2493
5111464 378 67724 287 2493
5111479 378 67724 287 2493
5111494 378 67724 287 2493
5111509 378 67724 287 2493
5111524 378 67724 287 2493
5111539 378 67724 287 2493
5111554 378 67724 287 2493
5111569 378 67724 287 2493
5111584 378 67724 287 2493
5111599 378 67724 287 2493
5111614 378 67724 287 2493
5111629 378 67724 287 2493
5111644 378 67724 287 2493
5111659 378 67724 287 2493
5111674 378 67724 287 2493
5111689 378 67724 287 2493
5111705 378 67724 287 2493
5111720 378 67724 287 2493
5111735 378 67724 287 2493
5111750 378 67724 287 2493
5111766 378 67724 287 2493
5111781 378 67724 287 2493
5111796 378 67724 287 2493
5111811 378 67724 287 2493
5111826 378 67724 287 2493
5111841 378 67724 287 2493
5111857 378 67724 287 2493
5111872 378 67724 287 2493
5111887 378 67724 287 2493
5111902 378 67724 287 2493
5111917 378 67724 287 2493
5111932 378 67724 287 2493
5111947 378 67724 287 2493
5111962 378 67724 287 2493
5111977 378 67724 287 2493
5111993 378 67724 287 2493
5112008 378 67724 287 2493
5112024 378 67724 287 2493
5112039 378 67724 287 2493
5112054 378 67724 287 2493
5112070 378 67724 287 2493
5112085 378 67724 287 2493
5112100 378 67724 287 2493
5112115 378 67724 287 2493
5112130 378 67724 287 2493
5112145 378 67724 287 2493
5112160 378 67724 287 2493
5112175 378 67724 287 2493
5112190 378 67724 287 2493
5112205 378 67724 287 2493
5112220 378 67724 287 2493
5112235 378 67724 287 2493
5112250 378 67724 287 2493
5112265 378 67724 287 2493
5112280 378 67724 287 2493
5112295 378 67724 287 2493
5112310 378 67724 287 2493
5112325 378 67724 287 2493
5112340 378 67724 287 2493
5112356 378 67724 287 2493
5112371 378 67724 287 2493
5112386 378 67724 287 2493
5112401 378 67724 287 2493
5112416 378 67724 287 2493
5112431 378 67724 287 2493
5112446 378 67724 287 2493
5112461 378 67724 287 2493
5112476 378 67724 287 2493
5112491 378 67724 287 2493
5112506 378 67724 287 2493
5112521 378 67724 287 2493
5112536 378 67724 287 2493
5112551 378 67724 287 2493
5112567 378 67724 287 2493
5112582 378 67724 287 2493
5112597 378 67724 287 2493
5112612 378 67724 287 2493
5112627 378 67724 287 2493
5112642 378 67724 287 2493
5112658 378 67724 287 2493
5112673 378 67724 287 2493
5112688 378 67724 287 2493
5112704 378 67724 287 2493
5112719 378 67724 287 2493
5112734 378 67724 287 2493
5112749 378 67724 287 2493
5112764 378 67724 287 2493
5112779 378 67724 287 2493
5112794 378 67724 287 2493
5112809 378 67724 287 2493
5112825 378 67724 287 2493
5112840 378 67724 287 2493
5112856 378 67724 287 2493
5112871 378 67724 287 2493
5112886 378 67724 287 2493
5112901 378 67724 287 2493
5112916 378 67724 287 2493
5112931 378 67724 287 2493
5112946 378 67724 287 2493
5112961 378 67724 287 2493
5112977 378 67724 287 2493
5112992 378 67724 287 2493
5113007 378 67724 287 2493
5113023 378 67724 287 2493
5113038 378 67724 287 2493
5113054 378 67724 287 2493
5113069 378 67724 287 2493
5113084 378 67724 287 2493
5139848 379 67724 287 2493
5139863 379 67724 287 2493
5139879 379 67724 287 2493
5139894 379 67724 287 2493
5139909 379 67724 287 2493
5139924 379 67724 287 2493
5139939 379 67724 287 2493
5139954 379 67724 287 2493
5139969 379 67724 287 2493
5139984 379 67724 287 2493
5139999 379 67724 287 2493
5140014 379 67724 287 2493
5140029 379 67724 287 2493
5140044 379 67724 287 2493
5140059 379 67724 287 2493
5140074 379 67724 287 2493
5140089 379 67724 287 2493
5140104 379 67724 287 2493
5140119 379 67724 287 2493
5140134 379 67724 287 2493
5140149 379 67724 287 2493
5140164 379 67724 287 2493
5140179 379 67724 287 2493
5140194 379 67724 287 2493
5140209 379 67724 287 2493
5140224 379 67724 287 2493
5140239 379 67724 287 2493
5140254 379 67724 287 2493
5140270 379 67724 287 2493
5140294 380 67724 287 2493
5140309 380 67724 287 2493
5140324 380 67724 287 2493
5140339 380 67724 287 2493
5140354 380 67724 287 2493
5140369 380 67724 287 2493
5140384 380 67724 287 2493
5140399 380 67724 287 2493
5140414 380 67724 287 2493
5140429 380 67724 287 2493
5140444 380 67724 287 2493
5140459 380 67724 287 2493
5140474 380 67724 287 2493
5140489 380 67724 287 2493
5140504 380 67724 287 2493
5140519 380 67724 287 2493
5140534 380 67724 287 2493
5140550 380 67724 287 2493
5140565 380 67724 287 2493
5140580 380 67724 287 2493
5140595 380 67724 287 2493
5140611 380 67724 287 2493
5140626 380 67724 287 2493
5140641 380 67724 287 2493
5140656 380 67724 287 2493
5140671 380 67724 287 2493
5140686 380 67724 287 2493
5140702 380 67724 287 2493
5140717 380 67724 287 2493
5140733 380 67724 287 2493
5140748 380 67724 287 2493
5140763 380 67724 287 2493
5140778 380 67724 287 2493
5140794 380 67724 287 2493
5140809 380 67724 287 2493
5140824 380 67724 287 2493
5140840 380 67724 287 2493
5140855 380 67724 287 2493
5140870 380 67724 287 2493
5140885 380 67724 287 2493
5140900 380 67724 287 2493
5140915 380 67724 287 2493
5140930 380 67724 287 2493
5140945 380 67724 287 2493
5140960 380 67724 287 2493
5140975 380 67724 287 2493
5140990 380 67724 287 2493
5141005 380 67724 287 2493
5141020 380 67724 287 2493
5141035 380 67724 287 2493
5141050 380 67724 287 2493
5141065 380 67724 287 2493
5141080 380 67724 287 2493
5141095 380 67724 287 2493
5141110 380 67724 287 2493
5141126 380 67724 287 2493
5141141 380 67724 287 2493
5141157 380 67724 287 2493
5141172 380 67724 287 2493
5141187 380 67724 287 2493
5141202 380 67724 287 2493
5141218 380 67724 287 2493
5141233 380 67724 287 2493
5141249 380 67724 287 2493
5141264 380 67724 287 2493
5141279 380 67724 287 2493
5141294 380 67724 287 2493
5141309 380 67724 287 2493
5141324 380 67724 287 2493
5141340 380 67724 287 2493
5141355 380 67724 287 2493
5141370 380 67724 287 2493
5141385 380 67724 287 2493
5141400 380 67724 287 2493
5141415 380 67724 287 2493
5141430 380 67724 287 2493
5141445 380 67724 287 2493
5141460 380 67724 287 2493
5141476 380 67724 287 2493
5141491 380 67724 287 2493
5141506 380 67724 287 2493
5141521 380 67724 287 2493
5141536 380 67724 287 2493
5141551 380 67724 287 2493
5141567 380 67724 287 2493
5141583 380 67724 287 2493
5141598 380 67724 287 2493
5141613 380 67724 287 2493
5141628 380 67724 287 2493
5141643 380 67724 287 2493
5141658 380 67724 287 2493
5141673 380 67724 287 2493
5141688 380 67724 287 2493
5141703 380 67724 287 2493
5141718 380 67724 287 2493
5141733 380 67724 287 2493
5141748 380 67724 287 2493
5141763 380 67724 287 2493
5141778 380 67724 287 2493
5141793 380 67724 287 2493
5141808 380 67724 287 2493
5141823 380 67724 287 2493
5141838 380 67724 287 2493
5141853 380 67724 287 2493
5141868 380 67724 287 2493
5141883 380 67724 287 2493
5141898 380 67724 287 2493
5141913 380 67724 287 2493
5141929 380 67724 287 2493
5141944 380 67724 287 2493
5141959 380 67724 287 2493
5141974 380 67724 287 2493
5141989 380 67724 287 2493
5142004 380 67724 287 2493
5142019 380 67724 287 2493
5142034 380 67724 287 2493
5142049 380 67724 287 2493
5142064 380 67724 287 2493
5142079 380 67724 287 2493
5142094 380 67724 287 2493
5142109 380 67724 287 2493
5142124 380 67724 287 2493
5142140 380 67724 287 2493
5142155 380 67724 287 2493
5142171 380 67724 287 2493
5142186 380 67724 287 2493
5142201 380 67724 287 2493
5142217 380 67724 287 2493
5142232 380 67724 287 2493
5142247 380 67724 287 2493
5142262 380 67724 287 2493
5142277 380 67724 287 2493
5142292 380 67724 287 2493
5142307 380 67724 287 2493
5142322 380 67724 287 2493
5142338 380 67724 287 2493
5142353 380 67724 287 2493
5142369 380 67724 287 2493
5142385 380 67724 287 2493
5142401 380 67724 287 2493
5142416 380 67724 287 2493
5142431 380 67724 287 2493
5142446 380 67724 287 2493
5142461 380 67724 287 2493
5142476 380 67724 287 2493
5142491 380 67724 287 2493
5142506 380 67724 287 2493
5142521 380 67724 287 2493
5142536 380 67724 287 2493
5142551 380 67724 287 2493
5156290 381 67855 287 2493
5156306 381 67855 287 2493
5156321 381 67855 287 2493
5156337 381 67855 287 2493
5156352 381 67855 287 2493
5156367 381 67855 287 2493
5156382 381 67855 287 2493
5156397 381 67855 287 2493
5156413 381 67855 287 2493
5156428 381 67855 287 2493
5156443 381 67855 287 2493
5156458 381 67855 287 2493
5156473 381 67855 287 2493
5156488 381 67855 287 2493
5156503 381 67855 287 2493
5156518 381 67855 287 2493
5156534 381 67855 287 2493
5156549 381 67855 287 2493
5156565 381 67855 287 2493
5156580 381 67855 287 2493
5156595 381 67855 287 2493
5156610 381 67855 287 2493
5156625 381 67855 287 2493
5156640 381 67855 287 2493
5156655 381 67855 287 2493
5156670 381 67855 287 2493
5156685 381 67855 287 2493
5156700 381 67855 287 2493
5156715 381 67855 287 2493
5156730 381 67855 287 2493
5156746 381 67855 287 2493
5156761 381 67855 287 2493
5156777 381 67855 287 2493
5156792 381 67855 287 2493
5156807 381 67855 287 2493
5156822 381 67855 287 2493
5156837 381 67855 287 2493
5156852 381 67855 287 2493
5156867 381 67855 287 2493
5156882 381 67855 287 2493
5156897 381 67855 287 2493
5156912 381 67855 287 2493
5156927 381 67855 287 2493
5156942 381 67855 287 2493
5156957 381 67855 287 2493
5156972 381 67855 287 2493
5156987 381 67855 287 2493
5157002 381 67855 287 2493
5157017 381 67855 287 2493
5157032 381 67855 287 2493
5157047 381 67855 287 2493
5157062 381 67855 287 2493
5157077 381 67855 287 2493
5157092 381 67855 287 2493
5157107 381 67855 287 2493
5157123 381 67855 287 2493
5157138 381 67855 287 2493
5157153 381 67855 287 2493
5157168 381 67855 287 2493
5157183 381 67855 287 2493
5157198 381 67855 287 2493
5157213 381 67855 287 2493
5157228 381 67855 287 2493
5157243 381 67855 287 2493
5157259 381 67855 287 2493
5157274 381 67855 287 2493
5157289 381 67855 287 2493
5157304 381 67855 287 2493
5157319 381 67855 287 2493
5157334 381 67855 287 2493
5157349 381 67855 287 2493
5157364 381 67855 287 2493
5157379 381 67855 287 2493
5157394 381 67855 287 2493
5157409 381 67855 287 2493
5157425 381 67855 287 2493
5157440 381 67855 287 2493
5157455 381 67855 287 2493
5157470 381 67855 287 2493
5157486 381 67855 287 2493
5157501 381 67855 287 2493
5157516 381 67855 287 2493
5157531 381 67855 287 2493
5157546 381 67855 287 2493
5157561 381 67855 287 2493
5157576 381 67855 287 2493
5157591 381 67855 287 2493
5157606 381 67855 287 2493
5157621 381 67855 287 2493
5157636 381 67855 287 2493
5157651 381 67855 287 2493
5157666 381 67855 287 2493
5157681 381 67855 287 2493
5157696 381 67855 287 2493
5157711 381 67855 287 2493
5157726 381 67855 287 2493
5157741 381 67855 287 2493
5157756 381 67855 287 2493
5157771 381 67855 287 2493
5157786 381 67855 287 2493
5157801 381 67855 287 2493
5157816 381 67855 287 2493
5157831 381 67855 287 2493
5157846 381 67855 287 2493
5157861 381 67855 287 2493
5157876 381 67855 287 2493
5157891 381 67855 287 2493
5157907 381 67855 287 2493
5157922 381 67855 287 2493
5157938 381 67855 287 2493
5157953 381 67855 287 2493
5157969 381 67855 287 2493
5157984 381 67855 287 2493
5157999 381 67855 287 2493
5158014 381 67855 287 2493
5158030 381 67855 287 2493
5158045 381 67855 287 2493
5158061 381 67855 287 2493
5158076 381 67855 287 2493
5158092 381 67855 287 2493
5158107 381 67855 287 2493
5158122 381 67855 287 2493
5158137 381 67855 287 2493
5158153 381 67855 287 2493
5158168 381 67855 287 2493
5158183 381 67855 287 2493
5158198 381 67855 287 2493
5158214 381 67855 287 2493
5158229 381 67855 287 2493
5158244 381 67855 287 2493
5158259 381 67855 287 2493
5158274 381 67855 287 2493
5158289 381 67855 287 2493
5158304 381 67855 287 2493
5158320 381 67855 287 2493
5158335 381 67855 287 2493
5158351 381 67855 287 2493
5158366 381 67855 287 2493
5158381 381 67855 287 2493
5158396 381 67855 287 2493
5158411 381 67855 287 2493
5158426 381 67855 287 2493
5158441 381 67855 287 2493
5158456 381 67855 287 2493
5158471 381 67855 287 2493
5158486 381 67855 287 2493
5158501 381 67855 287 2493
5158517 381 67855 287 2493
5158532 381 67855 287 2493
5158548 381 67855 287 2493
5175817 382 67855 287 2493
5175832 382 67855 287 2493
5175847 382 67855 287 2493
5175862 382 67855 287 2493
5175878 382 67855 287 2493
5175893 382 67855 287 2493
5175908 382 67855 287 2493
5175923 382 67855 287 2493
5175938 382 67855 287 2493
5175953 382 67855 287 2493
5175968 382 67855 287 2493
5175983 382 67855 287 2493
5175998 382 67855 287 2493
5176013 382 67855 287 2493
5176029 382 67855 287 2493
5176044 382 67855 287 2493
5176059 382 67855 287 2493
5176074 382 67855 287 2493
5176089 382 67855 287 2493
5176104 382 67855 287 2493
5176119 382 67855 287 2493
5176134 382 67855 287 2493
5176149 382 67855 287 2493
5176164 382 67855 287 2493
5176179 382 67855 287 2493
5176195 382 67855 287 2493
5176210 382 67855 287 2493
5176225 382 67855 287 2493
5176241 382 67855 287 2493
5176256 382 67855 287 2493
5176271 382 67855 287 2493
5176286 382 67855 287 2493
5176301 382 67855 287 2493
5176316 382 67855 287 2493
5176331 382 67855 287 2493
5176346 382 67855 287 2493
5176361 382 67855 287 2493
5176376 382 67855 287 2493
5176391 382 67855 287 2493
5176406 382 67855 287 2493
5176421 382 67855 287 2493
5176437 382 67855 287 2493
5176452 382 67855 287 2493
5176467 382 67855 287 2493
5176482 382 67855 287 2493
5176497 382 67855 287 2493
5176512 382 67855 287 2493
5176528 382 67855 287 2493
5176543 382 67855 287 2493
5176558 382 67855 287 2493
5176573 382 67855 287 2493
5176589 382 67855 287 2493
5176604 382 67855 287 2493
5176620 382 67855 287 2493
5176635 382 67855 287 2493
5176650 382 67855 287 2493
5176665 382 67855 287 2493
5176681 382 67855 287 2493
5176696 382 67855 287 2493
5176711 382 67855 287 2493
5176726 382 67855 287 2493
5176741 382 67855 287 2493
5176756 382 67855 287 2493
5176771 382 67855 287 2493
5176786 382 67855 287 2493
5176802 382 67855 287 2493
5176817 382 67855 287 2493
5176832 382 67855 287 2493
5176848 382 67855 287 2493
5176863 382 67855 287 2493
5176878 382 67855 287 2493
5176893 382 67855 287 2493
5176908 382 67855 287 2493
5176923 382 67855 287 2493
5176938 382 67855 287 2493
5176953 382 67855 287 2493
5176969 382 67855 287 2493
5176984 382 67855 287 2493
5176999 382 67855 287 2493
5177014 382 67855 287 2493
5177029 382 67855 287 2493
5177044 382 67855 287 2493
5177059 382 67855 287 2493
5177074 382 67855 287 2493
5177089 382 67855 287 2493
5177104 382 67855 287 2493
5177119 382 67855 287 2493
5177134 382 67855 287 2493
5177149 382 67855 287 2493
5177164 382 67855 287 2493
5177179 382 67855 287 2493
5177194 382 67855 287 2493
5177209 382 67855 287 2493
5177224 382 67855 287 2493
5177240 382 67855 287 2493
5177255 382 67855 287 2493
5177270 382 67855 287 2493
5177285 382 67855 287 2493
5177300 382 67855 287 2493
5177315 382 67855 287 2493
5177330 382 67855 287 2493
5177345 382 67855 287 2493
5177361 382 67855 287 2493
5177376 382 67855 287 2493
5177392 382 67855 287 2493
5177408 382 67855 287 2493
5177423 382 67855 287 2493
5177439 382 67855 287 2493
5177454 382 67855 287 2493
5177469 382 67855 287 2493
5177484 382 67855 287 2493
5177499 382 67855 287 2493
5177514 382 67855 287 2493
5177529 382 67855 287 2493
5177544 382 67855 287 2493
5177559 382 67855 287 2493
5177574 382 67855 287 2493
5177589 382 67855 287 2493
5177604 382 67855 287 2493
5177619 382 67855 287 2493
5177635 382 67855 287 2493
5177650 382 67855 287 2493
5177665 382 67855 287 2493
5177681 382 67855 287 2493
5177696 382 67855 287 2493
5177711 382 67855 287 2493
5177726 382 67855 287 2493
5177741 382 67855 287 2493
5177756 382 67855 287 2493
5177771 382 67855 287 2493
5177786 382 67855 287 2493
5177801 382 67855 287 2493
5177816 382 67855 287 2493
5177831 382 67855 287 2493
5177846 382 67855 287 2493
5177861 382 67855 287 2493
5177876 382 67855 287 2493
5177891 382 67855 287 2493
5177906 382 67855 287 2493
5177921 382 67855 287 2493
5177936 382 67855 287 2493
5177951 382 67855 287 2493
5177966 382 67855 287 2493
5177981 382 67855 287 2493
5177996 382 67855 287 2493
5178011 382 67855 287 2493
5178026 382 67855 287 2493
5178041 382 67855 287 2493
5178056 382 67855 287 2493
5178071 382 67855 287 2493
5186529 383 67855 287 2493
5186544 383 67855 287 2493
5186559 383 67855 287 2493
5186575 383 67855 287 2493
5186590 383 67855 287 2493
5186605 383 67855 287 2493
5186620 383 67855 287 2493
5186635 383 67855 287 2493
5186650 383 67855 287 2493
5186666 383 67855 287 2493
5186681 383 67855 287 2493
5186697 383 67855 287 2493
5186712 383 67855 287 2493
5186727 383 67855 287 2493
5186742 383 67855 287 2493
5186758 383 67855 287 2493
5186773 383 67855 287 2493
5186788 383 67855 287 2493
5186803 383 67855 287 2493
5186818 383 67855 287 2493
5186833 383 67855 287 2493
5186848 383 67855 287 2493
5186863 383 67855 287 2493
5186879 383 67855 287 2493
5186894 383 67855 287 2493
5186909 383 67855 287 2493
5186924 383 67855 287 2493
5186939 383 67855 287 2493
5186954 383 67855 287 2493
5186969 383 67855 287 2493
5186984 383 67855 287 2493
5186999 383 67855 287 2493
5187014 383 67855 287 2493
5187030 383 67855 287 2493
5187045 383 67855 287 2493
5187060 383 67855 287 2493
5187075 383 67855 287 2493
5187090 383 67855 287 2493
5187105 383 67855 287 2493
5187121 383 67855 287 2493
5187136 383 67855 287 2493
5187151 383 67855 287 2493
5187166 383 67855 287 2493
5187182 383 67855 287 2493
5187198 383 67855 287 2493
5187213 383 67855 287 2493
5187228 383 67855 287 2493
5187243 383 67855 287 2493
5187258 383 67855 287 2493
5187273 383 67855 287 2493
5187288 383 67855 287 2493
5187303 383 67855 287 2493
5187318 383 67855 287 2493
5187333 383 67855 287 2493
5187348 383 67855 287 2493
5187363 383 67855 287 2493
5187378 383 67855 287 2493
5187393 383 67855 287 2493
5187408 383 67855 287 2493
5187423 383 67855 287 2493
5187438 383 67855 287 2493
5187453 383 67855 287 2493
5187468 383 67855 287 2493
5187483 383 67855 287 2493
5187498 383 67855 287 2493
5187513 383 67855 287 2493
5187528 383 67855 287 2493
5187543 383 67855 287 2493
5187559 383 67855 287 2493
5187574 383 67855 287 2493
5187589 383 67855 287 2493
5187604 383 67855 287 2493
5187620 383 67855 287 2493
5187635 383 67855 287 2493
5187650 383 67855 287 2493
5187665 383 67855 287 2493
5187680 383 67855 287 2493
5187695 383 67855 287 2493
5187710 383 67855 287 2493
5187725 383 67855 287 2493
5187740 383 67855 287 2493
5187755 383 67855 287 2493
5187770 383 67855 287 2493
5187785 383 67855 287 2493
5187800 383 67855 287 2493
5187815 383 67855 287 2493
5187830 383 67855 287 2493
5187845 383 67855 287 2493
5187860 383 67855 287 2493
5187875 383 67855 287 2493
5187890 383 67855 287 2493
5187905 383 67855 287 2493
5187920 383 67855 287 2493
5187935 383 67855 287 2493
5187950 383 67855 287 2493
5187965 383 67855 287 2493
5187980 383 67855 287 2493
5187995 383 67855 287 2493
5188010 383 67855 287 2493
5188025 383 67855 287 2493
5188040 383 67855 287 2493
5188055 383 67855 287 2493
5188070 383 67855 287 2493
5188085 383 67855 287 2493
5188100 383 67855 287 2493
5188115 383 67855 287 2493
5188130 383 67855 287 2493
5188145 383 67855 287 2493
5188160 383 67855 287 2493
5188175 383 67855 287 2493
5188190 383 67855 287 2493
5188206 383 67855 287 2493
5188221 383 67855 287 2493
5188236 383 67855 287 2493
5188251 383 67855 287 2493
5188266 383 67855 287 2493
5188281 383 67855 287 2493
5188296 383 67855 287 2493
5188311 383 67855 287 2493
5188326 383 67855 287 2493
5188342 383 67855 287 2493
5188357 383 67855 287 2493
5188373 383 67855 287 2493
5188388 383 67855 287 2493
5188403 383 67855 287 2493
5188418 383 67855 287 2493
5188433 383 67855 287 2493
5188448 383 67855 287 2493
5188463 383 67855 287 2493
5188478 383 67855 287 2493
5188493 383 67855 287 2493
5188508 383 67855 287 2493
5188523 383 67855 287 2493
5188539 383 67855 287 2493
5188554 383 67855 287 2493
5188570 383 67855 287 2493
5188585 383 67855 287 2493
5188600 383 67855 287 2493
5188615 383 67855 287 2493
5188631 383 67855 287 2493
5188646 383 67855 287 2493
5188661 383 67855 287 2493
5188676 383 67855 287 2493
5188691 383 67855 287 2493
5188706 383 67855 287 2493
5188721 383 67855 287 2493
5188736 383 67855 287 2493
5188751 383 67855 287 2493
5188766 383 67855 287 2493
5188781 383 67855 287 2493
5190413 384 67855 287 2493
5190428 384 67855 287 2493
5190443 384 67855 287 2493
5190458 384 67855 287 2493
5190473 384 67855 287 2493
5190488 384 67855 287 2493
5190503 384 67855 287 2493
5190518 384 67855 287 2493
5190533 384 67855 287 2493
5190548 384 67855 287 2493
5190563 384 67855 287 2493
5190578 384 67855 287 2493
5190593 384 67855 287 2493
5190608 384 67855 287 2493
5190623 384 67855 287 2493
5190638 384 67855 287 2493
5190653 384 67855 287 2493
5190668 384 67855 287 2493
5190683 384 67855 287 2493
5190698 384 67855 287 2493
5190713 384 67855 287 2493
5190728 384 67855 287 2493
5190743 384 67855 287 2493
5190758 384 67855 287 2493
5190774 384 67855 287 2493
5190789 384 67855 287 2493
5190804 384 67855 287 2493
5190819 384 67855 287 2493
5190834 384 67855 287 2493
5190849 384 67855 287 2493
5190864 384 67855 287 2493
5190879 384 67855 287 2493
5190894 384 67855 287 2493
5190909 384 67855 287 2493
5190924 384 67855 287 2493
5190939 384 67855 287 2493
5190955 384 67855 287 2493
5190971 384 67855 287 2493
5190986 384 67855 287 2493
5191001 384 67855 287 2493
5191016 384 67855 287 2493
5191031 384 67855 287 2493
5191046 384 67855 287 2493
5191061 384 67855 287 2493
5191076 384 67855 287 2493
5191091 384 67855 287 2493
5191107 384 67855 287 2493
5191122 384 67855 287 2493
5191138 384 67855 287 2493
5191153 384 67855 287 2493
5191168 384 67855 287 2493
5191183 384 67855 287 2493
5191199 384 67855 287 2493
5191214 384 67855 287 2493
5191229 384 67855 287 2493
5191244 384 67855 287 2493
5191259 384 67855 287 2493
5191274 384 67855 287 2493
5191289 384 67855 287 2493
5191304 384 67855 287 2493
5191319 384 67855 287 2493
5191334 384 67855 287 2493
5191349 384 67855 287 2493
5191364 384 67855 287 2493
5191379 384 67855 287 2493
5191394 384 67855 287 2493
5191409 384 67855 287 2493
5191424 384 67855 287 2493
5191440 384 67855 287 2493
5191455 384 67855 287 2493
5191470 384 67855 287 2493
5191485 384 67855 287 2493
5191500 384 67855 287 2493
5191515 384 67855 287 2493
5191530 384 67855 287 2493
5191545 384 67855 287 2493
5191560 384 67855 287 2493
5191575 384 67855 287 2493
5191590 384 67855 287 2493
5191605 384 67855 287 2493
5191620 384 67855 287 2493
5191636 384 67855 287 2493
5191651 384 67855 287 2493
5191667 384 67855 287 2493
5191682 384 67855 287 2493
5191697 384 67855 287 2493
5191712 384 67855 287 2493
5191727 384 67855 287 2493
5191742 384 67855 287 2493
5191757 384 67855 287 2493
5191772 384 67855 287 2493
5191787 384 67855 287 2493
5191802 384 67855 287 2493
5191818 384 67855 287 2493
5191834 384 67855 287 2493
5191849 384 67855 287 2493
5191864 384 67855 287 2493
5191879 384 67855 287 2493
5191905 385 67855 287 2493
5191920 385 67855 287 2493
5191935 385 67855 287 2493
5191950 385 67855 287 2493
5191965 385 67855 287 2493
5191980 385 67855 287 2493
5191995 385 67855 287 2493
5192010 385 67855 287 2493
5192025 385 67855 287 2493
5192040 385 67855 287 2493
5192056 385 67855 287 2493
5192071 385 67855 287 2493
5192087 385 67855 287 2493
5192102 385 67855 287 2493
5192118 385 67855 287 2493
5192133 385 67855 287 2493
5192149 385 67855 287 2493
5192164 385 67855 287 2493
5192179 385 67855 287 2493
5192194 385 67855 287 2493
5192209 385 67855 287 2493
5192225 385 67855 287 2493
5192240 385 67855 287 2493
5192256 385 67855 287 2493
5192271 385 67855 287 2493
5192286 385 67855 287 2493
5192301 385 67855 287 2493
5192316 385 67855 287 2493
5192331 385 67855 287 2493
5192346 385 67855 287 2493
5192361 385 67855 287 2493
5192376 385 67855 287 2493
5192391 385 67855 287 2493
5192406 385 67855 287 2493
5192421 385 67855 287 2493
5192437 385 67855 287 2493
5192452 385 67855 287 2493
5192467 385 67855 287 2493
5192482 385 67855 287 2493
5192497 385 67855 287 2493
5192512 385 67855 287 2493
5192528 385 67855 287 2493
5192543 385 67855 287 2493
5192559 385 67855 287 2493
5192574 385 67855 287 2493
5192589 385 67855 287 2493
5192604 385 67855 287 2493
5192619 385 67855 287 2493
5192634 385 67855 287 2493
5192649 385 67855 287 2493
5192664 385 67855 287 2493
5192679 385 67855 287 2493
5192694 385 67855 287 2493
5192709 385 67855 287 2493
5192724 385 67855 287 2493
5192739 385 67855 287 2493
5192754 385 67855 287 2493
5192769 385 67855 287 2493
5192784 385 67855 287 2493
5192799 385 67855 287 2493
5192815 385 67855 287 2493
5192830 385 67855 287 2493
5192846 385 67855 287 2493
5192861 385 67855 287 2493
5192876 385 67855 287 2493
5192891 385 67855 287 2493
5192907 385 67855 287 2493
5192922 385 67855 287 2493
5192938 385 67855 287 2493
5192953 385 67855 287 2493
5192968 385 67855 287 2493
5192983 385 67855 287 2493
5192998 385 67855 287 2493
5193013 385 67855 287 2493
5193028 385 67855 287 2493
5193043 385 67855 287 2493
5193058 385 67855 287 2493
5193074 385 67855 287 2493
5193089 385 67855 287 2493
5193104 385 67855 287 2493
5193119 385 67855 287 2493
5193135 385 67855 287 2493
5193150 385 67855 287 2493
5193166 385 67855 287 2493
5193181 385 67855 287 2493
5193196 385 67855 287 2493
5193211 385 67855 287 2493
5193226 385 67855 287 2493
5193241 385 67855 287 2493
5193257 385 67855 287 2493
5193272 385 67855 287 2493
5193287 385 67855 287 2493
5193302 385 67855 287 2493
5193318 385 67855 287 2493
5193333 385 67855 287 2493
5193348 385 67855 287 2493
5193363 385 67855 287 2493
5193379 385 67855 287 2493
5193394 385 67855 287 2493
5193410 385 67855 287 2493
5193425 385 67855 287 2493
5193441 385 67855 287 2493
5193456 385 67855 287 2493
5193472 385 67855 287 2493
5193487 385 67855 287 2493
5193502 385 67855 287 2493
5193517 385 67855 287 2493
5193533 385 67855 287 2493
5193548 385 67855 287 2493
5193563 385 67855 287 2493
5193578 385 67855 287 2493
5193593 385 67855 287 2493
5193608 385 67855 287 2493
5193623 385 67855 287 2493
5193638 385 67855 287 2493
5193653 385 67855 287 2493
5193668 385 67855 287 2493
5193684 385 67855 287 2493
5193699 385 67855 287 2493
5193715 385 67855 287 2493
5193730 385 67855 287 2493
5193745 385 67855 287 2493
5193760 385 67855 287 2493
5193775 385 67855 287 2493
5193790 385 67855 287 2493
5193805 385 67855 287 2493
5193820 385 67855 287 2493
5193835 385 67855 287 2493
5193850 385 67855 287 2493
5193865 385 67855 287 2493
5193880 385 67855 287 2493
5193895 385 67855 287 2493
5193910 385 67855 287 2493
5193925 385 67855 287 2493
5193940 385 67855 287 2493
5193955 385 67855 287 2493
5193970 385 67855 287 2493
5193986 385 67855 287 2493
5194001 385 67855 287 2493
5194016 385 67855 287 2493
5194031 385 67855 287 2493
5194047 385 67855 287 2493
5194062 385 67855 287 2493
5194077 385 67855 287 2493
5194092 385 67855 287 2493
5194107 385 67855 287 2493
5194122 385 67855 287 2493
5194137 385 67855 287 2493
5194153 385 67855 287 2493
5194168 385 67855 287 2493
5194886 387 67724 287 2493
5194901 387 67724 287 2493
5194916 387 67724 287 2493
5194931 387 67724 287 2493
5194947 387 67724 287 2493
5194962 387 67724 287 2493
5194977 387 67724 287 2493
5194992 387 67724 287 2493
5195007 387 67724 287 2493
5195022 387 67724 287 2493
5195037 387 67724 287 2493
5195053 387 67724 287 2493
5195068 387 67724 287 2493
5195083 387 67724 287 2493
5195099 387 67724 287 2493
5195114 387 67724 287 2493
5195129 387 67724 287 2493
5195144 387 67724 287 2493
5195159 387 67724 287 2493
5195175 387 67724 287 2493
5195190 387 67724 287 2493
5195205 387 67724 287 2493
5195220 387 67724 287 2493
5195235 387 67724 287 2493
5195250 387 67724 287 2493
5195266 387 67724 287 2493
5195281 387 67724 287 2493
5195296 387 67724 287 2493
5195312 387 67724 287 2493
5195327 387 67724 287 2493
5195342 387 67724 287 2493
5195357 387 67724 287 2493
5195372 387 67724 287 2493
5195387 387 67724 287 2493
5195402 387 67724 287 2493
5195418 387 67724 287 2493
5195433 387 67724 287 2493
5195448 387 67724 287 2493
5195463 387 67724 287 2493
5195478 387 67724 287 2493
5195493 387 67724 287 2493
5195508 387 67724 287 2493
5195523 387 67724 287 2493
5195538 387 67724 287 2493
5195553 387 67724 287 2493
5195568 387 67724 287 2493
5195584 387 67724 287 2493
5195599 387 67724 287 2493
5195614 387 67724 287 2493
5195629 387 67724 287 2493
5195645 387 67724 287 2493
5195660 387 67724 287 2493
5195675 387 67724 287 2493
5195691 387 67724 287 2493
5195706 387 67724 287 2493
5195721 387 67724 287 2493
5195736 387 67724 287 2493
5195751 387 67724 287 2493
5195766 387 67724 287 2493
5195781 387 67724 287 2493
5195796 387 67724 287 2493
5195812 387 67724 287 2493
5195827 387 67724 287 2493
5195843 387 67724 287 2493
5195858 387 67724 287 2493
5195873 387 67724 287 2493
5195888 387 67724 287 2493
5195903 387 67724 287 2493
5195918 387 67724 287 2493
5195933 387 67724 287 2493
5195948 387 67724 287 2493
5195963 387 67724 287 2493
5195979 387 67724 287 2493
5195994 387 67724 287 2493
5196010 387 67724 287 2493
5196025 387 67724 287 2493
5196040 387 67724 287 2493
5196055 387 67724 287 2493
5196070 387 67724 287 2493
5196085 387 67724 287 2493
5196100 387 67724 287 2493
5196116 387 67724 287 2493
5196131 387 67724 287 2493
5196146 387 67724 287 2493
5196161 387 67724 287 2493
5196176 387 67724 287 2493
5196191 387 67724 287 2493
5196206 387 67724 287 2493
5196221 387 67724 287 2493
5196236 387 67724 287 2493
5196251 387 67724 287 2493
5196267 387 67724 287 2493
5196282 387 67724 287 2493
5196297 387 67724 287 2493
5196312 387 67724 287 2493
5196327 387 67724 287 2493
5196343 387 67724 287 2493
5196358 387 67724 287 2493
5196373 387 67724 287 2493
5196388 387 67724 287 2493
5196404 387 67724 287 2493
5196419 387 67724 287 2493
5196434 387 67724 287 2493
5196449 387 67724 287 2493
5196464 387 67724 287 2493
5196479 387 67724 287 2493
5196494 387 67724 287 2493
5196509 387 67724 287 2493
5196524 387 67724 287 2493
5196539 387 67724 287 2493
5196555 387 67724 287 2493
5196570 387 67724 287 2493
5196585 387 67724 287 2493
5196600 387 67724 287 2493
5196615 387 67724 287 2493
5196630 387 67724 287 2493
5196645 387 67724 287 2493
5196660 387 67724 287 2493
5196675 387 67724 287 2493
5196690 387 67724 287 2493
5196705 387 67724 287 2493
5196720 387 67724 287 2493
5196735 387 67724 287 2493
5196750 387 67724 287 2493
5196765 387 67724 287 2493
5196780 387 67724 287 2493
5196795 387 67724 287 2493
5196810 387 67724 287 2493
5196825 387 67724 287 2493
5196840 387 67724 287 2493
5196855 387 67724 287 2493
5196870 387 67724 287 2493
5196885 387 67724 287 2493
5196900 387 67724 287 2493
5196915 387 67724 287 2493
5196930 387 67724 287 2493
5196945 387 67724 287 2493
5196960 387 67724 287 2493
5196975 387 67724 287 2493
5196990 387 67724 287 2493
5197005 387 67724 287 2493
5197020 387 67724 287 2493
5197035 387 67724 287 2493
5197050 387 67724 287 2493
5197065 387 67724 287 2493
5197080 387 67724 287 2493
5197095 387 67724 287 2493
5197110 387 67724 287 2493
5197125 387 67724 287 2493
5197140 387 67724 287 2493
5202855 388 67724 287 2493
5202870 388 67724 287 2493
5202885 388 67724 287 2493
5202900 388 67724 287 2493
5202915 388 67724 287 2493
5202930 388 67724 287 2493
5202945 388 67724 287 2493
5202960 388 67724 287 2493
5202975 388 67724 287 2493
5202990 388 67724 287 2493
5203005 388 67724 287 2493
5203020 388 67724 287 2493
5203035 388 67724 287 2493
5203050 388 67724 287 2493
5203065 388 67724 287 2493
5203080 388 67724 287 2493
5203095 388 67724 287 2493
5203110 388 67724 287 2493
5203125 388 67724 287 2493
5203140 388 67724 287 2493
5203155 388 67724 287 2493
5203171 388 67724 287 2493
5203186 388 67724 287 2493
5203201 388 67724 287 2493
5203216 388 67724 287 2493
5203231 388 67724 287 2493
5203246 388 67724 287 2493
5203261 388 67724 287 2493
5203277 388 67724 287 2493
5203292 388 67724 287 2493
5203307 388 67724 287 2493
5203322 388 67724 287 2493
5203337 388 67724 287 2493
5203352 388 67724 287 2493
5203367 388 67724 287 2493
5203382 388 67724 287 2493
5203397 388 67724 287 2493
5203412 388 67724 287 2493
5203427 388 67724 287 2493
5203442 388 67724 287 2493
5203457 388 67724 287 2493
5203472 388 67724 287 2493
5203487 388 67724 287 2493
5203503 388 67724 287 2493
5203518 388 67724 287 2493
5203533 388 67724 287 2493
5203549 388 67724 287 2493
