# header: write what you want on lines starting with #
# Total ACTIVE Pulses, # breakdowns, amp_set, index (point on pulse / power curve) , pulse length
# the init of this file could be 1 0 500 0 3500, 2 0 500 0 3500, etc
531 0 709 7 756
629927 1 19500 287 756
649134 2 19900 287 756
663617 3 19900 287 756
675254 4 19900 287 756
685220 5 19900 287 756
701197 6 19900 287 756
716534 7 19900 287 756
727172 8 19900 287 756
743893 9 20300 287 756
809136 10 22300 287 756
850907 11 23100 287 756
1311952 12 34700 287 756
1322395 13 34700 287 756
1345435 14 35100 287 756
1445388 16 35270 287 756
1500817 17 38300 287 756
1515290 18 38300 287 756
1527422 19 38300 287 756
1550025 20 38700 287 756
1565127 21 38700 287 756
1577229 22 38700 287 756
1589818 23 38700 287 756
1605748 24 38700 287 756
1618050 25 38700 287 756
1633214 26 38700 287 756
1648658 27 38700 287 756
1662460 28 38700 287 756
1675533 29 38700 287 756
1704498 30 38700 287 756
1717266 31 38700 287 756
1967674 32 45500 287 756
1993695 33 46300 287 756
2007317 33 46300 287 756
2009915 34 46300 287 756
2008328 33 46350 287 756
2009336 33 46400 287 756
2009397 33 46300 287 756
2009457 33 46300 287 756
2009520 33 46300 287 756
2009581 33 46300 287 756
2009651 33 46300 287 756
2009712 33 46300 287 756
2009777 33 46300 287 756
2009837 33 46300 287 756
2009902 33 46300 287 756
2009962 33 46300 287 756
2010025 33 46300 287 756
2010091 33 46300 287 756
2010157 33 46300 287 756
2010222 33 46300 287 756
2010291 33 46300 287 756
2010358 33 46300 287 756
2010427 33 46300 287 756
2010491 33 46300 287 756
2010551 33 46300 287 756
2010615 33 46300 287 756
2010681 33 46300 287 756
2010749 33 46300 287 756
2010810 33 46300 287 756
2010878 33 46300 287 756
2010941 33 46300 287 756
2011010 33 46300 287 756
2011072 33 46300 287 756
2011137 33 46300 287 756
2011208 33 46300 287 756
2011269 33 46300 287 756
2011331 33 46300 287 756
2011397 33 46300 287 756
2011461 33 46300 287 756
2011524 33 46300 287 756
2011590 33 46300 287 756
2011658 33 46300 287 756
2011719 33 46300 287 756
2011779 33 46300 287 756
2011839 33 46300 287 756
2011900 33 46300 287 756
2011964 33 46300 287 756
2012027 33 46300 287 756
2012089 33 46300 287 756
2012150 33 46300 287 756
2012214 33 46300 287 756
2012276 33 46300 287 756
2012338 33 46300 287 756
2012403 33 46300 287 756
2012463 33 46300 287 756
2012524 33 46300 287 756
2012589 33 46300 287 756
2012650 33 46300 287 756
2012711 33 46300 287 756
2012772 33 46300 287 756
2012837 33 46300 287 756
2012897 33 46300 287 756
2012961 33 46300 287 756
2013026 33 46300 287 756
2013096 33 46300 287 756
2013159 33 46300 287 756
2013228 33 46300 287 756
2013294 33 46300 287 756
2013355 33 46300 287 756
2013416 33 46300 287 756
2013483 33 46300 287 756
2013548 33 46300 287 756
2013610 33 46300 287 756
2013670 33 46300 287 756
2013731 33 46300 287 756
2013794 33 46300 287 756
2013860 33 46300 287 756
2013923 33 46300 287 756
2013988 33 46300 287 756
2014057 33 46300 287 756
2014124 33 46300 287 756
2014186 33 46300 287 756
2014254 33 46300 287 756
2014314 33 46300 287 756
2014385 33 46300 287 756
2014451 33 46300 287 756
2014511 33 46300 287 756
2014575 33 46300 287 756
2014638 33 46300 287 756
2014702 33 46300 287 756
2014768 33 46300 287 756
2014835 33 46300 287 756
2014903 33 46300 287 756
2014974 33 46300 287 756
2015036 33 46300 287 756
2015097 33 46300 287 756
2015161 33 46300 287 756
2015221 33 46300 287 756
2015288 33 46300 287 756
2015351 33 46300 287 756
2015411 33 46300 287 756
2015475 33 46300 287 756
2015536 33 46300 287 756
2015597 33 46300 287 756
2015662 33 46300 287 756
2015726 33 46300 287 756
2015792 33 46300 287 756
2015857 33 46300 287 756
2015927 33 46300 287 756
2015992 33 46300 287 756
2016057 33 46300 287 756
2016124 33 46300 287 756
2016188 33 46300 287 756
2016250 33 46300 287 756
2016318 33 46300 287 756
2016386 33 46300 287 756
2016456 33 46300 287 756
2016522 33 46300 287 756
2016587 33 46300 287 756
2016657 33 46300 287 756
2016718 33 46300 287 756
2016788 33 46300 287 756
2016849 33 46300 287 756
2016909 33 46300 287 756
2016969 33 46300 287 756
2017035 33 46300 287 756
2017097 33 46300 287 756
2017167 33 46300 287 756
2017230 33 46300 287 756
2017290 33 46300 287 756
2017354 33 46300 287 756
2017422 33 46300 287 756
2017492 33 46300 287 756
2017553 33 46300 287 756
2017614 33 46300 287 756
2017676 33 46300 287 756
2017739 33 46300 287 756
2017803 33 46300 287 756
2017871 33 46300 287 756
2017935 33 46300 287 756
2018004 33 46300 287 756
2018069 33 46300 287 756
2018130 33 46300 287 756
2018191 33 46300 287 756
2018254 33 46300 287 756
2018315 33 46300 287 756
2018385 33 46300 287 756
2018446 33 46300 287 756
2018515 33 46300 287 756
2018578 33 46300 287 756
2018645 33 46300 287 756
2018711 33 46300 287 756
2018779 33 46300 287 756
2018849 33 46300 287 756
2018911 33 46300 287 756
