# header: write what you want on lines starting with #
# Total ACTIVE Pulses, # breakdowns, amp_set, index (point on pulse / power curve) , pulse length
# the init of this file could be 1 0 500 0 3500, 2 0 500 0 3500, etc
1 0 500 0 3500
102 7 3675 0 2493
77860 8 20550 222 2493
84624 9 26850 291 2493
86956 10 27050 291 2493
88189 11 27050 0 2493
89804 12 28450 291 2493
90894 13 28450 291 2493
91987 14 28450 291 2493
98240 15 29450 291 2493
99172 16 29450 291 2493
100158 17 29450 291 2493
106672 18 36150 291 2493
106684 19 36150 291 2493
106697 20 36150 291 2493
106709 21 36150 291 2493
106722 22 36150 291 2493
106735 23 36150 291 2493
106748 24 36150 291 2493
106760 25 36150 291 2493
106772 26 36150 291 2493
106784 27 36150 291 2493
106796 28 36150 291 2493
106808 29 36150 291 2493
106820 30 36150 291 2493
106834 31 36150 291 2493
106846 32 36150 291 2493
106859 33 36150 291 2493
106871 34 36150 291 2493
106884 35 36150 291 2493
106897 36 36150 291 2493
3848819 286 39931 238 2493
4701474 341 40000 287 2493
4770142 342 45265 287 2493
4795011 343 48799 287 2493
4843634 344 54053 287 2493
4940712 345 61629 287 2493
4952722 346 64039 287 2493
4967192 347 65392 287 2493
4968498 348 65392 287 2493
5006008 355 67020 287 2493
5007182 356 67020 287 2493
5221406 395 67522 287 2493
5226754 396 67731 287 2493
5227268 397 67731 287 2493
5231555 397 67731 287 2493
5232585 397 67731 287 2493
5233615 397 67731 287 2493
5234646 397 67731 287 2493
5234662 397 68707 287 2493
5234677 397 68707 287 2493
5234692 397 68707 287 2493
5234707 397 68707 287 2493
5234722 397 68707 287 2493
5234737 397 68707 287 2493
5234752 397 68707 287 2493
5234768 397 68707 287 2493
5234783 397 68707 287 2493
5234798 397 68707 287 2493
5234813 397 68707 287 2493
5234828 397 68707 287 2493
5234843 397 68707 287 2493
5234859 397 68707 287 2493
5234874 397 68707 287 2493
5234889 397 68707 287 2493
5234904 397 68707 287 2493
5234919 397 68707 287 2493
5234934 397 68707 287 2493
5234949 397 68707 287 2493
5234964 397 68707 287 2493
5234980 397 68707 287 2493
5234995 397 68707 287 2493
5235010 397 68707 287 2493
5235025 397 68707 287 2493
5235040 397 68707 287 2493
5235055 397 68707 287 2493
5235070 397 68707 287 2493
5235085 397 68707 287 2493
5235100 397 68707 287 2493
5235115 397 68707 287 2493
5235130 397 68707 287 2493
5235145 397 68707 287 2493
5235161 397 68707 287 2493
5235176 397 68707 287 2493
5235191 397 68707 287 2493
5235206 397 68707 287 2493
5235221 397 68707 287 2493
5235236 397 68707 287 2493
5235251 397 68707 287 2493
5235266 397 68707 287 2493
5235281 397 68707 287 2493
5235296 397 68707 287 2493
5235312 397 68707 287 2493
5235327 397 68707 287 2493
5235342 397 68707 287 2493
5235357 397 68707 287 2493
5235372 397 68707 287 2493
5235388 397 68707 287 2493
5235403 397 68707 287 2493
5235418 397 68707 287 2493
5235433 397 68707 287 2493
5235448 397 68707 287 2493
5235463 397 68707 287 2493
5235478 397 68707 287 2493
5235493 397 68707 287 2493
5235508 397 68707 287 2493
5235523 397 68707 287 2493
5235538 397 68707 287 2493
5235553 397 68707 287 2493
5235568 397 68707 287 2493
5235583 397 68707 287 2493
5235598 397 68707 287 2493
5235613 397 68707 287 2493
5235628 397 68707 287 2493
5235643 397 68707 287 2493
5235658 397 68707 287 2493
5235673 397 68707 287 2493
5235688 397 68707 287 2493
5235703 397 68707 287 2493
5235718 397 68707 287 2493
5235733 397 68707 287 2493
5235748 397 68707 287 2493
5235763 397 68707 287 2493
5235778 397 68707 287 2493
5235793 397 68707 287 2493
5235809 397 68707 287 2493
5235824 397 68707 287 2493
5235839 397 68707 287 2493
5235854 397 68707 287 2493
5235869 397 68707 287 2493
5235884 397 68707 287 2493
5235899 397 68707 287 2493
5235915 397 68707 287 2493
5235930 397 68707 287 2493
5235945 397 68707 287 2493
5235960 397 68707 287 2493
5235975 397 68707 287 2493
5235990 397 68707 287 2493
5236005 397 68707 287 2493
5236021 397 68707 287 2493
5236036 397 68707 287 2493
5236051 397 68707 287 2493
5236066 397 68707 287 2493
5236082 397 68707 287 2493
5236097 397 68707 287 2493
5236113 397 68707 287 2493
5236128 397 68707 287 2493
5236143 397 68707 287 2493
5236158 397 68707 287 2493
5236173 397 68707 287 2493
5236188 397 68707 287 2493
5236204 397 68707 287 2493
5236219 397 68707 287 2493
5236234 397 68707 287 2493
5236249 397 68707 287 2493
5236264 397 68707 287 2493
5236279 397 68707 287 2493
5236294 397 68707 287 2493
5236309 397 68707 287 2493
5236324 397 68707 287 2493
5236339 397 68707 287 2493
5236354 397 68707 287 2493
5236369 397 68707 287 2493
5236384 397 68707 287 2493
5236399 397 68707 287 2493
5236414 397 68707 287 2493
5236429 397 68707 287 2493
5236444 397 68707 287 2493
5236459 397 68707 287 2493
5236474 397 68707 287 2493
5236489 397 68707 287 2493
5236504 397 68707 287 2493
5236519 397 68707 287 2493
5236534 397 68707 287 2493
5236549 397 68707 287 2493
5236564 397 68707 287 2493
5236579 397 68707 287 2493
5236594 397 68707 287 2493
5236610 397 68707 287 2493
5236625 397 68707 287 2493
5236641 397 68707 287 2493
5236656 397 68707 287 2493
5236672 397 68707 287 2493
5236688 397 68707 287 2493
5236703 397 68707 287 2493
5236718 397 68707 287 2493
5236733 397 68707 287 2493
5236748 397 68707 287 2493
5236763 397 68707 287 2493
5236778 397 68707 287 2493
5236793 397 68707 287 2493
5236823 397 68707 287 2493
5236854 397 68707 287 2493
5236884 397 68707 287 2493
5236914 397 68707 287 2493
5236944 397 68707 287 2493
5236975 397 68707 287 2493
5237005 397 68707 287 2493
5237033 397 68707 287 2493
5237066 397 68707 287 2493
5237096 397 68707 287 2493
5237126 397 68707 287 2493
5237156 397 68707 287 2493
5237187 397 68707 287 2493
5237217 397 68707 287 2493
5237247 397 68707 287 2493
5237277 397 68707 287 2493
5237308 397 68707 287 2493
5237338 397 68707 287 2493
5237368 397 68707 287 2493
5237399 397 68707 287 2493
5237429 397 68707 287 2493
5237459 397 68707 287 2493
5237489 397 68707 287 2493
5237519 397 68707 287 2493
5237550 397 68707 287 2493
5237580 397 68707 287 2493
5237610 397 68707 287 2493
5237640 397 68707 287 2493
5237670 397 68707 287 2493
5237702 397 68707 287 2493
5237732 397 68707 287 2493
5237762 397 68707 287 2493
5237792 397 68707 287 2493
5237822 397 68707 287 2493
5237853 397 68707 287 2493
5237883 397 68707 287 2493
5237913 397 68707 287 2493
5237943 397 68707 287 2493
5237973 397 68707 287 2493
5238004 397 68707 287 2493
5238034 397 68707 287 2493
5238064 397 68707 287 2493
5238095 397 68707 287 2493
5238125 397 68707 287 2493
5238155 397 68707 287 2493
5238185 397 68707 287 2493
5238215 397 68707 287 2493
5238246 397 68707 287 2493
5238276 397 68707 287 2493
5238306 397 68707 287 2493
5238336 397 68707 287 2493
5238366 397 68707 287 2493
5238397 397 68707 287 2493
5238427 397 68707 287 2493
5238457 397 68707 287 2493
5238488 397 68707 287 2493
5238517 397 68707 287 2493
5238548 397 68707 287 2493
5238578 397 68707 287 2493
5238608 397 68707 287 2493
5238638 397 68707 287 2493
5238668 397 68707 287 2493
5238698 397 68707 287 2493
5238728 397 68707 287 2493
5238758 397 68707 287 2493
5238790 397 68707 287 2493
5238820 397 68707 287 2493
5238850 397 68707 287 2493
5238881 397 68707 287 2493
5238911 397 68707 287 2493
5238941 397 68707 287 2493
5238971 397 68707 287 2493
5239001 397 68707 287 2493
5239032 397 68707 287 2493
5239062 397 68707 287 2493
5239092 397 68707 287 2493
5239122 397 68707 287 2493
5239152 397 68707 287 2493
5239183 397 68707 287 2493
5239213 397 68707 287 2493
5239243 397 68707 287 2493
5239273 397 68707 287 2493
5239303 397 68707 287 2493
5239333 397 68707 287 2493
5239363 397 68707 287 2493
5239394 397 68707 287 2493
5239424 397 68707 287 2493
5239454 397 68707 287 2493
5239484 397 68707 287 2493
5239514 397 68707 287 2493
5239545 397 68707 287 2493
5239575 397 68707 287 2493
5239605 397 68707 287 2493
5239635 397 68707 287 2493
5239665 397 68707 287 2493
5239696 397 68707 287 2493
5239726 397 68707 287 2493
5239756 397 68707 287 2493
5239786 397 68707 287 2493
5239816 397 68707 287 2493
5239846 397 68707 287 2493
5239876 397 68707 287 2493
5239907 397 68707 287 2493
5239937 397 68707 287 2493
5239967 397 68707 287 2493
5239997 397 68707 287 2493
5240027 397 68707 287 2493
5240057 397 68707 287 2493
5240088 397 68707 287 2493
5240118 397 68707 287 2493
5240148 397 68707 287 2493
5240178 397 68707 287 2493
5240208 397 68707 287 2493
5240239 397 68707 287 2493
5240269 397 68707 287 2493
5240299 397 68707 287 2493
5240329 397 68707 287 2493
5240359 397 68707 287 2493
5240389 397 68707 287 2493
5240420 397 68707 287 2493
5240450 397 68707 287 2493
5240480 397 68707 287 2493
5240510 397 68707 287 2493
5240540 397 68707 287 2493
5240570 397 68707 287 2493
5240601 397 68707 287 2493
5240631 397 68707 287 2493
5240661 397 68707 287 2493
5240691 397 68707 287 2493
5240721 397 68707 287 2493
5240751 397 68707 287 2493
5240781 397 68707 287 2493
5240812 397 68707 287 2493
5240842 397 68707 287 2493
5240872 397 68707 287 2493
5240902 397 68707 287 2493
5240933 397 68707 287 2493
5240963 397 68707 287 2493
5240993 397 68707 287 2493
5241023 397 68707 287 2493
5241053 397 68707 287 2493
5241083 397 68707 287 2493
5241114 397 68707 287 2493
5241144 397 68707 287 2493
5241174 397 68707 287 2493
5241204 397 68707 287 2493
5241234 397 68707 287 2493
5241264 397 68707 287 2493
5241294 397 68707 287 2493
5241324 397 68707 287 2493
5241355 397 68707 287 2493
5241385 397 68707 287 2493
5241415 397 68707 287 2493
5241445 397 68707 287 2493
5241475 397 68707 287 2493
5241505 397 68707 287 2493
5241535 397 68707 287 2493
5241565 397 68707 287 2493
5241596 397 68707 287 2493
5241626 397 68707 287 2493
5241656 397 68707 287 2493
5241686 397 68707 287 2493
5241716 397 68707 287 2493
5241746 397 68707 287 2493
5241776 397 68707 287 2493
5241807 397 68707 287 2493
5241837 397 68707 287 2493
5241867 397 68707 287 2493
5241897 397 68707 287 2493
5241927 397 68707 287 2493
5241957 397 68707 287 2493
5241988 397 68707 287 2493
5242018 397 68707 287 2493
5242048 397 68707 287 2493
5242078 397 68707 287 2493
5242108 397 68707 287 2493
5242138 397 68707 287 2493
5242168 397 68707 287 2493
5242199 397 68707 287 2493
5242229 397 68707 287 2493
5242259 397 68707 287 2493
5242289 397 68707 287 2493
5242319 397 68707 287 2493
5242349 397 68707 287 2493
5242380 397 68707 287 2493
5242410 397 68707 287 2493
