# header: write what you want on lines starting with #
# Total ACTIVE Pulses, # breakdowns, amp_set, index (point on pulse / power curve) , pulse length
# the init of this file could be 1 0 500 0 3500, 2 0 500 0 3500, etc
531 0 709 7 756
141713 0 758 129 756
141794 0 758 129 756
141795 0 2500 129 756
141875 0 2483 129 756
141979 0 2483 129 756
142350 0 2483 129 756
142449 0 2483 129 756
142693 0 2483 129 756
142974 0 2483 129 756
143062 0 2483 129 756
143144 0 2483 129 756
143227 0 2483 129 756
143631 0 2483 129 756
143673 0 2483 129 756
143996 0 2483 129 756
144321 0 2483 129 756
145154 0 2483 129 756
145256 0 2483 129 756
145493 0 2483 129 756
145753 0 2483 129 756
145822 0 2483 129 756
147013 0 2483 129 756
147160 0 2483 129 756
147297 0 2483 129 756
147598 0 2483 129 756
147970 0 2483 129 756
148050 0 2483 129 756
148138 0 2483 129 756
148222 0 2483 129 756
148392 0 2483 129 756
148489 0 2483 129 756
148569 0 2483 129 756
148651 0 2483 129 756
148804 0 2483 129 756
148887 0 2483 129 756
149762 0 2483 129 756
150380 0 2483 129 756
150619 0 2483 129 756
150844 0 2483 129 756
150966 0 2483 129 756
151254 0 2483 129 756
151335 0 2483 129 756
151417 0 2483 129 756
151498 0 2483 129 756
151581 0 2483 129 756
151685 0 2483 129 756
151773 0 2483 129 756
151855 0 2483 129 756
151953 0 2483 129 756
152034 0 2483 129 756
152114 0 2483 129 756
152287 0 2483 129 756
152367 0 2483 129 756
152449 0 2483 129 756
152584 0 2483 129 756
152666 0 2483 129 756
152944 0 2483 129 756
153025 0 2483 129 756
153112 0 2483 129 756
153194 0 2483 129 756
153278 0 2483 129 756
153358 0 2483 129 756
153440 0 2483 129 756
153542 0 2483 129 756
153652 0 2483 129 756
153782 0 2483 129 756
153862 0 2483 129 756
153948 0 2483 129 756
154032 0 2483 129 756
154148 0 2483 129 756
154228 0 2483 129 756
154381 0 2483 129 756
154488 0 2483 129 756
154617 0 2483 129 756
155000 0 2483 129 756
155308 0 2483 129 756
155456 0 2483 129 756
155563 0 2483 129 756
155646 0 2483 129 756
155728 0 2483 129 756
155813 0 2483 129 756
155895 0 2483 129 756
155982 0 2483 129 756
156141 0 2483 90 756
156346 0 2483 90 756
156551 0 2483 90 756
156632 0 2483 90 756
156784 0 2483 90 756
156902 0 2483 90 756
156982 0 2483 90 756
157067 0 2483 90 756
157153 0 2483 90 756
157240 0 2483 90 756
157321 0 2483 90 756
157410 0 2483 90 756
157494 0 2483 90 756
157574 0 2483 90 756
157660 0 2483 90 756
157749 0 2483 90 756
157835 0 2483 90 756
157984 0 2483 90 756
158066 0 2483 90 756
158255 0 2483 90 756
158338 0 2483 90 756
158456 0 2483 90 756
158542 0 2483 90 756
158622 0 2483 90 756
158708 0 2483 90 756
158794 0 2483 90 756
158876 0 2483 90 756
158956 0 2483 90 756
159036 0 2483 90 756
159219 0 2483 90 756
159302 0 2483 90 756
159382 0 2483 90 756
159466 0 2483 90 756
159541 0 2483 90 756
159624 0 2483 90 756
159706 0 2483 90 756
159982 0 2483 90 756
160065 0 2483 90 756
160174 0 2483 90 756
160301 0 2483 90 756
160382 0 2483 90 756
160566 0 2483 90 756
160649 0 2483 90 756
160731 0 2483 90 756
160815 0 2483 90 756
160895 0 2483 90 756
161040 0 2483 90 756
161127 0 2483 90 756
161207 0 2483 90 756
161289 0 2483 90 756
161480 0 2483 90 756
161630 0 2483 90 756
161917 0 2483 90 756
162001 0 2483 90 756
162182 0 2483 90 756
162265 0 2483 90 756
162349 0 2483 90 756
162520 0 2483 90 756
162603 0 2483 90 756
162689 0 2483 90 756
162771 0 2483 90 756
162856 0 2483 90 756
162937 0 2483 90 756
163020 0 2483 90 756
163106 0 2483 90 756
163186 0 2483 90 756
163378 0 2483 90 756
163462 0 2483 90 756
163542 0 2483 90 756
163626 0 2483 90 756
163718 0 2483 90 756
163810 0 2483 90 756
163893 0 2483 90 756
163976 0 2483 90 756
164057 0 2483 90 756
164241 0 2483 90 756
164337 0 2483 90 756
164441 0 2483 90 756
164648 0 2483 90 756
164831 0 2483 90 756
164953 0 2483 90 756
164967 0 2483 90 756
165112 0 2483 90 756
165194 0 2483 90 756
165274 0 2483 90 756
165357 0 2483 90 756
165444 0 2483 90 756
165527 0 2483 90 756
165607 0 2483 90 756
165691 0 2483 90 756
165777 0 2483 90 756
165858 0 2483 90 756
165940 0 2483 90 756
166027 0 2483 90 756
166108 0 2483 90 756
166275 0 2483 90 756
166356 0 2483 90 756
166439 0 2483 90 756
166520 0 2483 90 756
166607 0 2483 90 756
166905 0 2483 90 756
166991 0 2483 90 756
167074 0 2483 90 756
167155 0 2483 90 756
167239 0 2483 90 756
167322 0 2483 90 756
167408 0 2483 90 756
167494 0 2483 90 756
167576 0 2483 90 756
167656 0 2483 90 756
167737 0 2483 90 756
167911 0 2483 90 756
167993 0 2483 90 756
168119 0 2483 90 756
168202 0 2483 90 756
168282 0 2483 90 756
168363 0 2483 90 756
168443 0 2483 90 756
168592 0 2483 90 756
168675 0 2483 90 756
168882 0 2483 90 756
168973 0 2483 90 756
169056 0 2483 90 756
169138 0 2483 90 756
169219 0 2483 90 756
169305 0 2483 90 756
169386 0 2483 90 756
169471 0 2483 90 756
169556 0 2483 90 756
169639 0 2483 90 756
169720 0 2483 90 756
169800 0 2483 90 756
169934 0 2483 90 756
170018 0 2483 90 756
170098 0 2483 90 756
170179 0 2483 90 756
170259 0 2483 90 756
170342 0 2483 90 756
170428 0 2483 90 756
170515 0 2483 90 756
170596 0 2483 90 756
170677 0 2483 90 756
170758 0 2483 90 756
170843 0 2483 90 756
170929 0 2483 90 756
171012 0 2483 90 756
171100 0 2483 90 756
171189 0 2483 90 756
171271 0 2483 90 756
171352 0 2483 90 756
171438 0 2483 90 756
171579 0 2483 90 756
171664 0 2483 90 756
171746 0 2483 90 756
171854 0 2483 90 756
171934 0 2483 90 756
172067 0 2483 90 756
172149 0 2483 90 756
172311 0 2483 90 756
172429 0 2483 90 756
172509 0 2483 90 756
172680 0 2483 90 756
172762 0 2483 90 756
172850 0 2483 90 756
172930 0 2483 90 756
173020 0 2483 90 756
173103 0 2483 90 756
173244 0 2483 90 756
173329 0 2483 90 756
173414 0 2483 90 756
173494 0 2483 90 756
173579 0 2483 90 756
173661 0 2483 90 756
173779 0 2483 90 756
173919 0 2483 90 756
174135 0 2483 90 756
174247 0 2483 90 756
174456 0 2483 90 756
174640 0 2483 90 756
174727 0 2483 90 756
174807 0 2483 90 756
174922 0 2483 90 756
175033 0 2483 90 756
175284 0 2483 90 756
175368 0 2483 90 756
175449 0 2483 90 756
175535 0 2483 90 756
175741 0 2483 90 756
176341 0 2483 90 756
176541 0 2483 90 756
176838 0 2483 90 756
177259 0 2483 90 756
177340 0 2483 90 756
177423 0 2483 90 756
177505 0 2483 90 756
177588 0 2483 90 756
