# header: write what you want on lines starting with #
# Total ACTIVE Pulses, # breakdowns, amp_set, index (point on pulse / power curve) , pulse length
# the init of this file could be 1 0 500 0 3500, 2 0 500 0 3500, etc
1 0 500 0 3500
102 7 3675 0 2493
77860 8 20550 222 2493
84624 9 26850 291 2493
86956 10 27050 291 2493
88189 11 27050 0 2493
89804 12 28450 291 2493
90894 13 28450 291 2493
91987 14 28450 291 2493
98240 15 29450 291 2493
99172 16 29450 291 2493
100158 17 29450 291 2493
106672 18 36150 291 2493
106684 19 36150 291 2493
106697 20 36150 291 2493
106709 21 36150 291 2493
106722 22 36150 291 2493
106735 23 36150 291 2493
106748 24 36150 291 2493
106760 25 36150 291 2493
106772 26 36150 291 2493
106784 27 36150 291 2493
106796 28 36150 291 2493
106808 29 36150 291 2493
106820 30 36150 291 2493
106834 31 36150 291 2493
106846 32 36150 291 2493
106859 33 36150 291 2493
106871 34 36150 291 2493
106884 35 36150 291 2493
106897 36 36150 291 2493
3848819 286 39931 238 2493
4701474 341 40000 287 2493
4770142 342 45265 287 2493
4795011 343 48799 287 2493
4811272 343 49304 287 2493
4812272 343 49367 287 2493
4813272 343 49431 287 2493
4814272 343 49501 287 2493
4814288 343 49622 287 2493
4814303 343 49622 287 2493
4814318 343 49622 287 2493
4814333 343 49622 287 2493
4814348 343 49622 287 2493
4814363 343 49622 287 2493
4814378 343 49622 287 2493
4814393 343 49622 287 2493
4814408 343 49622 287 2493
4814423 343 49622 287 2493
4814438 343 49622 287 2493
4814454 343 49622 287 2493
4814469 343 49622 287 2493
4814484 343 49622 287 2493
4814499 343 49622 287 2493
4814514 343 49622 287 2493
4814529 343 49622 287 2493
4814544 343 49622 287 2493
4814559 343 49622 287 2493
4814574 343 49622 287 2493
4814589 343 49622 287 2493
4814604 343 49622 287 2493
4814619 343 49622 287 2493
4814634 343 49622 287 2493
4814649 343 49622 287 2493
4814664 343 49622 287 2493
4814679 343 49622 287 2493
4814694 343 49622 287 2493
4814709 343 49622 287 2493
4814724 343 49622 287 2493
4814739 343 49622 287 2493
4814754 343 49622 287 2493
4814769 343 49622 287 2493
4814784 343 49622 287 2493
4814799 343 49622 287 2493
4814814 343 49622 287 2493
4814829 343 49622 287 2493
4814845 343 49622 287 2493
4814860 343 49622 287 2493
4814875 343 49622 287 2493
4814890 343 49622 287 2493
4814905 343 49622 287 2493
4814920 343 49622 287 2493
4814935 343 49622 287 2493
4814951 343 49622 287 2493
4814966 343 49622 287 2493
4814981 343 49622 287 2493
4814996 343 49622 287 2493
4815012 343 49622 287 2493
4815027 343 49622 287 2493
4815042 343 49622 287 2493
4815057 343 49622 287 2493
4815072 343 49622 287 2493
4815087 343 49622 287 2493
4815103 343 49622 287 2493
4815118 343 49622 287 2493
4815133 343 49622 287 2493
4815148 343 49622 287 2493
4815164 343 49622 287 2493
4815179 343 49622 287 2493
4815194 343 49622 287 2493
4815209 343 49622 287 2493
4815224 343 49622 287 2493
4815239 343 49622 287 2493
4815254 343 49622 287 2493
4815269 343 49622 287 2493
4815284 343 49622 287 2493
4815300 343 49622 287 2493
4815316 343 49622 287 2493
4815331 343 49622 287 2493
4815346 343 49622 287 2493
4815361 343 49622 287 2493
4815376 343 49622 287 2493
4815391 343 49622 287 2493
4815406 343 49622 287 2493
4815421 343 49622 287 2493
4815436 343 49622 287 2493
4815451 343 49622 287 2493
4815466 343 49622 287 2493
4815482 343 49622 287 2493
4815497 343 49622 287 2493
4815512 343 49622 287 2493
4815528 343 49622 287 2493
4815543 343 49622 287 2493
4815558 343 49622 287 2493
4815573 343 49622 287 2493
4815588 343 49622 287 2493
4815603 343 49622 287 2493
4815618 343 49622 287 2493
4815633 343 49622 287 2493
4815648 343 49622 287 2493
4815663 343 49622 287 2493
4815678 343 49622 287 2493
4815693 343 49622 287 2493
4815708 343 49622 287 2493
4815723 343 49622 287 2493
4815738 343 49622 287 2493
4815753 343 49622 287 2493
4815768 343 49622 287 2493
4815783 343 49622 287 2493
4815799 343 49622 287 2493
4815814 343 49622 287 2493
4815829 343 49622 287 2493
4815844 343 49622 287 2493
4815859 343 49622 287 2493
4815875 343 49622 287 2493
4815890 343 49622 287 2493
4815905 343 49622 287 2493
4815920 343 49622 287 2493
4815935 343 49622 287 2493
4815950 343 49622 287 2493
4815965 343 49622 287 2493
4815980 343 49622 287 2493
4815995 343 49622 287 2493
4816010 343 49622 287 2493
4816025 343 49622 287 2493
4816040 343 49622 287 2493
4816056 343 49622 287 2493
4816071 343 49622 287 2493
4816086 343 49622 287 2493
4816101 343 49622 287 2493
4816116 343 49622 287 2493
4816131 343 49622 287 2493
4816146 343 49622 287 2493
4816161 343 49622 287 2493
4816176 343 49622 287 2493
4816191 343 49622 287 2493
4816206 343 49622 287 2493
4816221 343 49622 287 2493
4816236 343 49622 287 2493
4816251 343 49622 287 2493
4816266 343 49622 287 2493
4816281 343 49622 287 2493
4816296 343 49622 287 2493
4816311 343 49622 287 2493
4816326 343 49622 287 2493
4816341 343 49622 287 2493
4816356 343 49622 287 2493
4816371 343 49622 287 2493
4816386 343 49622 287 2493
4816401 343 49622 287 2493
4816416 343 49622 287 2493
4816431 343 49622 287 2493
4816446 343 49622 287 2493
4816462 343 49622 287 2493
4816477 343 49622 287 2493
4816492 343 49622 287 2493
4816507 343 49622 287 2493
4816522 343 49622 287 2493
4816537 343 49622 287 2493
4817537 343 49622 287 2493
4818537 343 49744 287 2493
4819537 343 49980 287 2493
4820537 343 50211 287 2493
4821537 343 50419 287 2493
4822538 343 50649 287 2493
4823538 343 50843 287 2493
4824538 343 51034 287 2493
4825538 343 51296 287 2493
4826538 343 51570 287 2493
4827538 343 51738 287 2493
4828539 343 51847 287 2493
4829539 343 51945 287 2493
4830539 343 52029 287 2493
4831539 343 52133 287 2493
4832539 343 52203 287 2493
4833539 343 52274 287 2493
4834539 343 52344 287 2493
4835539 343 52413 287 2493
4836539 343 52472 287 2493
4837539 343 52542 287 2493
4838539 343 52713 287 2493
4839539 343 52903 287 2493
4840539 343 53108 287 2493
4841539 343 53347 287 2493
4842539 343 53604 287 2493
4843539 343 53886 287 2493
4843634 344 54053 287 2493
4843649 344 54053 287 2493
4843665 344 54053 287 2493
4843680 344 54053 287 2493
4843695 344 54053 287 2493
4843710 344 54053 287 2493
4843725 344 54053 287 2493
4843740 344 54053 287 2493
4843755 344 54053 287 2493
4843770 344 54053 287 2493
4843785 344 54053 287 2493
4843800 344 54053 287 2493
4843815 344 54053 287 2493
4843830 344 54053 287 2493
4843846 344 54053 287 2493
4843861 344 54053 287 2493
4843876 344 54053 287 2493
4843891 344 54053 287 2493
4843906 344 54053 287 2493
4843921 344 54053 287 2493
4843936 344 54053 287 2493
4843951 344 54053 287 2493
4843966 344 54053 287 2493
4843981 344 54053 287 2493
4843997 344 54053 287 2493
