# header: write what you want on lines starting with #
# Total ACTIVE Pulses, # breakdowns, amp_set, index (point on pulse / power curve) , pulse length
# the init of this file could be 1 0 500 0 3500, 2 0 500 0 3500, etc
531 0 709 7 756
629927 1 19500 287 756
649134 2 19900 287 756
663617 3 19900 287 756
675254 4 19900 287 756
685220 5 19900 287 756
701197 6 19900 287 756
716534 7 19900 287 756
727172 8 19900 287 756
743893 9 20300 287 756
809136 10 22300 287 756
850907 11 23100 287 756
1311952 12 34700 287 756
1322395 13 34700 287 756
1345435 14 35100 287 756
1445388 16 35270 287 756
1500817 17 38300 287 756
1515290 18 38300 287 756
1527422 19 38300 287 756
1550025 20 38700 287 756
1565127 21 38700 287 756
1577229 22 38700 287 756
1589818 23 38700 287 756
1605748 24 38700 287 756
1618050 25 38700 287 756
1633214 26 38700 287 756
1648658 27 38700 287 756
1662460 28 38700 287 756
1675533 29 38700 287 756
1704498 30 38700 287 756
1717266 31 38700 287 756
1967674 32 45500 287 756
1993695 33 46300 287 756
2009915 34 46300 287 756
2109710 35 49100 287 756
2109778 37 49100 287 756
2109916 38 49100 287 756
2110042 40 49100 287 756
2153576 41 49500 287 756
2217174 42 49500 287 756
2217244 44 49500 287 756
2265819 45 49500 287 756
2265886 47 49500 287 756
2310296 47 50999 287 756
2311296 47 51049 287 756
2312298 47 51099 287 756
2312364 47 51124 287 756
2312425 47 51124 287 756
2312486 47 51124 287 756
2312552 47 51124 287 756
2312620 47 51124 287 756
2312691 47 51124 287 756
2312754 47 51124 287 756
2312821 47 51124 287 756
2312889 47 51124 287 756
2312949 47 51124 287 756
2313009 47 51124 287 756
2313079 47 51124 287 756
2313144 47 51124 287 756
2313210 47 51124 287 756
2313274 47 51124 287 756
2313339 47 51124 287 756
2313399 47 51124 287 756
2313462 47 51124 287 756
2313530 47 51124 287 756
2313599 47 51124 287 756
2313670 47 51124 287 756
2313730 47 51124 287 756
2313796 47 51124 287 756
2313865 47 51124 287 756
2313928 47 51124 287 756
2313990 47 51124 287 756
2314053 47 51124 287 756
2314116 47 51124 287 756
2314178 47 51124 287 756
2314248 47 51124 287 756
2314309 47 51124 287 756
2314375 47 51124 287 756
2314440 47 51124 287 756
2314503 47 51124 287 756
2314567 47 51124 287 756
2314632 47 51124 287 756
2314699 47 51124 287 756
2314769 47 51124 287 756
2314836 47 51124 287 756
2314901 47 51124 287 756
2314968 47 51124 287 756
2315028 47 51124 287 756
2315093 47 51124 287 756
2315158 47 51124 287 756
2315218 47 51124 287 756
2315287 47 51124 287 756
2315355 47 51124 287 756
2315415 47 51124 287 756
2315482 47 51124 287 756
2315546 47 51124 287 756
2315607 47 51124 287 756
2315672 47 51124 287 756
2315732 47 51124 287 756
2315798 47 51124 287 756
2315858 47 51124 287 756
2315928 47 51124 287 756
2315994 47 51124 287 756
2316061 47 51124 287 756
2316127 47 51124 287 756
2316195 47 51124 287 756
2316264 47 51124 287 756
2316333 47 51124 287 756
2316401 47 51124 287 756
2316463 47 51124 287 756
2316534 47 51124 287 756
2316603 47 51124 287 756
2316673 47 51124 287 756
2316740 47 51124 287 756
2316805 47 51124 287 756
2316872 47 51124 287 756
2316941 47 51124 287 756
2317001 47 51124 287 756
2317072 47 51124 287 756
2317133 47 51124 287 756
2317197 47 51124 287 756
2317258 47 51124 287 756
2317320 47 51124 287 756
2317380 47 51124 287 756
2317448 47 51124 287 756
2317509 47 51124 287 756
2317570 47 51124 287 756
2317633 47 51124 287 756
2317693 47 51124 287 756
2317763 47 51124 287 756
2317828 47 51124 287 756
2317890 47 51124 287 756
2317957 47 51124 287 756
2318019 47 51124 287 756
2318081 47 51124 287 756
2318148 47 51124 287 756
2318212 47 51124 287 756
2318273 47 51124 287 756
2318335 47 51124 287 756
2318396 47 51124 287 756
2318461 47 51124 287 756
2318524 47 51124 287 756
2318591 47 51124 287 756
2318651 47 51124 287 756
2318712 47 51124 287 756
2318773 47 51124 287 756
2318841 47 51124 287 756
2318905 47 51124 287 756
2318967 47 51124 287 756
2319035 47 51124 287 756
2319099 47 51124 287 756
2319159 47 51124 287 756
2319220 47 51124 287 756
2319282 47 51124 287 756
2319349 47 51124 287 756
2319414 47 51124 287 756
2319483 47 51124 287 756
2319548 47 51124 287 756
2319617 47 51124 287 756
2319677 47 51124 287 756
2319744 47 51124 287 756
2319809 47 51124 287 756
2319872 47 51124 287 756
2319935 47 51124 287 756
2319997 47 51124 287 756
2320065 47 51124 287 756
2320129 47 51124 287 756
2320198 47 51124 287 756
2320260 47 51124 287 756
2320329 47 51124 287 756
2320393 47 51124 287 756
2320459 47 51124 287 756
2320528 47 51124 287 756
2320588 47 51124 287 756
2320648 47 51124 287 756
2320714 47 51124 287 756
2320774 47 51124 287 756
2320838 47 51124 287 756
2320907 47 51124 287 756
2320967 47 51124 287 756
2321027 47 51124 287 756
2321087 47 51124 287 756
2321150 47 51124 287 756
2321212 47 51124 287 756
2321277 47 51124 287 756
2321341 47 51124 287 756
2321402 47 51124 287 756
2321468 47 51124 287 756
2321532 47 51124 287 756
2321592 47 51124 287 756
2321653 47 51124 287 756
2321717 47 51124 287 756
2321784 47 51124 287 756
2321852 47 51124 287 756
2321914 47 51124 287 756
2321982 47 51124 287 756
2322046 47 51124 287 756
2322110 47 51124 287 756
2322171 47 51124 287 756
2322238 47 51124 287 756
2322303 47 51124 287 756
2322373 47 51124 287 756
2322434 47 51124 287 756
2322494 47 51124 287 756
2322557 47 51124 287 756
2322622 47 51124 287 756
2322686 47 51124 287 756
2322747 47 51124 287 756
2322815 47 51124 287 756
2322881 47 51124 287 756
2322947 47 51124 287 756
2323017 47 51124 287 756
2323082 47 51124 287 756
2323142 47 51124 287 756
2323206 47 51124 287 756
2323275 47 51124 287 756
2323343 47 51124 287 756
2323409 47 51124 287 756
2323477 47 51124 287 756
2323542 47 51124 287 756
2323602 47 51124 287 756
2323668 47 51124 287 756
2323730 47 51124 287 756
2323799 47 51124 287 756
2323860 47 51124 287 756
2323926 47 51124 287 756
2323989 47 51124 287 756
2324050 47 51124 287 756
2324114 47 51124 287 756
2324176 47 51124 287 756
2324244 47 51124 287 756
2324308 47 51124 287 756
2324371 47 51124 287 756
2324442 47 51124 287 756
2324506 47 51124 287 756
2324568 47 51124 287 756
2324638 47 51124 287 756
2324700 47 51124 287 756
2324762 47 51124 287 756
2324823 47 51124 287 756
2324883 47 51124 287 756
2324949 47 51124 287 756
2325010 47 51124 287 756
2325070 47 51124 287 756
2325134 47 51124 287 756
2325197 47 51124 287 756
2326201 47 51124 287 756
2327212 47 51174 287 756
2328218 47 51224 287 756
2329221 47 51274 287 756
2330227 47 51324 287 756
2331230 47 51374 287 756
2331968 48 51541 287 756
2332036 49 51541 287 756
2332101 49 51541 287 756
2332162 49 51541 287 756
2332225 49 51541 287 756
2332294 49 51541 287 756
2332357 49 51541 287 756
2332420 49 51541 287 756
2332489 49 51541 287 756
2332559 49 51541 287 756
2332621 49 51541 287 756
2332684 49 51541 287 756
2332751 49 51541 287 756
2332812 49 51541 287 756
2332881 49 51541 287 756
2332943 49 51541 287 756
2333007 49 51541 287 756
2333074 49 51541 287 756
2333134 49 51541 287 756
2333195 49 51541 287 756
2333256 49 51541 287 756
2333324 49 51541 287 756
2333388 49 51541 287 756
2333454 49 51541 287 756
2333516 49 51541 287 756
2333584 49 51541 287 756
2333645 49 51541 287 756
2333708 49 51541 287 756
2333772 49 51541 287 756
2333843 49 51541 287 756
2333906 49 51541 287 756
2333967 49 51541 287 756
2334030 49 51541 287 756
2334092 49 51541 287 756
2334163 49 51541 287 756
2334231 49 51541 287 756
2334293 49 51541 287 756
2334360 49 51541 287 756
2334423 49 51541 287 756
2334489 49 51541 287 756
2334553 49 51541 287 756
2334614 49 51541 287 756
2334674 49 51541 287 756
2334740 49 51541 287 756
2334806 49 51541 287 756
2334868 49 51541 287 756
2334930 49 51541 287 756
2334993 49 51541 287 756
2335060 49 51541 287 756
2335129 49 51541 287 756
2335196 49 51541 287 756
2335258 49 51541 287 756
2335326 49 51541 287 756
2335386 49 51541 287 756
2335452 49 51541 287 756
2335514 49 51541 287 756
2335574 49 51541 287 756
2335640 49 51541 287 756
2335710 49 51541 287 756
2335780 49 51541 287 756
2335846 49 51541 287 756
2335906 49 51541 287 756
2335975 49 51541 287 756
2336040 49 51541 287 756
2336100 49 51541 287 756
2336170 49 51541 287 756
2336235 49 51541 287 756
2336302 49 51541 287 756
2336363 49 51541 287 756
2336423 49 51541 287 756
2336487 49 51541 287 756
2336547 49 51541 287 756
2336610 49 51541 287 756
2336673 49 51541 287 756
2336735 49 51541 287 756
2336796 49 51541 287 756
2336861 49 51541 287 756
2336922 49 51541 287 756
2336983 49 51541 287 756
2337048 49 51541 287 756
2337109 49 51541 287 756
2337170 49 51541 287 756
2337235 49 51541 287 756
2337295 49 51541 287 756
2337360 49 51541 287 756
2337430 49 51541 287 756
2337500 49 51541 287 756
2337570 49 51541 287 756
2337635 49 51541 287 756
2337697 49 51541 287 756
2337766 49 51541 287 756
2337829 49 51541 287 756
2337894 49 51541 287 756
2337954 49 51541 287 756
2338017 49 51541 287 756
2338080 49 51541 287 756
2338149 49 51541 287 756
2338212 49 51541 287 756
2338277 49 51541 287 756
2338347 49 51541 287 756
2338414 49 51541 287 756
2338477 49 51541 287 756
2338537 49 51541 287 756
2338597 49 51541 287 756
2338660 49 51541 287 756
2338730 49 51541 287 756
2338792 49 51541 287 756
2338861 49 51541 287 756
2338927 49 51541 287 756
2338996 49 51541 287 756
2339056 49 51541 287 756
2339121 49 51541 287 756
2339183 49 51541 287 756
2339255 49 51541 287 756
2339317 49 51541 287 756
2339377 49 51541 287 756
2339438 49 51541 287 756
2339499 49 51541 287 756
2339565 49 51541 287 756
2339636 49 51541 287 756
2339703 49 51541 287 756
2339769 49 51541 287 756
2339830 49 51541 287 756
2339890 49 51541 287 756
2339956 49 51541 287 756
2340017 49 51541 287 756
2340087 49 51541 287 756
2340147 49 51541 287 756
2340213 49 51541 287 756
2340283 49 51541 287 756
2340343 49 51541 287 756
2340404 49 51541 287 756
2340475 49 51541 287 756
2340535 49 51541 287 756
2340601 49 51541 287 756
2340663 49 51541 287 756
2340725 49 51541 287 756
2340790 49 51541 287 756
2340850 49 51541 287 756
2340919 49 51541 287 756
2340982 49 51541 287 756
2341044 49 51541 287 756
2341112 49 51541 287 756
2341174 49 51541 287 756
2341242 49 51541 287 756
2341302 49 51541 287 756
2341363 49 51541 287 756
2341427 49 51541 287 756
2341492 49 51541 287 756
2341565 49 51541 287 756
2341626 49 51541 287 756
2341699 49 51541 287 756
2341768 49 51541 287 756
2341829 49 51541 287 756
2341893 49 51541 287 756
2341955 49 51541 287 756
2342027 49 51541 287 756
2342090 49 51541 287 756
2342156 49 51541 287 756
2342225 49 51541 287 756
2342288 49 51541 287 756
2342353 49 51541 287 756
2342421 49 51541 287 756
2342481 49 51541 287 756
2342546 49 51541 287 756
2342616 49 51541 287 756
2342676 49 51541 287 756
2342742 49 51541 287 756
2342802 49 51541 287 756
2342872 49 51541 287 756
2342938 49 51541 287 756
2342998 49 51541 287 756
2343066 49 51541 287 756
2343127 49 51541 287 756
2343192 49 51541 287 756
2343260 49 51541 287 756
2343321 49 51541 287 756
2343386 49 51541 287 756
2343446 49 51541 287 756
2343507 49 51541 287 756
2343572 49 51541 287 756
2343641 49 51541 287 756
2343701 49 51541 287 756
2343769 49 51541 287 756
2343831 49 51541 287 756
2343901 49 51541 287 756
2343964 49 51541 287 756
2344027 49 51541 287 756
2344088 49 51541 287 756
2344153 49 51541 287 756
2344214 49 51541 287 756
2344279 49 51541 287 756
2344342 49 51541 287 756
2344404 49 51541 287 756
2344467 49 51541 287 756
2344529 49 51541 287 756
2344591 49 51541 287 756
2344652 49 51541 287 756
2344714 49 51541 287 756
2344779 49 51541 287 756
2344841 49 51541 287 756
2345842 49 51541 287 756
2346844 49 51591 287 756
2347849 49 51641 287 756
2348852 49 51691 287 756
2349856 49 51741 287 756
2350861 49 51791 287 756
2351869 49 51841 287 756
2352874 49 51891 287 756
2353875 49 51941 287 756
2354882 49 51991 287 756
2355888 49 52041 287 756
2356895 49 52091 287 756
2357902 49 52141 287 756
2358911 49 52191 287 756
2359916 49 52241 287 756
2360661 50 52300 287 756
2360729 51 52300 287 756
2360792 51 52300 287 756
2360854 51 52300 287 756
2360915 51 52300 287 756
2360980 51 52300 287 756
2361049 51 52300 287 756
2361119 51 52300 287 756
2361188 51 52300 287 756
2361254 51 52300 287 756
2361316 51 52300 287 756
2361376 51 52300 287 756
2361442 51 52300 287 756
2361511 51 52300 287 756
2361574 51 52300 287 756
2361637 51 52300 287 756
2361708 51 52300 287 756
2361778 51 52300 287 756
2361847 51 52300 287 756
2361913 51 52300 287 756
2361975 51 52300 287 756
2362035 51 52300 287 756
2362100 51 52300 287 756
2362162 51 52300 287 756
2362223 51 52300 287 756
2362288 51 52300 287 756
2362349 51 52300 287 756
2362410 51 52300 287 756
2362476 51 52300 287 756
2362537 51 52300 287 756
2362599 51 52300 287 756
2362664 51 52300 287 756
2362727 51 52300 287 756
2362798 51 52300 287 756
2362859 51 52300 287 756
2362928 51 52300 287 756
2362995 51 52300 287 756
2363056 51 52300 287 756
2363122 51 52300 287 756
2363191 51 52300 287 756
2363257 51 52300 287 756
2363318 51 52300 287 756
2363381 51 52300 287 756
2363442 51 52300 287 756
2363511 51 52300 287 756
2363579 51 52300 287 756
2363644 51 52300 287 756
2363711 51 52300 287 756
2363780 51 52300 287 756
2363841 51 52300 287 756
2363906 51 52300 287 756
2363976 51 52300 287 756
2364042 51 52300 287 756
2364102 51 52300 287 756
2364168 51 52300 287 756
2364236 51 52300 287 756
2364301 51 52300 287 756
2364363 51 52300 287 756
2364426 51 52300 287 756
2364497 51 52300 287 756
2364566 51 52300 287 756
2364633 51 52300 287 756
2364694 51 52300 287 756
2364755 51 52300 287 756
2364824 51 52300 287 756
2364886 51 52300 287 756
2364947 51 52300 287 756
2365018 51 52300 287 756
2365081 51 52300 287 756
2365144 51 52300 287 756
2365204 51 52300 287 756
2365268 51 52300 287 756
2365333 51 52300 287 756
2365403 51 52300 287 756
2365463 51 52300 287 756
2365528 51 52300 287 756
2365588 51 52300 287 756
2365652 51 52300 287 756
2365712 51 52300 287 756
2365782 51 52300 287 756
2365851 51 52300 287 756
2365920 51 52300 287 756
2365986 51 52300 287 756
2366047 51 52300 287 756
2366107 51 52300 287 756
2366173 51 52300 287 756
2366235 51 52300 287 756
2366301 51 52300 287 756
2366364 51 52300 287 756
2366428 51 52300 287 756
2366498 51 52300 287 756
2366561 51 52300 287 756
2366623 51 52300 287 756
2366688 51 52300 287 756
2366748 51 52300 287 756
2366810 51 52300 287 756
2366870 51 52300 287 756
2366936 51 52300 287 756
2367003 51 52300 287 756
2367065 51 52300 287 756
2367128 51 52300 287 756
2367189 51 52300 287 756
2367250 51 52300 287 756
2367310 51 52300 287 756
2367376 51 52300 287 756
2367438 51 52300 287 756
2367501 51 52300 287 756
2367567 51 52300 287 756
2367634 51 52300 287 756
2367696 51 52300 287 756
2367760 51 52300 287 756
2367829 51 52300 287 756
2367895 51 52300 287 756
2367965 51 52300 287 756
2368031 51 52300 287 756
2368097 51 52300 287 756
2368162 51 52300 287 756
2368223 51 52300 287 756
2368286 51 52300 287 756
2368349 51 52300 287 756
2368409 51 52300 287 756
2368478 51 52300 287 756
2368539 51 52300 287 756
2368600 51 52300 287 756
2368667 51 52300 287 756
2368732 51 52300 287 756
2368797 51 52300 287 756
2368862 51 52300 287 756
2368932 51 52300 287 756
2368992 51 52300 287 756
2369057 51 52300 287 756
2369125 51 52300 287 756
2369186 51 52300 287 756
2369248 51 52300 287 756
2369310 51 52300 287 756
2369373 51 52300 287 756
2369433 51 52300 287 756
2369496 51 52300 287 756
2369560 51 52300 287 756
2369620 51 52300 287 756
2369687 51 52300 287 756
2369755 51 52300 287 756
2369819 51 52300 287 756
2369879 51 52300 287 756
2369945 51 52300 287 756
2370006 51 52300 287 756
2370076 51 52300 287 756
2370137 51 52300 287 756
2370197 51 52300 287 756
2370257 51 52300 287 756
2370323 51 52300 287 756
2370390 51 52300 287 756
2370450 51 52300 287 756
2370512 51 52300 287 756
2370573 51 52300 287 756
2370644 51 52300 287 756
2370709 51 52300 287 756
2370769 51 52300 287 756
2370840 51 52300 287 756
2370909 51 52300 287 756
2370972 51 52300 287 756
2371038 51 52300 287 756
2371107 51 52300 287 756
2371172 51 52300 287 756
2371242 51 52300 287 756
2371305 51 52300 287 756
2371375 51 52300 287 756
2371441 51 52300 287 756
2371502 51 52300 287 756
2371564 51 52300 287 756
2371629 51 52300 287 756
2371696 51 52300 287 756
2371763 51 52300 287 756
2371831 51 52300 287 756
2371896 51 52300 287 756
2371958 51 52300 287 756
2372020 51 52300 287 756
2372085 51 52300 287 756
2372154 51 52300 287 756
2372225 51 52300 287 756
2372285 51 52300 287 756
2372348 51 52300 287 756
2372409 51 52300 287 756
2372470 51 52300 287 756
2372533 51 52300 287 756
2372596 51 52300 287 756
2372658 51 52300 287 756
2372721 51 52300 287 756
2372792 51 52300 287 756
2372860 51 52300 287 756
2372926 51 52300 287 756
2372988 51 52300 287 756
2373059 51 52300 287 756
2373122 51 52300 287 756
2373183 51 52300 287 756
2373253 51 52300 287 756
2373314 51 52300 287 756
2374314 51 52300 287 756
2375314 51 52350 287 756
2376318 51 52400 287 756
2377325 51 52450 287 756
2378335 51 52500 287 756
2379337 51 52550 287 756
2380341 51 52600 287 756
2381343 51 52650 287 756
2382347 51 52700 287 756
2383352 51 52750 287 756
2384355 51 52800 287 756
2385358 51 52850 287 756
2386365 51 52900 287 756
2386968 51 53100 287 756
2387038 53 53100 287 756
2387105 55 53100 287 756
2387166 55 53100 287 756
2387228 55 53100 287 756
2387294 55 53100 287 756
2387364 55 53100 287 756
2387428 55 53100 287 756
2387488 55 53100 287 756
2387548 55 53100 287 756
2387613 55 53100 287 756
2387676 55 53100 287 756
2387740 55 53100 287 756
2387805 55 53100 287 756
2387867 55 53100 287 756
2387936 55 53100 287 756
2388000 55 53100 287 756
2388061 55 53100 287 756
2388125 55 53100 287 756
2388191 55 53100 287 756
2388253 55 53100 287 756
2388314 55 53100 287 756
2388380 55 53100 287 756
2388450 55 53100 287 756
2388511 55 53100 287 756
2388576 55 53100 287 756
2388637 55 53100 287 756
2388708 55 53100 287 756
2388771 55 53100 287 756
2388835 55 53100 287 756
2388901 55 53100 287 756
2388963 55 53100 287 756
2389026 55 53100 287 756
2389086 55 53100 287 756
2389150 55 53100 287 756
2389211 55 53100 287 756
2389281 55 53100 287 756
2389342 55 53100 287 756
2389406 55 53100 287 756
2389467 55 53100 287 756
2389527 55 53100 287 756
2389595 55 53100 287 756
2389655 55 53100 287 756
2389715 55 53100 287 756
2389780 55 53100 287 756
2389843 55 53100 287 756
2389906 55 53100 287 756
2389969 55 53100 287 756
2390038 55 53100 287 756
2390098 55 53100 287 756
2390165 55 53100 287 756
2390235 55 53100 287 756
