# header: write what you want on lines starting with #
# Total ACTIVE Pulses, # breakdowns, amp_set, index (point on pulse / power curve) , pulse length
# the init of this file could be 1 0 500 0 3500, 2 0 500 0 3500, etc
531 0 709 7 756
629927 1 19500 287 756
649134 2 19900 287 756
663617 3 19900 287 756
675254 4 19900 287 756
685220 5 19900 287 756
701197 6 19900 287 756
716534 7 19900 287 756
727172 8 19900 287 756
743893 9 20300 287 756
809136 10 22300 287 756
850907 11 23100 287 756
1311952 12 34700 287 756
1322395 13 34700 287 756
1345435 14 35100 287 756
1445388 16 35270 287 756
1500817 17 38300 287 756
1515290 18 38300 287 756
1527422 19 38300 287 756
1550025 20 38700 287 756
1565127 21 38700 287 756
1577229 22 38700 287 756
1589818 23 38700 287 756
1605748 24 38700 287 756
1618050 25 38700 287 756
1633214 26 38700 287 756
1648658 27 38700 287 756
1662460 28 38700 287 756
1675533 29 38700 287 756
1704498 30 38700 287 756
1717266 31 38700 287 756
1967674 32 45500 287 756
1993695 33 46300 287 756
2009915 34 46300 287 756
2109710 35 49100 287 756
2109778 37 49100 287 756
2109916 38 49100 287 756
2110042 40 49100 287 756
2153576 41 49500 287 756
2217174 42 49500 287 756
2217244 44 49500 287 756
2265819 45 49500 287 756
2265886 47 49500 287 756
2331968 48 51541 287 756
2332036 49 51541 287 756
2360661 50 52300 287 756
2360729 51 52300 287 756
2387038 53 53100 287 756
2387105 55 53100 287 756
2390098 55 53100 287 756
2390165 55 53100 287 756
2390235 55 53100 287 756
2390299 55 53100 287 756
2390364 55 53100 287 756
2390425 55 53100 287 756
2390497 55 53100 287 756
2390558 55 53100 287 756
2390623 55 53100 287 756
2390687 55 53100 287 756
2390758 55 53100 287 756
2390819 55 53100 287 756
2390880 55 53100 287 756
2390949 55 53100 287 756
2391014 55 53100 287 756
2391082 55 53100 287 756
2391144 55 53100 287 756
2391215 55 53100 287 756
2391280 55 53100 287 756
2391340 55 53100 287 756
2391403 55 53100 287 756
2391469 55 53100 287 756
2391530 55 53100 287 756
2391591 55 53100 287 756
2391658 55 53100 287 756
2391719 55 53100 287 756
2391779 55 53100 287 756
2391845 55 53100 287 756
2391908 55 53100 287 756
2391977 55 53100 287 756
2392042 55 53100 287 756
2392106 55 53100 287 756
2392166 55 53100 287 756
2392232 55 53100 287 756
2392293 55 53100 287 756
2392360 55 53100 287 756
2392426 55 53100 287 756
2392487 55 53100 287 756
2392557 55 53100 287 756
2392625 55 53100 287 756
2392691 55 53100 287 756
2392751 55 53100 287 756
2392811 55 53100 287 756
2392878 55 53100 287 756
2392947 55 53100 287 756
2393008 55 53100 287 756
2393073 55 53100 287 756
2393142 55 53100 287 756
2393206 55 53100 287 756
2393271 55 53100 287 756
2393334 55 53100 287 756
2393394 55 53100 287 756
2393459 55 53100 287 756
2393528 55 53100 287 756
2393588 55 53100 287 756
2393649 55 53100 287 756
2393710 55 53100 287 756
2393770 55 53100 287 756
2393835 55 53100 287 756
2393898 55 53100 287 756
2393965 55 53100 287 756
2394029 55 53100 287 756
2394092 55 53100 287 756
2394158 55 53100 287 756
2394227 55 53100 287 756
2394287 55 53100 287 756
2394348 55 53100 287 756
2394414 55 53100 287 756
2394477 55 53100 287 756
2394538 55 53100 287 756
2394603 55 53100 287 756
2394673 55 53100 287 756
2394734 55 53100 287 756
2394799 55 53100 287 756
2394861 55 53100 287 756
2394922 55 53100 287 756
2394987 55 53100 287 756
2395049 55 53100 287 756
2395112 55 53100 287 756
2395177 55 53100 287 756
2395242 55 53100 287 756
2395310 55 53100 287 756
2395370 55 53100 287 756
2395439 55 53100 287 756
2395505 55 53100 287 756
2395568 55 53100 287 756
2395633 55 53100 287 756
2395693 55 53100 287 756
2395755 55 53100 287 756
2395820 55 53100 287 756
2395881 55 53100 287 756
2395942 55 53100 287 756
2396008 55 53100 287 756
2396070 55 53100 287 756
2396140 55 53100 287 756
2396205 55 53100 287 756
2396273 55 53100 287 756
2396334 55 53100 287 756
2396399 55 53100 287 756
2396460 55 53100 287 756
2396523 55 53100 287 756
2396589 55 53100 287 756
2396650 55 53100 287 756
2396718 55 53100 287 756
2396780 55 53100 287 756
2396844 55 53100 287 756
2396905 55 53100 287 756
2396968 55 53100 287 756
2397031 55 53100 287 756
2397094 55 53100 287 756
2397158 55 53100 287 756
2397219 55 53100 287 756
2397288 55 53100 287 756
2397358 55 53100 287 756
2397424 55 53100 287 756
2397484 55 53100 287 756
2397622 55 53100 287 756
2397685 55 53100 287 756
2397749 55 53100 287 756
2397820 55 53100 287 756
2397882 55 53100 287 756
2397947 55 53100 287 756
2398010 55 53100 287 756
2398072 55 53100 287 756
2398135 55 53100 287 756
2398197 55 53100 287 756
2398259 55 53100 287 756
2398327 55 53100 287 756
2398388 55 53100 287 756
2398459 55 53100 287 756
2398520 55 53100 287 756
2398583 55 53100 287 756
2398648 55 53100 287 756
2398711 55 53100 287 756
2398774 55 53100 287 756
2398840 55 53100 287 756
2398908 55 53100 287 756
2398975 55 53100 287 756
2399042 55 53100 287 756
2399104 55 53100 287 756
2399176 55 53100 287 756
2399241 55 53100 287 756
2399302 55 53100 287 756
2399371 55 53100 287 756
2399441 55 53100 287 756
2399508 55 53100 287 756
2399577 55 53100 287 756
2399637 55 53100 287 756
2399701 55 53100 287 756
2399764 55 53100 287 756
2399826 55 53100 287 756
2399892 55 53100 287 756
2399953 55 53100 287 756
2400016 55 53100 287 756
2400093 55 53100 287 756
2400155 55 53100 287 756
2400219 55 53100 287 756
2400280 55 53100 287 756
2400341 55 53100 287 756
2400402 55 53100 287 756
2400471 55 53100 287 756
2400545 55 53100 287 756
2400611 55 53100 287 756
2400674 55 53100 287 756
2400734 55 53100 287 756
2400797 55 53100 287 756
2400866 55 53100 287 756
2400930 55 53100 287 756
2400997 55 53100 287 756
2401058 55 53100 287 756
2401129 55 53100 287 756
2401190 55 53100 287 756
2401256 55 53100 287 756
2401316 55 53100 287 756
2401377 55 53100 287 756
2401443 55 53100 287 756
2401505 55 53100 287 756
2401567 55 53100 287 756
2401629 55 53100 287 756
2401689 55 53100 287 756
2401754 55 53100 287 756
2401816 55 53100 287 756
2401876 55 53100 287 756
2401941 55 53100 287 756
2402003 55 53100 287 756
2402073 55 53100 287 756
2402135 55 53100 287 756
2402202 55 53100 287 756
2402265 55 53100 287 756
2402335 55 53100 287 756
2402462 55 53100 287 756
2402531 55 53100 287 756
2402592 55 53100 287 756
2402655 55 53100 287 756
2402716 55 53100 287 756
2402782 55 53100 287 756
2402852 55 53100 287 756
2402912 55 53100 287 756
2402974 55 53100 287 756
2403040 55 53100 287 756
2404042 55 53100 287 756
2405046 55 53150 287 756
2406055 55 53200 287 756
2407064 55 53250 287 756
2408069 55 53300 287 756
2409077 55 53350 287 756
2409800 55 53500 287 756
2409861 55 53500 287 756
