# header: write what you want on lines starting with #
# Total ACTIVE Pulses, # breakdowns, amp_set, index (point on pulse / power curve) , pulse length
# the init of this file could be 1 0 500 0 3500, 2 0 500 0 3500, etc
531 0 709 7 756
402298 0 9628 287 756
403306 0 9638 287 756
404317 0 9648 287 756
404388 0 9606 287 756
404449 0 9606 287 756
404510 0 9606 287 756
404576 0 9606 287 756
404637 0 9606 287 756
404697 0 9606 287 756
404764 0 9606 287 756
404831 0 9606 287 756
404894 0 9606 287 756
404954 0 9606 287 756
405020 0 9606 287 756
405089 0 9606 287 756
405157 0 9606 287 756
405222 0 9606 287 756
405292 0 9606 287 756
405354 0 9606 287 756
405420 0 9606 287 756
405491 0 9606 287 756
405552 0 9606 287 756
405613 0 9606 287 756
405674 0 9606 287 756
405735 0 9606 287 756
405796 0 9606 287 756
405861 0 9606 287 756
405921 0 9606 287 756
405990 0 9606 287 756
406056 0 9606 287 756
406124 0 9606 287 756
406193 0 9606 287 756
406259 0 9606 287 756
406328 0 9606 287 756
406388 0 9606 287 756
406451 0 9606 287 756
406521 0 9606 287 756
406588 0 9606 287 756
406657 0 9606 287 756
406727 0 9606 287 756
406793 0 9606 287 756
406857 0 9606 287 756
406923 0 9606 287 756
406985 0 9606 287 756
407045 0 9606 287 756
407105 0 9606 287 756
407170 0 9606 287 756
407230 0 9606 287 756
407298 0 9606 287 756
407378 0 9606 287 756
407438 0 9606 287 756
407538 0 9606 287 756
407600 0 9606 287 756
407664 0 9606 287 756
407728 0 9606 287 756
407790 0 9606 287 756
407852 0 9606 287 756
407912 0 9606 287 756
407978 0 9606 287 756
408038 0 9606 287 756
408107 0 9606 287 756
408177 0 9606 287 756
408238 0 9606 287 756
408298 0 9606 287 756
408369 0 9606 287 756
408429 0 9606 287 756
408494 0 9606 287 756
408557 0 9606 287 756
408617 0 9606 287 756
408683 0 9606 287 756
408743 0 9606 287 756
408810 0 9606 287 756
408871 0 9606 287 756
408936 0 9606 287 756
408997 0 9606 287 756
409066 0 9606 287 756
409127 0 9606 287 756
409187 0 9606 287 756
409247 0 9606 287 756
409318 0 9606 287 756
409381 0 9606 287 756
409451 0 9606 287 756
409517 0 9606 287 756
409579 0 9606 287 756
409639 0 9606 287 756
409706 0 9606 287 756
409768 0 9606 287 756
409828 0 9606 287 756
409894 0 9606 287 756
409960 0 9606 287 756
410029 0 9606 287 756
410090 0 9606 287 756
410153 0 9606 287 756
410215 0 9606 287 756
410276 0 9606 287 756
410337 0 9606 287 756
410403 0 9606 287 756
410465 0 9606 287 756
410528 0 9606 287 756
410588 0 9606 287 756
410652 0 9606 287 756
410719 0 9606 287 756
410786 0 9606 287 756
410854 0 9606 287 756
410922 0 9606 287 756
410983 0 9606 287 756
411045 0 9606 287 756
411108 0 9606 287 756
411170 0 9606 287 756
411238 0 9606 287 756
411304 0 9606 287 756
411364 0 9606 287 756
411425 0 9606 287 756
411492 0 9606 287 756
411552 0 9606 287 756
411612 0 9606 287 756
411675 0 9606 287 756
411737 0 9606 287 756
411798 0 9606 287 756
411863 0 9606 287 756
411925 0 9606 287 756
411996 0 9606 287 756
412062 0 9606 287 756
412123 0 9606 287 756
412193 0 9606 287 756
412257 0 9606 287 756
412321 0 9606 287 756
412382 0 9606 287 756
412443 0 9606 287 756
412507 0 9606 287 756
412576 0 9606 287 756
412636 0 9606 287 756
412702 0 9606 287 756
412763 0 9606 287 756
412825 0 9606 287 756
412891 0 9606 287 756
412964 0 9606 287 756
413034 0 9606 287 756
413101 0 9606 287 756
413171 0 9606 287 756
413232 0 9606 287 756
413299 0 9606 287 756
413366 0 9606 287 756
413427 0 9606 287 756
413489 0 9606 287 756
413554 0 9606 287 756
413623 0 9606 287 756
413685 0 9606 287 756
413750 0 9606 287 756
413814 0 9606 287 756
413875 0 9606 287 756
413940 0 9606 287 756
414003 0 9606 287 756
414063 0 9606 287 756
414130 0 9606 287 756
414193 0 9606 287 756
414253 0 9606 287 756
414318 0 9606 287 756
414381 0 9606 287 756
414444 0 9606 287 756
414508 0 9606 287 756
414570 0 9606 287 756
414637 0 9606 287 756
414704 0 9606 287 756
414767 0 9606 287 756
414827 0 9606 287 756
414888 0 9606 287 756
414955 0 9606 287 756
415022 0 9606 287 756
415082 0 9606 287 756
415153 0 9606 287 756
415217 0 9606 287 756
415278 0 9606 287 756
415343 0 9606 287 756
415406 0 9606 287 756
415470 0 9606 287 756
415535 0 9606 287 756
415606 0 9606 287 756
415679 0 9606 287 756
415748 0 9606 287 756
415813 0 9606 287 756
415883 0 9606 287 756
415949 0 9606 287 756
416014 0 9606 287 756
416083 0 9606 287 756
416143 0 9606 287 756
416203 0 9606 287 756
416267 0 9606 287 756
416337 0 9606 287 756
416404 0 9606 287 756
416465 0 9606 287 756
416528 0 9606 287 756
416594 0 9606 287 756
416659 0 9606 287 756
416719 0 9606 287 756
416782 0 9606 287 756
416848 0 9606 287 756
416915 0 9606 287 756
416976 0 9606 287 756
417036 0 9606 287 756
417101 0 9606 287 756
417169 0 9606 287 756
417230 0 9606 287 756
417295 0 9606 287 756
417355 0 9606 287 756
417416 0 9606 287 756
417480 0 9606 287 756
417548 0 9606 287 756
417617 0 9606 287 756
417682 0 9606 287 756
417749 0 9606 287 756
417820 0 9606 287 756
417882 0 9606 287 756
417949 0 9606 287 756
418020 0 9606 287 756
418082 0 9606 287 756
418147 0 9606 287 756
418218 0 9606 287 756
418279 0 9606 287 756
418344 0 9606 287 756
418406 0 9606 287 756
418475 0 9606 287 756
418541 0 9606 287 756
418608 0 9606 287 756
418668 0 9606 287 756
418730 0 9606 287 756
418798 0 9606 287 756
418869 0 9606 287 756
418930 0 9606 287 756
418991 0 9606 287 756
419056 0 9606 287 756
419117 0 9606 287 756
419182 0 9606 287 756
419243 0 9606 287 756
419305 0 9606 287 756
419370 0 9606 287 756
419434 0 9606 287 756
419505 0 9606 287 756
419566 0 9606 287 756
419630 0 9606 287 756
419691 0 9606 287 756
419753 0 9606 287 756
419818 0 9606 287 756
419879 0 9606 287 756
419941 0 9606 287 756
420009 0 9606 287 756
420077 0 9606 287 756
420137 0 9606 287 756
420202 0 9606 287 756
420263 0 9606 287 756
420323 0 9606 287 756
421327 0 9606 287 756
422334 0 9862 287 756
423338 0 10088 287 756
424348 0 10326 287 756
425356 0 10535 287 756
426360 0 10585 287 756
427360 0 10635 287 756
428364 0 10685 287 756
429374 0 10735 287 756
430379 0 10785 287 756
431384 0 10835 287 756
432386 0 10885 287 756
433388 0 10935 287 756
434388 0 10985 287 756
435397 0 11035 287 756
436404 0 11085 287 756
437411 0 11135 287 756
438414 0 11185 287 756
439423 0 11235 287 756
440427 0 11285 287 756
441431 0 11335 287 756
442440 0 11385 287 756
443443 0 11435 287 756
444449 0 11485 287 756
445451 0 11535 287 756
446458 0 11585 287 756
447462 0 11635 287 756
448464 0 11685 287 756
449471 0 11735 287 756
450473 0 11785 287 756
451477 0 11835 287 756
452484 0 11885 287 756
453489 0 11935 287 756
454497 0 11985 287 756
455503 0 12035 287 756
456503 0 12085 287 756
457513 0 12135 287 756
458522 0 12185 287 756
459522 0 12235 287 756
460525 0 12285 287 756
461532 0 12335 287 756
462532 0 12385 287 756
463539 0 12435 287 756
464546 0 12485 287 756
465546 0 12535 287 756
466546 0 12542 287 756
467553 0 12547 287 756
468559 0 12550 287 756
469559 0 12555 287 756
470561 0 12556 287 756
471563 0 12557 287 756
472569 0 12607 287 756
473570 0 12614 287 756
474573 0 12615 287 756
475575 0 12665 287 756
476578 0 12715 287 756
477587 0 12765 287 756
478591 0 12815 287 756
479593 0 12865 287 756
480602 0 12915 287 756
481611 0 12919 287 756
482613 0 12921 287 756
483623 0 12927 287 756
484628 0 12977 287 756
485629 0 12989 287 756
486632 0 13006 287 756
487641 0 13021 287 756
488642 0 13040 287 756
489643 0 13059 287 756
490647 0 13077 287 756
491650 0 13095 287 756
492655 0 13109 287 756
493665 0 13122 287 756
494665 0 13172 287 756
495673 0 13222 287 756
496683 0 13272 287 756
497683 0 13322 287 756
498687 0 13413 287 756
499698 0 13509 287 756
500708 0 13613 287 756
501719 0 13719 287 756
502722 0 13837 287 756
503724 0 13965 287 756
504727 0 14096 287 756
505736 0 14231 287 756
506745 0 14334 287 756
507746 0 14429 287 756
508751 0 14530 287 756
509753 0 14532 287 756
510754 0 14582 287 756
511766 0 14632 287 756
512777 0 14682 287 756
513786 0 14732 287 756
514795 0 14782 287 756
515797 0 14832 287 756
516808 0 14882 287 756
517813 0 14932 287 756
518821 0 14982 287 756
519824 0 15032 287 756
520832 0 15082 287 756
521834 0 15132 287 756
522843 0 15182 287 756
523852 0 15232 287 756
524859 0 15282 287 756
525865 0 15332 287 756
526874 0 15382 287 756
527883 0 15432 287 756
528888 0 15482 287 756
529889 0 15532 287 756
530890 0 15582 287 756
531897 0 15632 287 756
532898 0 15682 287 756
533907 0 15732 287 756
534913 0 15782 287 756
535919 0 15832 287 756
536928 0 15882 287 756
537931 0 15932 287 756
538941 0 15982 287 756
539945 0 16032 287 756
540953 0 16082 287 756
541954 0 16132 287 756
542957 0 16139 287 756
543959 0 16141 287 756
544967 0 16143 287 756
545973 0 16146 287 756
546979 0 16196 287 756
547982 0 16246 287 756
548984 0 16296 287 756
549986 0 16346 287 756
550958 0 16300 287 756
551020 0 16300 287 756
551083 0 16300 287 756
551149 0 16300 287 756
551218 0 16300 287 756
551278 0 16300 287 756
551343 0 16300 287 756
551404 0 16300 287 756
551466 0 16300 287 756
551531 0 16300 287 756
551603 0 16300 287 756
551670 0 16300 287 756
551731 0 16300 287 756
551796 0 16300 287 756
551866 0 16300 287 756
551927 0 16300 287 756
551994 0 16300 287 756
552055 0 16300 287 756
552127 0 16300 287 756
552193 0 16300 287 756
552254 0 16300 287 756
552324 0 16300 287 756
552386 0 16300 287 756
552453 0 16300 287 756
552525 0 16300 287 756
552586 0 16300 287 756
552651 0 16300 287 756
552711 0 16300 287 756
552774 0 16300 287 756
552843 0 16300 287 756
552914 0 16300 287 756
552975 0 16300 287 756
553040 0 16300 287 756
553101 0 16300 287 756
553164 0 16300 287 756
553229 0 16300 287 756
553289 0 16300 287 756
553350 0 16300 287 756
553417 0 16300 287 756
553477 0 16300 287 756
553539 0 16300 287 756
553606 0 16300 287 756
553666 0 16300 287 756
553734 0 16300 287 756
553796 0 16300 287 756
553857 0 16300 287 756
553918 0 16300 287 756
554010 0 16300 287 756
554077 0 16300 287 756
554140 0 16300 287 756
554210 0 16300 287 756
554273 0 16300 287 756
554333 0 16300 287 756
554399 0 16300 287 756
554461 0 16300 287 756
554531 0 16300 287 756
554596 0 16300 287 756
554656 0 16300 287 756
554716 0 16300 287 756
554782 0 16300 287 756
554844 0 16300 287 756
554904 0 16300 287 756
554969 0 16300 287 756
555031 0 16300 287 756
555091 0 16300 287 756
555157 0 16300 287 756
555220 0 16300 287 756
555281 0 16300 287 756
555346 0 16300 287 756
555407 0 16300 287 756
555469 0 16300 287 756
555536 0 16300 287 756
555597 0 16300 287 756
555661 0 16300 287 756
555725 0 16300 287 756
555786 0 16300 287 756
555848 0 16300 287 756
555913 0 16300 287 756
555974 0 16300 287 756
556037 0 16300 287 756
556102 0 16300 287 756
556162 0 16300 287 756
556232 0 16300 287 756
556302 0 16300 287 756
556369 0 16300 287 756
556429 0 16300 287 756
556492 0 16300 287 756
556558 0 16300 287 756
556619 0 16300 287 756
556680 0 16300 287 756
556746 0 16300 287 756
556807 0 16300 287 756
556870 0 16300 287 756
556934 0 16300 287 756
556996 0 16300 287 756
557065 0 16300 287 756
557132 0 16300 287 756
557192 0 16300 287 756
557263 0 16300 287 756
557329 0 16300 287 756
557393 0 16300 287 756
557453 0 16300 287 756
557520 0 16300 287 756
557580 0 16300 287 756
557652 0 16300 287 756
557722 0 16300 287 756
557788 0 16300 287 756
557849 0 16300 287 756
557915 0 16300 287 756
557980 0 16300 287 756
558041 0 16300 287 756
558110 0 16300 287 756
558170 0 16300 287 756
558233 0 16300 287 756
558294 0 16300 287 756
558357 0 16300 287 756
558424 0 16300 287 756
558484 0 16300 287 756
558547 0 16300 287 756
558611 0 16300 287 756
558671 0 16300 287 756
558734 0 16300 287 756
558796 0 16300 287 756
558859 0 16300 287 756
558923 0 16300 287 756
558985 0 16300 287 756
559046 0 16300 287 756
559113 0 16300 287 756
559174 0 16300 287 756
559235 0 16300 287 756
559300 0 16300 287 756
559364 0 16300 287 756
559425 0 16300 287 756
559492 0 16300 287 756
559554 0 16300 287 756
559614 0 16300 287 756
559678 0 16300 287 756
559738 0 16300 287 756
559799 0 16300 287 756
559863 0 16300 287 756
559923 0 16300 287 756
559987 0 16300 287 756
560051 0 16300 287 756
560123 0 16300 287 756
560185 0 16300 287 756
560249 0 16300 287 756
560313 0 16300 287 756
560376 0 16300 287 756
560439 0 16300 287 756
560502 0 16300 287 756
561506 0 16300 287 756
562511 0 16350 287 756
563520 0 16400 287 756
564520 0 16450 287 756
565528 0 16500 287 756
566532 0 16550 287 756
567543 0 16600 287 756
568550 0 16650 287 756
569400 0 16700 287 756
569460 0 16700 287 756
569521 0 16700 287 756
569581 0 16700 287 756
569650 0 16700 287 756
569720 0 16700 287 756
569786 0 16700 287 756
569846 0 16700 287 756
569915 0 16700 287 756
569977 0 16700 287 756
570043 0 16700 287 756
570106 0 16700 287 756
570168 0 16700 287 756
570232 0 16700 287 756
570292 0 16700 287 756
570355 0 16700 287 756
570415 0 16700 287 756
570479 0 16700 287 756
570542 0 16700 287 756
570605 0 16700 287 756
570665 0 16700 287 756
570728 0 16700 287 756
570794 0 16700 287 756
570863 0 16700 287 756
570925 0 16700 287 756
570991 0 16700 287 756
571054 0 16700 287 756
571125 0 16700 287 756
571189 0 16700 287 756
571250 0 16700 287 756
571311 0 16700 287 756
571378 0 16700 287 756
571440 0 16700 287 756
571511 0 16700 287 756
571574 0 16700 287 756
571638 0 16700 287 756
571700 0 16700 287 756
571770 0 16700 287 756
571837 0 16700 287 756
571899 0 16700 287 756
571962 0 16700 287 756
572026 0 16700 287 756
572089 0 16700 287 756
572152 0 16700 287 756
572216 0 16700 287 756
572277 0 16700 287 756
572338 0 16700 287 756
572404 0 16700 287 756
572467 0 16700 287 756
572528 0 16700 287 756
572593 0 16700 287 756
572655 0 16700 287 756
572716 0 16700 287 756
572781 0 16700 287 756
572842 0 16700 287 756
572904 0 16700 287 756
572970 0 16700 287 756
573041 0 16700 287 756
573110 0 16700 287 756
573176 0 16700 287 756
573240 0 16700 287 756
573301 0 16700 287 756
573366 0 16700 287 756
573428 0 16700 287 756
573491 0 16700 287 756
573556 0 16700 287 756
573619 0 16700 287 756
573681 0 16700 287 756
573748 0 16700 287 756
573809 0 16700 287 756
573881 0 16700 287 756
573946 0 16700 287 756
574007 0 16700 287 756
574069 0 16700 287 756
574133 0 16700 287 756
574195 0 16700 287 756
574265 0 16700 287 756
574325 0 16700 287 756
574390 0 16700 287 756
574459 0 16700 287 756
574521 0 16700 287 756
574588 0 16700 287 756
574649 0 16700 287 756
574716 0 16700 287 756
574784 0 16700 287 756
574845 0 16700 287 756
574916 0 16700 287 756
574979 0 16700 287 756
575043 0 16700 287 756
575106 0 16700 287 756
575170 0 16700 287 756
575235 0 16700 287 756
575295 0 16700 287 756
575360 0 16700 287 756
575422 0 16700 287 756
575485 0 16700 287 756
575549 0 16700 287 756
575610 0 16700 287 756
575670 0 16700 287 756
575737 0 16700 287 756
575798 0 16700 287 756
575869 0 16700 287 756
575937 0 16700 287 756
576003 0 16700 287 756
576063 0 16700 287 756
576123 0 16700 287 756
576188 0 16700 287 756
576250 0 16700 287 756
576320 0 16700 287 756
576386 0 16700 287 756
576451 0 16700 287 756
576522 0 16700 287 756
576582 0 16700 287 756
576646 0 16700 287 756
576708 0 16700 287 756
576770 0 16700 287 756
576835 0 16700 287 756
576898 0 16700 287 756
576960 0 16700 287 756
577025 0 16700 287 756
577087 0 16700 287 756
577151 0 16700 287 756
577213 0 16700 287 756
577275 0 16700 287 756
577340 0 16700 287 756
577403 0 16700 287 756
577464 0 16700 287 756
577528 0 16700 287 756
577590 0 16700 287 756
577650 0 16700 287 756
577716 0 16700 287 756
577776 0 16700 287 756
577847 0 16700 287 756
577910 0 16700 287 756
577977 0 16700 287 756
578046 0 16700 287 756
578109 0 16700 287 756
578173 0 16700 287 756
578243 0 16700 287 756
578303 0 16700 287 756
578368 0 16700 287 756
578429 0 16700 287 756
578490 0 16700 287 756
578555 0 16700 287 756
578615 0 16700 287 756
578675 0 16700 287 756
578741 0 16700 287 756
578803 0 16700 287 756
578865 0 16700 287 756
578932 0 16700 287 756
578993 0 16700 287 756
579058 0 16700 287 756
579121 0 16700 287 756
579182 0 16700 287 756
579244 0 16700 287 756
579310 0 16700 287 756
579379 0 16700 287 756
579442 0 16700 287 756
579508 0 16700 287 756
579569 0 16700 287 756
579639 0 16700 287 756
579710 0 16700 287 756
579776 0 16700 287 756
579837 0 16700 287 756
579905 0 16700 287 756
579970 0 16700 287 756
580030 0 16700 287 756
580098 0 16700 287 756
580158 0 16700 287 756
580225 0 16700 287 756
581231 0 16700 287 756
582239 0 16750 287 756
583239 0 16800 287 756
584240 0 16850 287 756
585250 0 16900 287 756
586257 0 16950 287 756
587259 0 17049 287 756
588265 0 17158 287 756
589271 0 17261 287 756
590279 0 17374 287 756
591283 0 17484 287 756
592288 0 17597 287 756
593288 0 17699 287 756
594296 0 17806 287 756
595296 0 17896 287 756
596301 0 17992 287 756
597303 0 18078 287 756
598313 0 18169 287 756
599319 0 18219 287 756
600324 0 18269 287 756
601334 0 18319 287 756
602341 0 18369 287 756
603349 0 18419 287 756
604352 0 18469 287 756
605358 0 18519 287 756
606362 0 18569 287 756
607363 0 18619 287 756
608368 0 18669 287 756
609372 0 18719 287 756
610373 0 18769 287 756
611379 0 18819 287 756
612379 0 18869 287 756
613379 0 18919 287 756
614389 0 18969 287 756
615396 0 19019 287 756
616403 0 19069 287 756
617403 0 19119 287 756
618413 0 19169 287 756
619415 0 19219 287 756
620420 0 19269 287 756
621427 0 19319 287 756
622429 0 19364 287 756
623438 0 19405 287 756
624443 0 19442 287 756
625450 0 19484 287 756
626456 0 19524 287 756
627463 0 19565 287 756
628464 0 19606 287 756
629468 0 19647 287 756
629927 1 19500 287 756
629990 1 19500 287 756
630061 1 19500 287 756
630121 1 19500 287 756
630183 1 19500 287 756
630248 1 19500 287 756
630318 1 19500 287 756
630379 1 19500 287 756
630444 1 19500 287 756
630505 1 19500 287 756
630565 1 19500 287 756
630630 1 19500 287 756
630701 1 19500 287 756
630761 1 19500 287 756
630825 1 19500 287 756
630891 1 19500 287 756
630960 1 19500 287 756
631026 1 19500 287 756
631087 1 19500 287 756
631158 1 19500 287 756
631223 1 19500 287 756
631283 1 19500 287 756
631345 1 19500 287 756
631410 1 19500 287 756
631470 1 19500 287 756
631530 1 19500 287 756
631596 1 19500 287 756
631657 1 19500 287 756
631717 1 19500 287 756
631781 1 19500 287 756
631842 1 19500 287 756
631903 1 19500 287 756
631968 1 19500 287 756
632031 1 19500 287 756
632094 1 19500 287 756
632159 1 19500 287 756
632221 1 19500 287 756
632282 1 19500 287 756
632346 1 19500 287 756
632406 1 19500 287 756
632467 1 19500 287 756
632533 1 19500 287 756
632602 1 19500 287 756
632662 1 19500 287 756
632726 1 19500 287 756
632786 1 19500 287 756
632847 1 19500 287 756
632914 1 19500 287 756
632977 1 19500 287 756
633047 1 19500 287 756
633113 1 19500 287 756
633183 1 19500 287 756
633243 1 19500 287 756
633309 1 19500 287 756
633371 1 19500 287 756
633442 1 19500 287 756
633503 1 19500 287 756
633568 1 19500 287 756
633632 1 19500 287 756
633695 1 19500 287 756
633758 1 19500 287 756
633818 1 19500 287 756
633883 1 19500 287 756
633946 1 19500 287 756
634014 1 19500 287 756
634074 1 19500 287 756
634137 1 19500 287 756
634208 1 19500 287 756
634279 1 19500 287 756
634344 1 19500 287 756
634404 1 19500 287 756
634472 1 19500 287 756
634537 1 19500 287 756
634606 1 19500 287 756
634668 1 19500 287 756
634731 1 19500 287 756
634795 1 19500 287 756
634865 1 19500 287 756
634928 1 19500 287 756
634995 1 19500 287 756
635055 1 19500 287 756
635116 1 19500 287 756
635183 1 19500 287 756
635243 1 19500 287 756
635314 1 19500 287 756
635377 1 19500 287 756
635438 1 19500 287 756
635500 1 19500 287 756
635567 1 19500 287 756
635630 1 19500 287 756
635690 1 19500 287 756
635754 1 19500 287 756
635819 1 19500 287 756
635886 1 19500 287 756
635952 1 19500 287 756
636022 1 19500 287 756
636085 1 19500 287 756
636145 1 19500 287 756
636211 1 19500 287 756
636271 1 19500 287 756
636331 1 19500 287 756
636394 1 19500 287 756
636455 1 19500 287 756
636517 1 19500 287 756
636577 1 19500 287 756
636639 1 19500 287 756
636706 1 19500 287 756
636777 1 19500 287 756
636837 1 19500 287 756
636907 1 19500 287 756
636973 1 19500 287 756
637045 1 19500 287 756
637116 1 19500 287 756
637178 1 19500 287 756
637239 1 19500 287 756
637309 1 19500 287 756
637370 1 19500 287 756
637437 1 19500 287 756
637499 1 19500 287 756
637562 1 19500 287 756
637627 1 19500 287 756
637688 1 19500 287 756
637749 1 19500 287 756
637814 1 19500 287 756
637885 1 19500 287 756
637945 1 19500 287 756
638009 1 19500 287 756
638080 1 19500 287 756
638140 1 19500 287 756
638206 1 19500 287 756
638267 1 19500 287 756
638331 1 19500 287 756
638396 1 19500 287 756
638459 1 19500 287 756
638529 1 19500 287 756
638590 1 19500 287 756
638655 1 19500 287 756
638715 1 19500 287 756
638776 1 19500 287 756
638840 1 19500 287 756
638911 1 19500 287 756
638972 1 19500 287 756
639035 1 19500 287 756
639096 1 19500 287 756
639156 1 19500 287 756
639221 1 19500 287 756
639287 1 19500 287 756
639348 1 19500 287 756
639412 1 19500 287 756
639474 1 19500 287 756
639534 1 19500 287 756
639599 1 19500 287 756
639660 1 19500 287 756
639723 1 19500 287 756
639788 1 19500 287 756
639850 1 19500 287 756
639919 1 19500 287 756
639984 1 19500 287 756
640991 1 19500 287 756
641997 1 19528 287 756
642998 1 19562 287 756
643999 1 19591 287 756
645009 1 19623 287 756
646012 1 19643 287 756
647013 1 19666 287 756
648017 1 19693 287 756
649023 1 19730 287 756
649134 2 19900 287 756
649205 2 19900 287 756
649268 2 19900 287 756
649330 2 19900 287 756
649401 2 19900 287 756
649466 2 19900 287 756
649532 2 19900 287 756
649592 2 19900 287 756
649652 2 19900 287 756
649716 2 19900 287 756
649777 2 19900 287 756
649839 2 19900 287 756
649905 2 19900 287 756
649975 2 19900 287 756
650036 2 19900 287 756
650101 2 19900 287 756
650171 2 19900 287 756
650244 2 19900 287 756
650305 2 19900 287 756
650373 2 19900 287 756
650444 2 19900 287 756
650513 2 19900 287 756
650580 2 19900 287 756
650652 2 19900 287 756
650722 2 19900 287 756
650783 2 19900 287 756
650847 2 19900 287 756
650909 2 19900 287 756
650972 2 19900 287 756
651037 2 19900 287 756
651097 2 19900 287 756
651158 2 19900 287 756
651225 2 19900 287 756
651286 2 19900 287 756
651349 2 19900 287 756
651415 2 19900 287 756
651476 2 19900 287 756
651538 2 19900 287 756
651601 2 19900 287 756
651662 2 19900 287 756
651726 2 19900 287 756
651787 2 19900 287 756
651850 2 19900 287 756
651915 2 19900 287 756
651976 2 19900 287 756
652037 2 19900 287 756
652098 2 19900 287 756
652163 2 19900 287 756
652225 2 19900 287 756
652292 2 19900 287 756
652353 2 19900 287 756
652413 2 19900 287 756
652479 2 19900 287 756
652542 2 19900 287 756
652610 2 19900 287 756
652671 2 19900 287 756
652736 2 19900 287 756
652796 2 19900 287 756
652867 2 19900 287 756
652932 2 19900 287 756
653001 2 19900 287 756
653061 2 19900 287 756
653126 2 19900 287 756
653197 2 19900 287 756
653257 2 19900 287 756
653323 2 19900 287 756
653385 2 19900 287 756
653453 2 19900 287 756
653516 2 19900 287 756
653580 2 19900 287 756
653643 2 19900 287 756
653710 2 19900 287 756
653775 2 19900 287 756
653846 2 19900 287 756
653910 2 19900 287 756
653972 2 19900 287 756
654035 2 19900 287 756
654096 2 19900 287 756
654161 2 19900 287 756
654229 2 19900 287 756
654293 2 19900 287 756
654358 2 19900 287 756
654427 2 19900 287 756
654487 2 19900 287 756
654548 2 19900 287 756
654612 2 19900 287 756
654673 2 19900 287 756
654737 2 19900 287 756
654800 2 19900 287 756
654861 2 19900 287 756
654925 2 19900 287 756
654992 2 19900 287 756
655054 2 19900 287 756
655114 2 19900 287 756
655178 2 19900 287 756
655240 2 19900 287 756
655310 2 19900 287 756
655376 2 19900 287 756
655445 2 19900 287 756
655505 2 19900 287 756
655570 2 19900 287 756
655632 2 19900 287 756
655692 2 19900 287 756
655758 2 19900 287 756
655818 2 19900 287 756
655878 2 19900 287 756
655944 2 19900 287 756
656014 2 19900 287 756
656083 2 19900 287 756
656147 2 19900 287 756
656208 2 19900 287 756
656270 2 19900 287 756
656335 2 19900 287 756
656395 2 19900 287 756
656457 2 19900 287 756
656522 2 19900 287 756
656591 2 19900 287 756
656653 2 19900 287 756
656716 2 19900 287 756
656778 2 19900 287 756
656838 2 19900 287 756
656904 2 19900 287 756
656966 2 19900 287 756
657027 2 19900 287 756
657093 2 19900 287 756
657153 2 19900 287 756
657214 2 19900 287 756
657279 2 19900 287 756
657342 2 19900 287 756
657404 2 19900 287 756
657469 2 19900 287 756
657531 2 19900 287 756
657596 2 19900 287 756
657661 2 19900 287 756
657723 2 19900 287 756
657793 2 19900 287 756
657854 2 19900 287 756
657918 2 19900 287 756
657983 2 19900 287 756
658043 2 19900 287 756
658108 2 19900 287 756
658168 2 19900 287 756
658234 2 19900 287 756
658296 2 19900 287 756
658356 2 19900 287 756
658421 2 19900 287 756
658483 2 19900 287 756
658553 2 19900 287 756
658614 2 19900 287 756
658678 2 19900 287 756
658740 2 19900 287 756
658808 2 19900 287 756
658872 2 19900 287 756
658933 2 19900 287 756
658995 2 19900 287 756
659059 2 19900 287 756
659121 2 19900 287 756
659182 2 19900 287 756
659247 2 19900 287 756
659308 2 19900 287 756
659369 2 19900 287 756
659432 2 19900 287 756
659494 2 19900 287 756
659559 2 19900 287 756
659629 2 19900 287 756
659689 2 19900 287 756
659752 2 19900 287 756
659818 2 19900 287 756
659879 2 19900 287 756
659942 2 19900 287 756
660007 2 19900 287 756
660067 2 19900 287 756
660129 2 19900 287 756
660191 2 19900 287 756
660252 2 19900 287 756
660316 2 19900 287 756
660377 2 19900 287 756
660439 2 19900 287 756
660503 2 19900 287 756
660569 2 19900 287 756
660640 2 19900 287 756
660710 2 19900 287 756
660775 2 19900 287 756
660835 2 19900 287 756
660896 2 19900 287 756
660962 2 19900 287 756
661024 2 19900 287 756
662033 2 19900 287 756
663033 2 19929 287 756
663617 3 19900 287 756
663681 3 19900 287 756
663746 3 19900 287 756
663816 3 19900 287 756
663877 3 19900 287 756
663942 3 19900 287 756
664002 3 19900 287 756
664062 3 19900 287 756
664128 3 19900 287 756
664199 3 19900 287 756
664267 3 19900 287 756
664334 3 19900 287 756
664400 3 19900 287 756
664469 3 19900 287 756
664530 3 19900 287 756
664593 3 19900 287 756
664653 3 19900 287 756
664713 3 19900 287 756
664777 3 19900 287 756
664848 3 19900 287 756
664908 3 19900 287 756
664971 3 19900 287 756
665032 3 19900 287 756
665093 3 19900 287 756
665160 3 19900 287 756
665226 3 19900 287 756
665295 3 19900 287 756
665362 3 19900 287 756
665422 3 19900 287 756
665485 3 19900 287 756
665548 3 19900 287 756
665618 3 19900 287 756
665687 3 19900 287 756
665757 3 19900 287 756
665822 3 19900 287 756
665883 3 19900 287 756
665952 3 19900 287 756
666022 3 19900 287 756
666089 3 19900 287 756
666149 3 19900 287 756
666209 3 19900 287 756
666275 3 19900 287 756
666339 3 19900 287 756
666409 3 19900 287 756
666475 3 19900 287 756
666535 3 19900 287 756
666605 3 19900 287 756
666674 3 19900 287 756
666738 3 19900 287 756
666799 3 19900 287 756
666860 3 19900 287 756
666927 3 19900 287 756
667000 3 19900 287 756
667062 3 19900 287 756
667129 3 19900 287 756
667189 3 19900 287 756
667249 3 19900 287 756
667316 3 19900 287 756
667378 3 19900 287 756
667438 3 19900 287 756
667504 3 19900 287 756
667565 3 19900 287 756
667634 3 19900 287 756
667699 3 19900 287 756
667760 3 19900 287 756
667821 3 19900 287 756
667887 3 19900 287 756
667947 3 19900 287 756
668018 3 19900 287 756
668083 3 19900 287 756
668153 3 19900 287 756
668222 3 19900 287 756
668283 3 19900 287 756
668349 3 19900 287 756
668409 3 19900 287 756
668479 3 19900 287 756
668545 3 19900 287 756
668607 3 19900 287 756
668669 3 19900 287 756
668735 3 19900 287 756
668799 3 19900 287 756
668863 3 19900 287 756
668927 3 19900 287 756
668991 3 19900 287 756
669054 3 19900 287 756
669119 3 19900 287 756
669188 3 19900 287 756
669248 3 19900 287 756
669314 3 19900 287 756
669377 3 19900 287 756
669439 3 19900 287 756
669506 3 19900 287 756
669567 3 19900 287 756
669627 3 19900 287 756
669694 3 19900 287 756
669754 3 19900 287 756
669817 3 19900 287 756
669881 3 19900 287 756
669946 3 19900 287 756
670017 3 19900 287 756
670078 3 19900 287 756
670144 3 19900 287 756
670204 3 19900 287 756
670267 3 19900 287 756
670328 3 19900 287 756
670391 3 19900 287 756
670456 3 19900 287 756
670517 3 19900 287 756
670577 3 19900 287 756
670643 3 19900 287 756
670704 3 19900 287 756
670765 3 19900 287 756
670831 3 19900 287 756
670901 3 19900 287 756
670963 3 19900 287 756
671025 3 19900 287 756
671090 3 19900 287 756
671151 3 19900 287 756
671216 3 19900 287 756
671287 3 19900 287 756
671347 3 19900 287 756
671409 3 19900 287 756
671474 3 19900 287 756
671535 3 19900 287 756
671601 3 19900 287 756
671669 3 19900 287 756
671730 3 19900 287 756
671790 3 19900 287 756
671856 3 19900 287 756
671925 3 19900 287 756
671985 3 19900 287 756
672050 3 19900 287 756
672110 3 19900 287 756
672179 3 19900 287 756
672243 3 19900 287 756
672304 3 19900 287 756
672366 3 19900 287 756
672431 3 19900 287 756
672491 3 19900 287 756
672558 3 19900 287 756
672622 3 19900 287 756
672683 3 19900 287 756
672746 3 19900 287 756
672811 3 19900 287 756
672873 3 19900 287 756
672934 3 19900 287 756
673000 3 19900 287 756
673062 3 19900 287 756
673125 3 19900 287 756
673191 3 19900 287 756
673254 3 19900 287 756
673315 3 19900 287 756
673376 3 19900 287 756
673440 3 19900 287 756
673501 3 19900 287 756
673568 3 19900 287 756
673629 3 19900 287 756
673700 3 19900 287 756
673763 3 19900 287 756
673829 3 19900 287 756
673891 3 19900 287 756
673953 3 19900 287 756
674016 3 19900 287 756
674078 3 19900 287 756
674139 3 19900 287 756
674205 3 19900 287 756
674268 3 19900 287 756
674328 3 19900 287 756
674394 3 19900 287 756
674466 3 19900 287 756
674538 3 19900 287 756
674603 3 19900 287 756
674663 3 19900 287 756
674723 3 19900 287 756
674789 3 19900 287 756
674852 3 19900 287 756
675254 4 19900 287 756
675324 4 19900 287 756
675384 4 19900 287 756
675447 4 19900 287 756
675508 4 19900 287 756
675571 4 19900 287 756
675637 4 19900 287 756
675706 4 19900 287 756
675777 4 19900 287 756
675838 4 19900 287 756
675905 4 19900 287 756
675966 4 19900 287 756
676027 4 19900 287 756
676094 4 19900 287 756
676156 4 19900 287 756
676217 4 19900 287 756
676280 4 19900 287 756
676342 4 19900 287 756
676404 4 19900 287 756
676468 4 19900 287 756
676531 4 19900 287 756
676592 4 19900 287 756
676659 4 19900 287 756
676720 4 19900 287 756
676784 4 19900 287 756
676849 4 19900 287 756
676910 4 19900 287 756
676971 4 19900 287 756
677037 4 19900 287 756
677099 4 19900 287 756
677160 4 19900 287 756
677227 4 19900 287 756
677289 4 19900 287 756
677351 4 19900 287 756
677415 4 19900 287 756
677478 4 19900 287 756
677547 4 19900 287 756
677612 4 19900 287 756
677676 4 19900 287 756
677744 4 19900 287 756
677813 4 19900 287 756
677879 4 19900 287 756
677941 4 19900 287 756
678007 4 19900 287 756
678074 4 19900 287 756
678143 4 19900 287 756
678203 4 19900 287 756
678269 4 19900 287 756
678329 4 19900 287 756
678391 4 19900 287 756
678458 4 19900 287 756
678518 4 19900 287 756
678578 4 19900 287 756
678644 4 19900 287 756
678704 4 19900 287 756
678779 4 19900 287 756
678842 4 19900 287 756
678902 4 19900 287 756
678966 4 19900 287 756
679030 4 19900 287 756
679099 4 19900 287 756
679160 4 19900 287 756
679221 4 19900 287 756
679287 4 19900 287 756
679354 4 19900 287 756
679419 4 19900 287 756
679486 4 19900 287 756
679547 4 19900 287 756
679611 4 19900 287 756
679676 4 19900 287 756
679736 4 19900 287 756
679806 4 19900 287 756
679871 4 19900 287 756
679941 4 19900 287 756
680002 4 19900 287 756
680063 4 19900 287 756
680126 4 19900 287 756
680187 4 19900 287 756
680252 4 19900 287 756
680316 4 19900 287 756
680384 4 19900 287 756
680449 4 19900 287 756
680514 4 19900 287 756
680584 4 19900 287 756
680647 4 19900 287 756
680712 4 19900 287 756
680775 4 19900 287 756
680837 4 19900 287 756
680901 4 19900 287 756
680963 4 19900 287 756
681024 4 19900 287 756
681091 4 19900 287 756
681152 4 19900 287 756
681213 4 19900 287 756
681280 4 19900 287 756
681341 4 19900 287 756
681401 4 19900 287 756
681468 4 19900 287 756
681539 4 19900 287 756
681602 4 19900 287 756
681669 4 19900 287 756
681739 4 19900 287 756
681799 4 19900 287 756
681860 4 19900 287 756
681925 4 19900 287 756
681987 4 19900 287 756
682056 4 19900 287 756
682123 4 19900 287 756
682185 4 19900 287 756
682245 4 19900 287 756
682312 4 19900 287 756
682376 4 19900 287 756
682436 4 19900 287 756
682503 4 19900 287 756
682564 4 19900 287 756
682624 4 19900 287 756
682691 4 19900 287 756
682751 4 19900 287 756
682812 4 19900 287 756
682876 4 19900 287 756
682936 4 19900 287 756
682999 4 19900 287 756
683063 4 19900 287 756
683124 4 19900 287 756
683196 4 19900 287 756
683262 4 19900 287 756
683322 4 19900 287 756
683385 4 19900 287 756
683447 4 19900 287 756
683509 4 19900 287 756
683577 4 19900 287 756
683643 4 19900 287 756
683706 4 19900 287 756
683766 4 19900 287 756
683833 4 19900 287 756
683905 4 19900 287 756
683965 4 19900 287 756
684029 4 19900 287 756
684093 4 19900 287 756
684155 4 19900 287 756
684220 4 19900 287 756
684283 4 19900 287 756
684352 4 19900 287 756
684413 4 19900 287 756
684477 4 19900 287 756
684537 4 19900 287 756
684597 4 19900 287 756
684664 4 19900 287 756
684735 4 19900 287 756
684795 4 19900 287 756
684861 4 19900 287 756
684924 4 19900 287 756
684986 4 19900 287 756
685052 4 19900 287 756
685114 4 19900 287 756
685220 5 19900 287 756
685281 5 19900 287 756
685342 5 19900 287 756
685409 5 19900 287 756
685470 5 19900 287 756
685531 5 19900 287 756
685595 5 19900 287 756
685655 5 19900 287 756
685718 5 19900 287 756
685783 5 19900 287 756
685845 5 19900 287 756
685909 5 19900 287 756
685976 5 19900 287 756
686038 5 19900 287 756
686101 5 19900 287 756
686162 5 19900 287 756
686223 5 19900 287 756
686289 5 19900 287 756
686359 5 19900 287 756
686426 5 19900 287 756
686488 5 19900 287 756
686554 5 19900 287 756
686615 5 19900 287 756
686682 5 19900 287 756
686749 5 19900 287 756
686811 5 19900 287 756
686877 5 19900 287 756
686938 5 19900 287 756
687002 5 19900 287 756
687064 5 19900 287 756
687124 5 19900 287 756
687189 5 19900 287 756
687260 5 19900 287 756
687329 5 19900 287 756
687396 5 19900 287 756
687459 5 19900 287 756
687520 5 19900 287 756
687585 5 19900 287 756
687645 5 19900 287 756
687707 5 19900 287 756
687770 5 19900 287 756
687832 5 19900 287 756
687903 5 19900 287 756
687967 5 19900 287 756
688027 5 19900 287 756
688089 5 19900 287 756
688155 5 19900 287 756
688216 5 19900 287 756
688277 5 19900 287 756
688343 5 19900 287 756
688414 5 19900 287 756
688477 5 19900 287 756
688537 5 19900 287 756
688600 5 19900 287 756
688661 5 19900 287 756
688724 5 19900 287 756
688788 5 19900 287 756
688848 5 19900 287 756
688910 5 19900 287 756
688974 5 19900 287 756
689035 5 19900 287 756
689102 5 19900 287 756
689168 5 19900 287 756
689229 5 19900 287 756
689291 5 19900 287 756
689357 5 19900 287 756
689420 5 19900 287 756
689481 5 19900 287 756
689549 5 19900 287 756
689620 5 19900 287 756
689682 5 19900 287 756
689747 5 19900 287 756
689812 5 19900 287 756
689872 5 19900 287 756
689938 5 19900 287 756
689999 5 19900 287 756
690060 5 19900 287 756
690125 5 19900 287 756
690189 5 19900 287 756
690249 5 19900 287 756
690318 5 19900 287 756
690381 5 19900 287 756
690449 5 19900 287 756
690516 5 19900 287 756
690577 5 19900 287 756
690637 5 19900 287 756
690705 5 19900 287 756
690767 5 19900 287 756
690827 5 19900 287 756
690891 5 19900 287 756
690952 5 19900 287 756
691012 5 19900 287 756
691077 5 19900 287 756
691138 5 19900 287 756
691199 5 19900 287 756
691264 5 19900 287 756
691326 5 19900 287 756
691397 5 19900 287 756
691460 5 19900 287 756
691523 5 19900 287 756
691583 5 19900 287 756
691644 5 19900 287 756
691706 5 19900 287 756
691767 5 19900 287 756
691833 5 19900 287 756
691896 5 19900 287 756
691964 5 19900 287 756
692024 5 19900 287 756
692092 5 19900 287 756
692161 5 19900 287 756
692221 5 19900 287 756
692287 5 19900 287 756
692350 5 19900 287 756
692411 5 19900 287 756
692477 5 19900 287 756
692539 5 19900 287 756
692600 5 19900 287 756
692664 5 19900 287 756
692726 5 19900 287 756
692787 5 19900 287 756
692851 5 19900 287 756
692911 5 19900 287 756
692973 5 19900 287 756
693040 5 19900 287 756
693111 5 19900 287 756
693174 5 19900 287 756
693240 5 19900 287 756
693301 5 19900 287 756
693370 5 19900 287 756
693431 5 19900 287 756
693496 5 19900 287 756
693566 5 19900 287 756
693627 5 19900 287 756
693692 5 19900 287 756
693754 5 19900 287 756
693815 5 19900 287 756
693882 5 19900 287 756
693945 5 19900 287 756
694014 5 19900 287 756
694081 5 19900 287 756
694151 5 19900 287 756
694219 5 19900 287 756
694279 5 19900 287 756
694347 5 19900 287 756
694407 5 19900 287 756
694468 5 19900 287 756
694535 5 19900 287 756
694597 5 19900 287 756
694658 5 19900 287 756
694724 5 19900 287 756
694791 5 19900 287 756
694857 5 19900 287 756
694922 5 19900 287 756
694994 5 19900 287 756
695065 5 19900 287 756
695125 5 19900 287 756
695192 5 19900 287 756
695252 5 19900 287 756
695315 5 19900 287 756
695381 5 19900 287 756
695451 5 19900 287 756
695511 5 19900 287 756
695575 5 19900 287 756
695637 5 19900 287 756
695698 5 19900 287 756
695764 5 19900 287 756
695834 5 19900 287 756
695904 5 19900 287 756
695966 5 19900 287 756
696029 5 19900 287 756
696089 5 19900 287 756
696152 5 19900 287 756
696213 5 19900 287 756
696276 5 19900 287 756
696340 5 19900 287 756
697341 5 19900 287 756
698349 5 19909 287 756
699356 5 19959 287 756
700360 5 20009 287 756
701197 6 19900 287 756
701257 6 19900 287 756
701320 6 19900 287 756
701388 6 19900 287 756
701450 6 19900 287 756
701510 6 19900 287 756
701575 6 19900 287 756
701640 6 19900 287 756
701701 6 19900 287 756
701768 6 19900 287 756
701830 6 19900 287 756
701891 6 19900 287 756
701958 6 19900 287 756
702019 6 19900 287 756
702080 6 19900 287 756
702146 6 19900 287 756
702209 6 19900 287 756
702269 6 19900 287 756
702334 6 19900 287 756
702394 6 19900 287 756
702459 6 19900 287 756
702523 6 19900 287 756
702585 6 19900 287 756
702646 6 19900 287 756
702710 6 19900 287 756
702771 6 19900 287 756
702840 6 19900 287 756
702906 6 19900 287 756
702969 6 19900 287 756
703030 6 19900 287 756
703097 6 19900 287 756
703159 6 19900 287 756
703230 6 19900 287 756
703298 6 19900 287 756
703369 6 19900 287 756
703438 6 19900 287 756
703500 6 19900 287 756
703567 6 19900 287 756
703627 6 19900 287 756
703690 6 19900 287 756
703756 6 19900 287 756
703818 6 19900 287 756
703880 6 19900 287 756
703944 6 19900 287 756
704006 6 19900 287 756
704068 6 19900 287 756
704134 6 19900 287 756
704194 6 19900 287 756
704256 6 19900 287 756
704320 6 19900 287 756
704384 6 19900 287 756
704454 6 19900 287 756
704521 6 19900 287 756
704582 6 19900 287 756
704644 6 19900 287 756
704708 6 19900 287 756
704770 6 19900 287 756
704830 6 19900 287 756
704893 6 19900 287 756
704955 6 19900 287 756
705027 6 19900 287 756
705093 6 19900 287 756
705156 6 19900 287 756
705217 6 19900 287 756
705280 6 19900 287 756
705343 6 19900 287 756
705405 6 19900 287 756
705472 6 19900 287 756
705534 6 19900 287 756
705594 6 19900 287 756
705659 6 19900 287 756
705722 6 19900 287 756
705783 6 19900 287 756
705848 6 19900 287 756
705908 6 19900 287 756
705972 6 19900 287 756
706039 6 19900 287 756
706099 6 19900 287 756
706168 6 19900 287 756
706231 6 19900 287 756
706293 6 19900 287 756
706357 6 19900 287 756
706423 6 19900 287 756
706484 6 19900 287 756
706545 6 19900 287 756
706612 6 19900 287 756
706672 6 19900 287 756
706732 6 19900 287 756
706799 6 19900 287 756
706859 6 19900 287 756
706920 6 19900 287 756
706986 6 19900 287 756
707057 6 19900 287 756
707127 6 19900 287 756
707187 6 19900 287 756
707252 6 19900 287 756
707312 6 19900 287 756
707375 6 19900 287 756
707438 6 19900 287 756
707508 6 19900 287 756
707569 6 19900 287 756
707636 6 19900 287 756
707698 6 19900 287 756
707759 6 19900 287 756
707826 6 19900 287 756
707895 6 19900 287 756
707959 6 19900 287 756
708024 6 19900 287 756
708091 6 19900 287 756
708153 6 19900 287 756
708214 6 19900 287 756
708279 6 19900 287 756
708339 6 19900 287 756
708401 6 19900 287 756
708466 6 19900 287 756
708528 6 19900 287 756
708589 6 19900 287 756
708656 6 19900 287 756
708722 6 19900 287 756
708783 6 19900 287 756
708851 6 19900 287 756
708921 6 19900 287 756
708981 6 19900 287 756
709046 6 19900 287 756
709107 6 19900 287 756
709168 6 19900 287 756
709235 6 19900 287 756
709297 6 19900 287 756
709357 6 19900 287 756
709418 6 19900 287 756
709480 6 19900 287 756
709550 6 19900 287 756
709613 6 19900 287 756
709677 6 19900 287 756
709737 6 19900 287 756
709801 6 19900 287 756
709866 6 19900 287 756
709926 6 19900 287 756
709988 6 19900 287 756
710051 6 19900 287 756
710114 6 19900 287 756
710178 6 19900 287 756
710240 6 19900 287 756
710311 6 19900 287 756
710371 6 19900 287 756
710436 6 19900 287 756
710497 6 19900 287 756
710558 6 19900 287 756
710625 6 19900 287 756
710693 6 19900 287 756
710756 6 19900 287 756
710822 6 19900 287 756
710883 6 19900 287 756
710945 6 19900 287 756
711010 6 19900 287 756
711073 6 19900 287 756
711134 6 19900 287 756
711198 6 19900 287 756
711258 6 19900 287 756
711328 6 19900 287 756
711393 6 19900 287 756
711455 6 19900 287 756
711517 6 19900 287 756
711582 6 19900 287 756
711642 6 19900 287 756
711713 6 19900 287 756
711777 6 19900 287 756
711840 6 19900 287 756
712851 6 19900 287 756
713853 6 19950 287 756
714854 6 20000 287 756
715865 6 20050 287 756
716534 7 19900 287 756
716596 7 19900 287 756
716662 7 19900 287 756
716723 7 19900 287 756
716784 7 19900 287 756
716849 7 19900 287 756
716910 7 19900 287 756
716970 7 19900 287 756
717035 7 19900 287 756
717097 7 19900 287 756
717160 7 19900 287 756
717225 7 19900 287 756
717287 7 19900 287 756
717351 7 19900 287 756
717416 7 19900 287 756
717477 7 19900 287 756
717538 7 19900 287 756
717603 7 19900 287 756
717663 7 19900 287 756
717726 7 19900 287 756
717787 7 19900 287 756
717851 7 19900 287 756
717917 7 19900 287 756
717989 7 19900 287 756
718060 7 19900 287 756
718121 7 19900 287 756
718184 7 19900 287 756
718244 7 19900 287 756
718304 7 19900 287 756
718369 7 19900 287 756
718439 7 19900 287 756
718509 7 19900 287 756
718575 7 19900 287 756
718636 7 19900 287 756
718697 7 19900 287 756
718763 7 19900 287 756
718823 7 19900 287 756
718885 7 19900 287 756
718949 7 19900 287 756
719012 7 19900 287 756
719072 7 19900 287 756
719135 7 19900 287 756
719205 7 19900 287 756
719265 7 19900 287 756
719327 7 19900 287 756
719389 7 19900 287 756
719451 7 19900 287 756
719515 7 19900 287 756
719577 7 19900 287 756
719639 7 19900 287 756
719705 7 19900 287 756
719776 7 19900 287 756
719836 7 19900 287 756
719897 7 19900 287 756
719962 7 19900 287 756
720024 7 19900 287 756
720084 7 19900 287 756
720149 7 19900 287 756
720210 7 19900 287 756
720271 7 19900 287 756
720335 7 19900 287 756
720396 7 19900 287 756
720459 7 19900 287 756
720526 7 19900 287 756
720587 7 19900 287 756
720647 7 19900 287 756
720713 7 19900 287 756
720784 7 19900 287 756
720845 7 19900 287 756
720910 7 19900 287 756
720972 7 19900 287 756
721033 7 19900 287 756
721100 7 19900 287 756
721160 7 19900 287 756
721231 7 19900 287 756
721295 7 19900 287 756
721358 7 19900 287 756
721419 7 19900 287 756
721484 7 19900 287 756
721553 7 19900 287 756
721625 7 19900 287 756
721687 7 19900 287 756
721747 7 19900 287 756
721812 7 19900 287 756
721875 7 19900 287 756
721940 7 19900 287 756
722008 7 19900 287 756
722077 7 19900 287 756
722142 7 19900 287 756
722212 7 19900 287 756
722272 7 19900 287 756
722337 7 19900 287 756
722399 7 19900 287 756
722461 7 19900 287 756
722527 7 19900 287 756
722589 7 19900 287 756
722650 7 19900 287 756
722715 7 19900 287 756
722775 7 19900 287 756
722845 7 19900 287 756
722908 7 19900 287 756
722976 7 19900 287 756
723036 7 19900 287 756
723098 7 19900 287 756
723164 7 19900 287 756
723226 7 19900 287 756
723288 7 19900 287 756
723350 7 19900 287 756
723412 7 19900 287 756
723475 7 19900 287 756
723538 7 19900 287 756
723598 7 19900 287 756
723665 7 19900 287 756
723725 7 19900 287 756
723785 7 19900 287 756
723847 7 19900 287 756
723911 7 19900 287 756
723974 7 19900 287 756
724040 7 19900 287 756
724103 7 19900 287 756
724163 7 19900 287 756
724229 7 19900 287 756
724300 7 19900 287 756
724369 7 19900 287 756
724432 7 19900 287 756
724498 7 19900 287 756
724559 7 19900 287 756
724621 7 19900 287 756
724687 7 19900 287 756
724747 7 19900 287 756
724816 7 19900 287 756
724881 7 19900 287 756
724946 7 19900 287 756
725017 7 19900 287 756
725081 7 19900 287 756
725143 7 19900 287 756
725205 7 19900 287 756
725272 7 19900 287 756
725333 7 19900 287 756
725395 7 19900 287 756
725460 7 19900 287 756
725522 7 19900 287 756
725582 7 19900 287 756
725649 7 19900 287 756
725721 7 19900 287 756
725793 7 19900 287 756
725856 7 19900 287 756
725922 7 19900 287 756
725984 7 19900 287 756
726047 7 19900 287 756
726109 7 19900 287 756
726173 7 19900 287 756
726235 7 19900 287 756
726299 7 19900 287 756
726362 7 19900 287 756
726424 7 19900 287 756
726491 7 19900 287 756
726553 7 19900 287 756
726621 7 19900 287 756
726686 7 19900 287 756
726757 7 19900 287 756
726818 7 19900 287 756
726885 7 19900 287 756
726948 7 19900 287 756
727172 8 19900 287 756
727236 8 19900 287 756
727296 8 19900 287 756
727358 8 19900 287 756
727424 8 19900 287 756
727486 8 19900 287 756
727547 8 19900 287 756
727611 8 19900 287 756
727676 8 19900 287 756
727744 8 19900 287 756
727804 8 19900 287 756
727866 8 19900 287 756
727927 8 19900 287 756
727992 8 19900 287 756
728055 8 19900 287 756
728123 8 19900 287 756
728185 8 19900 287 756
728252 8 19900 287 756
728315 8 19900 287 756
728376 8 19900 287 756
728437 8 19900 287 756
728500 8 19900 287 756
728564 8 19900 287 756
728636 8 19900 287 756
728700 8 19900 287 756
728763 8 19900 287 756
728834 8 19900 287 756
728898 8 19900 287 756
728964 8 19900 287 756
729025 8 19900 287 756
729096 8 19900 287 756
729157 8 19900 287 756
729227 8 19900 287 756
729287 8 19900 287 756
729348 8 19900 287 756
729417 8 19900 287 756
729481 8 19900 287 756
729546 8 19900 287 756
729607 8 19900 287 756
729671 8 19900 287 756
729735 8 19900 287 756
729801 8 19900 287 756
729868 8 19900 287 756
729936 8 19900 287 756
730005 8 19900 287 756
730069 8 19900 287 756
730130 8 19900 287 756
730192 8 19900 287 756
730255 8 19900 287 756
730316 8 19900 287 756
730379 8 19900 287 756
730445 8 19900 287 756
730506 8 19900 287 756
730577 8 19900 287 756
730645 8 19900 287 756
730713 8 19900 287 756
730778 8 19900 287 756
730840 8 19900 287 756
730910 8 19900 287 756
730977 8 19900 287 756
731046 8 19900 287 756
731112 8 19900 287 756
731173 8 19900 287 756
731236 8 19900 287 756
731297 8 19900 287 756
731360 8 19900 287 756
731426 8 19900 287 756
731486 8 19900 287 756
731546 8 19900 287 756
731609 8 19900 287 756
731674 8 19900 287 756
731737 8 19900 287 756
731798 8 19900 287 756
731862 8 19900 287 756
731922 8 19900 287 756
731990 8 19900 287 756
732054 8 19900 287 756
732121 8 19900 287 756
732185 8 19900 287 756
732250 8 19900 287 756
732320 8 19900 287 756
732391 8 19900 287 756
732452 8 19900 287 756
732519 8 19900 287 756
732579 8 19900 287 756
732642 8 19900 287 756
732703 8 19900 287 756
732764 8 19900 287 756
732826 8 19900 287 756
732892 8 19900 287 756
732956 8 19900 287 756
733026 8 19900 287 756
733091 8 19900 287 756
733155 8 19900 287 756
733215 8 19900 287 756
733276 8 19900 287 756
733338 8 19900 287 756
733402 8 19900 287 756
733463 8 19900 287 756
733526 8 19900 287 756
733589 8 19900 287 756
733656 8 19900 287 756
733728 8 19900 287 756
733789 8 19900 287 756
733852 8 19900 287 756
733914 8 19900 287 756
733983 8 19900 287 756
734051 8 19900 287 756
734117 8 19900 287 756
734186 8 19900 287 756
734247 8 19900 287 756
734313 8 19900 287 756
734375 8 19900 287 756
734445 8 19900 287 756
734505 8 19900 287 756
734566 8 19900 287 756
734630 8 19900 287 756
734692 8 19900 287 756
734752 8 19900 287 756
734818 8 19900 287 756
734882 8 19900 287 756
734944 8 19900 287 756
735008 8 19900 287 756
735079 8 19900 287 756
735150 8 19900 287 756
735214 8 19900 287 756
735284 8 19900 287 756
735347 8 19900 287 756
735412 8 19900 287 756
735482 8 19900 287 756
735554 8 19900 287 756
735615 8 19900 287 756
735681 8 19900 287 756
735749 8 19900 287 756
735819 8 19900 287 756
735881 8 19900 287 756
735945 8 19900 287 756
736014 8 19900 287 756
736076 8 19900 287 756
736142 8 19900 287 756
736202 8 19900 287 756
736263 8 19900 287 756
736328 8 19900 287 756
736398 8 19900 287 756
736467 8 19900 287 756
736532 8 19900 287 756
736596 8 19900 287 756
736656 8 19900 287 756
736718 8 19900 287 756
736779 8 19900 287 756
736847 8 19900 287 756
736915 8 19900 287 756
736975 8 19900 287 756
737046 8 19900 287 756
737117 8 19900 287 756
737182 8 19900 287 756
737242 8 19900 287 756
737303 8 19900 287 756
737367 8 19900 287 756
737428 8 19900 287 756
737489 8 19900 287 756
737556 8 19900 287 756
737620 8 19900 287 756
737681 8 19900 287 756
738681 8 19900 287 756
739687 8 19950 287 756
740687 8 20000 287 756
741695 8 20050 287 756
742701 8 20100 287 756
743705 8 20150 287 756
743893 9 20300 287 756
743960 9 20300 287 756
744032 9 20300 287 756
744103 9 20300 287 756
744169 9 20300 287 756
744238 9 20300 287 756
744309 9 20300 287 756
