# header: write what you want on lines starting with #
# Total ACTIVE Pulses, # breakdowns, amp_set, index (point on pulse / power curve) , pulse length
# the init of this file could be 1 0 500 0 3500, 2 0 500 0 3500, etc
531 0 709 7 756
629927 1 19500 287 756
649134 2 19900 287 756
663617 3 19900 287 756
675254 4 19900 287 756
685220 5 19900 287 756
701197 6 19900 287 756
716534 7 19900 287 756
727172 8 19900 287 756
743893 9 20300 287 756
809136 10 22300 287 756
850907 11 23100 287 756
1311952 12 34700 287 756
1322395 13 34700 287 756
1345435 14 35100 287 756
1445388 16 35270 287 756
1500817 17 38300 287 756
1515290 18 38300 287 756
1527422 19 38300 287 756
1550025 20 38700 287 756
1565127 21 38700 287 756
1577229 22 38700 287 756
1589818 23 38700 287 756
1605748 24 38700 287 756
1618050 25 38700 287 756
1633214 26 38700 287 756
1648658 27 38700 287 756
1662460 28 38700 287 756
1675533 29 38700 287 756
1704498 30 38700 287 756
1717266 31 38700 287 756
1967674 32 45500 287 756
1993695 33 46300 287 756
2009915 34 46300 287 756
2109710 35 49100 287 756
2109778 37 49100 287 756
2109916 38 49100 287 756
2110042 40 49100 287 756
2153576 41 49500 287 756
2217174 42 49500 287 756
2217244 44 49500 287 756
2265819 45 49500 287 756
2265886 47 49500 287 756
2310296 47 50999 287 756
2311296 47 51049 287 756
2312298 47 51099 287 756
