# header: write what you want on lines starting with #
# Total ACTIVE Pulses, # breakdowns, amp_set, index (point on pulse / power curve) , pulse length
# the init of this file could be 1 0 500 0 3500, 2 0 500 0 3500, etc
531 0 709 7 756
629927 1 19500 287 756
649134 2 19900 287 756
663617 3 19900 287 756
675254 4 19900 287 756
685220 5 19900 287 756
701197 6 19900 287 756
716534 7 19900 287 756
727172 8 19900 287 756
743893 9 20300 287 756
809136 10 22300 287 756
850907 11 23100 287 756
4592112 63 31001 287 756
4592113 63 31002 287 756
4592114 63 31003 287 756
4592115 63 31004 287 756
1311952 12 34700 287 756
1322395 13 34700 287 756
1345435 14 35100 287 756
1445388 16 35270 287 756
1500817 17 38300 287 756
1515290 18 38300 287 756
1527422 19 38300 287 756
1550025 20 38700 287 756
1565127 21 38700 287 756
1577229 22 38700 287 756
1589818 23 38700 287 756
1605748 24 38700 287 756
1618050 25 38700 287 756
1633214 26 38700 287 756
1648658 27 38700 287 756
1662460 28 38700 287 756
1675533 29 38700 287 756
1704498 30 38700 287 756
1717266 31 38700 287 756
1967674 32 45500 287 756
1993695 33 46300 287 756
2009915 34 46300 287 756
2109710 35 49100 287 756
2109778 37 49100 287 756
2109916 38 49100 287 756
2110042 40 49100 287 756
2153576 41 49500 287 756
2217174 42 49500 287 756
2217244 44 49500 287 756
2265819 45 49500 287 756
2265886 47 49500 287 756
2331968 48 51541 287 756
2332036 49 51541 287 756
2360661 50 52300 287 756
2360729 51 52300 287 756
2387038 53 53100 287 756
2387105 55 53100 287 756
2434285 56 53900 287 756
2455135 57 54300 287 756
2476035 58 54700 287 756
2496947 59 55100 287 756
2511098 60 55100 287 756
2525622 61 55100 287 756
2538407 62 55100 287 756
3281470 63 64615 287 756
3281535 63 63882 287 756
3281595 63 63882 287 756
3281656 63 63882 287 756
3281722 63 63882 287 756
3281792 63 63882 287 756
3281854 63 63882 287 756
3281921 63 63882 287 756
3281983 63 63882 287 756
3282043 63 63882 287 756
3282107 63 63882 287 756
3282170 63 63882 287 756
3282232 63 63882 287 756
3282297 63 63882 287 756
3282357 63 63882 287 756
3282418 63 63882 287 756
3282484 63 63882 287 756
3282552 63 63882 287 756
3282614 63 63882 287 756
3282679 63 63882 287 756
3282747 63 63882 287 756
3282819 63 63882 287 756
3282889 63 63882 287 756
3282955 63 63882 287 756
3283024 63 63882 287 756
3283085 63 63882 287 756
3283148 63 63882 287 756
3283209 63 63882 287 756
3283269 63 63882 287 756
3283334 63 63882 287 756
3283395 63 63882 287 756
3283456 63 63882 287 756
3283521 63 63882 287 756
3283584 63 63882 287 756
3283644 63 63882 287 756
3283707 63 63882 287 756
3283769 63 63882 287 756
3283840 63 63882 287 756
3283905 63 63882 287 756
3283966 63 63882 287 756
3284028 63 63882 287 756
3284095 63 63882 287 756
3284165 63 63882 287 756
3284237 63 63882 287 756
3284297 63 63882 287 756
3284360 63 63882 287 756
3284422 63 63882 287 756
3284484 63 63882 287 756
3284485 63 31000 287 756
3284486 63 31001 287 756
