# header: write what you want on lines starting with #
# Total ACTIVE Pulses, # breakdowns, amp_set, index (point on pulse / power curve) , pulse length
# the init of this file could be 1 0 500 0 3500, 2 0 500 0 3500, etc
531 0 709 7 756
629927 1 19500 287 756
649134 2 19900 287 756
663617 3 19900 287 756
675254 4 19900 287 756
685220 5 19900 287 756
701197 6 19900 287 756
716534 7 19900 287 756
727172 8 19900 287 756
743893 9 20300 287 756
809136 10 22300 287 756
850907 11 23100 287 756
1311952 12 34700 287 756
1322395 13 34700 287 756
1345435 14 35100 287 756
1377718 15 35500 287 756
1409949 16 35500 287 756
1419179 16 35500 287 756
1419246 16 35500 287 756
1419317 16 35500 287 756
1419501 16 35500 287 756
1419725 16 35500 287 756
1419987 16 35500 287 756
1420351 16 35500 287 756
1420440 16 35500 287 756
1421739 16 35500 287 756
1421802 16 35500 287 756
1421923 16 35500 287 756
1421987 16 35500 287 756
1422198 16 35500 287 756
1422432 16 35500 287 756
1422492 16 35500 287 756
1422624 16 35500 287 756
1423118 16 35500 287 756
1423238 16 35500 287 756
1423749 16 35500 287 756
1424279 16 35500 287 756
1424343 16 35500 287 756
1424541 16 35500 287 756
1424602 16 35500 287 756
1424824 16 35500 287 756
1425046 16 35500 287 756
1425232 16 35500 287 756
1425421 16 35500 287 756
1425526 16 35500 287 756
1425766 16 35500 287 756
1425849 16 35500 287 756
1425883 16 35500 287 756
1425955 16 35500 287 756
1426019 16 35500 287 756
1426081 16 35500 287 756
1426210 16 35500 287 756
1426318 16 35500 287 756
1427004 16 35500 287 756
1427217 16 35500 287 756
1427473 16 35500 287 756
1427570 16 35500 287 756
1427787 16 35500 287 756
1427878 16 35500 287 756
1428019 16 35500 287 756
1428124 16 35500 287 756
1428229 16 35500 287 756
1428377 16 35500 287 756
1428554 16 35500 287 756
1428906 16 35500 287 756
1429009 16 35500 287 756
1429118 16 35500 287 756
1429791 16 35500 287 756
1430703 16 35500 287 756
1430825 16 35500 287 756
1431177 16 35500 287 756
1431237 16 35500 287 756
1431364 16 35500 287 756
1431425 16 35500 287 756
1431489 16 35500 287 756
1431560 16 35500 287 756
1431626 16 35500 287 756
1431691 16 35500 287 756
1431751 16 35500 287 756
1431819 16 35500 287 756
1431885 16 35500 287 756
1431992 16 35500 287 756
1432107 16 35500 287 756
1432168 16 35500 287 756
1432231 16 35500 287 756
1432298 16 35500 287 756
1432359 16 35500 287 756
1432419 16 35500 287 756
1432483 16 35500 287 756
1432590 16 35500 287 756
1432657 16 35500 287 756
1432719 16 35500 287 756
1432830 16 35500 287 756
1432893 16 35500 287 756
1433000 16 35500 287 756
1433105 16 35500 287 756
1433171 16 35500 287 756
1433232 16 35500 287 756
1433378 16 35500 287 756
1433440 16 35500 287 756
1433507 16 35500 287 756
1433568 16 35500 287 756
1433631 16 35500 287 756
1433694 16 35500 287 756
1433827 16 35500 287 756
1433895 16 35500 287 756
1433957 16 35500 287 756
1434017 16 35500 287 756
1434077 16 35500 287 756
1434137 16 35500 287 756
1434256 16 35500 287 756
1434318 16 35500 287 756
1434458 16 35500 287 756
1434578 16 35500 287 756
1434639 16 35500 287 756
1434749 16 35500 287 756
1434809 16 35500 287 756
1434869 16 35500 287 756
1434988 16 35500 287 756
1435051 16 35500 287 756
1435113 16 35500 287 756
1435178 16 35500 287 756
1435240 16 35500 287 756
1435351 16 35500 287 756
1435415 16 35500 287 756
1435479 16 35500 287 756
1435542 16 35500 287 756
1435602 16 35500 287 756
1435663 16 35500 287 756
1435726 16 35500 287 756
1435809 16 35500 287 756
1435890 16 35500 287 756
1436006 16 35500 287 756
1436068 16 35500 287 756
1436172 16 35500 287 756
1436379 16 35500 287 756
1436492 16 35500 287 756
1436584 16 35500 287 756
1436935 16 35500 287 756
1437054 16 35500 287 756
1437118 16 35500 287 756
1437324 16 35500 287 756
1437596 16 35500 287 756
1437711 16 35500 287 756
1437774 16 35500 287 756
1437841 16 35500 287 756
1437902 16 35500 287 756
1437971 16 35500 287 756
1438038 16 35500 287 756
1438102 16 35500 287 756
1438306 16 35270 287 756
1438371 16 35270 287 756
1438431 16 35270 287 756
1438491 16 35270 287 756
1438658 16 35270 287 756
1438719 16 35270 287 756
1438784 16 35270 287 756
1438863 16 35270 287 756
1438949 16 35270 287 756
1439066 16 35270 287 756
1439188 16 35270 287 756
1439291 16 35270 287 756
1439454 16 35270 287 756
1439586 16 35270 287 756
1439649 16 35270 287 756
1439714 16 35270 287 756
1439874 16 35270 287 756
1440012 16 35270 287 756
1440097 16 35270 287 756
1440545 16 35270 287 756
1440770 16 35270 287 756
1441066 16 35270 287 756
1441228 16 35270 287 756
1441346 16 35270 287 756
1441514 16 35270 287 756
1441574 16 35270 287 756
1441730 16 35270 287 756
1442090 16 35270 287 756
1442445 16 35270 287 756
1442837 16 35270 287 756
1442927 16 35270 287 756
1442994 16 35270 287 756
1443379 16 35270 287 756
1443425 16 35270 287 756
1443539 16 35270 287 756
1443773 16 35270 287 756
1443970 16 35270 287 756
1444072 16 35270 287 756
1444247 16 35270 287 756
1444378 16 35270 287 756
1444492 16 35270 287 756
1444686 16 35270 287 756
1444926 16 35270 287 756
1444986 16 35270 287 756
1445133 16 35270 287 756
1445381 16 35270 287 756
1445388 16 35270 287 756
1445469 16 35270 287 756
1445585 16 35270 287 756
