# header: write what you want on lines starting with #
# Total ACTIVE Pulses, # breakdowns, amp_set, index (point on pulse / power curve) , pulse length
# the init of this file could be 1 0 500 0 3500, 2 0 500 0 3500, etc
531 0 709 7 756
629927 1 19500 287 756
649134 2 19900 287 756
663617 3 19900 287 756
675254 4 19900 287 756
685220 5 19900 287 756
701197 6 19900 287 756
716534 7 19900 287 756
727172 8 19900 287 756
743893 9 20300 287 756
809136 10 22300 287 756
850907 11 23100 287 756
1311952 12 34700 287 756
1322395 13 34700 287 756
1345435 14 35100 287 756
1445388 16 35270 287 756
1500817 17 38300 287 756
1515290 18 38300 287 756
1527422 19 38300 287 756
1550025 20 38700 287 756
1565127 21 38700 287 756
1577229 22 38700 287 756
1589818 23 38700 287 756
1605748 24 38700 287 756
1618050 25 38700 287 756
1633214 26 38700 287 756
1648658 27 38700 287 756
1662460 28 38700 287 756
1675533 29 38700 287 756
1704498 30 38700 287 756
1717266 31 38700 287 756
1727326 31 38700 287 756
1727392 31 38700 287 756
1727462 31 38700 287 756
1727522 31 38700 287 756
1727584 31 38700 287 756
1727649 31 38700 287 756
1727710 31 38700 287 756
1727780 31 38700 287 756
1727840 31 38700 287 756
1727900 31 38700 287 756
1727962 31 38700 287 756
1728027 31 38700 287 756
1728094 31 38700 287 756
1728155 31 38700 287 756
1728218 31 38700 287 756
1728280 31 38700 287 756
1728351 31 38700 287 756
1728414 31 38700 287 756
1728475 31 38700 287 756
1728538 31 38700 287 756
1728599 31 38700 287 756
1728669 31 38700 287 756
1728729 31 38700 287 756
1728800 31 38700 287 756
1728864 31 38700 287 756
1728930 31 38700 287 756
1728998 31 38700 287 756
1729063 31 38700 287 756
1729130 31 38700 287 756
1729190 31 38700 287 756
1729260 31 38700 287 756
1729325 31 38700 287 756
1729396 31 38700 287 756
1729456 31 38700 287 756
1729523 31 38700 287 756
1729583 31 38700 287 756
1729647 31 38700 287 756
1729707 31 38700 287 756
1729768 31 38700 287 756
1729832 31 38700 287 756
1729896 31 38700 287 756
1729956 31 38700 287 756
1730027 31 38700 287 756
1730097 31 38700 287 756
1730162 31 38700 287 756
1730232 31 38700 287 756
1730292 31 38700 287 756
1730357 31 38700 287 756
1730418 31 38700 287 756
1730481 31 38700 287 756
1730546 31 38700 287 756
1730606 31 38700 287 756
1730670 31 38700 287 756
1730734 31 38700 287 756
1730795 31 38700 287 756
1730864 31 38700 287 756
1730925 31 38700 287 756
1730993 31 38700 287 756
1731053 31 38700 287 756
1731114 31 38700 287 756
1731180 31 38700 287 756
1731241 31 38700 287 756
1731305 31 38700 287 756
1731366 31 38700 287 756
1731427 31 38700 287 756
1731493 31 38700 287 756
1731562 31 38700 287 756
1731622 31 38700 287 756
1731692 31 38700 287 756
1731757 31 38700 287 756
1731817 31 38700 287 756
1731879 31 38700 287 756
1731944 31 38700 287 756
1732006 31 38700 287 756
1732067 31 38700 287 756
1732133 31 38700 287 756
1732195 31 38700 287 756
1732256 31 38700 287 756
1732320 31 38700 287 756
1732382 31 38700 287 756
1732444 31 38700 287 756
1732509 31 38700 287 756
1732573 31 38700 287 756
1732633 31 38700 287 756
1732698 31 38700 287 756
1732759 31 38700 287 756
1732821 31 38700 287 756
1732886 31 38700 287 756
1732947 31 38700 287 756
1733009 31 38700 287 756
1733076 31 38700 287 756
1733145 31 38700 287 756
1733209 31 38700 287 756
1733277 31 38700 287 756
1733339 31 38700 287 756
1733400 31 38700 287 756
1733465 31 38700 287 756
1733525 31 38700 287 756
1733585 31 38700 287 756
1733648 31 38700 287 756
1733709 31 38700 287 756
1733770 31 38700 287 756
1733830 31 38700 287 756
1733893 31 38700 287 756
1733961 31 38700 287 756
1734028 31 38700 287 756
1734091 31 38700 287 756
1734153 31 38700 287 756
1734220 31 38700 287 756
1734282 31 38700 287 756
1734342 31 38700 287 756
1734408 31 38700 287 756
1734469 31 38700 287 756
1734529 31 38700 287 756
1734593 31 38700 287 756
1734661 31 38700 287 756
1734724 31 38700 287 756
1734790 31 38700 287 756
1734851 31 38700 287 756
1734911 31 38700 287 756
1734977 31 38700 287 756
1735040 31 38700 287 756
1735104 31 38700 287 756
1735170 31 38700 287 756
1735230 31 38700 287 756
1735291 31 38700 287 756
1735355 31 38700 287 756
1735415 31 38700 287 756
1735476 31 38700 287 756
1735542 31 38700 287 756
1735604 31 38700 287 756
1735664 31 38700 287 756
1735730 31 38700 287 756
1735800 31 38700 287 756
1735860 31 38700 287 756
1735927 31 38700 287 756
1735996 31 38700 287 756
1736056 31 38700 287 756
1736127 31 38700 287 756
1736191 31 38700 287 756
1736262 31 38700 287 756
1736322 31 38700 287 756
1736389 31 38700 287 756
1736451 31 38700 287 756
1736518 31 38700 287 756
1736583 31 38700 287 756
1736647 31 38700 287 756
1736708 31 38700 287 756
1736773 31 38700 287 756
1736836 31 38700 287 756
1736899 31 38700 287 756
1736963 31 38700 287 756
1737025 31 38700 287 756
1737088 31 38700 287 756
1737153 31 38700 287 756
1737217 31 38700 287 756
1737279 31 38700 287 756
1737342 31 38700 287 756
1737403 31 38700 287 756
1737464 31 38700 287 756
1737530 31 38700 287 756
1737592 31 38700 287 756
1737659 31 38700 287 756
1737721 31 38700 287 756
1737787 31 38700 287 756
1737856 31 38700 287 756
1737919 31 38700 287 756
1737984 31 38700 287 756
1738047 31 38700 287 756
1738108 31 38700 287 756
1738173 31 38700 287 756
1738233 31 38700 287 756
1738293 31 38700 287 756
1738357 31 38700 287 756
1738418 31 38700 287 756
1738484 31 38700 287 756
1738551 31 38700 287 756
1738614 31 38700 287 756
1738674 31 38700 287 756
1738739 31 38700 287 756
1738803 31 38700 287 756
1738864 31 38700 287 756
1738931 31 38700 287 756
1739002 31 38700 287 756
1739063 31 38700 287 756
1739129 31 38700 287 756
1739191 31 38700 287 756
1739254 31 38700 287 756
1739319 31 38700 287 756
1739381 31 38700 287 756
1739445 31 38700 287 756
1739510 31 38700 287 756
1739571 31 38700 287 756
1739633 31 38700 287 756
1739699 31 38700 287 756
1739760 31 38700 287 756
1740766 31 38700 287 756
1741768 31 38705 287 756
1742774 31 38710 287 756
1743775 31 38714 287 756
1744783 31 38764 287 756
1745786 31 38814 287 756
1746794 31 38864 287 756
1747799 31 38914 287 756
1748804 31 38966 287 756
1749810 31 39014 287 756
1750817 31 39063 287 756
1751823 31 39107 287 756
1752825 31 39152 287 756
1753827 31 39196 287 756
1754829 31 39246 287 756
1755840 31 39286 287 756
1756848 31 39325 287 756
1757857 31 39331 287 756
1758863 31 39348 287 756
1759868 31 39361 287 756
1760873 31 39374 287 756
1761873 31 39390 287 756
1762882 31 39418 287 756
1763887 31 39432 287 756
1764893 31 39446 287 756
1765369 31 39500 287 756
1765432 31 39500 287 756
1765502 31 39500 287 756
1765563 31 39500 287 756
1765630 31 39500 287 756
1765700 31 39500 287 756
1765761 31 39500 287 756
1765825 31 39500 287 756
1765896 31 39500 287 756
1765957 31 39500 287 756
1766022 31 39500 287 756
1766085 31 39500 287 756
1766148 31 39500 287 756
1766213 31 39500 287 756
1766274 31 39500 287 756
1766335 31 39500 287 756
1766401 31 39500 287 756
1766472 31 39500 287 756
1766532 31 39500 287 756
1766595 31 39500 287 756
1766655 31 39500 287 756
1766718 31 39500 287 756
1766782 31 39500 287 756
1766842 31 39500 287 756
1766903 31 39500 287 756
1766969 31 39500 287 756
1767029 31 39500 287 756
1767089 31 39500 287 756
1767155 31 39500 287 756
1767216 31 39500 287 756
1767287 31 39500 287 756
1767357 31 39500 287 756
1767419 31 39500 287 756
1767481 31 39500 287 756
1767542 31 39500 287 756
1767606 31 39500 287 756
1767666 31 39500 287 756
1767735 31 39500 287 756
1767802 31 39500 287 756
1767862 31 39500 287 756
1767933 31 39500 287 756
1767998 31 39500 287 756
1768062 31 39500 287 756
1768124 31 39500 287 756
1768191 31 39500 287 756
1768253 31 39500 287 756
1768314 31 39500 287 756
1768379 31 39500 287 756
1768439 31 39500 287 756
1768499 31 39500 287 756
1768564 31 39500 287 756
1768628 31 39500 287 756
1768689 31 39500 287 756
1768757 31 39500 287 756
1768819 31 39500 287 756
1768891 31 39500 287 756
1768952 31 39500 287 756
1769016 31 39500 287 756
1769076 31 39500 287 756
1769140 31 39500 287 756
1769202 31 39500 287 756
1769263 31 39500 287 756
1769329 31 39500 287 756
1769391 31 39500 287 756
1769452 31 39500 287 756
1769517 31 39500 287 756
1769588 31 39500 287 756
1769648 31 39500 287 756
1769709 31 39500 287 756
1769774 31 39500 287 756
1769834 31 39500 287 756
1769901 31 39500 287 756
1769965 31 39500 287 756
1770027 31 39500 287 756
1770090 31 39500 287 756
1770156 31 39500 287 756
1770218 31 39500 287 756
1770278 31 39500 287 756
1770345 31 39500 287 756
1770406 31 39500 287 756
1770477 31 39500 287 756
1770540 31 39500 287 756
1770604 31 39500 287 756
1770667 31 39500 287 756
1770733 31 39500 287 756
1770796 31 39500 287 756
1770866 31 39500 287 756
1770931 31 39500 287 756
1771000 31 39500 287 756
1771070 31 39500 287 756
1771130 31 39500 287 756
1771196 31 39500 287 756
1771259 31 39500 287 756
1771321 31 39500 287 756
1771385 31 39500 287 756
1771445 31 39500 287 756
1771505 31 39500 287 756
1771569 31 39500 287 756
1771631 31 39500 287 756
1771691 31 39500 287 756
1771756 31 39500 287 756
1771819 31 39500 287 756
1771882 31 39500 287 756
1771949 31 39500 287 756
1772012 31 39500 287 756
1772073 31 39500 287 756
1772139 31 39500 287 756
1772200 31 39500 287 756
1772260 31 39500 287 756
1772325 31 39500 287 756
1772390 31 39500 287 756
1772452 31 39500 287 756
1772517 31 39500 287 756
1772588 31 39500 287 756
1772657 31 39500 287 756
1772720 31 39500 287 756
1772791 31 39500 287 756
1772853 31 39500 287 756
1772919 31 39500 287 756
1772985 31 39500 287 756
1773047 31 39500 287 756
1773107 31 39500 287 756
1773173 31 39500 287 756
1773243 31 39500 287 756
1773304 31 39500 287 756
1773369 31 39500 287 756
1773440 31 39500 287 756
1773503 31 39500 287 756
1773570 31 39500 287 756
1773632 31 39500 287 756
1773693 31 39500 287 756
1773758 31 39500 287 756
1773820 31 39500 287 756
1773893 31 39500 287 756
1773962 31 39500 287 756
1774026 31 39500 287 756
1774128 31 39500 287 756
1774192 31 39500 287 756
1774254 31 39500 287 756
1774320 31 39500 287 756
1774381 31 39500 287 756
1774452 31 39500 287 756
1774515 31 39500 287 756
1774576 31 39500 287 756
1774645 31 39500 287 756
1774709 31 39500 287 756
1774770 31 39500 287 756
1774830 31 39500 287 756
1774895 31 39500 287 756
1774965 31 39500 287 756
1775025 31 39500 287 756
1775091 31 39500 287 756
1775151 31 39500 287 756
1775221 31 39500 287 756
1775282 31 39500 287 756
1775350 31 39500 287 756
1775412 31 39500 287 756
1775473 31 39500 287 756
1775539 31 39500 287 756
1775599 31 39500 287 756
1775663 31 39500 287 756
1775728 31 39500 287 756
1775789 31 39500 287 756
1775854 31 39500 287 756
1775918 31 39500 287 756
1775979 31 39500 287 756
1776046 31 39500 287 756
1776107 31 39500 287 756
1776167 31 39500 287 756
1776233 31 39500 287 756
1776294 31 39500 287 756
1776355 31 39500 287 756
1776422 31 39500 287 756
1776484 31 39500 287 756
1776545 31 39500 287 756
1776610 31 39500 287 756
1776682 31 39500 287 756
1776742 31 39500 287 756
1776805 31 39500 287 756
1776872 31 39500 287 756
1776934 31 39500 287 756
1776996 31 39500 287 756
1777060 31 39500 287 756
1777130 31 39500 287 756
1777191 31 39500 287 756
1777256 31 39500 287 756
1777319 31 39500 287 756
1777379 31 39500 287 756
1777447 31 39500 287 756
1778448 31 39500 287 756
1779451 31 39521 287 756
1780451 31 39531 287 756
1781454 31 39542 287 756
1782455 31 39548 287 756
1783462 31 39552 287 756
1784463 31 39554 287 756
1785471 31 39556 287 756
1786479 31 39562 287 756
1787489 31 39612 287 756
1788500 31 39662 287 756
1789505 31 39712 287 756
1790505 31 39762 287 756
1791507 31 39812 287 756
1792512 31 39862 287 756
1793512 31 39912 287 756
1794515 31 39962 287 756
1795517 31 40012 287 756
1796525 31 40062 287 756
1797525 31 40112 287 756
1798529 31 40162 287 756
1799533 31 40165 287 756
1800538 31 40215 287 756
1801538 31 40265 287 756
1802547 31 40315 287 756
1803012 31 40300 287 756
1803077 31 40300 287 756
1803141 31 40300 287 756
1803202 31 40300 287 756
1803264 31 40300 287 756
1803328 31 40300 287 756
1803395 31 40300 287 756
1803457 31 40300 287 756
1803521 31 40300 287 756
1803582 31 40300 287 756
1803644 31 40300 287 756
1803710 31 40300 287 756
1803771 31 40300 287 756
1803832 31 40300 287 756
1803897 31 40300 287 756
1803967 31 40300 287 756
1804029 31 40300 287 756
1804094 31 40300 287 756
1804156 31 40300 287 756
1804218 31 40300 287 756
1804284 31 40300 287 756
1804355 31 40300 287 756
1804415 31 40300 287 756
1804480 31 40300 287 756
1804543 31 40300 287 756
1804603 31 40300 287 756
1804668 31 40300 287 756
1804729 31 40300 287 756
1804789 31 40300 287 756
1804852 31 40300 287 756
1804914 31 40300 287 756
1804974 31 40300 287 756
1805041 31 40300 287 756
1805103 31 40300 287 756
1805165 31 40300 287 756
1805229 31 40300 287 756
1805292 31 40300 287 756
1805361 31 40300 287 756
1805426 31 40300 287 756
1805486 31 40300 287 756
1805554 31 40300 287 756
1805618 31 40300 287 756
1805682 31 40300 287 756
1805745 31 40300 287 756
1805807 31 40300 287 756
1805872 31 40300 287 756
1805934 31 40300 287 756
1805998 31 40300 287 756
1806060 31 40300 287 756
1806132 31 40300 287 756
1806203 31 40300 287 756
1806269 31 40300 287 756
1806330 31 40300 287 756
1806390 31 40300 287 756
1806453 31 40300 287 756
1806516 31 40300 287 756
1806586 31 40300 287 756
1806651 31 40300 287 756
1806719 31 40300 287 756
1806781 31 40300 287 756
1806845 31 40300 287 756
1806910 31 40300 287 756
1806972 31 40300 287 756
1807033 31 40300 287 756
1807099 31 40300 287 756
1807159 31 40300 287 756
1807220 31 40300 287 756
1807286 31 40300 287 756
1807346 31 40300 287 756
1807410 31 40300 287 756
1807473 31 40300 287 756
1807534 31 40300 287 756
1807598 31 40300 287 756
1807660 31 40300 287 756
1807724 31 40300 287 756
1807804 31 40300 287 756
1807866 31 40300 287 756
1807927 31 40300 287 756
1807989 31 40300 287 756
1808050 31 40300 287 756
1808117 31 40300 287 756
1808181 31 40300 287 756
1808244 31 40300 287 756
1808306 31 40300 287 756
1808369 31 40300 287 756
1808434 31 40300 287 756
1808494 31 40300 287 756
1808560 31 40300 287 756
1808622 31 40300 287 756
1808693 31 40300 287 756
1808754 31 40300 287 756
1808817 31 40300 287 756
1808881 31 40300 287 756
1808946 31 40300 287 756
1809016 31 40300 287 756
1809077 31 40300 287 756
1809138 31 40300 287 756
1809203 31 40300 287 756
1809265 31 40300 287 756
1809329 31 40300 287 756
1809394 31 40300 287 756
1809457 31 40300 287 756
1809517 31 40300 287 756
1809582 31 40300 287 756
1809642 31 40300 287 756
1809706 31 40300 287 756
1809769 31 40300 287 756
1809840 31 40300 287 756
1809901 31 40300 287 756
1809966 31 40300 287 756
1810027 31 40300 287 756
1810087 31 40300 287 756
1810152 31 40300 287 756
1810223 31 40300 287 756
1810294 31 40300 287 756
1810359 31 40300 287 756
1810421 31 40300 287 756
1810489 31 40300 287 756
1810554 31 40300 287 756
1810615 31 40300 287 756
1810677 31 40300 287 756
1810743 31 40300 287 756
1810805 31 40300 287 756
1810875 31 40300 287 756
1810936 31 40300 287 756
1811002 31 40300 287 756
1811062 31 40300 287 756
1811127 31 40300 287 756
1811189 31 40300 287 756
1811250 31 40300 287 756
1811315 31 40300 287 756
1811375 31 40300 287 756
1811435 31 40300 287 756
1811500 31 40300 287 756
1811560 31 40300 287 756
1811622 31 40300 287 756
1811687 31 40300 287 756
1811758 31 40300 287 756
1811828 31 40300 287 756
1811888 31 40300 287 756
1811953 31 40300 287 756
1812015 31 40300 287 756
1812076 31 40300 287 756
1812141 31 40300 287 756
1812212 31 40300 287 756
1812272 31 40300 287 756
1812337 31 40300 287 756
1812399 31 40300 287 756
1812459 31 40300 287 756
1812526 31 40300 287 756
1812587 31 40300 287 756
1812655 31 40300 287 756
1812720 31 40300 287 756
1812782 31 40300 287 756
1812852 31 40300 287 756
1812917 31 40300 287 756
1812979 31 40300 287 756
1813039 31 40300 287 756
1813105 31 40300 287 756
1813175 31 40300 287 756
1813237 31 40300 287 756
1813302 31 40300 287 756
1813364 31 40300 287 756
1813427 31 40300 287 756
1813491 31 40300 287 756
1813551 31 40300 287 756
1813612 31 40300 287 756
1813678 31 40300 287 756
1813738 31 40300 287 756
1813799 31 40300 287 756
1813865 31 40300 287 756
1813926 31 40300 287 756
1813991 31 40300 287 756
1814054 31 40300 287 756
1814115 31 40300 287 756
1814182 31 40300 287 756
1814244 31 40300 287 756
1814312 31 40300 287 756
1814372 31 40300 287 756
1814435 31 40300 287 756
1814501 31 40300 287 756
1814562 31 40300 287 756
1814624 31 40300 287 756
1814686 31 40300 287 756
1814748 31 40300 287 756
1814812 31 40300 287 756
1814883 31 40300 287 756
1814947 31 40300 287 756
1815008 31 40300 287 756
1815073 31 40300 287 756
1815134 31 40300 287 756
1815204 31 40300 287 756
1815269 31 40300 287 756
1816270 31 40300 287 756
1817278 31 40350 287 756
1818281 31 40400 287 756
1819285 31 40450 287 756
1820290 31 40500 287 756
1821294 31 40550 287 756
1822296 31 40557 287 756
1823301 31 40607 287 756
1824303 31 40657 287 756
1825313 31 40707 287 756
1826322 31 40757 287 756
1827326 31 40807 287 756
1828332 31 40857 287 756
1829341 31 40907 287 756
1830343 31 40957 287 756
1831352 31 41007 287 756
1832360 31 41057 287 756
1833368 31 41059 287 756
1834374 31 41109 287 756
1835383 31 41159 287 756
1836385 31 41167 287 756
1837393 31 41177 287 756
1838397 31 41186 287 756
1839398 31 41191 287 756
1840405 31 41192 287 756
1841410 31 41202 287 756
1842410 31 41208 287 756
1843412 31 41211 287 756
1844418 31 41222 287 756
1845427 31 41227 287 756
1846434 31 41228 287 756
1847446 31 41278 287 756
1848452 31 41328 287 756
1849454 31 41384 287 756
1850459 31 41444 287 756
1851459 31 41501 287 756
1852464 31 41554 287 756
1853465 31 41602 287 756
1854470 31 41662 287 756
1855473 31 41719 287 756
1856480 31 41769 287 756
1857486 31 41819 287 756
1858492 31 41869 287 756
1859497 31 41919 287 756
1860502 31 41969 287 756
1861503 31 42019 287 756
1862503 31 42069 287 756
1863504 31 42119 287 756
1864514 31 42169 287 756
1865514 31 42198 287 756
1866523 31 42223 287 756
1867523 31 42263 287 756
1868533 31 42295 287 756
1869534 31 42328 287 756
1870537 31 42358 287 756
1871542 31 42389 287 756
1872549 31 42421 287 756
1873553 31 42453 287 756
1874554 31 42478 287 756
1875563 31 42496 287 756
1876567 31 42514 287 756
1877571 31 42558 287 756
1878571 31 42589 287 756
1879573 31 42616 287 756
1880582 31 42643 287 756
1881593 31 42666 287 756
1882598 31 42689 287 756
1883609 31 42700 287 756
1884609 31 42706 287 756
1885612 31 42756 287 756
1886621 31 42806 287 756
1887630 31 42856 287 756
1888635 31 42906 287 756
1889636 31 42956 287 756
1890638 31 43006 287 756
1891643 31 43056 287 756
1892317 31 43100 287 756
1892378 31 43100 287 756
1892442 31 43100 287 756
1892502 31 43100 287 756
1892563 31 43100 287 756
1892628 31 43100 287 756
1892689 31 43100 287 756
1892758 31 43100 287 756
1892823 31 43100 287 756
1892884 31 43100 287 756
1892953 31 43100 287 756
1893020 31 43100 287 756
1893088 31 43100 287 756
1893149 31 43100 287 756
1893213 31 43100 287 756
1893285 31 43100 287 756
1893345 31 43100 287 756
1893406 31 43100 287 756
1893472 31 43100 287 756
1893539 31 43100 287 756
1893599 31 43100 287 756
1893664 31 43100 287 756
1893725 31 43100 287 756
1893786 31 43100 287 756
1893850 31 43100 287 756
1893912 31 43100 287 756
1893973 31 43100 287 756
1894038 31 43100 287 756
1894108 31 43100 287 756
1894168 31 43100 287 756
1894233 31 43100 287 756
1894295 31 43100 287 756
1894364 31 43100 287 756
1894430 31 43100 287 756
1894491 31 43100 287 756
1894561 31 43100 287 756
1894625 31 43100 287 756
1894689 31 43100 287 756
1894752 31 43100 287 756
1894817 31 43100 287 756
1894878 31 43100 287 756
1894949 31 43100 287 756
1895010 31 43100 287 756
1895075 31 43100 287 756
1895143 31 43100 287 756
1895205 31 43100 287 756
1895271 31 43100 287 756
1895331 31 43100 287 756
1895402 31 43100 287 756
1895466 31 43100 287 756
1895527 31 43100 287 756
1895590 31 43100 287 756
1895655 31 43100 287 756
1895715 31 43100 287 756
1895776 31 43100 287 756
1895841 31 43100 287 756
1895901 31 43100 287 756
1895962 31 43100 287 756
1896029 31 43100 287 756
1896099 31 43100 287 756
1896160 31 43100 287 756
1896225 31 43100 287 756
1896297 31 43100 287 756
1896363 31 43100 287 756
1896433 31 43100 287 756
1896498 31 43100 287 756
1896559 31 43100 287 756
1896619 31 43100 287 756
1896685 31 43100 287 756
1896746 31 43100 287 756
1896819 31 43100 287 756
1896883 31 43100 287 756
1896954 31 43100 287 756
1897015 31 43100 287 756
1897080 31 43100 287 756
1897143 31 43100 287 756
1897213 31 43100 287 756
1897273 31 43100 287 756
1897338 31 43100 287 756
1897400 31 43100 287 756
1897461 31 43100 287 756
1897523 31 43100 287 756
1897584 31 43100 287 756
1897651 31 43100 287 756
1897720 31 43100 287 756
1897787 31 43100 287 756
1897848 31 43100 287 756
1897914 31 43100 287 756
1897983 31 43100 287 756
1898052 31 43100 287 756
1898114 31 43100 287 756
1898177 31 43100 287 756
1898250 31 43100 287 756
1898318 31 43100 287 756
1898385 31 43100 287 756
1898456 31 43100 287 756
1898516 31 43100 287 756
1898581 31 43100 287 756
1898643 31 43100 287 756
1898710 31 43100 287 756
1898771 31 43100 287 756
1898837 31 43100 287 756
1898907 31 43100 287 756
1898976 31 43100 287 756
1899037 31 43100 287 756
1899097 31 43100 287 756
1899157 31 43100 287 756
1899223 31 43100 287 756
1899293 31 43100 287 756
1899354 31 43100 287 756
1899418 31 43100 287 756
1899480 31 43100 287 756
1899541 31 43100 287 756
1899605 31 43100 287 756
1899667 31 43100 287 756
1899727 31 43100 287 756
1899793 31 43100 287 756
1899855 31 43100 287 756
1899925 31 43100 287 756
1899992 31 43100 287 756
1900063 31 43100 287 756
1900123 31 43100 287 756
1900183 31 43100 287 756
1900250 31 43100 287 756
1900311 31 43100 287 756
1900374 31 43100 287 756
1900440 31 43100 287 756
1900501 31 43100 287 756
1900565 31 43100 287 756
1900626 31 43100 287 756
1900687 31 43100 287 756
1900753 31 43100 287 756
1900814 31 43100 287 756
1900875 31 43100 287 756
1900939 31 43100 287 756
1900999 31 43100 287 756
1901069 31 43100 287 756
1901132 31 43100 287 756
1901195 31 43100 287 756
1901259 31 43100 287 756
1901325 31 43100 287 756
1901389 31 43100 287 756
1901459 31 43100 287 756
1901530 31 43100 287 756
1901591 31 43100 287 756
1901656 31 43100 287 756
1901718 31 43100 287 756
1901780 31 43100 287 756
1901845 31 43100 287 756
1901915 31 43100 287 756
1901979 31 43100 287 756
1902044 31 43100 287 756
1902105 31 43100 287 756
1902167 31 43100 287 756
1902231 31 43100 287 756
1902292 31 43100 287 756
1902355 31 43100 287 756
1902420 31 43100 287 756
1902480 31 43100 287 756
1902550 31 43100 287 756
1902616 31 43100 287 756
1902683 31 43100 287 756
1902753 31 43100 287 756
1902818 31 43100 287 756
1902882 31 43100 287 756
1902953 31 43100 287 756
1903013 31 43100 287 756
1903077 31 43100 287 756
1903139 31 43100 287 756
1903201 31 43100 287 756
1903267 31 43100 287 756
1903329 31 43100 287 756
1903390 31 43100 287 756
1903456 31 43100 287 756
1903518 31 43100 287 756
1903578 31 43100 287 756
1903643 31 43100 287 756
1903708 31 43100 287 756
1903776 31 43100 287 756
1903836 31 43100 287 756
1903901 31 43100 287 756
1903961 31 43100 287 756
1904023 31 43100 287 756
1904090 31 43100 287 756
1904150 31 43100 287 756
1904212 31 43100 287 756
1904278 31 43100 287 756
1904340 31 43100 287 756
1904410 31 43100 287 756
1904475 31 43100 287 756
1905476 31 43100 287 756
1906487 31 43150 287 756
1907490 31 43200 287 756
1908500 31 43250 287 756
1909502 31 43300 287 756
1910503 31 43350 287 756
1911508 31 43400 287 756
1912513 31 43450 287 756
1913522 31 43500 287 756
1914524 31 43550 287 756
1915529 31 43600 287 756
1916530 31 43650 287 756
1917534 31 43700 287 756
1918535 31 43750 287 756
1919542 31 43800 287 756
1920550 31 43850 287 756
1921553 31 43852 287 756
1922564 31 43856 287 756
1922805 31 43900 287 756
1922873 31 43900 287 756
1922935 31 43900 287 756
1922996 31 43900 287 756
1923058 31 43900 287 756
1923118 31 43900 287 756
1923179 31 43900 287 756
1923245 31 43900 287 756
1923307 31 43900 287 756
1923377 31 43900 287 756
1923443 31 43900 287 756
1923506 31 43900 287 756
1923609 31 43900 287 756
1923674 31 43900 287 756
1923734 31 43900 287 756
1923805 31 43900 287 756
1923865 31 43900 287 756
1923930 31 43900 287 756
1924000 31 43900 287 756
1924061 31 43900 287 756
1924122 31 43900 287 756
1924185 31 43900 287 756
1924247 31 43900 287 756
1924310 31 43900 287 756
1924377 31 43900 287 756
1924441 31 43900 287 756
1924511 31 43900 287 756
1924574 31 43900 287 756
1924642 31 43900 287 756
1924714 31 43900 287 756
1924778 31 43900 287 756
1924839 31 43900 287 756
1924903 31 43900 287 756
1924963 31 43900 287 756
1925023 31 43900 287 756
1925087 31 43900 287 756
1925148 31 43900 287 756
1925216 31 43900 287 756
1925276 31 43900 287 756
1925344 31 43900 287 756
1925421 31 43900 287 756
1925483 31 43900 287 756
1925548 31 43900 287 756
1925610 31 43900 287 756
1925671 31 43900 287 756
1925756 31 43900 287 756
1925819 31 43900 287 756
1925897 31 43900 287 756
1925963 31 43900 287 756
1926025 31 43900 287 756
1926148 31 43900 287 756
1926209 31 43900 287 756
1926281 31 43900 287 756
1926344 31 43900 287 756
1926411 31 43900 287 756
1926471 31 43900 287 756
1926534 31 43900 287 756
1926597 31 43900 287 756
1926660 31 43900 287 756
1926723 31 43900 287 756
1926786 31 43900 287 756
1926847 31 43900 287 756
1926908 31 43900 287 756
1926972 31 43900 287 756
1927033 31 43900 287 756
1927104 31 43900 287 756
1927168 31 43900 287 756
1927228 31 43900 287 756
1927292 31 43900 287 756
1927356 31 43900 287 756
1927417 31 43900 287 756
1927480 31 43900 287 756
1927547 31 43900 287 756
1927610 31 43900 287 756
1927670 31 43900 287 756
1927734 31 43900 287 756
1927796 31 43900 287 756
1927862 31 43900 287 756
1927928 31 43900 287 756
1927991 31 43900 287 756
1928054 31 43900 287 756
1928119 31 43900 287 756
1928182 31 43900 287 756
1928242 31 43900 287 756
1928307 31 43900 287 756
1928369 31 43900 287 756
1928429 31 43900 287 756
1928494 31 43900 287 756
1928554 31 43900 287 756
1928622 31 43900 287 756
1928691 31 43900 287 756
1928753 31 43900 287 756
1928815 31 43900 287 756
1928879 31 43900 287 756
1928939 31 43900 287 756
1928999 31 43900 287 756
1929065 31 43900 287 756
1929125 31 43900 287 756
1929197 31 43900 287 756
1929262 31 43900 287 756
1929325 31 43900 287 756
1929396 31 43900 287 756
1929457 31 43900 287 756
1929524 31 43900 287 756
1929584 31 43900 287 756
1929645 31 43900 287 756
1929709 31 43900 287 756
1929770 31 43900 287 756
1929834 31 43900 287 756
1929896 31 43900 287 756
1929959 31 43900 287 756
1930025 31 43900 287 756
1930086 31 43900 287 756
1930149 31 43900 287 756
1930215 31 43900 287 756
1930285 31 43900 287 756
1930347 31 43900 287 756
1930417 31 43900 287 756
1930482 31 43900 287 756
1930542 31 43900 287 756
1930611 31 43900 287 756
1930678 31 43900 287 756
1930739 31 43900 287 756
1930801 31 43900 287 756
1930865 31 43900 287 756
1930927 31 43900 287 756
1930989 31 43900 287 756
1931054 31 43900 287 756
1931115 31 43900 287 756
1931177 31 43900 287 756
1931242 31 43900 287 756
1931303 31 43900 287 756
1931374 31 43900 287 756
1931441 31 43900 287 756
1931501 31 43900 287 756
1931561 31 43900 287 756
1931628 31 43900 287 756
1931699 31 43900 287 756
1931760 31 43900 287 756
1931820 31 43900 287 756
1931885 31 43900 287 756
1931947 31 43900 287 756
1932008 31 43900 287 756
1932071 31 43900 287 756
1932144 31 43900 287 756
1932205 31 43900 287 756
1932270 31 43900 287 756
1932331 31 43900 287 756
1932394 31 43900 287 756
1932461 31 43900 287 756
1932532 31 43900 287 756
1932594 31 43900 287 756
1932659 31 43900 287 756
1932720 31 43900 287 756
1932782 31 43900 287 756
1932847 31 43900 287 756
1932907 31 43900 287 756
1932976 31 43900 287 756
1933041 31 43900 287 756
1933101 31 43900 287 756
1933163 31 43900 287 756
1933228 31 43900 287 756
1933288 31 43900 287 756
1933348 31 43900 287 756
1933415 31 43900 287 756
1933487 31 43900 287 756
1933555 31 43900 287 756
1933617 31 43900 287 756
1933683 31 43900 287 756
1933753 31 43900 287 756
1933816 31 43900 287 756
1933883 31 43900 287 756
1933946 31 43900 287 756
1934016 31 43900 287 756
1934082 31 43900 287 756
1934144 31 43900 287 756
1934211 31 43900 287 756
1934273 31 43900 287 756
1934335 31 43900 287 756
1934397 31 43900 287 756
1934466 31 43900 287 756
1934530 31 43900 287 756
1934593 31 43900 287 756
1934655 31 43900 287 756
1934721 31 43900 287 756
1934781 31 43900 287 756
1934852 31 43900 287 756
1934919 31 43900 287 756
1935927 31 43900 287 756
1936937 31 43902 287 756
1937945 31 43952 287 756
1938948 31 44002 287 756
1939953 31 44052 287 756
1940955 31 44102 287 756
1941957 31 44152 287 756
1942967 31 44202 287 756
1943973 31 44252 287 756
1944978 31 44302 287 756
1945979 31 44352 287 756
1946984 31 44402 287 756
1947992 31 44452 287 756
1948994 31 44502 287 756
1949994 31 44552 287 756
1950998 31 44602 287 756
1952009 31 44652 287 756
1953010 31 44702 287 756
1954010 31 44752 287 756
1955010 31 44802 287 756
1956016 31 44852 287 756
1957017 31 44902 287 756
1958026 31 44952 287 756
1959031 31 45002 287 756
1960033 31 45052 287 756
1961035 31 45102 287 756
1962046 31 45152 287 756
1963046 31 45202 287 756
1964055 31 45252 287 756
1965058 31 45302 287 756
1966058 31 45352 287 756
1967065 31 45402 287 756
1967674 32 45500 287 756
1967745 32 45500 287 756
1967814 32 45500 287 756
1967874 32 45500 287 756
1967938 32 45500 287 756
1968009 32 45500 287 756
1968075 32 45500 287 756
1968140 32 45500 287 756
1968200 32 45500 287 756
1968260 32 45500 287 756
1968325 32 45500 287 756
1968395 32 45500 287 756
1968456 32 45500 287 756
1968517 32 45500 287 756
1968583 32 45500 287 756
1968652 32 45500 287 756
1968713 32 45500 287 756
1968776 32 45500 287 756
1968846 32 45500 287 756
1968907 32 45500 287 756
1968973 32 45500 287 756
1969034 32 45500 287 756
1969104 32 45500 287 756
1969170 32 45500 287 756
1969241 32 45500 287 756
1969301 32 45500 287 756
1969364 32 45500 287 756
1969428 32 45500 287 756
1969496 32 45500 287 756
1969557 32 45500 287 756
1969622 32 45500 287 756
1969692 32 45500 287 756
1969752 32 45500 287 756
1969817 32 45500 287 756
1969879 32 45500 287 756
1969947 32 45500 287 756
1970015 32 45500 287 756
1970083 32 45500 287 756
1970144 32 45500 287 756
1970210 32 45500 287 756
1970272 32 45500 287 756
1970334 32 45500 287 756
1970399 32 45500 287 756
1970469 32 45500 287 756
1970541 32 45500 287 756
1970601 32 45500 287 756
1970665 32 45500 287 756
1970727 32 45500 287 756
1970789 32 45500 287 756
1970854 32 45500 287 756
1970924 32 45500 287 756
1970995 32 45500 287 756
1971061 32 45500 287 756
1971121 32 45500 287 756
1971181 32 45500 287 756
1971247 32 45500 287 756
1971308 32 45500 287 756
1971380 32 45500 287 756
1971441 32 45500 287 756
1971503 32 45500 287 756
1971564 32 45500 287 756
1971627 32 45500 287 756
1971698 32 45500 287 756
1971767 32 45500 287 756
1971828 32 45500 287 756
1971892 32 45500 287 756
1971954 32 45500 287 756
1972023 32 45500 287 756
1972086 32 45500 287 756
1972148 32 45500 287 756
1972208 32 45500 287 756
1972272 32 45500 287 756
1972342 32 45500 287 756
1972412 32 45500 287 756
1972473 32 45500 287 756
1972539 32 45500 287 756
1972611 32 45500 287 756
1972680 32 45500 287 756
1972744 32 45500 287 756
1972804 32 45500 287 756
1972866 32 45500 287 756
1972933 32 45500 287 756
1973001 32 45500 287 756
1973061 32 45500 287 756
1973125 32 45500 287 756
1973186 32 45500 287 756
1973246 32 45500 287 756
1973311 32 45500 287 756
1973371 32 45500 287 756
1973432 32 45500 287 756
1973498 32 45500 287 756
1973560 32 45500 287 756
1973626 32 45500 287 756
1973690 32 45500 287 756
1973752 32 45500 287 756
1973823 32 45500 287 756
1973884 32 45500 287 756
1973951 32 45500 287 756
1974019 32 45500 287 756
1974079 32 45500 287 756
1974146 32 45500 287 756
1974206 32 45500 287 756
1974266 32 45500 287 756
1974332 32 45500 287 756
1974400 32 45500 287 756
1974462 32 45500 287 756
1974527 32 45500 287 756
1974597 32 45500 287 756
1974668 32 45500 287 756
1974738 32 45500 287 756
1974804 32 45500 287 756
1974887 32 45500 287 756
1974954 32 45500 287 756
1975017 32 45500 287 756
1975084 32 45500 287 756
1975145 32 45500 287 756
1975209 32 45500 287 756
1975271 32 45500 287 756
1975331 32 45500 287 756
1975392 32 45500 287 756
1975455 32 45500 287 756
1975516 32 45500 287 756
1975585 32 45500 287 756
1975652 32 45500 287 756
1975712 32 45500 287 756
1975782 32 45500 287 756
1975846 32 45500 287 756
1975911 32 45500 287 756
1975973 32 45500 287 756
1976034 32 45500 287 756
1976102 32 45500 287 756
1976168 32 45500 287 756
1976228 32 45500 287 756
1976295 32 45500 287 756
1976365 32 45500 287 756
1976425 32 45500 287 756
1976490 32 45500 287 756
1976553 32 45500 287 756
1976622 32 45500 287 756
1976689 32 45500 287 756
1976750 32 45500 287 756
1976810 32 45500 287 756
1976876 32 45500 287 756
1976938 32 45500 287 756
1976998 32 45500 287 756
1977062 32 45500 287 756
1977123 32 45500 287 756
1977191 32 45500 287 756
1977256 32 45500 287 756
1977326 32 45500 287 756
1977387 32 45500 287 756
1977458 32 45500 287 756
1977523 32 45500 287 756
1977583 32 45500 287 756
1977643 32 45500 287 756
1977708 32 45500 287 756
1977779 32 45500 287 756
1977850 32 45500 287 756
1977913 32 45500 287 756
1977975 32 45500 287 756
1978036 32 45500 287 756
1978102 32 45500 287 756
1978164 32 45500 287 756
1978236 32 45500 287 756
1978296 32 45500 287 756
1978357 32 45500 287 756
1978419 32 45500 287 756
1978483 32 45500 287 756
1978543 32 45500 287 756
1978603 32 45500 287 756
1978667 32 45500 287 756
1978737 32 45500 287 756
1978805 32 45500 287 756
1978866 32 45500 287 756
1978931 32 45500 287 756
1978991 32 45500 287 756
1979061 32 45500 287 756
1979128 32 45500 287 756
1979191 32 45500 287 756
1979259 32 45500 287 756
1979324 32 45500 287 756
1979385 32 45500 287 756
1979445 32 45500 287 756
1979511 32 45500 287 756
1979572 32 45500 287 756
1979642 32 45500 287 756
1979702 32 45500 287 756
1979767 32 45500 287 756
1979827 32 45500 287 756
1979892 32 45500 287 756
1979953 32 45500 287 756
1980013 32 45500 287 756
1981015 32 45500 287 756
1982015 32 45550 287 756
1983017 32 45600 287 756
1984021 32 45650 287 756
1985030 32 45700 287 756
1986038 32 45750 287 756
1987042 32 45800 287 756
1988044 32 45850 287 756
1989051 32 45900 287 756
1990054 32 45950 287 756
1991061 32 46000 287 756
1992067 32 46050 287 756
1993077 32 46100 287 756
1993695 33 46300 287 756
1993759 33 46300 287 756
1993830 33 46300 287 756
1993891 33 46300 287 756
1993957 33 46300 287 756
1994019 33 46300 287 756
1994079 33 46300 287 756
1994144 33 46300 287 756
1994212 33 46300 287 756
1994273 33 46300 287 756
1994340 33 46300 287 756
1994401 33 46300 287 756
1994462 33 46300 287 756
1994527 33 46300 287 756
1994591 33 46300 287 756
1994651 33 46300 287 756
1994717 33 46300 287 756
1994786 33 46300 287 756
1994855 33 46300 287 756
1994921 33 46300 287 756
1994981 33 46300 287 756
1995043 33 46300 287 756
1995107 33 46300 287 756
1995167 33 46300 287 756
1995228 33 46300 287 756
1995293 33 46300 287 756
1995364 33 46300 287 756
1995427 33 46300 287 756
1995490 33 46300 287 756
1995552 33 46300 287 756
1995613 33 46300 287 756
1995678 33 46300 287 756
1995739 33 46300 287 756
1995800 33 46300 287 756
1995865 33 46300 287 756
1995926 33 46300 287 756
1995996 33 46300 287 756
1996058 33 46300 287 756
1996122 33 46300 287 756
1996183 33 46300 287 756
1996248 33 46300 287 756
1996319 33 46300 287 756
1996379 33 46300 287 756
1996439 33 46300 287 756
1996505 33 46300 287 756
1996568 33 46300 287 756
1996629 33 46300 287 756
1996695 33 46300 287 756
1996759 33 46300 287 756
1996819 33 46300 287 756
1996882 33 46300 287 756
1996942 33 46300 287 756
1997007 33 46300 287 756
1997069 33 46300 287 756
1997129 33 46300 287 756
1997196 33 46300 287 756
1997267 33 46300 287 756
1997328 33 46300 287 756
1997398 33 46300 287 756
1997462 33 46300 287 756
1997532 33 46300 287 756
1997592 33 46300 287 756
1997658 33 46300 287 756
1997728 33 46300 287 756
1997789 33 46300 287 756
1997855 33 46300 287 756
1997916 33 46300 287 756
1997987 33 46300 287 756
1998056 33 46300 287 756
1998120 33 46300 287 756
1998180 33 46300 287 756
1998250 33 46300 287 756
1998315 33 46300 287 756
1998376 33 46300 287 756
1998436 33 46300 287 756
1998501 33 46300 287 756
1998571 33 46300 287 756
1998643 33 46300 287 756
1998715 33 46300 287 756
1998780 33 46300 287 756
1998840 33 46300 287 756
1998900 33 46300 287 756
1998967 33 46300 287 756
1999028 33 46300 287 756
1999099 33 46300 287 756
1999161 33 46300 287 756
1999222 33 46300 287 756
1999284 33 46300 287 756
1999350 33 46300 287 756
1999410 33 46300 287 756
1999470 33 46300 287 756
1999537 33 46300 287 756
1999597 33 46300 287 756
1999657 33 46300 287 756
1999726 33 46300 287 756
1999787 33 46300 287 756
1999848 33 46300 287 756
1999914 33 46300 287 756
1999975 33 46300 287 756
2000044 33 46300 287 756
2000108 33 46300 287 756
2000168 33 46300 287 756
2000228 33 46300 287 756
2000295 33 46300 287 756
2000356 33 46300 287 756
2000418 33 46300 287 756
2000483 33 46300 287 756
2000550 33 46300 287 756
2000614 33 46300 287 756
2000680 33 46300 287 756
2000741 33 46300 287 756
2000802 33 46300 287 756
2000866 33 46300 287 756
2000935 33 46300 287 756
2001003 33 46300 287 756
2001064 33 46300 287 756
2001129 33 46300 287 756
2001200 33 46300 287 756
2001260 33 46300 287 756
2001326 33 46300 287 756
2001388 33 46300 287 756
2001457 33 46300 287 756
2001522 33 46300 287 756
2001582 33 46300 287 756
2001642 33 46300 287 756
2001706 33 46300 287 756
2001769 33 46300 287 756
2001829 33 46300 287 756
2001896 33 46300 287 756
2001967 33 46300 287 756
2002027 33 46300 287 756
2002093 33 46300 287 756
2002155 33 46300 287 756
2002216 33 46300 287 756
2002282 33 46300 287 756
2002343 33 46300 287 756
2002403 33 46300 287 756
2002469 33 46300 287 756
2002531 33 46300 287 756
2002599 33 46300 287 756
2002664 33 46300 287 756
2002724 33 46300 287 756
2002794 33 46300 287 756
2002859 33 46300 287 756
2002920 33 46300 287 756
2002981 33 46300 287 756
2003050 33 46300 287 756
2003120 33 46300 287 756
2003180 33 46300 287 756
2003241 33 46300 287 756
2003306 33 46300 287 756
2003374 33 46300 287 756
2003437 33 46300 287 756
2003500 33 46300 287 756
2003573 33 46300 287 756
2003642 33 46300 287 756
2003707 33 46300 287 756
2003778 33 46300 287 756
2003848 33 46300 287 756
2003910 33 46300 287 756
2003974 33 46300 287 756
2004036 33 46300 287 756
2004101 33 46300 287 756
2004170 33 46300 287 756
2004231 33 46300 287 756
2004293 33 46300 287 756
2004357 33 46300 287 756
2004421 33 46300 287 756
2004482 33 46300 287 756
2004546 33 46300 287 756
2004606 33 46300 287 756
2004668 33 46300 287 756
2004734 33 46300 287 756
2004804 33 46300 287 756
2004865 33 46300 287 756
2004930 33 46300 287 756
2004993 33 46300 287 756
2005054 33 46300 287 756
2005119 33 46300 287 756
2005180 33 46300 287 756
2005249 33 46300 287 756
2005315 33 46300 287 756
2005385 33 46300 287 756
2005454 33 46300 287 756
2005522 33 46300 287 756
2005587 33 46300 287 756
2005651 33 46300 287 756
2005717 33 46300 287 756
2005783 33 46300 287 756
2005854 33 46300 287 756
2005922 33 46300 287 756
2005985 33 46300 287 756
2006050 33 46300 287 756
2006119 33 46300 287 756
2006187 33 46300 287 756
2006249 33 46300 287 756
2006311 33 46300 287 756
2007317 33 46300 287 756
2008328 33 46350 287 756
2009336 33 46400 287 756
2009915 34 46300 287 756
