# header: write what you want on lines starting with #
# Total ACTIVE Pulses, # breakdowns, amp_set, index (point on pulse / power curve) , pulse length
# the init of this file could be 1 0 500 0 3500, 2 0 500 0 3500, etc
531 0 709 7 756
629927 1 19500 287 756
649134 2 19900 287 756
663617 3 19900 287 756
675254 4 19900 287 756
685220 5 19900 287 756
701197 6 19900 287 756
716534 7 19900 287 756
727172 8 19900 287 756
743893 9 20300 287 756
809136 10 22300 287 756
850907 11 23100 287 756
858412 11 23100 287 756
858472 11 23100 287 756
858532 11 23100 287 756
858599 11 23100 287 756
858670 11 23100 287 756
858737 11 23100 287 756
858798 11 23100 287 756
858859 11 23100 287 756
858919 11 23100 287 756
858985 11 23100 287 756
859045 11 23100 287 756
859105 11 23100 287 756
859168 11 23100 287 756
859236 11 23100 287 756
859300 11 23100 287 756
859365 11 23100 287 756
859426 11 23100 287 756
859497 11 23100 287 756
859558 11 23100 287 756
859621 11 23100 287 756
859684 11 23100 287 756
859749 11 23100 287 756
859818 11 23100 287 756
859879 11 23100 287 756
859940 11 23100 287 756
860001 11 23100 287 756
860062 11 23100 287 756
860122 11 23100 287 756
860188 11 23100 287 756
860249 11 23100 287 756
860309 11 23100 287 756
860508 11 23100 287 756
860578 11 23100 287 756
860640 11 23100 287 756
860700 11 23100 287 756
860761 11 23100 287 756
860826 11 23100 287 756
860892 11 23100 287 756
860953 11 23100 287 756
861016 11 23100 287 756
861080 11 23100 287 756
861143 11 23100 287 756
861212 11 23100 287 756
861279 11 23100 287 756
861342 11 23100 287 756
861405 11 23100 287 756
861475 11 23100 287 756
861541 11 23100 287 756
861605 11 23100 287 756
861675 11 23100 287 756
861736 11 23100 287 756
861799 11 23100 287 756
861859 11 23100 287 756
861928 11 23100 287 756
861993 11 23100 287 756
862054 11 23100 287 756
862114 11 23100 287 756
862179 11 23100 287 756
862243 11 23100 287 756
862314 11 23100 287 756
862376 11 23100 287 756
862440 11 23100 287 756
862505 11 23100 287 756
862569 11 23100 287 756
862632 11 23100 287 756
862701 11 23100 287 756
862770 11 23100 287 756
862835 11 23100 287 756
862903 11 23100 287 756
862972 11 23100 287 756
863039 11 23100 287 756
863106 11 23100 287 756
863174 11 23100 287 756
863243 11 23100 287 756
863303 11 23100 287 756
863368 11 23100 287 756
863435 11 23100 287 756
863497 11 23100 287 756
863562 11 23100 287 756
863622 11 23100 287 756
863690 11 23100 287 756
863756 11 23100 287 756
863822 11 23100 287 756
863885 11 23100 287 756
863950 11 23100 287 756
864011 11 23100 287 756
864074 11 23100 287 756
864145 11 23100 287 756
864208 11 23100 287 756
864271 11 23100 287 756
864338 11 23100 287 756
864408 11 23100 287 756
864473 11 23100 287 756
864541 11 23100 287 756
864601 11 23100 287 756
864667 11 23100 287 756
864730 11 23100 287 756
864803 11 23100 287 756
864871 11 23100 287 756
864936 11 23100 287 756
864998 11 23100 287 756
865062 11 23100 287 756
865129 11 23100 287 756
865192 11 23100 287 756
865255 11 23100 287 756
865325 11 23100 287 756
865387 11 23100 287 756
865451 11 23100 287 756
865522 11 23100 287 756
865590 11 23100 287 756
865650 11 23100 287 756
865717 11 23100 287 756
865779 11 23100 287 756
865844 11 23100 287 756
865909 11 23100 287 756
865972 11 23100 287 756
866039 11 23100 287 756
866099 11 23100 287 756
866164 11 23100 287 756
866226 11 23100 287 756
866288 11 23100 287 756
866350 11 23100 287 756
866414 11 23100 287 756
866476 11 23100 287 756
866539 11 23100 287 756
866603 11 23100 287 756
866668 11 23100 287 756
866729 11 23100 287 756
866796 11 23100 287 756
866867 11 23100 287 756
866931 11 23100 287 756
867001 11 23100 287 756
867066 11 23100 287 756
867131 11 23100 287 756
867199 11 23100 287 756
867268 11 23100 287 756
867332 11 23100 287 756
867397 11 23100 287 756
867457 11 23100 287 756
867527 11 23100 287 756
867593 11 23100 287 756
867661 11 23100 287 756
867730 11 23100 287 756
867793 11 23100 287 756
867863 11 23100 287 756
867925 11 23100 287 756
867992 11 23100 287 756
868057 11 23100 287 756
868125 11 23100 287 756
868197 11 23100 287 756
868257 11 23100 287 756
868319 11 23100 287 756
868385 11 23100 287 756
868446 11 23100 287 756
868509 11 23100 287 756
868574 11 23100 287 756
868640 11 23100 287 756
868702 11 23100 287 756
868765 11 23100 287 756
868827 11 23100 287 756
868891 11 23100 287 756
868953 11 23100 287 756
869018 11 23100 287 756
869078 11 23100 287 756
869150 11 23100 287 756
869211 11 23100 287 756
869277 11 23100 287 756
869342 11 23100 287 756
869407 11 23100 287 756
869468 11 23100 287 756
869529 11 23100 287 756
869595 11 23100 287 756
869656 11 23100 287 756
869720 11 23100 287 756
869784 11 23100 287 756
869849 11 23100 287 756
869918 11 23100 287 756
869981 11 23100 287 756
870048 11 23100 287 756
870112 11 23100 287 756
870178 11 23100 287 756
870239 11 23100 287 756
870300 11 23100 287 756
870360 11 23100 287 756
870428 11 23100 287 756
870493 11 23100 287 756
870559 11 23100 287 756
870625 11 23100 287 756
870691 11 23100 287 756
870752 11 23100 287 756
871762 11 23100 287 756
872762 11 23150 287 756
873768 11 23200 287 756
874776 11 23250 287 756
875784 11 23300 287 756
876790 11 23350 287 756
877804 11 23419 287 756
878805 11 23488 287 756
879813 11 23568 287 756
880818 11 23654 287 756
881822 11 23743 287 756
882830 11 23770 287 756
883834 11 23794 287 756
884842 11 23816 287 756
885847 11 23844 287 756
886855 11 23873 287 756
887864 11 23895 287 756
888866 11 23924 287 756
889358 11 23900 287 756
889419 11 23900 287 756
889484 11 23900 287 756
889557 11 23900 287 756
889619 11 23900 287 756
889680 11 23900 287 756
889747 11 23900 287 756
889818 11 23900 287 756
889889 11 23900 287 756
889958 11 23900 287 756
890018 11 23900 287 756
890080 11 23900 287 756
890143 11 23900 287 756
890209 11 23900 287 756
890269 11 23900 287 756
890332 11 23900 287 756
890397 11 23900 287 756
890458 11 23900 287 756
890519 11 23900 287 756
890587 11 23900 287 756
890651 11 23900 287 756
890711 11 23900 287 756
890773 11 23900 287 756
890834 11 23900 287 756
890897 11 23900 287 756
890958 11 23900 287 756
891029 11 23900 287 756
891096 11 23900 287 756
891159 11 23900 287 756
891221 11 23900 287 756
891292 11 23900 287 756
891358 11 23900 287 756
891423 11 23900 287 756
891483 11 23900 287 756
891554 11 23900 287 756
891616 11 23900 287 756
891681 11 23900 287 756
891741 11 23900 287 756
891804 11 23900 287 756
891868 11 23900 287 756
891929 11 23900 287 756
891991 11 23900 287 756
892055 11 23900 287 756
892115 11 23900 287 756
892178 11 23900 287 756
892248 11 23900 287 756
892310 11 23900 287 756
892371 11 23900 287 756
892436 11 23900 287 756
892497 11 23900 287 756
892557 11 23900 287 756
892619 11 23900 287 756
892680 11 23900 287 756
892749 11 23900 287 756
892811 11 23900 287 756
892873 11 23900 287 756
892944 11 23900 287 756
893009 11 23900 287 756
893080 11 23900 287 756
893149 11 23900 287 756
893219 11 23900 287 756
893283 11 23900 287 756
893350 11 23900 287 756
893412 11 23900 287 756
893473 11 23900 287 756
893537 11 23900 287 756
893597 11 23900 287 756
893657 11 23900 287 756
893719 11 23900 287 756
893792 11 23900 287 756
893853 11 23900 287 756
893918 11 23900 287 756
893983 11 23900 287 756
894050 11 23900 287 756
894114 11 23900 287 756
894181 11 23900 287 756
894242 11 23900 287 756
894311 11 23900 287 756
894374 11 23900 287 756
894434 11 23900 287 756
894506 11 23900 287 756
894567 11 23900 287 756
894629 11 23900 287 756
894690 11 23900 287 756
894755 11 23900 287 756
894825 11 23900 287 756
894887 11 23900 287 756
894949 11 23900 287 756
895016 11 23900 287 756
895086 11 23900 287 756
895146 11 23900 287 756
895208 11 23900 287 756
895269 11 23900 287 756
895331 11 23900 287 756
895396 11 23900 287 756
895458 11 23900 287 756
895527 11 23900 287 756
895591 11 23900 287 756
895652 11 23900 287 756
895712 11 23900 287 756
895777 11 23900 287 756
895840 11 23900 287 756
895910 11 23900 287 756
895977 11 23900 287 756
896039 11 23900 287 756
896101 11 23900 287 756
896165 11 23900 287 756
896230 11 23900 287 756
896293 11 23900 287 756
896356 11 23900 287 756
896419 11 23900 287 756
896479 11 23900 287 756
896542 11 23900 287 756
896602 11 23900 287 756
896668 11 23900 287 756
896739 11 23900 287 756
896805 11 23900 287 756
896873 11 23900 287 756
896939 11 23900 287 756
897002 11 23900 287 756
897065 11 23900 287 756
897134 11 23900 287 756
897194 11 23900 287 756
897255 11 23900 287 756
897321 11 23900 287 756
897389 11 23900 287 756
897449 11 23900 287 756
897514 11 23900 287 756
897581 11 23900 287 756
897642 11 23900 287 756
897703 11 23900 287 756
897773 11 23900 287 756
897836 11 23900 287 756
897907 11 23900 287 756
897970 11 23900 287 756
898031 11 23900 287 756
898100 11 23900 287 756
898166 11 23900 287 756
898227 11 23900 287 756
898297 11 23900 287 756
898359 11 23900 287 756
898425 11 23900 287 756
898488 11 23900 287 756
898549 11 23900 287 756
898615 11 23900 287 756
898685 11 23900 287 756
898746 11 23900 287 756
898807 11 23900 287 756
898869 11 23900 287 756
898929 11 23900 287 756
898994 11 23900 287 756
899064 11 23900 287 756
899124 11 23900 287 756
899190 11 23900 287 756
899252 11 23900 287 756
899322 11 23900 287 756
899390 11 23900 287 756
899459 11 23900 287 756
899521 11 23900 287 756
899582 11 23900 287 756
899647 11 23900 287 756
899709 11 23900 287 756
899777 11 23900 287 756
899844 11 23900 287 756
899914 11 23900 287 756
899981 11 23900 287 756
900049 11 23900 287 756
900109 11 23900 287 756
900175 11 23900 287 756
901177 11 23900 287 756
902178 11 23934 287 756
903182 11 23991 287 756
904185 11 24052 287 756
905189 11 24114 287 756
906192 11 24189 287 756
907195 11 24268 287 756
908195 11 24350 287 756
909204 11 24427 287 756
910207 11 24502 287 756
911208 11 24562 287 756
912217 11 24604 287 756
913226 11 24640 287 756
914234 11 24673 287 756
915238 11 24704 287 756
916241 11 24732 287 756
917241 11 24758 287 756
918245 11 24786 287 756
919251 11 24805 287 756
920262 11 24826 287 756
921265 11 24842 287 756
922265 11 24857 287 756
923267 11 24876 287 756
924275 11 24879 287 756
925281 11 24887 287 756
926290 11 24892 287 756
927297 11 24903 287 756
928301 11 24913 287 756
929310 11 24920 287 756
930316 11 24924 287 756
931319 11 24925 287 756
932320 11 24927 287 756
933324 11 24930 287 756
934333 11 24980 287 756
934544 11 25100 287 756
934611 11 25100 287 756
934675 11 25100 287 756
934746 11 25100 287 756
934807 11 25100 287 756
934869 11 25100 287 756
934934 11 25100 287 756
934995 11 25100 287 756
935058 11 25100 287 756
935119 11 25100 287 756
935189 11 25100 287 756
935250 11 25100 287 756
935315 11 25100 287 756
935385 11 25100 287 756
935452 11 25100 287 756
935519 11 25100 287 756
935587 11 25100 287 756
935648 11 25100 287 756
935715 11 25100 287 756
935785 11 25100 287 756
935852 11 25100 287 756
935912 11 25100 287 756
935976 11 25100 287 756
936037 11 25100 287 756
936100 11 25100 287 756
936166 11 25100 287 756
936232 11 25100 287 756
936292 11 25100 287 756
936356 11 25100 287 756
936422 11 25100 287 756
936484 11 25100 287 756
936545 11 25100 287 756
936612 11 25100 287 756
936672 11 25100 287 756
936735 11 25100 287 756
936801 11 25100 287 756
936863 11 25100 287 756
936932 11 25100 287 756
936998 11 25100 287 756
937059 11 25100 287 756
937120 11 25100 287 756
937187 11 25100 287 756
937248 11 25100 287 756
937308 11 25100 287 756
937374 11 25100 287 756
937434 11 25100 287 756
937501 11 25100 287 756
937567 11 25100 287 756
937629 11 25100 287 756
937702 11 25100 287 756
937765 11 25100 287 756
937827 11 25100 287 756
937889 11 25100 287 756
937959 11 25100 287 756
938024 11 25100 287 756
938086 11 25100 287 756
938157 11 25100 287 756
938221 11 25100 287 756
938281 11 25100 287 756
938341 11 25100 287 756
938406 11 25100 287 756
938476 11 25100 287 756
938536 11 25100 287 756
938601 11 25100 287 756
938662 11 25100 287 756
938724 11 25100 287 756
938788 11 25100 287 756
938856 11 25100 287 756
938916 11 25100 287 756
938978 11 25100 287 756
939040 11 25100 287 756
939102 11 25100 287 756
939168 11 25100 287 756
939228 11 25100 287 756
939291 11 25100 287 756
939355 11 25100 287 756
939416 11 25100 287 756
939480 11 25100 287 756
939544 11 25100 287 756
939607 11 25100 287 756
939677 11 25100 287 756
939740 11 25100 287 756
939804 11 25100 287 756
939865 11 25100 287 756
939928 11 25100 287 756
939997 11 25100 287 756
940067 11 25100 287 756
940138 11 25100 287 756
940203 11 25100 287 756
940266 11 25100 287 756
940328 11 25100 287 756
940395 11 25100 287 756
940455 11 25100 287 756
940516 11 25100 287 756
940581 11 25100 287 756
940643 11 25100 287 756
940704 11 25100 287 756
940770 11 25100 287 756
940841 11 25100 287 756
940906 11 25100 287 756
940969 11 25100 287 756
941032 11 25100 287 756
941092 11 25100 287 756
941161 11 25100 287 756
941227 11 25100 287 756
941288 11 25100 287 756
941349 11 25100 287 756
941412 11 25100 287 756
941474 11 25100 287 756
941544 11 25100 287 756
941608 11 25100 287 756
941677 11 25100 287 756
941738 11 25100 287 756
941806 11 25100 287 756
941866 11 25100 287 756
941936 11 25100 287 756
941996 11 25100 287 756
942059 11 25100 287 756
942121 11 25100 287 756
942182 11 25100 287 756
942248 11 25100 287 756
942308 11 25100 287 756
942377 11 25100 287 756
942444 11 25100 287 756
942511 11 25100 287 756
942575 11 25100 287 756
942636 11 25100 287 756
942701 11 25100 287 756
942761 11 25100 287 756
942821 11 25100 287 756
942886 11 25100 287 756
942957 11 25100 287 756
943019 11 25100 287 756
943084 11 25100 287 756
943155 11 25100 287 756
943216 11 25100 287 756
943283 11 25100 287 756
943353 11 25100 287 756
943423 11 25100 287 756
943490 11 25100 287 756
943556 11 25100 287 756
943622 11 25100 287 756
943684 11 25100 287 756
943746 11 25100 287 756
943808 11 25100 287 756
943869 11 25100 287 756
943936 11 25100 287 756
943996 11 25100 287 756
944056 11 25100 287 756
944120 11 25100 287 756
944184 11 25100 287 756
944246 11 25100 287 756
944314 11 25100 287 756
944377 11 25100 287 756
944438 11 25100 287 756
944502 11 25100 287 756
944564 11 25100 287 756
944634 11 25100 287 756
944695 11 25100 287 756
944758 11 25100 287 756
944820 11 25100 287 756
944880 11 25100 287 756
944945 11 25100 287 756
945017 11 25100 287 756
945077 11 25100 287 756
945141 11 25100 287 756
945210 11 25100 287 756
945278 11 25100 287 756
945343 11 25100 287 756
945414 11 25100 287 756
945481 11 25100 287 756
945552 11 25100 287 756
945617 11 25100 287 756
945681 11 25100 287 756
945742 11 25100 287 756
945810 11 25100 287 756
945872 11 25100 287 756
945933 11 25100 287 756
945996 11 25100 287 756
946058 11 25100 287 756
946119 11 25100 287 756
946185 11 25100 287 756
946256 11 25100 287 756
946328 11 25100 287 756
946389 11 25100 287 756
946452 11 25100 287 756
947457 11 25100 287 756
948463 11 25102 287 756
949472 11 25109 287 756
950481 11 25113 287 756
951481 11 25119 287 756
952484 11 25125 287 756
953488 11 25134 287 756
954493 11 25148 287 756
955500 11 25159 287 756
956500 11 25175 287 756
957501 11 25184 287 756
958509 11 25196 287 756
959512 11 25205 287 756
960517 11 25214 287 756
961520 11 25224 287 756
962522 11 25238 287 756
963524 11 25250 287 756
964535 11 25262 287 756
965539 11 25272 287 756
966543 11 25283 287 756
967551 11 25296 287 756
968557 11 25309 287 756
969558 11 25359 287 756
970568 11 25409 287 756
971575 11 25459 287 756
972584 11 25509 287 756
973588 11 25559 287 756
974588 11 25609 287 756
975596 11 25659 287 756
976596 11 25709 287 756
977606 11 25759 287 756
978616 11 25809 287 756
979616 11 25859 287 756
980617 11 25909 287 756
981624 11 25959 287 756
982629 11 26009 287 756
983632 11 26059 287 756
984643 11 26109 287 756
985648 11 26194 287 756
986658 11 26277 287 756
987666 11 26361 287 756
988673 11 26451 287 756
989678 11 26546 287 756
990679 11 26646 287 756
991680 11 26755 287 756
992684 11 26872 287 756
993685 11 27003 287 756
994687 11 27029 287 756
995693 11 27054 287 756
996701 11 27077 287 756
997706 11 27096 287 756
998714 11 27119 287 756
999714 11 27143 287 756
1000718 11 27156 287 756
1001721 11 27169 287 756
1002731 11 27186 287 756
1003733 11 27199 287 756
1004741 11 27214 287 756
1005745 11 27227 287 756
1006755 11 27237 287 756
1007762 11 27246 287 756
1008762 11 27259 287 756
1009772 11 27269 287 756
1010783 11 27280 287 756
1011792 11 27295 287 756
1012792 11 27307 287 756
1013799 11 27357 287 756
1014804 11 27407 287 756
1015805 11 27457 287 756
1016810 11 27507 287 756
1017813 11 27557 287 756
1018824 11 27607 287 756
1019827 11 27657 287 756
1020829 11 27707 287 756
1021830 11 27757 287 756
1022838 11 27807 287 756
1023847 11 27857 287 756
1024856 11 27907 287 756
1025866 11 27957 287 756
1026874 11 28007 287 756
1027878 11 28057 287 756
1028883 11 28107 287 756
1029887 11 28157 287 756
1030891 11 28207 287 756
1031897 11 28257 287 756
1032909 11 28307 287 756
1033914 11 28357 287 756
1034920 11 28407 287 756
1035920 11 28457 287 756
1036928 11 28507 287 756
1037931 11 28554 287 756
1038938 11 28604 287 756
1039940 11 28645 287 756
1040946 11 28690 287 756
1041951 11 28733 287 756
1042957 11 28779 287 756
1043963 11 28830 287 756
1044972 11 28911 287 756
1045978 11 29035 287 756
1046984 11 29161 287 756
1047991 11 29288 287 756
1048994 11 29437 287 756
1050004 11 29479 287 756
1051009 11 29517 287 756
1052011 11 29559 287 756
1053019 11 29602 287 756
1054022 11 29646 287 756
1055023 11 29687 287 756
1056027 11 29728 287 756
1057030 11 29778 287 756
1058040 11 29828 287 756
1059042 11 29878 287 756
1060051 11 29928 287 756
1061056 11 29978 287 756
1062065 11 30028 287 756
1063073 11 30078 287 756
1064084 11 30128 287 756
1065084 11 30178 287 756
1066088 11 30228 287 756
1067091 11 30278 287 756
1068100 11 30328 287 756
1069107 11 30378 287 756
1070111 11 30428 287 756
1071122 11 30478 287 756
1072130 11 30528 287 756
1073138 11 30578 287 756
1074138 11 30628 287 756
1075145 11 30678 287 756
1076149 11 30728 287 756
1077158 11 30778 287 756
1078160 11 30828 287 756
1079167 11 30878 287 756
1080167 11 30928 287 756
1081175 11 30978 287 756
1082176 11 31028 287 756
1083181 11 31078 287 756
1084183 11 31128 287 756
1085187 11 31178 287 756
1086191 11 31228 287 756
1087194 11 31238 287 756
1088194 11 31257 287 756
1089202 11 31268 287 756
1090204 11 31278 287 756
1091214 11 31291 287 756
1092214 11 31298 287 756
1093220 11 31309 287 756
1094221 11 31356 287 756
1095225 11 31415 287 756
1096231 11 31470 287 756
1097236 11 31522 287 756
1098236 11 31575 287 756
1099239 11 31631 287 756
1099820 11 31500 287 756
1099892 11 31500 287 756
1099963 11 31500 287 756
1100024 11 31500 287 756
1100084 11 31500 287 756
1100144 11 31500 287 756
1100208 11 31500 287 756
1100361 11 31500 287 756
1100428 11 31500 287 756
1100488 11 31500 287 756
1100548 11 31500 287 756
1100617 11 31500 287 756
1100677 11 31500 287 756
1100742 11 31500 287 756
1100802 11 31500 287 756
1100867 11 31500 287 756
1100990 11 31500 287 756
1101053 11 31500 287 756
1101113 11 31500 287 756
1101179 11 31500 287 756
1101241 11 31500 287 756
1101301 11 31500 287 756
1101372 11 31500 287 756
1101436 11 31500 287 756
1101503 11 31500 287 756
1101574 11 31500 287 756
1101637 11 31500 287 756
1101755 11 31500 287 756
1101825 11 31500 287 756
1101889 11 31500 287 756
1101997 11 31500 287 756
1102062 11 31500 287 756
1102129 11 31500 287 756
1102220 11 31500 287 756
1102286 11 31500 287 756
1102357 11 31500 287 756
1102473 11 31500 287 756
1102537 11 31500 287 756
1102598 11 31500 287 756
1102660 11 31500 287 756
1102763 11 31500 287 756
1102830 11 31500 287 756
1102893 11 31500 287 756
1102961 11 31500 287 756
1103023 11 31500 287 756
1103084 11 31500 287 756
1103149 11 31500 287 756
1103210 11 31500 287 756
1103274 11 31500 287 756
1103345 11 31500 287 756
1103414 11 31500 287 756
1103476 11 31500 287 756
1103542 11 31500 287 756
1103603 11 31500 287 756
1103664 11 31500 287 756
1103728 11 31500 287 756
1103794 11 31500 287 756
1103855 11 31500 287 756
1103919 11 31500 287 756
1103979 11 31500 287 756
1104040 11 31500 287 756
1104106 11 31500 287 756
1104167 11 31500 287 756
1104240 11 31500 287 756
1104305 11 31500 287 756
1104367 11 31500 287 756
1104428 11 31500 287 756
1104493 11 31500 287 756
1104557 11 31500 287 756
1104627 11 31500 287 756
1104691 11 31500 287 756
1104755 11 31500 287 756
1104815 11 31500 287 756
1104884 11 31500 287 756
1104947 11 31500 287 756
1105016 11 31500 287 756
1105076 11 31500 287 756
1105142 11 31500 287 756
1105213 11 31500 287 756
1105273 11 31500 287 756
1105334 11 31500 287 756
1105396 11 31500 287 756
1105456 11 31500 287 756
1105521 11 31500 287 756
1105585 11 31500 287 756
1105645 11 31500 287 756
1105705 11 31500 287 756
1105772 11 31500 287 756
1105833 11 31500 287 756
1105894 11 31500 287 756
1105958 11 31500 287 756
1106029 11 31500 287 756
1106090 11 31500 287 756
1106155 11 31500 287 756
1106223 11 31500 287 756
1106283 11 31500 287 756
1106348 11 31500 287 756
1106410 11 31500 287 756
1106471 11 31500 287 756
1106534 11 31500 287 756
1106594 11 31500 287 756
1106655 11 31500 287 756
1106719 11 31500 287 756
1106783 11 31500 287 756
1106843 11 31500 287 756
1106908 11 31500 287 756
1106972 11 31500 287 756
1107033 11 31500 287 756
1107099 11 31500 287 756
1107160 11 31500 287 756
1107230 11 31500 287 756
1107295 11 31500 287 756
1107357 11 31500 287 756
1107435 11 31500 287 756
1107506 11 31500 287 756
1107568 11 31500 287 756
1107630 11 31500 287 756
1107692 11 31500 287 756
1107773 11 31500 287 756
1107838 11 31500 287 756
1107899 11 31500 287 756
1107965 11 31500 287 756
1108030 11 31500 287 756
1108098 11 31500 287 756
1108159 11 31500 287 756
1108221 11 31500 287 756
1108284 11 31500 287 756
1108344 11 31500 287 756
1108408 11 31500 287 756
1108468 11 31500 287 756
1108529 11 31500 287 756
1108594 11 31500 287 756
1108655 11 31500 287 756
1108718 11 31500 287 756
1108783 11 31500 287 756
1108852 11 31500 287 756
1108921 11 31500 287 756
1108981 11 31500 287 756
1109047 11 31500 287 756
1109108 11 31500 287 756
1109169 11 31500 287 756
1109233 11 31500 287 756
1109295 11 31500 287 756
1109363 11 31500 287 756
1109430 11 31500 287 756
1109491 11 31500 287 756
1109557 11 31500 287 756
1109619 11 31500 287 756
1109690 11 31500 287 756
1109750 11 31500 287 756
1109819 11 31500 287 756
1109881 11 31500 287 756
1109950 11 31500 287 756
1110010 11 31500 287 756
1110074 11 31500 287 756
1110145 11 31500 287 756
1111153 11 31500 287 756
1112163 11 31555 287 756
1113168 11 31611 287 756
1114170 11 31667 287 756
1115176 11 31727 287 756
1116179 11 31777 287 756
1117182 11 31827 287 756
1118190 11 31877 287 756
1119201 11 31927 287 756
1119301 11 31900 287 756
1119364 11 31900 287 756
1119434 11 31900 287 756
1119501 11 31900 287 756
1119564 11 31900 287 756
1119634 11 31900 287 756
1119695 11 31900 287 756
1119760 11 31900 287 756
1119822 11 31900 287 756
1119882 11 31900 287 756
1119945 11 31900 287 756
1120016 11 31900 287 756
1120082 11 31900 287 756
1120150 11 31900 287 756
1120213 11 31900 287 756
1120273 11 31900 287 756
1120344 11 31900 287 756
1120409 11 31900 287 756
1120476 11 31900 287 756
1120546 11 31900 287 756
1120606 11 31900 287 756
1120672 11 31900 287 756
1120734 11 31900 287 756
1120804 11 31900 287 756
1120870 11 31900 287 756
1120932 11 31900 287 756
1121001 11 31900 287 756
1121070 11 31900 287 756
1121135 11 31900 287 756
1121197 11 31900 287 756
1121262 11 31900 287 756
1121330 11 31900 287 756
1121395 11 31900 287 756
1121465 11 31900 287 756
1121526 11 31900 287 756
1121591 11 31900 287 756
1121652 11 31900 287 756
1121722 11 31900 287 756
1121784 11 31900 287 756
1121844 11 31900 287 756
1121913 11 31900 287 756
1121975 11 31900 287 756
1122042 11 31900 287 756
1122112 11 31900 287 756
1122172 11 31900 287 756
1122235 11 31900 287 756
1122328 11 31900 287 756
1122450 11 31900 287 756
1122561 11 31900 287 756
1122626 11 31900 287 756
1122692 11 31900 287 756
1122753 11 31900 287 756
1122888 11 31900 287 756
1122952 11 31900 287 756
1123099 11 31900 287 756
1123167 11 31900 287 756
1123229 11 31900 287 756
1123298 11 31900 287 756
1123365 11 31900 287 756
1123429 11 31900 287 756
1123491 11 31900 287 756
1123551 11 31900 287 756
1123616 11 31900 287 756
1123686 11 31900 287 756
1123752 11 31900 287 756
1123822 11 31900 287 756
1123883 11 31900 287 756
1123951 11 31900 287 756
1124016 11 31900 287 756
1124082 11 31900 287 756
1124171 11 31900 287 756
1124240 11 31900 287 756
1124302 11 31900 287 756
1124372 11 31900 287 756
1124437 11 31900 287 756
1124498 11 31900 287 756
1124561 11 31900 287 756
1124621 11 31900 287 756
1124732 11 31900 287 756
1124794 11 31900 287 756
1124857 11 31900 287 756
1124919 11 31900 287 756
1124985 11 31900 287 756
1125046 11 31900 287 756
1125115 11 31900 287 756
1125185 11 31900 287 756
1125254 11 31900 287 756
1125318 11 31900 287 756
1125388 11 31900 287 756
1125454 11 31900 287 756
1125518 11 31900 287 756
1125579 11 31900 287 756
1125642 11 31900 287 756
1125706 11 31900 287 756
1125769 11 31900 287 756
1125841 11 31900 287 756
1125911 11 31900 287 756
1125978 11 31900 287 756
1126038 11 31900 287 756
1126110 11 31900 287 756
1126170 11 31900 287 756
1126231 11 31900 287 756
1126293 11 31900 287 756
1126359 11 31900 287 756
1126422 11 31900 287 756
1126494 11 31900 287 756
1126557 11 31900 287 756
1126619 11 31900 287 756
1126682 11 31900 287 756
1126746 11 31900 287 756
1126808 11 31900 287 756
1126877 11 31900 287 756
1126946 11 31900 287 756
1127013 11 31900 287 756
1127074 11 31900 287 756
1127146 11 31900 287 756
1127214 11 31900 287 756
1127281 11 31900 287 756
1127342 11 31900 287 756
1127413 11 31900 287 756
1127479 11 31900 287 756
1127545 11 31900 287 756
1127605 11 31900 287 756
1127669 11 31900 287 756
1127729 11 31900 287 756
1127790 11 31900 287 756
1127858 11 31900 287 756
1127918 11 31900 287 756
1127982 11 31900 287 756
1128049 11 31900 287 756
1128119 11 31900 287 756
1128185 11 31900 287 756
1128246 11 31900 287 756
1128311 11 31900 287 756
1128372 11 31900 287 756
1128435 11 31900 287 756
1128501 11 31900 287 756
1128563 11 31900 287 756
1128632 11 31900 287 756
1128695 11 31900 287 756
1128763 11 31900 287 756
1128823 11 31900 287 756
1128890 11 31900 287 756
1128959 11 31900 287 756
1129024 11 31900 287 756
1129084 11 31900 287 756
1129147 11 31900 287 756
1129207 11 31900 287 756
1129274 11 31900 287 756
1129341 11 31900 287 756
1129404 11 31900 287 756
1129465 11 31900 287 756
1129533 11 31900 287 756
1129603 11 31900 287 756
1129674 11 31900 287 756
1129738 11 31900 287 756
1129802 11 31900 287 756
1129874 11 31900 287 756
1129935 11 31900 287 756
1130001 11 31900 287 756
1130064 11 31900 287 756
1130125 11 31900 287 756
1130189 11 31900 287 756
1130259 11 31900 287 756
1130322 11 31900 287 756
1130386 11 31900 287 756
1130449 11 31900 287 756
1130511 11 31900 287 756
1130575 11 31900 287 756
1130638 11 31900 287 756
1131645 11 31900 287 756
1132649 11 31950 287 756
1133653 11 32000 287 756
1134656 11 32050 287 756
1135659 11 32100 287 756
1136669 11 32150 287 756
1137674 11 32200 287 756
1138685 11 32250 287 756
1139687 11 32300 287 756
1140692 11 32350 287 756
1141695 11 32400 287 756
1142703 11 32450 287 756
1143709 11 32500 287 756
1144710 11 32550 287 756
1145710 11 32559 287 756
1146710 11 32575 287 756
1147777 11 32700 287 756
1147840 11 32700 287 756
1147902 11 32700 287 756
1147969 11 32700 287 756
1148033 11 32700 287 756
1148097 11 32700 287 756
1148158 11 32700 287 756
1148225 11 32700 287 756
1148286 11 32700 287 756
1148347 11 32700 287 756
1148408 11 32700 287 756
1148470 11 32700 287 756
1148530 11 32700 287 756
1148592 11 32700 287 756
1148663 11 32700 287 756
1148723 11 32700 287 756
1148788 11 32700 287 756
1148858 11 32700 287 756
1148923 11 32700 287 756
1148983 11 32700 287 756
1149047 11 32700 287 756
1149108 11 32700 287 756
1149172 11 32700 287 756
1149234 11 32700 287 756
1149298 11 32700 287 756
1149367 11 32700 287 756
1149434 11 32700 287 756
1149495 11 32700 287 756
1149564 11 32700 287 756
1149628 11 32700 287 756
1149691 11 32700 287 756
1149753 11 32700 287 756
1149817 11 32700 287 756
1149879 11 32700 287 756
1149949 11 32700 287 756
1150018 11 32700 287 756
1150080 11 32700 287 756
1150140 11 32700 287 756
1150208 11 32700 287 756
1150274 11 32700 287 756
1150335 11 32700 287 756
1150403 11 32700 287 756
1150469 11 32700 287 756
1150535 11 32700 287 756
1150595 11 32700 287 756
1150656 11 32700 287 756
1150718 11 32700 287 756
1150784 11 32700 287 756
1150852 11 32700 287 756
1150913 11 32700 287 756
1150976 11 32700 287 756
1151044 11 32700 287 756
1151106 11 32700 287 756
1151172 11 32700 287 756
1151234 11 32700 287 756
1151300 11 32700 287 756
1151363 11 32700 287 756
1151424 11 32700 287 756
1151491 11 32700 287 756
1151551 11 32700 287 756
1151618 11 32700 287 756
1151687 11 32700 287 756
1151752 11 32700 287 756
1151817 11 32700 287 756
1151878 11 32700 287 756
1151949 11 32700 287 756
1152019 11 32700 287 756
1152085 11 32700 287 756
1152145 11 32700 287 756
1152206 11 32700 287 756
1152278 11 32700 287 756
1152348 11 32700 287 756
1152410 11 32700 287 756
1152478 11 32700 287 756
1152543 11 32700 287 756
1152613 11 32700 287 756
1152680 11 32700 287 756
1152748 11 32700 287 756
1152812 11 32700 287 756
1152880 11 32700 287 756
1152947 11 32700 287 756
1153007 11 32700 287 756
1153078 11 32700 287 756
1153147 11 32700 287 756
1153213 11 32700 287 756
1153280 11 32700 287 756
1153342 11 32700 287 756
1153413 11 32700 287 756
1153473 11 32700 287 756
1153539 11 32700 287 756
1153609 11 32700 287 756
1153669 11 32700 287 756
1153731 11 32700 287 756
1153795 11 32700 287 756
1153863 11 32700 287 756
1153925 11 32700 287 756
1153987 11 32700 287 756
1154047 11 32700 287 756
1154108 11 32700 287 756
1154168 11 32700 287 756
1154233 11 32700 287 756
1154294 11 32700 287 756
1154357 11 32700 287 756
1154425 11 32700 287 756
1154493 11 32700 287 756
1154558 11 32700 287 756
1154619 11 32700 287 756
1154681 11 32700 287 756
1154748 11 32700 287 756
1154813 11 32700 287 756
1154880 11 32700 287 756
1154948 11 32700 287 756
1155016 11 32700 287 756
1155080 11 32700 287 756
1155141 11 32700 287 756
1155204 11 32700 287 756
1155266 11 32700 287 756
1155326 11 32700 287 756
1155387 11 32700 287 756
1155455 11 32700 287 756
1155523 11 32700 287 756
1155584 11 32700 287 756
1155655 11 32700 287 756
1155720 11 32700 287 756
1155790 11 32700 287 756
1155850 11 32700 287 756
1155912 11 32700 287 756
1155978 11 32700 287 756
1156045 11 32700 287 756
1156110 11 32700 287 756
1156173 11 32700 287 756
1156242 11 32700 287 756
1156302 11 32700 287 756
1156366 11 32700 287 756
1156427 11 32700 287 756
1156495 11 32700 287 756
1156557 11 32700 287 756
1156629 11 32700 287 756
1156697 11 32700 287 756
1156759 11 32700 287 756
1156828 11 32700 287 756
1156889 11 32700 287 756
1156950 11 32700 287 756
1157015 11 32700 287 756
1157084 11 32700 287 756
1157147 11 32700 287 756
1157212 11 32700 287 756
1157279 11 32700 287 756
1157340 11 32700 287 756
1157404 11 32700 287 756
1157466 11 32700 287 756
1157533 11 32700 287 756
1157595 11 32700 287 756
1157659 11 32700 287 756
1157730 11 32700 287 756
1157798 11 32700 287 756
1157859 11 32700 287 756
1157920 11 32700 287 756
1157988 11 32700 287 756
1158056 11 32700 287 756
1158122 11 32700 287 756
1158183 11 32700 287 756
1158251 11 32700 287 756
1158317 11 32700 287 756
1158379 11 32700 287 756
1158448 11 32700 287 756
1158509 11 32700 287 756
1158570 11 32700 287 756
1158630 11 32700 287 756
1158693 11 32700 287 756
1158757 11 32700 287 756
1158826 11 32700 287 756
1158886 11 32700 287 756
1158947 11 32700 287 756
1159008 11 32700 287 756
1159072 11 32700 287 756
1159139 11 32700 287 756
1159209 11 32700 287 756
1159270 11 32700 287 756
1159335 11 32700 287 756
1159406 11 32700 287 756
1159528 11 32700 287 756
1159598 11 32700 287 756
1159664 11 32700 287 756
1159727 11 32700 287 756
1159792 11 32700 287 756
1159855 11 32700 287 756
1159917 11 32700 287 756
1159981 11 32700 287 756
1160041 11 32700 287 756
1160101 11 32700 287 756
1160163 11 32700 287 756
1160223 11 32700 287 756
1160288 11 32700 287 756
1160354 11 32700 287 756
1160422 11 32700 287 756
1160482 11 32700 287 756
1160547 11 32700 287 756
1160615 11 32700 287 756
1160678 11 32700 287 756
1160744 11 32700 287 756
1160805 11 32700 287 756
1160867 11 32700 287 756
1160930 11 32700 287 756
1160990 11 32700 287 756
1161051 11 32700 287 756
1161116 11 32700 287 756
1161185 11 32700 287 756
1161247 11 32700 287 756
1161309 11 32700 287 756
1161369 11 32700 287 756
1161430 11 32700 287 756
1161497 11 32700 287 756
1161569 11 32700 287 756
1161639 11 32700 287 756
1161706 11 32700 287 756
1161773 11 32700 287 756
1161833 11 32700 287 756
1161904 11 32700 287 756
1161964 11 32700 287 756
1162027 11 32700 287 756
1162088 11 32700 287 756
1162154 11 32700 287 756
1162217 11 32700 287 756
1162284 11 32700 287 756
1162346 11 32700 287 756
1162410 11 32700 287 756
1162472 11 32700 287 756
1162532 11 32700 287 756
1162596 11 32700 287 756
1162666 11 32700 287 756
1162730 11 32700 287 756
1162791 11 32700 287 756
1162852 11 32700 287 756
1162925 11 32700 287 756
1162989 11 32700 287 756
1163052 11 32700 287 756
1163112 11 32700 287 756
1163181 11 32700 287 756
1163245 11 32700 287 756
1163305 11 32700 287 756
1163369 11 32700 287 756
1163437 11 32700 287 756
1163498 11 32700 287 756
1163558 11 32700 287 756
1163621 11 32700 287 756
1163681 11 32700 287 756
1163743 11 32700 287 756
1163810 11 32700 287 756
1163882 11 32700 287 756
1163945 11 32700 287 756
1164015 11 32700 287 756
1164080 11 32700 287 756
1164140 11 32700 287 756
1164201 11 32700 287 756
1164267 11 32700 287 756
1164328 11 32700 287 756
1164391 11 32700 287 756
1164454 11 32700 287 756
1164515 11 32700 287 756
1164579 11 32700 287 756
1164643 11 32700 287 756
1164706 11 32700 287 756
1164776 11 32700 287 756
1164841 11 32700 287 756
1164901 11 32700 287 756
1164963 11 32700 287 756
1165028 11 32700 287 756
1165095 11 32700 287 756
1165163 11 32700 287 756
1165235 11 32700 287 756
1165301 11 32700 287 756
1165363 11 32700 287 756
1165432 11 32700 287 756
1165492 11 32700 287 756
1165558 11 32700 287 756
1165626 11 32700 287 756
1165688 11 32700 287 756
1165751 11 32700 287 756
1165813 11 32700 287 756
1165874 11 32700 287 756
1165940 11 32700 287 756
1166002 11 32700 287 756
1166062 11 32700 287 756
1166125 11 32700 287 756
1166185 11 32700 287 756
1166249 11 32700 287 756
1166316 11 32700 287 756
1166376 11 32700 287 756
1166438 11 32700 287 756
1166506 11 32700 287 756
1166577 11 32700 287 756
1166639 11 32700 287 756
1166704 11 32700 287 756
1166764 11 32700 287 756
1166836 11 32700 287 756
1166898 11 32700 287 756
1166960 11 32700 287 756
1167022 11 32700 287 756
1167084 11 32700 287 756
1167152 11 32700 287 756
1167221 11 32700 287 756
1167286 11 32700 287 756
1167354 11 32700 287 756
1167421 11 32700 287 756
1167484 11 32700 287 756
1167547 11 32700 287 756
1167621 11 32700 287 756
1167684 11 32700 287 756
1167756 11 32700 287 756
1167819 11 32700 287 756
1167883 11 32700 287 756
1167953 11 32700 287 756
1168019 11 32700 287 756
1168083 11 32700 287 756
1168146 11 32700 287 756
1168212 11 32700 287 756
1168284 11 32700 287 756
1168353 11 32700 287 756
1168420 11 32700 287 756
1168483 11 32700 287 756
1168546 11 32700 287 756
1168606 11 32700 287 756
1168667 11 32700 287 756
1168729 11 32700 287 756
1168789 11 32700 287 756
1168855 11 32700 287 756
1168915 11 32700 287 756
1168981 11 32700 287 756
1169045 11 32700 287 756
1169105 11 32700 287 756
1169173 11 32700 287 756
1169240 11 32700 287 756
1169305 11 32700 287 756
1169372 11 32700 287 756
1169433 11 32700 287 756
1169498 11 32700 287 756
1169560 11 32700 287 756
1169630 11 32700 287 756
1169693 11 32700 287 756
1169753 11 32700 287 756
1169814 11 32700 287 756
1169880 11 32700 287 756
1169950 11 32700 287 756
1170012 11 32700 287 756
1170082 11 32700 287 756
1170153 11 32700 287 756
1170220 11 32700 287 756
1170282 11 32700 287 756
1170347 11 32700 287 756
1170411 11 32700 287 756
1170473 11 32700 287 756
1170541 11 32700 287 756
1170602 11 32700 287 756
1170662 11 32700 287 756
1170723 11 32700 287 756
1170790 11 32700 287 756
1170854 11 32700 287 756
1170918 11 32700 287 756
1170988 11 32700 287 756
1171056 11 32700 287 756
1171123 11 32700 287 756
1171193 11 32700 287 756
1171260 11 32700 287 756
1171325 11 32700 287 756
1171396 11 32700 287 756
1171467 11 32700 287 756
1171533 11 32700 287 756
1171598 11 32700 287 756
1171658 11 32700 287 756
1171721 11 32700 287 756
1171784 11 32700 287 756
1172794 11 32700 287 756
1173795 11 32714 287 756
1174796 11 32725 287 756
1175798 11 32744 287 756
1176667 11 32700 287 756
1176736 11 32700 287 756
1176796 11 32700 287 756
1176858 11 32700 287 756
1176924 11 32700 287 756
1176993 11 32700 287 756
1177061 11 32700 287 756
1177124 11 32700 287 756
1177193 11 32700 287 756
1177263 11 32700 287 756
1177333 11 32700 287 756
1177399 11 32700 287 756
1177462 11 32700 287 756
1177525 11 32700 287 756
1177587 11 32700 287 756
1177647 11 32700 287 756
1177707 11 32700 287 756
1177774 11 32700 287 756
1177835 11 32700 287 756
1177896 11 32700 287 756
1177961 11 32700 287 756
1178022 11 32700 287 756
1178083 11 32700 287 756
1178147 11 32700 287 756
1178207 11 32700 287 756
1178270 11 32700 287 756
1178337 11 32700 287 756
1178406 11 32700 287 756
1178477 11 32700 287 756
1178542 11 32700 287 756
1178613 11 32700 287 756
1178680 11 32700 287 756
1178751 11 32700 287 756
1178819 11 32700 287 756
1178883 11 32700 287 756
1178953 11 32700 287 756
1179015 11 32700 287 756
1179079 11 32700 287 756
1179141 11 32700 287 756
1179208 11 32700 287 756
1179278 11 32700 287 756
1179343 11 32700 287 756
1179403 11 32700 287 756
1179474 11 32700 287 756
1179539 11 32700 287 756
1179601 11 32700 287 756
1179661 11 32700 287 756
1179723 11 32700 287 756
1179785 11 32700 287 756
1179880 11 32700 287 756
1179940 11 32700 287 756
1180010 11 32700 287 756
1180074 11 32700 287 756
1180135 11 32700 287 756
1180198 11 32700 287 756
1180260 11 32700 287 756
1180320 11 32700 287 756
1180381 11 32700 287 756
1180445 11 32700 287 756
1180516 11 32700 287 756
1180584 11 32700 287 756
1180645 11 32700 287 756
1180708 11 32700 287 756
1180770 11 32700 287 756
1180839 11 32700 287 756
1180899 11 32700 287 756
1180962 11 32700 287 756
1181031 11 32700 287 756
1181092 11 32700 287 756
1181156 11 32700 287 756
1181223 11 32700 287 756
1181292 11 32700 287 756
1181352 11 32700 287 756
1181416 11 32700 287 756
1181483 11 32700 287 756
1181545 11 32700 287 756
1181610 11 32700 287 756
1181672 11 32700 287 756
1181743 11 32700 287 756
1181804 11 32700 287 756
1181870 11 32700 287 756
1181939 11 32700 287 756
1181999 11 32700 287 756
1182062 11 32700 287 756
1182122 11 32700 287 756
1182185 11 32700 287 756
1182250 11 32700 287 756
1182313 11 32700 287 756
1182381 11 32700 287 756
1182495 11 32700 287 756
1182557 11 32700 287 756
1182626 11 32700 287 756
1182692 11 32700 287 756
1182754 11 32700 287 756
1182818 11 32700 287 756
1182879 11 32700 287 756
1182939 11 32700 287 756
1183005 11 32700 287 756
1183076 11 32700 287 756
1183138 11 32700 287 756
1183201 11 32700 287 756
1183262 11 32700 287 756
1183329 11 32700 287 756
1183391 11 32700 287 756
1183456 11 32700 287 756
1183523 11 32700 287 756
1183585 11 32700 287 756
1183648 11 32700 287 756
1183708 11 32700 287 756
1183768 11 32700 287 756
1183835 11 32700 287 756
1183907 11 32700 287 756
1183970 11 32700 287 756
1184033 11 32700 287 756
1184093 11 32700 287 756
1184156 11 32700 287 756
1184222 11 32700 287 756
1184291 11 32700 287 756
1184354 11 32700 287 756
1184423 11 32700 287 756
1184490 11 32700 287 756
1184551 11 32700 287 756
1184623 11 32700 287 756
1184690 11 32700 287 756
1184750 11 32700 287 756
1184820 11 32700 287 756
1184885 11 32700 287 756
1184947 11 32700 287 756
1185017 11 32700 287 756
1185078 11 32700 287 756
1185143 11 32700 287 756
1185209 11 32700 287 756
1185277 11 32700 287 756
1185345 11 32700 287 756
1185405 11 32700 287 756
1185466 11 32700 287 756
1185531 11 32700 287 756
1185591 11 32700 287 756
1185657 11 32700 287 756
1185720 11 32700 287 756
1185786 11 32700 287 756
1185846 11 32700 287 756
1185908 11 32700 287 756
1185972 11 32700 287 756
1186032 11 32700 287 756
1186095 11 32700 287 756
1186157 11 32700 287 756
1186219 11 32700 287 756
1186285 11 32700 287 756
1186345 11 32700 287 756
1186414 11 32700 287 756
1186474 11 32700 287 756
1186541 11 32700 287 756
1186603 11 32700 287 756
1186673 11 32700 287 756
1186739 11 32700 287 756
1186808 11 32700 287 756
1186871 11 32700 287 756
1186934 11 32700 287 756
1186995 11 32700 287 756
1187056 11 32700 287 756
1187118 11 32700 287 756
1187187 11 32700 287 756
1187247 11 32700 287 756
1187308 11 32700 287 756
1187368 11 32700 287 756
1187439 11 32700 287 756
1187510 11 32700 287 756
1187574 11 32700 287 756
1187634 11 32700 287 756
1187696 11 32700 287 756
1187759 11 32700 287 756
1187819 11 32700 287 756
1187886 11 32700 287 756
1187949 11 32700 287 756
1188011 11 32700 287 756
1188071 11 32700 287 756
1188133 11 32700 287 756
1188194 11 32700 287 756
1188674 11 32700 287 756
1188745 11 32700 287 756
1188806 11 32700 287 756
1188866 11 32700 287 756
1188933 11 32700 287 756
1189003 11 32700 287 756
1189063 11 32700 287 756
1189130 11 32700 287 756
1189198 11 32700 287 756
1189259 11 32700 287 756
1189325 11 32700 287 756
1189395 11 32700 287 756
1189456 11 32700 287 756
1189522 11 32700 287 756
1189592 11 32700 287 756
1189663 11 32700 287 756
1189723 11 32700 287 756
1189786 11 32700 287 756
1189846 11 32700 287 756
1189907 11 32700 287 756
1189979 11 32700 287 756
1190039 11 32700 287 756
1190109 11 32700 287 756
1190169 11 32700 287 756
1190234 11 32700 287 756
1190300 11 32700 287 756
1190360 11 32700 287 756
1190426 11 32700 287 756
1190486 11 32700 287 756
1190555 11 32700 287 756
1190619 11 32700 287 756
1190686 11 32700 287 756
1190747 11 32700 287 756
1190808 11 32700 287 756
1190869 11 32700 287 756
1190930 11 32700 287 756
1190994 11 32700 287 756
1191054 11 32700 287 756
1191115 11 32700 287 756
1191180 11 32700 287 756
1191242 11 32700 287 756
1191311 11 32700 287 756
1191371 11 32700 287 756
1191438 11 32700 287 756
1191508 11 32700 287 756
1191571 11 32700 287 756
1191635 11 32700 287 756
1191705 11 32700 287 756
1191766 11 32700 287 756
1191831 11 32700 287 756
1191903 11 32700 287 756
1191964 11 32700 287 756
1192034 11 32700 287 756
1192104 11 32700 287 756
1192169 11 32700 287 756
1192240 11 32700 287 756
1192307 11 32700 287 756
1192373 11 32700 287 756
1192439 11 32700 287 756
1192500 11 32700 287 756
1192564 11 32700 287 756
1192634 11 32700 287 756
1192703 11 32700 287 756
1192764 11 32700 287 756
1192828 11 32700 287 756
1192897 11 32700 287 756
1192966 11 32700 287 756
1193031 11 32700 287 756
1193093 11 32700 287 756
1193158 11 32700 287 756
1193218 11 32700 287 756
1193281 11 32700 287 756
1193352 11 32700 287 756
1193423 11 32700 287 756
1193487 11 32700 287 756
1193554 11 32700 287 756
1193620 11 32700 287 756
1193682 11 32700 287 756
1193747 11 32700 287 756
1193809 11 32700 287 756
1193869 11 32700 287 756
1193932 11 32700 287 756
1193995 11 32700 287 756
1194058 11 32700 287 756
1194123 11 32700 287 756
1194184 11 32700 287 756
1194246 11 32700 287 756
1194309 11 32700 287 756
1194379 11 32700 287 756
1194439 11 32700 287 756
1194508 11 32700 287 756
1194572 11 32700 287 756
1194641 11 32700 287 756
1194701 11 32700 287 756
1194766 11 32700 287 756
1194835 11 32700 287 756
1194899 11 32700 287 756
1194967 11 32700 287 756
1195032 11 32700 287 756
1195094 11 32700 287 756
1195154 11 32700 287 756
1195218 11 32700 287 756
1195280 11 32700 287 756
1195341 11 32700 287 756
1195401 11 32700 287 756
1195462 11 32700 287 756
1195530 11 32700 287 756
1195591 11 32700 287 756
1195651 11 32700 287 756
1195711 11 32700 287 756
1195779 11 32700 287 756
1195842 11 32700 287 756
1195914 11 32700 287 756
1195977 11 32700 287 756
1196044 11 32700 287 756
1196106 11 32700 287 756
1196175 11 32700 287 756
1196238 11 32700 287 756
1196307 11 32700 287 756
1196373 11 32700 287 756
1196441 11 32700 287 756
1196506 11 32700 287 756
1196573 11 32700 287 756
1196633 11 32700 287 756
1196699 11 32700 287 756
1196763 11 32700 287 756
1196830 11 32700 287 756
1196899 11 32700 287 756
1196963 11 32700 287 756
1197024 11 32700 287 756
1197086 11 32700 287 756
1197146 11 32700 287 756
1197214 11 32700 287 756
1197284 11 32700 287 756
1197344 11 32700 287 756
1197407 11 32700 287 756
1197469 11 32700 287 756
1197531 11 32700 287 756
1197595 11 32700 287 756
1197664 11 32700 287 756
1197726 11 32700 287 756
1197794 11 32700 287 756
1197859 11 32700 287 756
1197919 11 32700 287 756
1197981 11 32700 287 756
1198042 11 32700 287 756
1198103 11 32700 287 756
1198164 11 32700 287 756
1198228 11 32700 287 756
1198291 11 32700 287 756
1198353 11 32700 287 756
1198417 11 32700 287 756
1198484 11 32700 287 756
1198547 11 32700 287 756
1198612 11 32700 287 756
1198680 11 32700 287 756
1198751 11 32700 287 756
1198814 11 32700 287 756
1198879 11 32700 287 756
1198942 11 32700 287 756
1199005 11 32700 287 756
1199069 11 32700 287 756
1199136 11 32700 287 756
1199197 11 32700 287 756
1199262 11 32700 287 756
1199324 11 32700 287 756
1199394 11 32700 287 756
1199461 11 32700 287 756
1199528 11 32700 287 756
1199597 11 32700 287 756
1199666 11 32700 287 756
1199732 11 32700 287 756
1199794 11 32700 287 756
1199855 11 32700 287 756
1199919 11 32700 287 756
1199979 11 32700 287 756
1200040 11 32700 287 756
1200106 11 32700 287 756
1200166 11 32700 287 756
1200235 11 32700 287 756
1200300 11 32700 287 756
1201301 11 32700 287 756
1202304 11 32705 287 756
1202751 11 32700 287 756
1202813 11 32700 287 756
1202874 11 32700 287 756
1202942 11 32700 287 756
1203002 11 32700 287 756
