# header: write what you want on lines starting with #
# Total ACTIVE Pulses, # breakdowns, amp_set, index (point on pulse / power curve) , pulse length
# the init of this file could be 1 0 500 0 3500, 2 0 500 0 3500, etc
531 0 709 7 756
629927 1 19500 287 756
649134 2 19900 287 756
663617 3 19900 287 756
675254 4 19900 287 756
685220 5 19900 287 756
701197 6 19900 287 756
716534 7 19900 287 756
727172 8 19900 287 756
743893 9 20300 287 756
809136 10 22300 287 756
850907 11 23100 287 756
1311952 12 34700 287 756
1322395 13 34700 287 756
1345435 14 35100 287 756
1445388 16 35270 287 756
1445469 16 35270 287 756
1445585 16 35270 287 756
1377718 15 35500 287 756
1409949 16 35500 287 756
1410019 16 35500 287 756
1410083 16 35500 287 756
1410148 16 35500 287 756
1410209 16 35500 287 756
1410269 16 35500 287 756
1410335 16 35500 287 756
1410395 16 35500 287 756
1410465 16 35500 287 756
1410532 16 35500 287 756
1410592 16 35500 287 756
1410661 16 35500 287 756
1410723 16 35500 287 756
1410784 16 35500 287 756
1410845 16 35500 287 756
1410912 16 35500 287 756
1410982 16 35500 287 756
1411043 16 35500 287 756
1411111 16 35500 287 756
1411175 16 35500 287 756
1411236 16 35500 287 756
1411297 16 35500 287 756
1411359 16 35500 287 756
1411419 16 35500 287 756
1411480 16 35500 287 756
1411545 16 35500 287 756
1411605 16 35500 287 756
1411665 16 35500 287 756
1411732 16 35500 287 756
1411802 16 35500 287 756
1411873 16 35500 287 756
1411937 16 35500 287 756
1411998 16 35500 287 756
1412061 16 35500 287 756
1412126 16 35500 287 756
1412187 16 35500 287 756
1412248 16 35500 287 756
1412312 16 35500 287 756
1412372 16 35500 287 756
1412434 16 35500 287 756
1412500 16 35500 287 756
1412570 16 35500 287 756
1412631 16 35500 287 756
1412695 16 35500 287 756
1412757 16 35500 287 756
1412820 16 35500 287 756
1412884 16 35500 287 756
1412944 16 35500 287 756
1413006 16 35500 287 756
1413070 16 35500 287 756
1413130 16 35500 287 756
1413193 16 35500 287 756
1413259 16 35500 287 756
1413330 16 35500 287 756
1413390 16 35500 287 756
1413455 16 35500 287 756
1413523 16 35500 287 756
1413595 16 35500 287 756
1413663 16 35500 287 756
1413727 16 35500 287 756
1413787 16 35500 287 756
1413858 16 35500 287 756
1413920 16 35500 287 756
1413983 16 35500 287 756
1414045 16 35500 287 756
1414109 16 35500 287 756
1414179 16 35500 287 756
1414250 16 35500 287 756
1414319 16 35500 287 756
1414386 16 35500 287 756
1414447 16 35500 287 756
1414507 16 35500 287 756
1414574 16 35500 287 756
1414635 16 35500 287 756
1414695 16 35500 287 756
1414760 16 35500 287 756
1414821 16 35500 287 756
1414888 16 35500 287 756
1414956 16 35500 287 756
1415016 16 35500 287 756
1415077 16 35500 287 756
1415143 16 35500 287 756
1415204 16 35500 287 756
1415264 16 35500 287 756
1415329 16 35500 287 756
1415391 16 35500 287 756
1415453 16 35500 287 756
1415517 16 35500 287 756
1415579 16 35500 287 756
1415639 16 35500 287 756
1415706 16 35500 287 756
1415777 16 35500 287 756
1415848 16 35500 287 756
1415909 16 35500 287 756
1415974 16 35500 287 756
1416040 16 35500 287 756
1416111 16 35500 287 756
1416176 16 35500 287 756
1416237 16 35500 287 756
1416299 16 35500 287 756
1416364 16 35500 287 756
1416432 16 35500 287 756
1416573 16 35500 287 756
1416639 16 35500 287 756
1416701 16 35500 287 756
1416762 16 35500 287 756
1416827 16 35500 287 756
1416890 16 35500 287 756
1416952 16 35500 287 756
1417016 16 35500 287 756
1417086 16 35500 287 756
1417149 16 35500 287 756
1417214 16 35500 287 756
1417275 16 35500 287 756
1417337 16 35500 287 756
1417402 16 35500 287 756
1417464 16 35500 287 756
1417526 16 35500 287 756
1417591 16 35500 287 756
1417654 16 35500 287 756
1417717 16 35500 287 756
1417784 16 35500 287 756
1417853 16 35500 287 756
1417915 16 35500 287 756
1417982 16 35500 287 756
1418046 16 35500 287 756
1418106 16 35500 287 756
1418173 16 35500 287 756
1418240 16 35500 287 756
1418304 16 35500 287 756
1418372 16 35500 287 756
1418438 16 35500 287 756
1418504 16 35500 287 756
1418565 16 35500 287 756
1418632 16 35500 287 756
1418693 16 35500 287 756
1418756 16 35500 287 756
1418819 16 35500 287 756
1418883 16 35500 287 756
1418944 16 35500 287 756
1419011 16 35500 287 756
1419073 16 35500 287 756
1419140 16 35500 287 756
1419204 16 35500 287 756
1419264 16 35500 287 756
1419325 16 35500 287 756
1419389 16 35500 287 756
1419483 16 35500 287 756
1419549 16 35500 287 756
1419611 16 35500 287 756
1419674 16 35500 287 756
1419737 16 35500 287 756
1419798 16 35500 287 756
1419859 16 35500 287 756
1419925 16 35500 287 756
1419998 16 35500 287 756
1420058 16 35500 287 756
1420124 16 35500 287 756
1420185 16 35500 287 756
1420255 16 35500 287 756
1420315 16 35500 287 756
1420380 16 35500 287 756
1420452 16 35500 287 756
1420514 16 35500 287 756
1420581 16 35500 287 756
1420641 16 35500 287 756
1420703 16 35500 287 756
1420768 16 35500 287 756
1420828 16 35500 287 756
1420891 16 35500 287 756
1420956 16 35500 287 756
1421025 16 35500 287 756
1421087 16 35500 287 756
1421150 16 35500 287 756
1421213 16 35500 287 756
1421273 16 35500 287 756
1421340 16 35500 287 756
1421400 16 35500 287 756
1421471 16 35500 287 756
1421538 16 35500 287 756
1421599 16 35500 287 756
1421659 16 35500 287 756
1421722 16 35500 287 756
1421783 16 35500 287 756
1421844 16 35500 287 756
1421910 16 35500 287 756
1421980 16 35500 287 756
1422040 16 35500 287 756
1422105 16 35500 287 756
1423115 16 35500 287 756
1424122 16 35515 287 756
1425127 16 35541 287 756
1426129 16 35555 287 756
1427139 16 35571 287 756
1428145 16 35585 287 756
1429152 16 35602 287 756
1430157 16 35610 287 756
1431161 16 35622 287 756
1432171 16 35636 287 756
1433178 16 35644 287 756
1434181 16 35654 287 756
1435188 16 35660 287 756
1436189 16 35672 287 756
1437190 16 35692 287 756
1438200 16 35713 287 756
1439206 16 35747 287 756
1440213 16 35800 287 756
1441221 16 35853 287 756
1442226 16 35900 287 756
1443236 16 35935 287 756
1444240 16 35971 287 756
1445243 16 36002 287 756
1446246 16 36033 287 756
1447246 16 36071 287 756
1448252 16 36105 287 756
1449257 16 36155 287 756
1450263 16 36205 287 756
1451267 16 36255 287 756
1452275 16 36305 287 756
1453276 16 36355 287 756
1454281 16 36405 287 756
1455287 16 36455 287 756
1456296 16 36505 287 756
1457302 16 36555 287 756
1458309 16 36605 287 756
1459317 16 36655 287 756
1460323 16 36705 287 756
1461323 16 36755 287 756
1462324 16 36805 287 756
1463329 16 36855 287 756
1464332 16 36905 287 756
1465339 16 36953 287 756
1466441 16 37002 287 756
1467446 16 37048 287 756
1468450 16 37099 287 756
1469455 16 37145 287 756
1470467 16 37186 287 756
1471507 16 37223 287 756
1472556 16 37251 287 756
1473667 16 37282 287 756
1474803 16 37312 287 756
1476495 16 37404 287 756
1477638 16 37476 287 756
1478942 16 37557 287 756
1482237 16 37631 287 756
1483275 16 37697 287 756
1485034 16 37762 287 756
1487880 16 37812 287 756
1489037 16 37862 287 756
1490241 16 37912 287 756
1491293 16 37962 287 756
1492694 16 38012 287 756
1494586 16 38062 287 756
1495978 16 38112 287 756
1497793 16 38162 287 756
1499191 16 38212 287 756
1500695 16 38262 287 756
1500817 17 38300 287 756
1500886 17 38300 287 756
1500949 17 38300 287 756
1501010 17 38300 287 756
1501077 17 38300 287 756
1501137 17 38300 287 756
1501197 17 38300 287 756
1501262 17 38300 287 756
1501332 17 38300 287 756
1501392 17 38300 287 756
1501452 17 38300 287 756
1501516 17 38300 287 756
1501578 17 38300 287 756
1501640 17 38300 287 756
1501704 17 38300 287 756
1501765 17 38300 287 756
1501830 17 38300 287 756
1501892 17 38300 287 756
1501955 17 38300 287 756
1502020 17 38300 287 756
1502082 17 38300 287 756
1502153 17 38300 287 756
1502213 17 38300 287 756
1502279 17 38300 287 756
1502342 17 38300 287 756
1502405 17 38300 287 756
1502471 17 38300 287 756
1502541 17 38300 287 756
1502603 17 38300 287 756
1502666 17 38300 287 756
1502734 17 38300 287 756
1502798 17 38300 287 756
1502865 17 38300 287 756
1502926 17 38300 287 756
1502989 17 38300 287 756
1503052 17 38300 287 756
1503114 17 38300 287 756
1503175 17 38300 287 756
1503240 17 38300 287 756
1503306 17 38300 287 756
1503376 17 38300 287 756
1503442 17 38300 287 756
1503504 17 38300 287 756
1503564 17 38300 287 756
1503629 17 38300 287 756
1503690 17 38300 287 756
1503752 17 38300 287 756
1503817 17 38300 287 756
1503879 17 38300 287 756
1503940 17 38300 287 756
1504004 17 38300 287 756
1504066 17 38300 287 756
1504129 17 38300 287 756
1504196 17 38300 287 756
1504259 17 38300 287 756
1504319 17 38300 287 756
1504386 17 38300 287 756
1504449 17 38300 287 756
1504518 17 38300 287 756
1504579 17 38300 287 756
1504643 17 38300 287 756
1504703 17 38300 287 756
1504767 17 38300 287 756
1504831 17 38300 287 756
1504894 17 38300 287 756
1504957 17 38300 287 756
1505023 17 38300 287 756
1505084 17 38300 287 756
1505148 17 38300 287 756
1505211 17 38300 287 756
1505273 17 38300 287 756
1505338 17 38300 287 756
1505400 17 38300 287 756
1505467 17 38300 287 756
1505536 17 38300 287 756
1505603 17 38300 287 756
1505663 17 38300 287 756
1505731 17 38300 287 756
1505797 17 38300 287 756
1505859 17 38300 287 756
1505920 17 38300 287 756
1505985 17 38300 287 756
1506047 17 38300 287 756
1506119 17 38300 287 756
1506185 17 38300 287 756
1506246 17 38300 287 756
1506307 17 38300 287 756
1506371 17 38300 287 756
1506431 17 38300 287 756
1506495 17 38300 287 756
1506561 17 38300 287 756
1506625 17 38300 287 756
1506694 17 38300 287 756
1506760 17 38300 287 756
1506833 17 38300 287 756
1506902 17 38300 287 756
1506971 17 38300 287 756
1507038 17 38300 287 756
1507098 17 38300 287 756
1507159 17 38300 287 756
1507225 17 38300 287 756
1507286 17 38300 287 756
1507355 17 38300 287 756
1507418 17 38300 287 756
1507485 17 38300 287 756
1507548 17 38300 287 756
1507608 17 38300 287 756
1507675 17 38300 287 756
1507739 17 38300 287 756
1507805 17 38300 287 756
1507872 17 38300 287 756
1507945 17 38300 287 756
1508014 17 38300 287 756
1508076 17 38300 287 756
1508141 17 38300 287 756
1508202 17 38300 287 756
1508265 17 38300 287 756
1508327 17 38300 287 756
1508388 17 38300 287 756
1508453 17 38300 287 756
1508515 17 38300 287 756
1508577 17 38300 287 756
1508641 17 38300 287 756
1508706 17 38300 287 756
1508776 17 38300 287 756
1508836 17 38300 287 756
1508901 17 38300 287 756
1508962 17 38300 287 756
1509022 17 38300 287 756
1509088 17 38300 287 756
1509150 17 38300 287 756
1509211 17 38300 287 756
1509277 17 38300 287 756
1509338 17 38300 287 756
1509401 17 38300 287 756
1509462 17 38300 287 756
1509524 17 38300 287 756
1509586 17 38300 287 756
1509651 17 38300 287 756
1509711 17 38300 287 756
1509775 17 38300 287 756
1509839 17 38300 287 756
1509899 17 38300 287 756
1509965 17 38300 287 756
1510028 17 38300 287 756
1510089 17 38300 287 756
1510154 17 38300 287 756
1510214 17 38300 287 756
1510276 17 38300 287 756
1510342 17 38300 287 756
1510403 17 38300 287 756
1510465 17 38300 287 756
1510528 17 38300 287 756
1510596 17 38300 287 756
1510667 17 38300 287 756
1510727 17 38300 287 756
1510794 17 38300 287 756
1510857 17 38300 287 756
1510918 17 38300 287 756
1510986 17 38300 287 756
1511060 17 38300 287 756
1511127 17 38300 287 756
1511191 17 38300 287 756
1511258 17 38300 287 756
1511329 17 38300 287 756
1511389 17 38300 287 756
1511455 17 38300 287 756
1511516 17 38300 287 756
1511579 17 38300 287 756
1511644 17 38300 287 756
1511705 17 38300 287 756
1511765 17 38300 287 756
1511832 17 38300 287 756
1511892 17 38300 287 756
1511963 17 38300 287 756
1512029 17 38300 287 756
1512091 17 38300 287 756
1512154 17 38300 287 756
1512219 17 38300 287 756
1512279 17 38300 287 756
1512348 17 38300 287 756
1512414 17 38300 287 756
1512475 17 38300 287 756
1512546 17 38300 287 756
1512607 17 38300 287 756
1512672 17 38300 287 756
1513681 17 38300 287 756
1514684 17 38350 287 756
1515290 18 38300 287 756
1515354 18 38300 287 756
1515414 18 38300 287 756
1515478 18 38300 287 756
1515538 18 38300 287 756
1515602 18 38300 287 756
1515668 18 38300 287 756
1515739 18 38300 287 756
1515810 18 38300 287 756
1515873 18 38300 287 756
1515937 18 38300 287 756
1516009 18 38300 287 756
1516069 18 38300 287 756
1516134 18 38300 287 756
1516196 18 38300 287 756
1516256 18 38300 287 756
1516320 18 38300 287 756
1516380 18 38300 287 756
1516442 18 38300 287 756
1516509 18 38300 287 756
1516572 18 38300 287 756
1516644 18 38300 287 756
1516708 18 38300 287 756
1516777 18 38300 287 756
1516846 18 38300 287 756
1516910 18 38300 287 756
1516979 18 38300 287 756
1517049 18 38300 287 756
1517117 18 38300 287 756
1517183 18 38300 287 756
1517243 18 38300 287 756
1517305 18 38300 287 756
1517369 18 38300 287 756
1517440 18 38300 287 756
1517502 18 38300 287 756
1517564 18 38300 287 756
1517636 18 38300 287 756
1517696 18 38300 287 756
1517758 18 38300 287 756
1517820 18 38300 287 756
1517883 18 38300 287 756
1517944 18 38300 287 756
1518010 18 38300 287 756
1518081 18 38300 287 756
1518152 18 38300 287 756
1518217 18 38300 287 756
1518278 18 38300 287 756
1518338 18 38300 287 756
1518403 18 38300 287 756
1518468 18 38300 287 756
1518530 18 38300 287 756
1518594 18 38300 287 756
1518656 18 38300 287 756
1518717 18 38300 287 756
1518784 18 38300 287 756
1518853 18 38300 287 756
1518920 18 38300 287 756
1518984 18 38300 287 756
1519051 18 38300 287 756
1519111 18 38300 287 756
1519180 18 38300 287 756
1519250 18 38300 287 756
1519311 18 38300 287 756
1519372 18 38300 287 756
1519438 18 38300 287 756
1519499 18 38300 287 756
1519559 18 38300 287 756
1519625 18 38300 287 756
1519687 18 38300 287 756
1519750 18 38300 287 756
1519815 18 38300 287 756
1519876 18 38300 287 756
1519937 18 38300 287 756
1519999 18 38300 287 756
1520059 18 38300 287 756
1520121 18 38300 287 756
1520188 18 38300 287 756
1520249 18 38300 287 756
1520311 18 38300 287 756
1520374 18 38300 287 756
1520435 18 38300 287 756
1520500 18 38300 287 756
1520566 18 38300 287 756
1520628 18 38300 287 756
1520690 18 38300 287 756
1520756 18 38300 287 756
1520816 18 38300 287 756
1520886 18 38300 287 756
1520953 18 38300 287 756
1521015 18 38300 287 756
1521083 18 38300 287 756
1521151 18 38300 287 756
1521211 18 38300 287 756
1521273 18 38300 287 756
1521339 18 38300 287 756
1521399 18 38300 287 756
1521460 18 38300 287 756
1521527 18 38300 287 756
1521589 18 38300 287 756
1521651 18 38300 287 756
1521716 18 38300 287 756
1521776 18 38300 287 756
1521837 18 38300 287 756
1521900 18 38300 287 756
1521960 18 38300 287 756
1522022 18 38300 287 756
1522085 18 38300 287 756
1522150 18 38300 287 756
1522210 18 38300 287 756
1522271 18 38300 287 756
1522333 18 38300 287 756
1522394 18 38300 287 756
1522461 18 38300 287 756
1522531 18 38300 287 756
1522592 18 38300 287 756
1522657 18 38300 287 756
1522719 18 38300 287 756
1522781 18 38300 287 756
1522844 18 38300 287 756
1522912 18 38300 287 756
1522975 18 38300 287 756
1523036 18 38300 287 756
1523097 18 38300 287 756
1523160 18 38300 287 756
1523224 18 38300 287 756
1523287 18 38300 287 756
1523358 18 38300 287 756
1523420 18 38300 287 756
1523485 18 38300 287 756
1523551 18 38300 287 756
1523611 18 38300 287 756
1523678 18 38300 287 756
1523738 18 38300 287 756
1523799 18 38300 287 756
1523867 18 38300 287 756
1523927 18 38300 287 756
1523995 18 38300 287 756
1524061 18 38300 287 756
1524123 18 38300 287 756
1524183 18 38300 287 756
1524248 18 38300 287 756
1524311 18 38300 287 756
1524372 18 38300 287 756
1524436 18 38300 287 756
1524498 18 38300 287 756
1524559 18 38300 287 756
1524625 18 38300 287 756
1524687 18 38300 287 756
1524757 18 38300 287 756
1524817 18 38300 287 756
1524878 18 38300 287 756
1524940 18 38300 287 756
1525005 18 38300 287 756
1525068 18 38300 287 756
1525129 18 38300 287 756
1525193 18 38300 287 756
1525255 18 38300 287 756
1525317 18 38300 287 756
1525381 18 38300 287 756
1525441 18 38300 287 756
1525502 18 38300 287 756
1525567 18 38300 287 756
1525638 18 38300 287 756
1525710 18 38300 287 756
1525779 18 38300 287 756
1525847 18 38300 287 756
1525908 18 38300 287 756
1525968 18 38300 287 756
1526028 18 38300 287 756
1526093 18 38300 287 756
1526155 18 38300 287 756
1526221 18 38300 287 756
1526284 18 38300 287 756
1526344 18 38300 287 756
1526410 18 38300 287 756
1526470 18 38300 287 756
1526541 18 38300 287 756
1526603 18 38300 287 756
1526668 18 38300 287 756
1526740 18 38300 287 756
1527422 19 38300 287 756
1527484 19 38300 287 756
1527544 19 38300 287 756
1527611 19 38300 287 756
1527676 19 38300 287 756
1527739 19 38300 287 756
1527805 19 38300 287 756
1527867 19 38300 287 756
1527927 19 38300 287 756
1527994 19 38300 287 756
1528056 19 38300 287 756
1528117 19 38300 287 756
1528184 19 38300 287 756
1528244 19 38300 287 756
1528306 19 38300 287 756
1528371 19 38300 287 756
1528441 19 38300 287 756
1528510 19 38300 287 756
1528578 19 38300 287 756
1528644 19 38300 287 756
1528709 19 38300 287 756
1528771 19 38300 287 756
1528832 19 38300 287 756
1528902 19 38300 287 756
1528967 19 38300 287 756
1529032 19 38300 287 756
1529096 19 38300 287 756
1529156 19 38300 287 756
1529222 19 38300 287 756
1529293 19 38300 287 756
1529353 19 38300 287 756
1529419 19 38300 287 756
1529479 19 38300 287 756
1529542 19 38300 287 756
1529609 19 38300 287 756
1529678 19 38300 287 756
1529739 19 38300 287 756
1529801 19 38300 287 756
1529866 19 38300 287 756
1529929 19 38300 287 756
1529991 19 38300 287 756
1530054 19 38300 287 756
1530125 19 38300 287 756
1530194 19 38300 287 756
1530261 19 38300 287 756
1530324 19 38300 287 756
1530387 19 38300 287 756
1530453 19 38300 287 756
1530518 19 38300 287 756
1530578 19 38300 287 756
1530643 19 38300 287 756
1530705 19 38300 287 756
1530774 19 38300 287 756
1530838 19 38300 287 756
1530903 19 38300 287 756
1530964 19 38300 287 756
1531029 19 38300 287 756
1531091 19 38300 287 756
1531151 19 38300 287 756
1531216 19 38300 287 756
1531276 19 38300 287 756
1531338 19 38300 287 756
1531406 19 38300 287 756
1531476 19 38300 287 756
1531539 19 38300 287 756
1531608 19 38300 287 756
1531675 19 38300 287 756
1531735 19 38300 287 756
1531796 19 38300 287 756
1531863 19 38300 287 756
1531923 19 38300 287 756
1531985 19 38300 287 756
1532050 19 38300 287 756
1532112 19 38300 287 756
1532184 19 38300 287 756
1532248 19 38300 287 756
1532311 19 38300 287 756
1532373 19 38300 287 756
1532438 19 38300 287 756
1532498 19 38300 287 756
1532560 19 38300 287 756
1532624 19 38300 287 756
1532685 19 38300 287 756
1532748 19 38300 287 756
1532815 19 38300 287 756
1532875 19 38300 287 756
1532935 19 38300 287 756
1532999 19 38300 287 756
1533070 19 38300 287 756
1533131 19 38300 287 756
1533196 19 38300 287 756
1533259 19 38300 287 756
1533320 19 38300 287 756
1533383 19 38300 287 756
1533446 19 38300 287 756
1533514 19 38300 287 756
1533576 19 38300 287 756
1533641 19 38300 287 756
1533711 19 38300 287 756
1533773 19 38300 287 756
1533838 19 38300 287 756
1533906 19 38300 287 756
1533966 19 38300 287 756
1534033 19 38300 287 756
1534095 19 38300 287 756
1534157 19 38300 287 756
1534225 19 38300 287 756
1534293 19 38300 287 756
1534354 19 38300 287 756
1534417 19 38300 287 756
1534489 19 38300 287 756
1534550 19 38300 287 756
1534610 19 38300 287 756
1534676 19 38300 287 756
1534738 19 38300 287 756
1534799 19 38300 287 756
1534864 19 38300 287 756
1534925 19 38300 287 756
1534987 19 38300 287 756
1535052 19 38300 287 756
1535113 19 38300 287 756
1535173 19 38300 287 756
1535239 19 38300 287 756
1535308 19 38300 287 756
1535368 19 38300 287 756
1535434 19 38300 287 756
1535495 19 38300 287 756
1535557 19 38300 287 756
1535624 19 38300 287 756
1535687 19 38300 287 756
1535747 19 38300 287 756
1535812 19 38300 287 756
1535875 19 38300 287 756
1535938 19 38300 287 756
1536002 19 38300 287 756
1536065 19 38300 287 756
1536125 19 38300 287 756
1536191 19 38300 287 756
1536251 19 38300 287 756
1536323 19 38300 287 756
1536386 19 38300 287 756
1536449 19 38300 287 756
1536512 19 38300 287 756
1536579 19 38300 287 756
1536648 19 38300 287 756
1536709 19 38300 287 756
1536775 19 38300 287 756
1536841 19 38300 287 756
1536909 19 38300 287 756
1536971 19 38300 287 756
1537036 19 38300 287 756
1537098 19 38300 287 756
1537159 19 38300 287 756
1537223 19 38300 287 756
1537283 19 38300 287 756
1537345 19 38300 287 756
1537410 19 38300 287 756
1537472 19 38300 287 756
1537535 19 38300 287 756
1537595 19 38300 287 756
1537655 19 38300 287 756
1537720 19 38300 287 756
1537784 19 38300 287 756
1537855 19 38300 287 756
1537926 19 38300 287 756
1537989 19 38300 287 756
1538060 19 38300 287 756
1538123 19 38300 287 756
1538190 19 38300 287 756
1538254 19 38300 287 756
1538315 19 38300 287 756
1538380 19 38300 287 756
1538440 19 38300 287 756
1538511 19 38300 287 756
1538572 19 38300 287 756
1538636 19 38300 287 756
1538697 19 38300 287 756
1538759 19 38300 287 756
1538827 19 38300 287 756
1538888 19 38300 287 756
1539896 19 38300 287 756
1540901 19 38350 287 756
1541908 19 38400 287 756
1542910 19 38450 287 756
1543916 19 38500 287 756
1544924 19 38550 287 756
1545932 19 38559 287 756
1546934 19 38573 287 756
1547939 19 38587 287 756
1548952 19 38599 287 756
1550025 20 38700 287 756
1550087 20 38700 287 756
1550153 20 38700 287 756
1550217 20 38700 287 756
1550278 20 38700 287 756
1550343 20 38700 287 756
1550411 20 38700 287 756
1550473 20 38700 287 756
1550535 20 38700 287 756
1550601 20 38700 287 756
1550661 20 38700 287 756
1550723 20 38700 287 756
1550789 20 38700 287 756
1550849 20 38700 287 756
1550913 20 38700 287 756
1550978 20 38700 287 756
1551048 20 38700 287 756
1551110 20 38700 287 756
1551174 20 38700 287 756
1551236 20 38700 287 756
1551298 20 38700 287 756
1551365 20 38700 287 756
1551426 20 38700 287 756
1551495 20 38700 287 756
1551559 20 38700 287 756
1551620 20 38700 287 756
1551684 20 38700 287 756
1551750 20 38700 287 756
1551817 20 38700 287 756
1551883 20 38700 287 756
1551948 20 38700 287 756
1552009 20 38700 287 756
1552071 20 38700 287 756
1552136 20 38700 287 756
1552197 20 38700 287 756
1552261 20 38700 287 756
1552327 20 38700 287 756
1552387 20 38700 287 756
1552458 20 38700 287 756
1552519 20 38700 287 756
1552583 20 38700 287 756
1552644 20 38700 287 756
1552708 20 38700 287 756
1552774 20 38700 287 756
1552843 20 38700 287 756
1552904 20 38700 287 756
1552969 20 38700 287 756
1553032 20 38700 287 756
1553093 20 38700 287 756
1553159 20 38700 287 756
1553221 20 38700 287 756
1553283 20 38700 287 756
1553350 20 38700 287 756
1553413 20 38700 287 756
1553481 20 38700 287 756
1553546 20 38700 287 756
1553607 20 38700 287 756
1553667 20 38700 287 756
1553732 20 38700 287 756
1553795 20 38700 287 756
1553868 20 38700 287 756
1553933 20 38700 287 756
1553995 20 38700 287 756
1554055 20 38700 287 756
1554120 20 38700 287 756
1554189 20 38700 287 756
1554251 20 38700 287 756
1554315 20 38700 287 756
1554379 20 38700 287 756
1554441 20 38700 287 756
1554504 20 38700 287 756
1554571 20 38700 287 756
1554633 20 38700 287 756
1554697 20 38700 287 756
1554759 20 38700 287 756
1554820 20 38700 287 756
1554886 20 38700 287 756
1554950 20 38700 287 756
1555011 20 38700 287 756
1555075 20 38700 287 756
1555143 20 38700 287 756
1555204 20 38700 287 756
1555266 20 38700 287 756
1555333 20 38700 287 756
1555403 20 38700 287 756
1555465 20 38700 287 756
1555529 20 38700 287 756
1555591 20 38700 287 756
1555652 20 38700 287 756
1555719 20 38700 287 756
1555780 20 38700 287 756
1555840 20 38700 287 756
1555906 20 38700 287 756
1555967 20 38700 287 756
1556037 20 38700 287 756
1556104 20 38700 287 756
1556166 20 38700 287 756
1556227 20 38700 287 756
1556295 20 38700 287 756
1556358 20 38700 287 756
1556418 20 38700 287 756
1556485 20 38700 287 756
1556547 20 38700 287 756
1556607 20 38700 287 756
1556671 20 38700 287 756
1556731 20 38700 287 756
1556792 20 38700 287 756
1556858 20 38700 287 756
1556920 20 38700 287 756
1556980 20 38700 287 756
1557044 20 38700 287 756
1557106 20 38700 287 756
1557167 20 38700 287 756
1557232 20 38700 287 756
1557302 20 38700 287 756
1557362 20 38700 287 756
1557427 20 38700 287 756
1557490 20 38700 287 756
1557553 20 38700 287 756
1557619 20 38700 287 756
1557679 20 38700 287 756
1557740 20 38700 287 756
1557806 20 38700 287 756
1557867 20 38700 287 756
1557927 20 38700 287 756
1557993 20 38700 287 756
1558056 20 38700 287 756
1558117 20 38700 287 756
1558182 20 38700 287 756
1558253 20 38700 287 756
1558324 20 38700 287 756
1558385 20 38700 287 756
1558453 20 38700 287 756
1558515 20 38700 287 756
1558575 20 38700 287 756
1558641 20 38700 287 756
1558701 20 38700 287 756
1558761 20 38700 287 756
1558827 20 38700 287 756
1558888 20 38700 287 756
1558948 20 38700 287 756
1559012 20 38700 287 756
1559074 20 38700 287 756
1559136 20 38700 287 756
1559199 20 38700 287 756
1559260 20 38700 287 756
1559326 20 38700 287 756
1559397 20 38700 287 756
1559459 20 38700 287 756
1559522 20 38700 287 756
1559585 20 38700 287 756
1559651 20 38700 287 756
1559716 20 38700 287 756
1559778 20 38700 287 756
1559844 20 38700 287 756
1559913 20 38700 287 756
1559982 20 38700 287 756
1560042 20 38700 287 756
1560104 20 38700 287 756
1560173 20 38700 287 756
1560233 20 38700 287 756
1560301 20 38700 287 756
1560366 20 38700 287 756
1560426 20 38700 287 756
1560486 20 38700 287 756
1560553 20 38700 287 756
1560613 20 38700 287 756
1560674 20 38700 287 756
1560741 20 38700 287 756
1560804 20 38700 287 756
1560866 20 38700 287 756
1560933 20 38700 287 756
1560994 20 38700 287 756
1561054 20 38700 287 756
1561119 20 38700 287 756
1561180 20 38700 287 756
1561241 20 38700 287 756
1561308 20 38700 287 756
1561368 20 38700 287 756
1561428 20 38700 287 756
1561494 20 38700 287 756
1561557 20 38700 287 756
1561628 20 38700 287 756
1561694 20 38700 287 756
1561754 20 38700 287 756
1561824 20 38700 287 756
1561893 20 38700 287 756
1561964 20 38700 287 756
1562028 20 38700 287 756
1562090 20 38700 287 756
1562157 20 38700 287 756
1562219 20 38700 287 756
1562280 20 38700 287 756
1562346 20 38700 287 756
1563348 20 38700 287 756
1564358 20 38710 287 756
1565127 21 38700 287 756
1565187 21 38700 287 756
1565250 21 38700 287 756
1565312 21 38700 287 756
1565374 21 38700 287 756
1565439 21 38700 287 756
1565500 21 38700 287 756
1565562 21 38700 287 756
1565629 21 38700 287 756
1565697 21 38700 287 756
1565757 21 38700 287 756
1565823 21 38700 287 756
1565883 21 38700 287 756
1565944 21 38700 287 756
1566009 21 38700 287 756
1566071 21 38700 287 756
1566134 21 38700 287 756
1566198 21 38700 287 756
1566262 21 38700 287 756
1566326 21 38700 287 756
1566390 21 38700 287 756
1566456 21 38700 287 756
1566518 21 38700 287 756
1566578 21 38700 287 756
1566644 21 38700 287 756
1566705 21 38700 287 756
1566768 21 38700 287 756
1566832 21 38700 287 756
1566895 21 38700 287 756
1566958 21 38700 287 756
1567024 21 38700 287 756
1567086 21 38700 287 756
1567155 21 38700 287 756
1567223 21 38700 287 756
1567288 21 38700 287 756
1567350 21 38700 287 756
1567417 21 38700 287 756
1567486 21 38700 287 756
1567550 21 38700 287 756
1567616 21 38700 287 756
1567679 21 38700 287 756
1567745 21 38700 287 756
1567806 21 38700 287 756
1567877 21 38700 287 756
1567941 21 38700 287 756
1568004 21 38700 287 756
1568066 21 38700 287 756
1568132 21 38700 287 756
1568194 21 38700 287 756
1568254 21 38700 287 756
1568319 21 38700 287 756
1568382 21 38700 287 756
1568442 21 38700 287 756
1568510 21 38700 287 756
1568573 21 38700 287 756
1568635 21 38700 287 756
1568701 21 38700 287 756
1568761 21 38700 287 756
1568821 21 38700 287 756
1568888 21 38700 287 756
1568950 21 38700 287 756
1569011 21 38700 287 756
1569073 21 38700 287 756
1569137 21 38700 287 756
1569199 21 38700 287 756
1569264 21 38700 287 756
1569326 21 38700 287 756
1569386 21 38700 287 756
1569455 21 38700 287 756
1569517 21 38700 287 756
1569579 21 38700 287 756
1569644 21 38700 287 756
1569706 21 38700 287 756
1569766 21 38700 287 756
1569831 21 38700 287 756
1569891 21 38700 287 756
1569961 21 38700 287 756
1570027 21 38700 287 756
1570089 21 38700 287 756
1570150 21 38700 287 756
1570215 21 38700 287 756
1570277 21 38700 287 756
1570337 21 38700 287 756
1570403 21 38700 287 756
1570465 21 38700 287 756
1570525 21 38700 287 756
1570590 21 38700 287 756
1570652 21 38700 287 756
1570712 21 38700 287 756
1570779 21 38700 287 756
1570840 21 38700 287 756
1570902 21 38700 287 756
1570967 21 38700 287 756
1571027 21 38700 287 756
1571091 21 38700 287 756
1571157 21 38700 287 756
1571220 21 38700 287 756
1571281 21 38700 287 756
1571346 21 38700 287 756
1571406 21 38700 287 756
1571469 21 38700 287 756
1571533 21 38700 287 756
1571595 21 38700 287 756
1571663 21 38700 287 756
1571729 21 38700 287 756
1571789 21 38700 287 756
1571858 21 38700 287 756
1571926 21 38700 287 756
1571992 21 38700 287 756
1572055 21 38700 287 756
1572116 21 38700 287 756
1572182 21 38700 287 756
1572253 21 38700 287 756
1572314 21 38700 287 756
1572379 21 38700 287 756
1572441 21 38700 287 756
1572503 21 38700 287 756
1572569 21 38700 287 756
1572633 21 38700 287 756
1572694 21 38700 287 756
1572761 21 38700 287 756
1572822 21 38700 287 756
1572882 21 38700 287 756
1572948 21 38700 287 756
1573010 21 38700 287 756
1573071 21 38700 287 756
1573135 21 38700 287 756
1573206 21 38700 287 756
1573266 21 38700 287 756
1573332 21 38700 287 756
1573395 21 38700 287 756
1573457 21 38700 287 756
1573523 21 38700 287 756
1573583 21 38700 287 756
1573644 21 38700 287 756
1573710 21 38700 287 756
1573779 21 38700 287 756
1573841 21 38700 287 756
1573903 21 38700 287 756
1573966 21 38700 287 756
1574027 21 38700 287 756
1574089 21 38700 287 756
1574153 21 38700 287 756
1574215 21 38700 287 756
1574280 21 38700 287 756
1574345 21 38700 287 756
1574406 21 38700 287 756
1574470 21 38700 287 756
1574532 21 38700 287 756
1574593 21 38700 287 756
1574658 21 38700 287 756
1574719 21 38700 287 756
1574780 21 38700 287 756
1574845 21 38700 287 756
1574908 21 38700 287 756
1574977 21 38700 287 756
1575037 21 38700 287 756
1575103 21 38700 287 756
1575173 21 38700 287 756
1575243 21 38700 287 756
1575310 21 38700 287 756
1575371 21 38700 287 756
1575439 21 38700 287 756
1575499 21 38700 287 756
1575564 21 38700 287 756
1575627 21 38700 287 756
1575689 21 38700 287 756
1575754 21 38700 287 756
1575815 21 38700 287 756
1575876 21 38700 287 756
1575941 21 38700 287 756
1576010 21 38700 287 756
1576072 21 38700 287 756
1576138 21 38700 287 756
1576200 21 38700 287 756
1576262 21 38700 287 756
1576327 21 38700 287 756
1576399 21 38700 287 756
1576468 21 38700 287 756
1576535 21 38700 287 756
1576595 21 38700 287 756
1576657 21 38700 287 756
1576723 21 38700 287 756
1576795 21 38700 287 756
1576865 21 38700 287 756
1576931 21 38700 287 756
1576997 21 38700 287 756
1577229 22 38700 287 756
1577292 22 38700 287 756
1577353 22 38700 287 756
1577415 22 38700 287 756
1577480 22 38700 287 756
1577544 22 38700 287 756
1577609 22 38700 287 756
1577673 22 38700 287 756
1577736 22 38700 287 756
1577797 22 38700 287 756
1577862 22 38700 287 756
1577925 22 38700 287 756
1577989 22 38700 287 756
1578050 22 38700 287 756
1578110 22 38700 287 756
1578179 22 38700 287 756
1578242 22 38700 287 756
1578310 22 38700 287 756
1578375 22 38700 287 756
1578439 22 38700 287 756
1578510 22 38700 287 756
1578573 22 38700 287 756
1578640 22 38700 287 756
1578711 22 38700 287 756
1578774 22 38700 287 756
1578844 22 38700 287 756
1578910 22 38700 287 756
1578971 22 38700 287 756
1579034 22 38700 287 756
1579101 22 38700 287 756
1579162 22 38700 287 756
1579224 22 38700 287 756
1579291 22 38700 287 756
1579353 22 38700 287 756
1579413 22 38700 287 756
1579476 22 38700 287 756
1579536 22 38700 287 756
1579599 22 38700 287 756
1579665 22 38700 287 756
1579728 22 38700 287 756
1579788 22 38700 287 756
1579854 22 38700 287 756
1579915 22 38700 287 756
1579985 22 38700 287 756
1580052 22 38700 287 756
1580114 22 38700 287 756
1580175 22 38700 287 756
1580242 22 38700 287 756
1580304 22 38700 287 756
1580374 22 38700 287 756
1580435 22 38700 287 756
1580500 22 38700 287 756
1580562 22 38700 287 756
1580625 22 38700 287 756
1580689 22 38700 287 756
1580761 22 38700 287 756
1580821 22 38700 287 756
1580888 22 38700 287 756
1580948 22 38700 287 756
1581010 22 38700 287 756
1581076 22 38700 287 756
1581146 22 38700 287 756
1581207 22 38700 287 756
1581269 22 38700 287 756
1581332 22 38700 287 756
1581395 22 38700 287 756
1581461 22 38700 287 756
1581524 22 38700 287 756
1581595 22 38700 287 756
1581659 22 38700 287 756
1581719 22 38700 287 756
1581780 22 38700 287 756
1581845 22 38700 287 756
1581915 22 38700 287 756
1581976 22 38700 287 756
1582039 22 38700 287 756
1582104 22 38700 287 756
1582165 22 38700 287 756
1582227 22 38700 287 756
1582290 22 38700 287 756
1582352 22 38700 287 756
1582414 22 38700 287 756
1582478 22 38700 287 756
1582539 22 38700 287 756
1582602 22 38700 287 756
1582662 22 38700 287 756
1582724 22 38700 287 756
1582789 22 38700 287 756
1582851 22 38700 287 756
1582911 22 38700 287 756
1582978 22 38700 287 756
1583038 22 38700 287 756
1583108 22 38700 287 756
1583168 22 38700 287 756
1583233 22 38700 287 756
1583295 22 38700 287 756
1583358 22 38700 287 756
1583425 22 38700 287 756
1583487 22 38700 287 756
1583548 22 38700 287 756
1583616 22 38700 287 756
1583677 22 38700 287 756
1583739 22 38700 287 756
1583802 22 38700 287 756
1583862 22 38700 287 756
1583925 22 38700 287 756
1583990 22 38700 287 756
1584061 22 38700 287 756
1584134 22 38700 287 756
1584200 22 38700 287 756
1584261 22 38700 287 756
1584322 22 38700 287 756
1584388 22 38700 287 756
1584451 22 38700 287 756
1584520 22 38700 287 756
1584587 22 38700 287 756
1584649 22 38700 287 756
1584712 22 38700 287 756
1584779 22 38700 287 756
1584841 22 38700 287 756
1584902 22 38700 287 756
1584966 22 38700 287 756
1585030 22 38700 287 756
1585092 22 38700 287 756
1585159 22 38700 287 756
1585221 22 38700 287 756
1585282 22 38700 287 756
1585345 22 38700 287 756
1585408 22 38700 287 756
1585470 22 38700 287 756
1585536 22 38700 287 756
1585599 22 38700 287 756
1585659 22 38700 287 756
1585723 22 38700 287 756
1585784 22 38700 287 756
1585847 22 38700 287 756
1585914 22 38700 287 756
1585976 22 38700 287 756
1586039 22 38700 287 756
1586103 22 38700 287 756
1586165 22 38700 287 756
1586229 22 38700 287 756
1586294 22 38700 287 756
1586356 22 38700 287 756
1586417 22 38700 287 756
1586484 22 38700 287 756
1586546 22 38700 287 756
1586606 22 38700 287 756
1586671 22 38700 287 756
1586733 22 38700 287 756
1586793 22 38700 287 756
1586858 22 38700 287 756
1586929 22 38700 287 756
1586992 22 38700 287 756
1587059 22 38700 287 756
1587121 22 38700 287 756
1587183 22 38700 287 756
1587248 22 38700 287 756
1587308 22 38700 287 756
1587378 22 38700 287 756
1587443 22 38700 287 756
1587508 22 38700 287 756
1587579 22 38700 287 756
1587640 22 38700 287 756
1587706 22 38700 287 756
1587768 22 38700 287 756
1587838 22 38700 287 756
1587905 22 38700 287 756
1587965 22 38700 287 756
1588028 22 38700 287 756
1588092 22 38700 287 756
1588153 22 38700 287 756
1588215 22 38700 287 756
1588281 22 38700 287 756
1588345 22 38700 287 756
1588409 22 38700 287 756
1588474 22 38700 287 756
1588545 22 38700 287 756
1588614 22 38700 287 756
1588683 22 38700 287 756
1588750 22 38700 287 756
1588817 22 38700 287 756
1588878 22 38700 287 756
1588948 22 38700 287 756
1589009 22 38700 287 756
1589070 22 38700 287 756
1589133 22 38700 287 756
1589818 23 38700 287 756
1589883 23 38700 287 756
1589948 23 38700 287 756
1590010 23 38700 287 756
1590071 23 38700 287 756
1590138 23 38700 287 756
1590199 23 38700 287 756
1590261 23 38700 287 756
1590325 23 38700 287 756
1590385 23 38700 287 756
1590449 23 38700 287 756
1590517 23 38700 287 756
1590579 23 38700 287 756
1590642 23 38700 287 756
1590709 23 38700 287 756
1590770 23 38700 287 756
1590832 23 38700 287 756
1590896 23 38700 287 756
1590960 23 38700 287 756
1591021 23 38700 287 756
1591085 23 38700 287 756
1591146 23 38700 287 756
1591209 23 38700 287 756
1591275 23 38700 287 756
1591345 23 38700 287 756
1591407 23 38700 287 756
1591472 23 38700 287 756
1591533 23 38700 287 756
1591596 23 38700 287 756
1591661 23 38700 287 756
1591722 23 38700 287 756
1591782 23 38700 287 756
1591847 23 38700 287 756
1591915 23 38700 287 756
1591976 23 38700 287 756
1592040 23 38700 287 756
1592101 23 38700 287 756
1592163 23 38700 287 756
1592230 23 38700 287 756
1592291 23 38700 287 756
1592353 23 38700 287 756
1592419 23 38700 287 756
1592480 23 38700 287 756
1592540 23 38700 287 756
1592606 23 38700 287 756
1592677 23 38700 287 756
1592749 23 38700 287 756
1592816 23 38700 287 756
1592879 23 38700 287 756
1592941 23 38700 287 756
1593007 23 38700 287 756
1593076 23 38700 287 756
1593136 23 38700 287 756
1593199 23 38700 287 756
1593265 23 38700 287 756
1593333 23 38700 287 756
1593396 23 38700 287 756
1593460 23 38700 287 756
1593523 23 38700 287 756
1593586 23 38700 287 756
1593649 23 38700 287 756
1593713 23 38700 287 756
1593776 23 38700 287 756
1593842 23 38700 287 756
1593903 23 38700 287 756
1593963 23 38700 287 756
1594027 23 38700 287 756
1594090 23 38700 287 756
1594150 23 38700 287 756
1594214 23 38700 287 756
1594275 23 38700 287 756
1594338 23 38700 287 756
1594399 23 38700 287 756
1594466 23 38700 287 756
1594531 23 38700 287 756
1594598 23 38700 287 756
1594660 23 38700 287 756
1594722 23 38700 287 756
1594789 23 38700 287 756
1594851 23 38700 287 756
1594920 23 38700 287 756
1594982 23 38700 287 756
1595051 23 38700 287 756
1595113 23 38700 287 756
1595178 23 38700 287 756
1595247 23 38700 287 756
1595313 23 38700 287 756
1595375 23 38700 287 756
1595435 23 38700 287 756
1595501 23 38700 287 756
1595562 23 38700 287 756
1595622 23 38700 287 756
1595688 23 38700 287 756
1595751 23 38700 287 756
1595811 23 38700 287 756
1595873 23 38700 287 756
1595936 23 38700 287 756
1596006 23 38700 287 756
1596071 23 38700 287 756
1596131 23 38700 287 756
1596192 23 38700 287 756
1596257 23 38700 287 756
1596318 23 38700 287 756
1596381 23 38700 287 756
1596448 23 38700 287 756
1596517 23 38700 287 756
1596579 23 38700 287 756
1596643 23 38700 287 756
1596705 23 38700 287 756
1596769 23 38700 287 756
1596834 23 38700 287 756
1596896 23 38700 287 756
1596957 23 38700 287 756
1597022 23 38700 287 756
1597083 23 38700 287 756
1597146 23 38700 287 756
1597213 23 38700 287 756
1597275 23 38700 287 756
1597335 23 38700 287 756
1597402 23 38700 287 756
1597468 23 38700 287 756
1597538 23 38700 287 756
1597600 23 38700 287 756
1597664 23 38700 287 756
1597728 23 38700 287 756
1597788 23 38700 287 756
1597855 23 38700 287 756
1597916 23 38700 287 756
1597976 23 38700 287 756
1598042 23 38700 287 756
1598103 23 38700 287 756
1598163 23 38700 287 756
1598231 23 38700 287 756
1598291 23 38700 287 756
1598361 23 38700 287 756
1598423 23 38700 287 756
1598488 23 38700 287 756
1598548 23 38700 287 756
1598613 23 38700 287 756
1598676 23 38700 287 756
1598739 23 38700 287 756
1598799 23 38700 287 756
1598864 23 38700 287 756
1598925 23 38700 287 756
1598993 23 38700 287 756
1599061 23 38700 287 756
1599122 23 38700 287 756
1599185 23 38700 287 756
1599249 23 38700 287 756
1599312 23 38700 287 756
1599373 23 38700 287 756
1599437 23 38700 287 756
1599497 23 38700 287 756
1599559 23 38700 287 756
1599626 23 38700 287 756
1599687 23 38700 287 756
1599749 23 38700 287 756
1599812 23 38700 287 756
1599873 23 38700 287 756
1599939 23 38700 287 756
1600010 23 38700 287 756
1600075 23 38700 287 756
1600143 23 38700 287 756
1600206 23 38700 287 756
1600273 23 38700 287 756
1600344 23 38700 287 756
1600406 23 38700 287 756
1600475 23 38700 287 756
1600540 23 38700 287 756
1600600 23 38700 287 756
1600660 23 38700 287 756
1600726 23 38700 287 756
1600795 23 38700 287 756
1600858 23 38700 287 756
1600919 23 38700 287 756
1600984 23 38700 287 756
1601045 23 38700 287 756
1601108 23 38700 287 756
1601171 23 38700 287 756
1601235 23 38700 287 756
1601299 23 38700 287 756
1601362 23 38700 287 756
1601430 23 38700 287 756
1601497 23 38700 287 756
1601561 23 38700 287 756
1601621 23 38700 287 756
1601687 23 38700 287 756
1602688 23 38700 287 756
1603694 23 38712 287 756
1604702 23 38720 287 756
1605748 24 38700 287 756
1605818 24 38700 287 756
1605880 24 38700 287 756
1605945 24 38700 287 756
1606006 24 38700 287 756
1606070 24 38700 287 756
1606135 24 38700 287 756
1606197 24 38700 287 756
1606261 24 38700 287 756
1606325 24 38700 287 756
1606386 24 38700 287 756
1606452 24 38700 287 756
1606515 24 38700 287 756
1606586 24 38700 287 756
1606646 24 38700 287 756
1606710 24 38700 287 756
1606772 24 38700 287 756
1606836 24 38700 287 756
1606903 24 38700 287 756
1606965 24 38700 287 756
1607026 24 38700 287 756
1607092 24 38700 287 756
1607164 24 38700 287 756
1607234 24 38700 287 756
1607300 24 38700 287 756
1607370 24 38700 287 756
1607438 24 38700 287 756
1607507 24 38700 287 756
1607571 24 38700 287 756
1607634 24 38700 287 756
1607703 24 38700 287 756
1607770 24 38700 287 756
1607832 24 38700 287 756
1607892 24 38700 287 756
1607959 24 38700 287 756
1608029 24 38700 287 756
1608091 24 38700 287 756
1608151 24 38700 287 756
1608216 24 38700 287 756
1608279 24 38700 287 756
1608342 24 38700 287 756
1608405 24 38700 287 756
1608475 24 38700 287 756
1608535 24 38700 287 756
1608600 24 38700 287 756
1608665 24 38700 287 756
1608726 24 38700 287 756
1608789 24 38700 287 756
1608850 24 38700 287 756
1608911 24 38700 287 756
1608977 24 38700 287 756
1609037 24 38700 287 756
1609101 24 38700 287 756
1609167 24 38700 287 756
1609235 24 38700 287 756
1609295 24 38700 287 756
1609358 24 38700 287 756
1609425 24 38700 287 756
1609485 24 38700 287 756
1609551 24 38700 287 756
1609612 24 38700 287 756
1609672 24 38700 287 756
1609738 24 38700 287 756
1609800 24 38700 287 756
1609861 24 38700 287 756
1609926 24 38700 287 756
1609987 24 38700 287 756
1610058 24 38700 287 756
1610123 24 38700 287 756
1610184 24 38700 287 756
1610245 24 38700 287 756
1610309 24 38700 287 756
1610380 24 38700 287 756
1610441 24 38700 287 756
1610505 24 38700 287 756
1610569 24 38700 287 756
1610638 24 38700 287 756
1610701 24 38700 287 756
1610765 24 38700 287 756
1610827 24 38700 287 756
1610891 24 38700 287 756
1610951 24 38700 287 756
1611014 24 38700 287 756
1611082 24 38700 287 756
1611142 24 38700 287 756
1611204 24 38700 287 756
1611270 24 38700 287 756
1611340 24 38700 287 756
1611400 24 38700 287 756
1611461 24 38700 287 756
1611524 24 38700 287 756
1611586 24 38700 287 756
1611649 24 38700 287 756
1611718 24 38700 287 756
1611779 24 38700 287 756
1611849 24 38700 287 756
1611915 24 38700 287 756
1611977 24 38700 287 756
1612047 24 38700 287 756
1612116 24 38700 287 756
1612182 24 38700 287 756
1612242 24 38700 287 756
1612309 24 38700 287 756
1612373 24 38700 287 756
1612442 24 38700 287 756
1612511 24 38700 287 756
1612577 24 38700 287 756
1612646 24 38700 287 756
1612712 24 38700 287 756
1612772 24 38700 287 756
1612843 24 38700 287 756
1612904 24 38700 287 756
1612971 24 38700 287 756
1613042 24 38700 287 756
1613113 24 38700 287 756
1613178 24 38700 287 756
1613238 24 38700 287 756
1613301 24 38700 287 756
1613363 24 38700 287 756
1613433 24 38700 287 756
1613500 24 38700 287 756
1613568 24 38700 287 756
1613632 24 38700 287 756
1613699 24 38700 287 756
1613760 24 38700 287 756
1613822 24 38700 287 756
1613888 24 38700 287 756
1613948 24 38700 287 756
1614009 24 38700 287 756
1614070 24 38700 287 756
1614132 24 38700 287 756
1614197 24 38700 287 756
1614263 24 38700 287 756
1614326 24 38700 287 756
1614395 24 38700 287 756
1614461 24 38700 287 756
1614523 24 38700 287 756
1614594 24 38700 287 756
1614655 24 38700 287 756
1614716 24 38700 287 756
1614785 24 38700 287 756
1614845 24 38700 287 756
1614912 24 38700 287 756
1614972 24 38700 287 756
1615032 24 38700 287 756
1615099 24 38700 287 756
1615161 24 38700 287 756
1615222 24 38700 287 756
1615287 24 38700 287 756
1615350 24 38700 287 756
1615411 24 38700 287 756
1615477 24 38700 287 756
1615538 24 38700 287 756
1615600 24 38700 287 756
1615666 24 38700 287 756
1615735 24 38700 287 756
1615798 24 38700 287 756
1615863 24 38700 287 756
1615924 24 38700 287 756
1615984 24 38700 287 756
1616051 24 38700 287 756
1616120 24 38700 287 756
1616182 24 38700 287 756
1616247 24 38700 287 756
1616308 24 38700 287 756
1616369 24 38700 287 756
1616436 24 38700 287 756
1616506 24 38700 287 756
1616574 24 38700 287 756
1616640 24 38700 287 756
1616701 24 38700 287 756
1616772 24 38700 287 756
1616834 24 38700 287 756
1616899 24 38700 287 756
1616959 24 38700 287 756
1617021 24 38700 287 756
1617086 24 38700 287 756
1617158 24 38700 287 756
1617218 24 38700 287 756
1617285 24 38700 287 756
1617345 24 38700 287 756
1617407 24 38700 287 756
1617475 24 38700 287 756
1617535 24 38700 287 756
1617606 24 38700 287 756
1617671 24 38700 287 756
1617741 24 38700 287 756
1617811 24 38700 287 756
1617880 24 38700 287 756
1617948 24 38700 287 756
1618050 25 38700 287 756
1618116 25 38700 287 756
1618176 25 38700 287 756
1618237 25 38700 287 756
1618302 25 38700 287 756
1618365 25 38700 287 756
1618425 25 38700 287 756
1618489 25 38700 287 756
1618552 25 38700 287 756
1618613 25 38700 287 756
1618678 25 38700 287 756
1618750 25 38700 287 756
1618810 25 38700 287 756
1618874 25 38700 287 756
1618936 25 38700 287 756
1618997 25 38700 287 756
1619062 25 38700 287 756
1619123 25 38700 287 756
1619183 25 38700 287 756
1619248 25 38700 287 756
1619318 25 38700 287 756
1619378 25 38700 287 756
1619444 25 38700 287 756
1619506 25 38700 287 756
1619577 25 38700 287 756
1619644 25 38700 287 756
1619716 25 38700 287 756
1619787 25 38700 287 756
1619849 25 38700 287 756
1619913 25 38700 287 756
1619983 25 38700 287 756
1620054 25 38700 287 756
1620119 25 38700 287 756
1620179 25 38700 287 756
1620243 25 38700 287 756
1620309 25 38700 287 756
1620378 25 38700 287 756
1620438 25 38700 287 756
1620503 25 38700 287 756
1620564 25 38700 287 756
1620624 25 38700 287 756
1620687 25 38700 287 756
1620749 25 38700 287 756
1620818 25 38700 287 756
1620880 25 38700 287 756
1620943 25 38700 287 756
1621004 25 38700 287 756
1621070 25 38700 287 756
1621131 25 38700 287 756
1621200 25 38700 287 756
1621260 25 38700 287 756
1621325 25 38700 287 756
1621396 25 38700 287 756
1621466 25 38700 287 756
1621532 25 38700 287 756
1621593 25 38700 287 756
1621655 25 38700 287 756
1621723 25 38700 287 756
1621793 25 38700 287 756
1621854 25 38700 287 756
1621919 25 38700 287 756
1621979 25 38700 287 756
1622041 25 38700 287 756
1622105 25 38700 287 756
1622172 25 38700 287 756
1622233 25 38700 287 756
1622296 25 38700 287 756
1622358 25 38700 287 756
1622418 25 38700 287 756
1622483 25 38700 287 756
1622544 25 38700 287 756
1622604 25 38700 287 756
1622671 25 38700 287 756
1622737 25 38700 287 756
1622798 25 38700 287 756
1622868 25 38700 287 756
1622933 25 38700 287 756
1623002 25 38700 287 756
1623064 25 38700 287 756
1623131 25 38700 287 756
1623199 25 38700 287 756
1623259 25 38700 287 756
1623327 25 38700 287 756
1623387 25 38700 287 756
1623448 25 38700 287 756
1623514 25 38700 287 756
1623574 25 38700 287 756
1623636 25 38700 287 756
1623701 25 38700 287 756
1623764 25 38700 287 756
1623835 25 38700 287 756
1623896 25 38700 287 756
1623958 25 38700 287 756
1624019 25 38700 287 756
1624083 25 38700 287 756
1624148 25 38700 287 756
1624209 25 38700 287 756
1624280 25 38700 287 756
1624343 25 38700 287 756
1624405 25 38700 287 756
1624474 25 38700 287 756
1624539 25 38700 287 756
1624611 25 38700 287 756
1624679 25 38700 287 756
1624741 25 38700 287 756
1624803 25 38700 287 756
1624864 25 38700 287 756
1624927 25 38700 287 756
1624991 25 38700 287 756
1625053 25 38700 287 756
1625115 25 38700 287 756
1625179 25 38700 287 756
1625240 25 38700 287 756
1625306 25 38700 287 756
1625369 25 38700 287 756
1625439 25 38700 287 756
1625499 25 38700 287 756
1625564 25 38700 287 756
1625624 25 38700 287 756
1625686 25 38700 287 756
1625751 25 38700 287 756
1625812 25 38700 287 756
1625876 25 38700 287 756
1625939 25 38700 287 756
1626001 25 38700 287 756
1626066 25 38700 287 756
1626129 25 38700 287 756
1626190 25 38700 287 756
1626255 25 38700 287 756
1626318 25 38700 287 756
1626385 25 38700 287 756
1626446 25 38700 287 756
1626512 25 38700 287 756
1626572 25 38700 287 756
1626635 25 38700 287 756
1626698 25 38700 287 756
1626765 25 38700 287 756
1626829 25 38700 287 756
1626893 25 38700 287 756
1626954 25 38700 287 756
1627016 25 38700 287 756
1627081 25 38700 287 756
1627141 25 38700 287 756
1627201 25 38700 287 756
1627266 25 38700 287 756
1627327 25 38700 287 756
1627390 25 38700 287 756
1627454 25 38700 287 756
1627517 25 38700 287 756
1627581 25 38700 287 756
1627641 25 38700 287 756
1627701 25 38700 287 756
1627767 25 38700 287 756
1627838 25 38700 287 756
1627907 25 38700 287 756
1627968 25 38700 287 756
1628031 25 38700 287 756
1628101 25 38700 287 756
1628162 25 38700 287 756
1628230 25 38700 287 756
1628291 25 38700 287 756
1628352 25 38700 287 756
1628417 25 38700 287 756
1628480 25 38700 287 756
1628549 25 38700 287 756
1628616 25 38700 287 756
1628677 25 38700 287 756
1628737 25 38700 287 756
1628803 25 38700 287 756
1628864 25 38700 287 756
1628925 25 38700 287 756
1628993 25 38700 287 756
1629059 25 38700 287 756
1629121 25 38700 287 756
1629182 25 38700 287 756
1629244 25 38700 287 756
1629306 25 38700 287 756
1629376 25 38700 287 756
1629437 25 38700 287 756
1629502 25 38700 287 756
1629562 25 38700 287 756
1629632 25 38700 287 756
1629698 25 38700 287 756
1629767 25 38700 287 756
1629828 25 38700 287 756
1629898 25 38700 287 756
1629964 25 38700 287 756
1630027 25 38700 287 756
1630094 25 38700 287 756
1630159 25 38700 287 756
1631168 25 38700 287 756
1632168 25 38710 287 756
1633214 26 38700 287 756
1633279 26 38700 287 756
1633341 26 38700 287 756
1633403 26 38700 287 756
1633466 26 38700 287 756
1633526 26 38700 287 756
1633598 26 38700 287 756
1633664 26 38700 287 756
1633727 26 38700 287 756
1633788 26 38700 287 756
1633852 26 38700 287 756
1633914 26 38700 287 756
1633974 26 38700 287 756
1634040 26 38700 287 756
1634109 26 38700 287 756
1634180 26 38700 287 756
1634244 26 38700 287 756
1634305 26 38700 287 756
1634366 26 38700 287 756
1634430 26 38700 287 756
1634490 26 38700 287 756
1634550 26 38700 287 756
1634618 26 38700 287 756
1634679 26 38700 287 756
1634749 26 38700 287 756
1634814 26 38700 287 756
1634874 26 38700 287 756
1634935 26 38700 287 756
1635002 26 38700 287 756
1635063 26 38700 287 756
1635134 26 38700 287 756
1635202 26 38700 287 756
1635268 26 38700 287 756
1635340 26 38700 287 756
1635400 26 38700 287 756
1635466 26 38700 287 756
1635527 26 38700 287 756
1635596 26 38700 287 756
1635661 26 38700 287 756
1635721 26 38700 287 756
1635791 26 38700 287 756
1635862 26 38700 287 756
1635929 26 38700 287 756
1635993 26 38700 287 756
1636054 26 38700 287 756
1636123 26 38700 287 756
1636188 26 38700 287 756
1636250 26 38700 287 756
1636322 26 38700 287 756
1636382 26 38700 287 756
1636446 26 38700 287 756
1636516 26 38700 287 756
1636587 26 38700 287 756
1636652 26 38700 287 756
1636715 26 38700 287 756
1636775 26 38700 287 756
1636839 26 38700 287 756
1636904 26 38700 287 756
1636972 26 38700 287 756
1637034 26 38700 287 756
1637100 26 38700 287 756
1637171 26 38700 287 756
1637238 26 38700 287 756
1637298 26 38700 287 756
1637367 26 38700 287 756
1637428 26 38700 287 756
1637493 26 38700 287 756
1637554 26 38700 287 756
1637620 26 38700 287 756
1637681 26 38700 287 756
1637746 26 38700 287 756
1637816 26 38700 287 756
1637882 26 38700 287 756
1637943 26 38700 287 756
1638004 26 38700 287 756
1638069 26 38700 287 756
1638130 26 38700 287 756
1638192 26 38700 287 756
1638256 26 38700 287 756
1638328 26 38700 287 756
1638398 26 38700 287 756
1638458 26 38700 287 756
1638523 26 38700 287 756
1638584 26 38700 287 756
1638650 26 38700 287 756
1638717 26 38700 287 756
1638778 26 38700 287 756
1638843 26 38700 287 756
1638907 26 38700 287 756
1638970 26 38700 287 756
1639031 26 38700 287 756
1639091 26 38700 287 756
1639157 26 38700 287 756
1639219 26 38700 287 756
1639281 26 38700 287 756
1639344 26 38700 287 756
1639404 26 38700 287 756
1639466 26 38700 287 756
1639536 26 38700 287 756
1639600 26 38700 287 756
1639661 26 38700 287 756
1639732 26 38700 287 756
1639797 26 38700 287 756
1639858 26 38700 287 756
1639920 26 38700 287 756
1639984 26 38700 287 756
1640044 26 38700 287 756
1640112 26 38700 287 756
1640177 26 38700 287 756
1640242 26 38700 287 756
1640302 26 38700 287 756
1640368 26 38700 287 756
1640440 26 38700 287 756
1640502 26 38700 287 756
1640566 26 38700 287 756
1640626 26 38700 287 756
1640686 26 38700 287 756
1640753 26 38700 287 756
1640814 26 38700 287 756
1640874 26 38700 287 756
1640940 26 38700 287 756
1641001 26 38700 287 756
1641062 26 38700 287 756
1641128 26 38700 287 756
1641191 26 38700 287 756
1641251 26 38700 287 756
1641318 26 38700 287 756
1641387 26 38700 287 756
1641456 26 38700 287 756
1641517 26 38700 287 756
1641584 26 38700 287 756
1641654 26 38700 287 756
1641715 26 38700 287 756
1641778 26 38700 287 756
1641838 26 38700 287 756
1641899 26 38700 287 756
1641964 26 38700 287 756
1642025 26 38700 287 756
1642096 26 38700 287 756
1642162 26 38700 287 756
1642224 26 38700 287 756
1642284 26 38700 287 756
1642347 26 38700 287 756
1642410 26 38700 287 756
1642473 26 38700 287 756
1642537 26 38700 287 756
1642608 26 38700 287 756
1642677 26 38700 287 756
1642743 26 38700 287 756
1642803 26 38700 287 756
1642865 26 38700 287 756
1642929 26 38700 287 756
1642989 26 38700 287 756
1643049 26 38700 287 756
1643114 26 38700 287 756
1643183 26 38700 287 756
1643245 26 38700 287 756
1643307 26 38700 287 756
1643368 26 38700 287 756
1643431 26 38700 287 756
1643495 26 38700 287 756
1643565 26 38700 287 756
1643636 26 38700 287 756
1643705 26 38700 287 756
1643770 26 38700 287 756
1643834 26 38700 287 756
1643902 26 38700 287 756
1643965 26 38700 287 756
1644027 26 38700 287 756
1644095 26 38700 287 756
1644156 26 38700 287 756
1644223 26 38700 287 756
1644283 26 38700 287 756
1644355 26 38700 287 756
1644420 26 38700 287 756
1644480 26 38700 287 756
1644541 26 38700 287 756
1644607 26 38700 287 756
1644667 26 38700 287 756
1644738 26 38700 287 756
1644799 26 38700 287 756
1644863 26 38700 287 756
1644932 26 38700 287 756
1644998 26 38700 287 756
1645059 26 38700 287 756
1645119 26 38700 287 756
1645184 26 38700 287 756
1645246 26 38700 287 756
1645317 26 38700 287 756
1645378 26 38700 287 756
1645443 26 38700 287 756
1645504 26 38700 287 756
1645570 26 38700 287 756
1645632 26 38700 287 756
1646644 26 38700 287 756
1647652 26 38709 287 756
1648658 27 38700 287 756
1648720 27 38700 287 756
1648782 27 38700 287 756
1648847 27 38700 287 756
1648907 27 38700 287 756
1648978 27 38700 287 756
1649047 27 38700 287 756
1649113 27 38700 287 756
1649181 27 38700 287 756
1649243 27 38700 287 756
1649306 27 38700 287 756
1649368 27 38700 287 756
1649437 27 38700 287 756
1649499 27 38700 287 756
1649568 27 38700 287 756
1649630 27 38700 287 756
1649699 27 38700 287 756
1649765 27 38700 287 756
1649837 27 38700 287 756
1649906 27 38700 287 756
1649966 27 38700 287 756
1650030 27 38700 287 756
1650090 27 38700 287 756
1650152 27 38700 287 756
1650217 27 38700 287 756
1650288 27 38700 287 756
1650348 27 38700 287 756
1650415 27 38700 287 756
1650478 27 38700 287 756
1650539 27 38700 287 756
1650605 27 38700 287 756
1650668 27 38700 287 756
1650729 27 38700 287 756
1650795 27 38700 287 756
1650863 27 38700 287 756
1650929 27 38700 287 756
1651000 27 38700 287 756
1651061 27 38700 287 756
1651124 27 38700 287 756
1651187 27 38700 287 756
1651247 27 38700 287 756
1651308 27 38700 287 756
1651375 27 38700 287 756
1651436 27 38700 287 756
1651498 27 38700 287 756
1651564 27 38700 287 756
1651627 27 38700 287 756
1651689 27 38700 287 756
1651753 27 38700 287 756
1651815 27 38700 287 756
1651879 27 38700 287 756
1651946 27 38700 287 756
1652006 27 38700 287 756
1652066 27 38700 287 756
1652127 27 38700 287 756
1652188 27 38700 287 756
1652249 27 38700 287 756
1652311 27 38700 287 756
1652375 27 38700 287 756
1652438 27 38700 287 756
1652505 27 38700 287 756
1652570 27 38700 287 756
1652632 27 38700 287 756
1652693 27 38700 287 756
1652760 27 38700 287 756
1652828 27 38700 287 756
1652889 27 38700 287 756
1652960 27 38700 287 756
1653025 27 38700 287 756
1653085 27 38700 287 756
1653147 27 38700 287 756
1653212 27 38700 287 756
1653284 27 38700 287 756
1653345 27 38700 287 756
1653412 27 38700 287 756
1653476 27 38700 287 756
1653544 27 38700 287 756
1653606 27 38700 287 756
1653671 27 38700 287 756
1653740 27 38700 287 756
1653810 27 38700 287 756
1653876 27 38700 287 756
1653947 27 38700 287 756
1654017 27 38700 287 756
1654077 27 38700 287 756
1654142 27 38700 287 756
1654213 27 38700 287 756
1654273 27 38700 287 756
1654339 27 38700 287 756
1654401 27 38700 287 756
1654472 27 38700 287 756
1654535 27 38700 287 756
1654606 27 38700 287 756
1654667 27 38700 287 756
1654731 27 38700 287 756
1654793 27 38700 287 756
1654855 27 38700 287 756
1654920 27 38700 287 756
1654990 27 38700 287 756
1655050 27 38700 287 756
1655111 27 38700 287 756
1655176 27 38700 287 756
1655245 27 38700 287 756
1655307 27 38700 287 756
1655372 27 38700 287 756
1655438 27 38700 287 756
1655500 27 38700 287 756
1655565 27 38700 287 756
1655625 27 38700 287 756
1655685 27 38700 287 756
1655748 27 38700 287 756
1655810 27 38700 287 756
1655879 27 38700 287 756
1655944 27 38700 287 756
1656007 27 38700 287 756
1656067 27 38700 287 756
1656130 27 38700 287 756
1656192 27 38700 287 756
1656260 27 38700 287 756
1656327 27 38700 287 756
1656390 27 38700 287 756
1656451 27 38700 287 756
1656516 27 38700 287 756
1656577 27 38700 287 756
1656637 27 38700 287 756
1656702 27 38700 287 756
1656763 27 38700 287 756
1656823 27 38700 287 756
1656888 27 38700 287 756
1656957 27 38700 287 756
1657019 27 38700 287 756
1657084 27 38700 287 756
1657145 27 38700 287 756
1657206 27 38700 287 756
1657271 27 38700 287 756
1657332 27 38700 287 756
1657395 27 38700 287 756
1657460 27 38700 287 756
1657530 27 38700 287 756
1657600 27 38700 287 756
1657663 27 38700 287 756
1657734 27 38700 287 756
1657796 27 38700 287 756
1657859 27 38700 287 756
1657928 27 38700 287 756
1657992 27 38700 287 756
1658055 27 38700 287 756
1658116 27 38700 287 756
1658183 27 38700 287 756
1658244 27 38700 287 756
1658307 27 38700 287 756
1658377 27 38700 287 756
1658438 27 38700 287 756
1658500 27 38700 287 756
1658568 27 38700 287 756
1658635 27 38700 287 756
1658695 27 38700 287 756
1658757 27 38700 287 756
1658822 27 38700 287 756
1658890 27 38700 287 756
1658961 27 38700 287 756
1659022 27 38700 287 756
1659086 27 38700 287 756
1659149 27 38700 287 756
1659210 27 38700 287 756
1659275 27 38700 287 756
1659337 27 38700 287 756
1659397 27 38700 287 756
1659462 27 38700 287 756
1659532 27 38700 287 756
1659592 27 38700 287 756
1659656 27 38700 287 756
1659721 27 38700 287 756
1659785 27 38700 287 756
1659847 27 38700 287 756
1659912 27 38700 287 756
1659976 27 38700 287 756
1660040 27 38700 287 756
1660104 27 38700 287 756
1660166 27 38700 287 756
1660232 27 38700 287 756
1660294 27 38700 287 756
1660363 27 38700 287 756
1660427 27 38700 287 756
1660487 27 38700 287 756
1660550 27 38700 287 756
1660610 27 38700 287 756
1660674 27 38700 287 756
1660736 27 38700 287 756
1660797 27 38700 287 756
1660858 27 38700 287 756
1660927 27 38700 287 756
1660990 27 38700 287 756
1661060 27 38700 287 756
1661127 27 38700 287 756
1662127 27 38700 287 756
1662460 28 38700 287 756
1662529 28 38700 287 756
1662590 28 38700 287 756
1662650 28 38700 287 756
1662718 28 38700 287 756
1662778 28 38700 287 756
1662840 28 38700 287 756
1662905 28 38700 287 756
1662965 28 38700 287 756
1663026 28 38700 287 756
1663091 28 38700 287 756
1663161 28 38700 287 756
1663224 28 38700 287 756
1663285 28 38700 287 756
1663346 28 38700 287 756
1663408 28 38700 287 756
1663472 28 38700 287 756
1663540 28 38700 287 756
1663610 28 38700 287 756
1663670 28 38700 287 756
1663737 28 38700 287 756
1663806 28 38700 287 756
1663867 28 38700 287 756
1663928 28 38700 287 756
1663991 28 38700 287 756
1664053 28 38700 287 756
1664115 28 38700 287 756
1664177 28 38700 287 756
1664237 28 38700 287 756
1664303 28 38700 287 756
1664363 28 38700 287 756
1664435 28 38700 287 756
1664498 28 38700 287 756
1664562 28 38700 287 756
1664630 28 38700 287 756
1664701 28 38700 287 756
1664767 28 38700 287 756
1664839 28 38700 287 756
1664907 28 38700 287 756
1664969 28 38700 287 756
1665034 28 38700 287 756
1665096 28 38700 287 756
1665159 28 38700 287 756
1665224 28 38700 287 756
1665287 28 38700 287 756
1665354 28 38700 287 756
1665422 28 38700 287 756
1665484 28 38700 287 756
1665544 28 38700 287 756
1665614 28 38700 287 756
1665678 28 38700 287 756
1665740 28 38700 287 756
1665805 28 38700 287 756
1665870 28 38700 287 756
1665930 28 38700 287 756
1665990 28 38700 287 756
1666056 28 38700 287 756
1666126 28 38700 287 756
1666187 28 38700 287 756
1666254 28 38700 287 756
1666317 28 38700 287 756
1666386 28 38700 287 756
1666450 28 38700 287 756
1666511 28 38700 287 756
1666582 28 38700 287 756
1666644 28 38700 287 756
1666709 28 38700 287 756
1666777 28 38700 287 756
1666848 28 38700 287 756
1666908 28 38700 287 756
1666969 28 38700 287 756
1667030 28 38700 287 756
1667099 28 38700 287 756
1667164 28 38700 287 756
1667231 28 38700 287 756
1667291 28 38700 287 756
1667354 28 38700 287 756
1667421 28 38700 287 756
1667486 28 38700 287 756
1667546 28 38700 287 756
1667612 28 38700 287 756
1667672 28 38700 287 756
1667743 28 38700 287 756
1667807 28 38700 287 756
1667867 28 38700 287 756
1667929 28 38700 287 756
1667992 28 38700 287 756
1668057 28 38700 287 756
1668127 28 38700 287 756
1668192 28 38700 287 756
1668253 28 38700 287 756
1668313 28 38700 287 756
1668374 28 38700 287 756
1668438 28 38700 287 756
1668499 28 38700 287 756
1668568 28 38700 287 756
1668634 28 38700 287 756
1668694 28 38700 287 756
1668758 28 38700 287 756
1668823 28 38700 287 756
1668892 28 38700 287 756
1668954 28 38700 287 756
1669022 28 38700 287 756
1669085 28 38700 287 756
1669153 28 38700 287 756
1669221 28 38700 287 756
1669291 28 38700 287 756
1669352 28 38700 287 756
1669420 28 38700 287 756
1669482 28 38700 287 756
1669542 28 38700 287 756
1669608 28 38700 287 756
1669675 28 38700 287 756
1669737 28 38700 287 756
1669797 28 38700 287 756
1669864 28 38700 287 756
1669933 28 38700 287 756
1669993 28 38700 287 756
1670058 28 38700 287 756
1670120 28 38700 287 756
1670181 28 38700 287 756
1670245 28 38700 287 756
1670312 28 38700 287 756
1670374 28 38700 287 756
1670437 28 38700 287 756
1670502 28 38700 287 756
1670570 28 38700 287 756
1670640 28 38700 287 756
1670702 28 38700 287 756
1670764 28 38700 287 756
1670833 28 38700 287 756
1670895 28 38700 287 756
1670960 28 38700 287 756
1671023 28 38700 287 756
1671084 28 38700 287 756
1671149 28 38700 287 756
1671211 28 38700 287 756
1671271 28 38700 287 756
1671336 28 38700 287 756
1671396 28 38700 287 756
1671457 28 38700 287 756
1671522 28 38700 287 756
1671592 28 38700 287 756
1671660 28 38700 287 756
1671728 28 38700 287 756
1671793 28 38700 287 756
1671854 28 38700 287 756
1671914 28 38700 287 756
1671980 28 38700 287 756
1672041 28 38700 287 756
1672103 28 38700 287 756
1672164 28 38700 287 756
1672225 28 38700 287 756
1672287 28 38700 287 756
1672352 28 38700 287 756
1672413 28 38700 287 756
1672475 28 38700 287 756
1672540 28 38700 287 756
1672602 28 38700 287 756
1672664 28 38700 287 756
1672731 28 38700 287 756
1672802 28 38700 287 756
1672862 28 38700 287 756
1672927 28 38700 287 756
1672997 28 38700 287 756
1673059 28 38700 287 756
1673120 28 38700 287 756
1673187 28 38700 287 756
1673247 28 38700 287 756
1673311 28 38700 287 756
1673372 28 38700 287 756
1673441 28 38700 287 756
1673503 28 38700 287 756
1673568 28 38700 287 756
1673628 28 38700 287 756
1673688 28 38700 287 756
1673754 28 38700 287 756
1673816 28 38700 287 756
1673878 28 38700 287 756
1673939 28 38700 287 756
1674001 28 38700 287 756
1674066 28 38700 287 756
1674129 28 38700 287 756
1674199 28 38700 287 756
1674260 28 38700 287 756
1674326 28 38700 287 756
1674387 28 38700 287 756
1674459 28 38700 287 756
1674524 28 38700 287 756
1674586 28 38700 287 756
1674648 28 38700 287 756
1674713 28 38700 287 756
1674773 28 38700 287 756
1674833 28 38700 287 756
1674898 28 38700 287 756
1674959 28 38700 287 756
1675022 28 38700 287 756
1675533 29 38700 287 756
1675596 29 38700 287 756
1675661 29 38700 287 756
1675724 29 38700 287 756
1675786 29 38700 287 756
1675852 29 38700 287 756
1675915 29 38700 287 756
1675976 29 38700 287 756
1676041 29 38700 287 756
1676102 29 38700 287 756
1676171 29 38700 287 756
1676237 29 38700 287 756
1676297 29 38700 287 756
1676363 29 38700 287 756
1676429 29 38700 287 756
1676498 29 38700 287 756
1676571 29 38700 287 756
1676631 29 38700 287 756
1676697 29 38700 287 756
1676766 29 38700 287 756
1676826 29 38700 287 756
1676892 29 38700 287 756
1676952 29 38700 287 756
1677012 29 38700 287 756
1677076 29 38700 287 756
1677140 29 38700 287 756
1677208 29 38700 287 756
1677274 29 38700 287 756
1677343 29 38700 287 756
1677403 29 38700 287 756
1677466 29 38700 287 756
1677532 29 38700 287 756
1677601 29 38700 287 756
1677671 29 38700 287 756
1677737 29 38700 287 756
1677798 29 38700 287 756
1677868 29 38700 287 756
1677934 29 38700 287 756
1677994 29 38700 287 756
1678056 29 38700 287 756
1678122 29 38700 287 756
1678183 29 38700 287 756
1678253 29 38700 287 756
1678314 29 38700 287 756
1678377 29 38700 287 756
1678438 29 38700 287 756
1678504 29 38700 287 756
1678567 29 38700 287 756
1678627 29 38700 287 756
1678692 29 38700 287 756
1678762 29 38700 287 756
1678831 29 38700 287 756
1678894 29 38700 287 756
1678960 29 38700 287 756
1679033 29 38700 287 756
1679102 29 38700 287 756
1679166 29 38700 287 756
1679227 29 38700 287 756
1679287 29 38700 287 756
1679354 29 38700 287 756
1679414 29 38700 287 756
1679474 29 38700 287 756
1679540 29 38700 287 756
1679602 29 38700 287 756
1679662 29 38700 287 756
1679724 29 38700 287 756
1679785 29 38700 287 756
1679855 29 38700 287 756
1679920 29 38700 287 756
1679981 29 38700 287 756
1680045 29 38700 287 756
1680112 29 38700 287 756
1680173 29 38700 287 756
1680237 29 38700 287 756
1680304 29 38700 287 756
1680373 29 38700 287 756
1680445 29 38700 287 756
1680515 29 38700 287 756
1680583 29 38700 287 756
1680649 29 38700 287 756
1680710 29 38700 287 756
1680770 29 38700 287 756
1680837 29 38700 287 756
1680897 29 38700 287 756
1680957 29 38700 287 756
1681023 29 38700 287 756
1681084 29 38700 287 756
1681155 29 38700 287 756
1681218 29 38700 287 756
1681288 29 38700 287 756
1681357 29 38700 287 756
1681418 29 38700 287 756
1681483 29 38700 287 756
1681543 29 38700 287 756
1681607 29 38700 287 756
1681669 29 38700 287 756
1681730 29 38700 287 756
1681792 29 38700 287 756
1681857 29 38700 287 756
1681926 29 38700 287 756
1681987 29 38700 287 756
1682053 29 38700 287 756
1682117 29 38700 287 756
1682179 29 38700 287 756
1682247 29 38700 287 756
1682309 29 38700 287 756
1682378 29 38700 287 756
1682443 29 38700 287 756
1682504 29 38700 287 756
1682566 29 38700 287 756
1682634 29 38700 287 756
1682694 29 38700 287 756
1682755 29 38700 287 756
1682822 29 38700 287 756
1682891 29 38700 287 756
1682951 29 38700 287 756
1683016 29 38700 287 756
1683082 29 38700 287 756
1683145 29 38700 287 756
1683214 29 38700 287 756
1683277 29 38700 287 756
1683343 29 38700 287 756
1683403 29 38700 287 756
1683467 29 38700 287 756
1683528 29 38700 287 756
1683588 29 38700 287 756
1683654 29 38700 287 756
1683723 29 38700 287 756
1683794 29 38700 287 756
1683854 29 38700 287 756
1683921 29 38700 287 756
1683983 29 38700 287 756
1684054 29 38700 287 756
1684118 29 38700 287 756
1684179 29 38700 287 756
1684240 29 38700 287 756
1684306 29 38700 287 756
1684366 29 38700 287 756
1684427 29 38700 287 756
1684494 29 38700 287 756
1684562 29 38700 287 756
1684632 29 38700 287 756
1684695 29 38700 287 756
1684762 29 38700 287 756
1684822 29 38700 287 756
1684884 29 38700 287 756
1684949 29 38700 287 756
1685010 29 38700 287 756
1685073 29 38700 287 756
1685138 29 38700 287 756
1685198 29 38700 287 756
1685266 29 38700 287 756
1685329 29 38700 287 756
1685390 29 38700 287 756
1685454 29 38700 287 756
1685519 29 38700 287 756
1685582 29 38700 287 756
1685643 29 38700 287 756
1685708 29 38700 287 756
1685770 29 38700 287 756
1685832 29 38700 287 756
1685898 29 38700 287 756
1685963 29 38700 287 756
1686034 29 38700 287 756
1686096 29 38700 287 756
1686159 29 38700 287 756
1686222 29 38700 287 756
1686285 29 38700 287 756
1686349 29 38700 287 756
1686417 29 38700 287 756
1686487 29 38700 287 756
1686551 29 38700 287 756
1686681 29 38700 287 756
1686751 29 38700 287 756
1686811 29 38700 287 756
1686873 29 38700 287 756
1686940 29 38700 287 756
1687003 29 38700 287 756
1687069 29 38700 287 756
1687131 29 38700 287 756
1687202 29 38700 287 756
1687264 29 38700 287 756
1687326 29 38700 287 756
1687390 29 38700 287 756
1687455 29 38700 287 756
1687515 29 38700 287 756
1687576 29 38700 287 756
1687642 29 38700 287 756
1687707 29 38700 287 756
1687774 29 38700 287 756
1687834 29 38700 287 756
1687901 29 38700 287 756
1687961 29 38700 287 756
1688021 29 38700 287 756
1688087 29 38700 287 756
1688147 29 38700 287 756
1689151 29 38700 287 756
1690157 29 38707 287 756
1690686 29 38700 287 756
1690751 29 38700 287 756
1690821 29 38700 287 756
1690887 29 38700 287 756
1690950 29 38700 287 756
1691015 29 38700 287 756
1691085 29 38700 287 756
1691153 29 38700 287 756
1691217 29 38700 287 756
1691286 29 38700 287 756
1691348 29 38700 287 756
1691412 29 38700 287 756
1691476 29 38700 287 756
1691536 29 38700 287 756
1691602 29 38700 287 756
1691672 29 38700 287 756
1691733 29 38700 287 756
1691803 29 38700 287 756
1691867 29 38700 287 756
1691938 29 38700 287 756
1692009 29 38700 287 756
1692071 29 38700 287 756
1692133 29 38700 287 756
1692203 29 38700 287 756
1692263 29 38700 287 756
1692328 29 38700 287 756
1692391 29 38700 287 756
1692451 29 38700 287 756
1692516 29 38700 287 756
1692578 29 38700 287 756
1692649 29 38700 287 756
1692713 29 38700 287 756
1692775 29 38700 287 756
1692846 29 38700 287 756
1692912 29 38700 287 756
1692975 29 38700 287 756
1693035 29 38700 287 756
1693100 29 38700 287 756
1693161 29 38700 287 756
1693224 29 38700 287 756
1693289 29 38700 287 756
1693359 29 38700 287 756
1693419 29 38700 287 756
1693486 29 38700 287 756
1693547 29 38700 287 756
1693608 29 38700 287 756
1693672 29 38700 287 756
1693743 29 38700 287 756
1693812 29 38700 287 756
1693882 29 38700 287 756
1693948 29 38700 287 756
1694008 29 38700 287 756
1694069 29 38700 287 756
1694135 29 38700 287 756
1694195 29 38700 287 756
1694255 29 38700 287 756
1694322 29 38700 287 756
1694389 29 38700 287 756
1694450 29 38700 287 756
1694517 29 38700 287 756
1694578 29 38700 287 756
1694639 29 38700 287 756
1694704 29 38700 287 756
1694774 29 38700 287 756
1694834 29 38700 287 756
1694899 29 38700 287 756
1694963 29 38700 287 756
1695023 29 38700 287 756
1695087 29 38700 287 756
1695160 29 38700 287 756
1695230 29 38700 287 756
1695291 29 38700 287 756
1695355 29 38700 287 756
1695418 29 38700 287 756
1695483 29 38700 287 756
1695547 29 38700 287 756
1695608 29 38700 287 756
1695670 29 38700 287 756
1695733 29 38700 287 756
1695793 29 38700 287 756
1695859 29 38700 287 756
1695930 29 38700 287 756
1695992 29 38700 287 756
1696054 29 38700 287 756
1696117 29 38700 287 756
1696178 29 38700 287 756
1696241 29 38700 287 756
1696306 29 38700 287 756
1696366 29 38700 287 756
1696430 29 38700 287 756
1696490 29 38700 287 756
1696561 29 38700 287 756
1696621 29 38700 287 756
1696683 29 38700 287 756
1696744 29 38700 287 756
1696806 29 38700 287 756
1696870 29 38700 287 756
1696931 29 38700 287 756
1696993 29 38700 287 756
1697061 29 38700 287 756
1697127 29 38700 287 756
1697189 29 38700 287 756
1697253 29 38700 287 756
1697317 29 38700 287 756
1697385 29 38700 287 756
1697451 29 38700 287 756
1697513 29 38700 287 756
1697573 29 38700 287 756
1697639 29 38700 287 756
1697702 29 38700 287 756
1697773 29 38700 287 756
1697836 29 38700 287 756
1697908 29 38700 287 756
1697971 29 38700 287 756
1698035 29 38700 287 756
1698097 29 38700 287 756
1698157 29 38700 287 756
1698222 29 38700 287 756
1698291 29 38700 287 756
1698362 29 38700 287 756
1698423 29 38700 287 756
1698486 29 38700 287 756
1698549 29 38700 287 756
1698609 29 38700 287 756
1698674 29 38700 287 756
1698734 29 38700 287 756
1698794 29 38700 287 756
1698858 29 38700 287 756
1698918 29 38700 287 756
1698978 29 38700 287 756
1699045 29 38700 287 756
1699115 29 38700 287 756
1699177 29 38700 287 756
1699242 29 38700 287 756
1699313 29 38700 287 756
1699384 29 38700 287 756
1699448 29 38700 287 756
1699519 29 38700 287 756
1699590 29 38700 287 756
1699653 29 38700 287 756
1699719 29 38700 287 756
1699780 29 38700 287 756
1699840 29 38700 287 756
1699905 29 38700 287 756
1699967 29 38700 287 756
1700028 29 38700 287 756
1700094 29 38700 287 756
1700154 29 38700 287 756
1700215 29 38700 287 756
1700280 29 38700 287 756
1700341 29 38700 287 756
1700401 29 38700 287 756
1700462 29 38700 287 756
1700524 29 38700 287 756
1700584 29 38700 287 756
1700651 29 38700 287 756
1700714 29 38700 287 756
1700775 29 38700 287 756
1700838 29 38700 287 756
1700900 29 38700 287 756
1700965 29 38700 287 756
1701025 29 38700 287 756
1701092 29 38700 287 756
1701153 29 38700 287 756
1701221 29 38700 287 756
1701281 29 38700 287 756
1701341 29 38700 287 756
1701407 29 38700 287 756
1701469 29 38700 287 756
1701537 29 38700 287 756
1701604 29 38700 287 756
1701666 29 38700 287 756
1701727 29 38700 287 756
1701792 29 38700 287 756
1701854 29 38700 287 756
1701915 29 38700 287 756
1701980 29 38700 287 756
1702042 29 38700 287 756
1702112 29 38700 287 756
1702177 29 38700 287 756
1702247 29 38700 287 756
1702309 29 38700 287 756
1702374 29 38700 287 756
1702434 29 38700 287 756
1702497 29 38700 287 756
1702561 29 38700 287 756
1702623 29 38700 287 756
1702683 29 38700 287 756
1702750 29 38700 287 756
1702812 29 38700 287 756
1702900 29 38700 287 756
1702963 29 38700 287 756
1703032 29 38700 287 756
1703098 29 38700 287 756
1703160 29 38700 287 756
1703220 29 38700 287 756
1703285 29 38700 287 756
1704290 29 38700 287 756
1704498 30 38700 287 756
1704558 30 38700 287 756
1704624 30 38700 287 756
1704690 30 38700 287 756
1704751 30 38700 287 756
1704820 30 38700 287 756
1704885 30 38700 287 756
1704946 30 38700 287 756
1705007 30 38700 287 756
1705072 30 38700 287 756
1705143 30 38700 287 756
1705204 30 38700 287 756
1705268 30 38700 287 756
1705337 30 38700 287 756
1705405 30 38700 287 756
1705469 30 38700 287 756
1705532 30 38700 287 756
1705593 30 38700 287 756
1705654 30 38700 287 756
1705720 30 38700 287 756
1705781 30 38700 287 756
1705845 30 38700 287 756
1705908 30 38700 287 756
1705970 30 38700 287 756
1706035 30 38700 287 756
1706096 30 38700 287 756
1706157 30 38700 287 756
1706222 30 38700 287 756
1706291 30 38700 287 756
1706352 30 38700 287 756
1706415 30 38700 287 756
1706478 30 38700 287 756
1706538 30 38700 287 756
1706601 30 38700 287 756
1706666 30 38700 287 756
1706727 30 38700 287 756
1706789 30 38700 287 756
1706857 30 38700 287 756
1706926 30 38700 287 756
1706986 30 38700 287 756
1707047 30 38700 287 756
1707108 30 38700 287 756
1707169 30 38700 287 756
1707235 30 38700 287 756
1707299 30 38700 287 756
1707367 30 38700 287 756
1707433 30 38700 287 756
1707494 30 38700 287 756
1707554 30 38700 287 756
1707621 30 38700 287 756
1707682 30 38700 287 756
1707743 30 38700 287 756
1707809 30 38700 287 756
1707871 30 38700 287 756
1707935 30 38700 287 756
1708002 30 38700 287 756
1708071 30 38700 287 756
1708132 30 38700 287 756
1708198 30 38700 287 756
1708259 30 38700 287 756
1708319 30 38700 287 756
1708386 30 38700 287 756
1708448 30 38700 287 756
1708509 30 38700 287 756
1708575 30 38700 287 756
1708637 30 38700 287 756
1708698 30 38700 287 756
1708765 30 38700 287 756
1708825 30 38700 287 756
1708887 30 38700 287 756
1708952 30 38700 287 756
1709015 30 38700 287 756
1709079 30 38700 287 756
1709143 30 38700 287 756
1709205 30 38700 287 756
1709267 30 38700 287 756
1709333 30 38700 287 756
1709397 30 38700 287 756
1709469 30 38700 287 756
1709534 30 38700 287 756
1709596 30 38700 287 756
1709664 30 38700 287 756
1709730 30 38700 287 756
1709792 30 38700 287 756
1709854 30 38700 287 756
1709919 30 38700 287 756
1709983 30 38700 287 756
1710052 30 38700 287 756
1710117 30 38700 287 756
1710185 30 38700 287 756
1710256 30 38700 287 756
1710318 30 38700 287 756
1710382 30 38700 287 756
1710442 30 38700 287 756
1710505 30 38700 287 756
1710570 30 38700 287 756
1710632 30 38700 287 756
1710701 30 38700 287 756
1710762 30 38700 287 756
1710829 30 38700 287 756
1710890 30 38700 287 756
1710951 30 38700 287 756
1711013 30 38700 287 756
1711084 30 38700 287 756
1711147 30 38700 287 756
1711212 30 38700 287 756
1711273 30 38700 287 756
1711341 30 38700 287 756
1711407 30 38700 287 756
1711468 30 38700 287 756
1711530 30 38700 287 756
1711596 30 38700 287 756
1711658 30 38700 287 756
1711719 30 38700 287 756
1711783 30 38700 287 756
1711846 30 38700 287 756
1711906 30 38700 287 756
1711971 30 38700 287 756
1712040 30 38700 287 756
1712109 30 38700 287 756
1712171 30 38700 287 756
1712233 30 38700 287 756
1712294 30 38700 287 756
1712358 30 38700 287 756
1712430 30 38700 287 756
1712491 30 38700 287 756
1712551 30 38700 287 756
1712617 30 38700 287 756
1712687 30 38700 287 756
1712753 30 38700 287 756
1712821 30 38700 287 756
1712885 30 38700 287 756
1712947 30 38700 287 756
1713013 30 38700 287 756
1713075 30 38700 287 756
1713137 30 38700 287 756
1713202 30 38700 287 756
1713274 30 38700 287 756
1713345 30 38700 287 756
1713407 30 38700 287 756
1713471 30 38700 287 756
1713531 30 38700 287 756
1713593 30 38700 287 756
1713659 30 38700 287 756
1713719 30 38700 287 756
1713782 30 38700 287 756
1713849 30 38700 287 756
1713910 30 38700 287 756
1713971 30 38700 287 756
1714037 30 38700 287 756
1714098 30 38700 287 756
1714163 30 38700 287 756
1714235 30 38700 287 756
1714304 30 38700 287 756
1714365 30 38700 287 756
1714430 30 38700 287 756
1714490 30 38700 287 756
1714560 30 38700 287 756
1714626 30 38700 287 756
1714687 30 38700 287 756
1714747 30 38700 287 756
1714812 30 38700 287 756
1714873 30 38700 287 756
1714935 30 38700 287 756
1715000 30 38700 287 756
1715063 30 38700 287 756
1715131 30 38700 287 756
1715197 30 38700 287 756
1715257 30 38700 287 756
1715317 30 38700 287 756
1715384 30 38700 287 756
1715445 30 38700 287 756
1715506 30 38700 287 756
1715571 30 38700 287 756
1715632 30 38700 287 756
1715693 30 38700 287 756
1715758 30 38700 287 756
1715818 30 38700 287 756
1715880 30 38700 287 756
1715945 30 38700 287 756
1716016 30 38700 287 756
1716077 30 38700 287 756
1716142 30 38700 287 756
1716202 30 38700 287 756
1716262 30 38700 287 756
1716327 30 38700 287 756
1716388 30 38700 287 756
1716449 30 38700 287 756
1716517 30 38700 287 756
1716579 30 38700 287 756
1716641 30 38700 287 756
1716707 30 38700 287 756
1716767 30 38700 287 756
1716837 30 38700 287 756
1716900 30 38700 287 756
1716971 30 38700 287 756
1717031 30 38700 287 756
1717096 30 38700 287 756
1717158 30 38700 287 756
1717266 31 38700 287 756
1717326 31 38700 287 756
1717398 31 38700 287 756
1717462 31 38700 287 756
1717526 31 38700 287 756
1717587 31 38700 287 756
1717652 31 38700 287 756
1717713 31 38700 287 756
1717776 31 38700 287 756
1717841 31 38700 287 756
1717910 31 38700 287 756
1717970 31 38700 287 756
1718036 31 38700 287 756
1718097 31 38700 287 756
1718160 31 38700 287 756
1718224 31 38700 287 756
1718285 31 38700 287 756
1718345 31 38700 287 756
1718411 31 38700 287 756
1718482 31 38700 287 756
1718544 31 38700 287 756
1718609 31 38700 287 756
1718672 31 38700 287 756
1718733 31 38700 287 756
1718798 31 38700 287 756
1718860 31 38700 287 756
1718922 31 38700 287 756
1718989 31 38700 287 756
1719060 31 38700 287 756
1719128 31 38700 287 756
1719197 31 38700 287 756
1719263 31 38700 287 756
1719323 31 38700 287 756
1719383 31 38700 287 756
1719447 31 38700 287 756
1719511 31 38700 287 756
1719572 31 38700 287 756
1719634 31 38700 287 756
1719697 31 38700 287 756
1719766 31 38700 287 756
1719828 31 38700 287 756
1719891 31 38700 287 756
1719961 31 38700 287 756
1720026 31 38700 287 756
1720086 31 38700 287 756
1720149 31 38700 287 756
1720214 31 38700 287 756
1720283 31 38700 287 756
1720344 31 38700 287 756
1720404 31 38700 287 756
1720468 31 38700 287 756
1720535 31 38700 287 756
1720595 31 38700 287 756
1720661 31 38700 287 756
1720731 31 38700 287 756
1720802 31 38700 287 756
1720867 31 38700 287 756
1720929 31 38700 287 756
1720989 31 38700 287 756
1721053 31 38700 287 756
1721123 31 38700 287 756
1721184 31 38700 287 756
1721248 31 38700 287 756
1721318 31 38700 287 756
1721379 31 38700 287 756
1721441 31 38700 287 756
1721508 31 38700 287 756
1721579 31 38700 287 756
1721640 31 38700 287 756
1721704 31 38700 287 756
1721765 31 38700 287 756
1721829 31 38700 287 756
1721895 31 38700 287 756
1721965 31 38700 287 756
1722027 31 38700 287 756
1722092 31 38700 287 756
1722161 31 38700 287 756
1722222 31 38700 287 756
1722285 31 38700 287 756
1722348 31 38700 287 756
1722408 31 38700 287 756
1722474 31 38700 287 756
1722536 31 38700 287 756
1722596 31 38700 287 756
1722662 31 38700 287 756
1722725 31 38700 287 756
1722787 31 38700 287 756
1722852 31 38700 287 756
1722913 31 38700 287 756
1722976 31 38700 287 756
1723041 31 38700 287 756
1723103 31 38700 287 756
1723173 31 38700 287 756
1723238 31 38700 287 756
1723298 31 38700 287 756
1723367 31 38700 287 756
1723435 31 38700 287 756
1723501 31 38700 287 756
1723561 31 38700 287 756
1723631 31 38700 287 756
1723695 31 38700 287 756
1723756 31 38700 287 756
1723818 31 38700 287 756
1723884 31 38700 287 756
1723953 31 38700 287 756
1724014 31 38700 287 756
1724080 31 38700 287 756
1724149 31 38700 287 756
1724222 31 38700 287 756
1724290 31 38700 287 756
1724355 31 38700 287 756
1724424 31 38700 287 756
1724484 31 38700 287 756
1724548 31 38700 287 756
1724609 31 38700 287 756
1724671 31 38700 287 756
1724736 31 38700 287 756
1724796 31 38700 287 756
1724858 31 38700 287 756
1724922 31 38700 287 756
1724982 31 38700 287 756
1725051 31 38700 287 756
1725115 31 38700 287 756
1725181 31 38700 287 756
1725242 31 38700 287 756
1725305 31 38700 287 756
1725366 31 38700 287 756
1725426 31 38700 287 756
1725491 31 38700 287 756
1725561 31 38700 287 756
1725621 31 38700 287 756
1725682 31 38700 287 756
1725764 31 38700 287 756
1725828 31 38700 287 756
1725893 31 38700 287 756
1725964 31 38700 287 756
1726024 31 38700 287 756
1726084 31 38700 287 756
1726152 31 38700 287 756
1726219 31 38700 287 756
1726280 31 38700 287 756
1726344 31 38700 287 756
1726406 31 38700 287 756
1726466 31 38700 287 756
1726531 31 38700 287 756
1726600 31 38700 287 756
1726660 31 38700 287 756
1726726 31 38700 287 756
1726787 31 38700 287 756
1726852 31 38700 287 756
1726921 31 38700 287 756
1726990 31 38700 287 756
1727059 31 38700 287 756
1727126 31 38700 287 756
1727193 31 38700 287 756
1727256 31 38700 287 756
1727326 31 38700 287 756
1727392 31 38700 287 756
1727462 31 38700 287 756
