# header: write what you want on lines starting with #
# Total ACTIVE Pulses, # breakdowns, amp_set, index (point on pulse / power curve) , pulse length
# the init of this file could be 1 0 500 0 3500, 2 0 500 0 3500, etc
1 0 500 0 3500
102 7 3675 0 2493
77860 8 20550 222 2493
84624 9 26850 291 2493
86956 10 27050 291 2493
88189 11 27050 0 2493
89804 12 28450 291 2493
90894 13 28450 291 2493
91987 14 28450 291 2493
98240 15 29450 291 2493
99172 16 29450 291 2493
100158 17 29450 291 2493
106672 18 36150 291 2493
106684 19 36150 291 2493
106697 20 36150 291 2493
106709 21 36150 291 2493
106722 22 36150 291 2493
106735 23 36150 291 2493
106748 24 36150 291 2493
106760 25 36150 291 2493
106772 26 36150 291 2493
106784 27 36150 291 2493
106796 28 36150 291 2493
106808 29 36150 291 2493
106820 30 36150 291 2493
106834 31 36150 291 2493
106846 32 36150 291 2493
106859 33 36150 291 2493
106871 34 36150 291 2493
106884 35 36150 291 2493
106897 36 36150 291 2493
3848819 286 39931 238 2493
4701474 341 40000 287 2493
4703720 341 40063 287 2493
4703736 341 40063 287 2493
4703751 341 40063 287 2493
4704751 341 40063 287 2493
4704767 341 39920 287 2493
4704783 341 39920 287 2493
4704798 341 39920 287 2493
4704813 341 39920 287 2493
4704828 341 39920 287 2493
4704843 341 39920 287 2493
4704859 341 39920 287 2493
4704874 341 39920 287 2493
4704889 341 39920 287 2493
4704904 341 39920 287 2493
4704919 341 39920 287 2493
4704934 341 39920 287 2493
4704950 341 39920 287 2493
4704965 341 39920 287 2493
4704980 341 39920 287 2493
4704995 341 39920 287 2493
4705010 341 39920 287 2493
4705025 341 39920 287 2493
4705040 341 39920 287 2493
4705055 341 39920 287 2493
4705071 341 39920 287 2493
4705087 341 39920 287 2493
4705102 341 39920 287 2493
4705117 341 39920 287 2493
4705132 341 39920 287 2493
4705147 341 39920 287 2493
4705162 341 39920 287 2493
4705177 341 39920 287 2493
4705192 341 39920 287 2493
4705207 341 39920 287 2493
4705222 341 39920 287 2493
4705237 341 39920 287 2493
4705252 341 39920 287 2493
4705267 341 39920 287 2493
4705283 341 39920 287 2493
4705298 341 39920 287 2493
4705313 341 39920 287 2493
4705328 341 39920 287 2493
4705343 341 39920 287 2493
4705358 341 39920 287 2493
4705373 341 39920 287 2493
4705388 341 39920 287 2493
4705403 341 39920 287 2493
4705418 341 39920 287 2493
4705433 341 39920 287 2493
4705448 341 39920 287 2493
4705464 341 39920 287 2493
4705479 341 39920 287 2493
4705494 341 39920 287 2493
4705509 341 39920 287 2493
4705524 341 39920 287 2493
4705539 341 39920 287 2493
4705555 341 39920 287 2493
4705570 341 39920 287 2493
4705585 341 39920 287 2493
4705600 341 39920 287 2493
4705615 341 39920 287 2493
4705630 341 39920 287 2493
4705645 341 39920 287 2493
4705660 341 39920 287 2493
4705675 341 39920 287 2493
4705690 341 39920 287 2493
4705705 341 39920 287 2493
4705720 341 39920 287 2493
4705735 341 39920 287 2493
4705750 341 39920 287 2493
4705765 341 39920 287 2493
4705780 341 39920 287 2493
4705795 341 39920 287 2493
4705810 341 39920 287 2493
4705825 341 39920 287 2493
4705841 341 39920 287 2493
4705856 341 39920 287 2493
4705871 341 39920 287 2493
4705886 341 39920 287 2493
4705901 341 39920 287 2493
4705916 341 39920 287 2493
4705931 341 39920 287 2493
4705946 341 39920 287 2493
4705961 341 39920 287 2493
4705976 341 39920 287 2493
4705991 341 39920 287 2493
4706006 341 39920 287 2493
4706021 341 39920 287 2493
4706036 341 39920 287 2493
4706051 341 39920 287 2493
4706066 341 39920 287 2493
4706081 341 39920 287 2493
4706096 341 39920 287 2493
4706112 341 39920 287 2493
4706128 341 39920 287 2493
4706143 341 39920 287 2493
4706158 341 39920 287 2493
4706173 341 39920 287 2493
4706188 341 39920 287 2493
4706204 341 39920 287 2493
4706219 341 39920 287 2493
4706234 341 39920 287 2493
4706249 341 39920 287 2493
4706264 341 39920 287 2493
4706279 341 39920 287 2493
4706295 341 39920 287 2493
4706310 341 39920 287 2493
4706325 341 39920 287 2493
4706341 341 39920 287 2493
4706356 341 39920 287 2493
4706371 341 39920 287 2493
4706387 341 39920 287 2493
4706403 341 39920 287 2493
4706419 341 39920 287 2493
4706434 341 39920 287 2493
4706449 341 39920 287 2493
4706465 341 39920 287 2493
4706480 341 39920 287 2493
4706495 341 39920 287 2493
4706510 341 39920 287 2493
4706525 341 39920 287 2493
4706540 341 39920 287 2493
4706555 341 39920 287 2493
4706570 341 39920 287 2493
4706585 341 39920 287 2493
4706600 341 39920 287 2493
4706615 341 39920 287 2493
4706630 341 39920 287 2493
4706645 341 39920 287 2493
4706660 341 39920 287 2493
4706675 341 39920 287 2493
4706690 341 39920 287 2493
4706706 341 39920 287 2493
4706721 341 39920 287 2493
4706736 341 39920 287 2493
4706752 341 39920 287 2493
4706767 341 39920 287 2493
4706782 341 39920 287 2493
4706797 341 39920 287 2493
4706812 341 39920 287 2493
4706827 341 39920 287 2493
4706843 341 39920 287 2493
4706858 341 39920 287 2493
4706873 341 39920 287 2493
4706888 341 39920 287 2493
4706903 341 39920 287 2493
4706918 341 39920 287 2493
4706933 341 39920 287 2493
4706948 341 39920 287 2493
4706963 341 39920 287 2493
4706978 341 39920 287 2493
4706993 341 39920 287 2493
4707008 341 39920 287 2493
4707023 341 39920 287 2493
4708023 341 39920 287 2493
4709023 341 39970 287 2493
4710023 341 40020 287 2493
4711023 341 40070 287 2493
4712023 341 40120 287 2493
4712947 341 40961 287 2493
4712962 341 40961 287 2493
4712977 341 40961 287 2493
4712993 341 40961 287 2493
4713008 341 40961 287 2493
4713023 341 40961 287 2493
4713038 341 40961 287 2493
4713053 341 40961 287 2493
4713069 341 40961 287 2493
4713084 341 40961 287 2493
4713100 341 40961 287 2493
4713115 341 40961 287 2493
4713131 341 40961 287 2493
4713146 341 40961 287 2493
4713161 341 40961 287 2493
4713176 341 40961 287 2493
4713191 341 40961 287 2493
4713207 341 40961 287 2493
4713222 341 40961 287 2493
4713237 341 40961 287 2493
4713252 341 40961 287 2493
4713267 341 40961 287 2493
4713283 341 40961 287 2493
4713298 341 40961 287 2493
4713313 341 40961 287 2493
4713328 341 40961 287 2493
4713344 341 40961 287 2493
4713359 341 40961 287 2493
4713374 341 40961 287 2493
4713389 341 40961 287 2493
4713404 341 40961 287 2493
4713419 341 40961 287 2493
4713434 341 40961 287 2493
4713449 341 40961 287 2493
4713465 341 40961 287 2493
4713480 341 40961 287 2493
4713495 341 40961 287 2493
4713511 341 40961 287 2493
4713526 341 40961 287 2493
4713541 341 40961 287 2493
4713556 341 40961 287 2493
4713572 341 40961 287 2493
4713587 341 40961 287 2493
4713602 341 40961 287 2493
4713617 341 40961 287 2493
4713632 341 40961 287 2493
4713648 341 40961 287 2493
4713664 341 40961 287 2493
4713679 341 40961 287 2493
4713694 341 40961 287 2493
4713709 341 40961 287 2493
4713724 341 40961 287 2493
4713739 341 40961 287 2493
4713754 341 40961 287 2493
4713769 341 40961 287 2493
4713784 341 40961 287 2493
4713800 341 40961 287 2493
4713815 341 40961 287 2493
4713831 341 40961 287 2493
4713846 341 40961 287 2493
4713861 341 40961 287 2493
4713876 341 40961 287 2493
4713891 341 40961 287 2493
4713906 341 40961 287 2493
4713921 341 40961 287 2493
4713936 341 40961 287 2493
4713951 341 40961 287 2493
4713966 341 40961 287 2493
4713981 341 40961 287 2493
4713996 341 40961 287 2493
4714011 341 40961 287 2493
4714026 341 40961 287 2493
4714041 341 40961 287 2493
4714056 341 40961 287 2493
4714071 341 40961 287 2493
4714086 341 40961 287 2493
4714101 341 40961 287 2493
4714117 341 40961 287 2493
4714132 341 40961 287 2493
4714148 341 40961 287 2493
4714163 341 40961 287 2493
4714179 341 40961 287 2493
4714194 341 40961 287 2493
4714209 341 40961 287 2493
4714224 341 40961 287 2493
4714239 341 40961 287 2493
4714254 341 40961 287 2493
4714269 341 40961 287 2493
4714284 341 40961 287 2493
4714299 341 40961 287 2493
4714314 341 40961 287 2493
4714329 341 40961 287 2493
4714344 341 40961 287 2493
4714359 341 40961 287 2493
4714374 341 40961 287 2493
4714389 341 40961 287 2493
4714404 341 40961 287 2493
4714419 341 40961 287 2493
4714434 341 40961 287 2493
4714449 341 40961 287 2493
4714464 341 40961 287 2493
4714480 341 40961 287 2493
4714495 341 40961 287 2493
4714510 341 40961 287 2493
4714526 341 40961 287 2493
4714541 341 40961 287 2493
4714556 341 40961 287 2493
4714571 341 40961 287 2493
4714586 341 40961 287 2493
4714601 341 40961 287 2493
4714616 341 40961 287 2493
4714631 341 40961 287 2493
4714646 341 40961 287 2493
4714661 341 40961 287 2493
4714676 341 40961 287 2493
4714691 341 40961 287 2493
4714706 341 40961 287 2493
4714721 341 40961 287 2493
4714736 341 40961 287 2493
4714751 341 40961 287 2493
4714766 341 40961 287 2493
4714781 341 40961 287 2493
4714796 341 40961 287 2493
4714811 341 40961 287 2493
4714826 341 40961 287 2493
4714841 341 40961 287 2493
4714856 341 40961 287 2493
4714872 341 40961 287 2493
4714887 341 40961 287 2493
4714902 341 40961 287 2493
4714917 341 40961 287 2493
4714932 341 40961 287 2493
4714947 341 40961 287 2493
4714962 341 40961 287 2493
4714977 341 40961 287 2493
4714992 341 40961 287 2493
4715007 341 40961 287 2493
4715022 341 40961 287 2493
4715037 341 40961 287 2493
4715052 341 40961 287 2493
4715067 341 40961 287 2493
4715083 341 40961 287 2493
4715098 341 40961 287 2493
4715113 341 40961 287 2493
4715128 341 40961 287 2493
4715143 341 40961 287 2493
4715158 341 40961 287 2493
4715173 341 40961 287 2493
4715188 341 40961 287 2493
4715203 341 40961 287 2493
4716203 341 40961 287 2493
4717203 341 41215 287 2493
4718206 341 41392 287 2493
4719206 341 41442 287 2493
4720206 341 41492 287 2493
4721206 341 41542 287 2493
4722206 341 41592 287 2493
4723206 341 41642 287 2493
4724206 341 41692 287 2493
4725206 341 41742 287 2493
4726206 341 41792 287 2493
4727207 341 41842 287 2493
4728207 341 41892 287 2493
4729207 341 41942 287 2493
4730207 341 41992 287 2493
4731207 341 42042 287 2493
4732207 341 42092 287 2493
4733207 341 42142 287 2493
4734207 341 42192 287 2493
4735207 341 42242 287 2493
4736207 341 42292 287 2493
4737207 341 42342 287 2493
4738207 341 42392 287 2493
4739207 341 42442 287 2493
4740207 341 42492 287 2493
4741207 341 42542 287 2493
4742208 341 42592 287 2493
4743208 341 42642 287 2493
4744208 341 42692 287 2493
4745208 341 42742 287 2493
4746208 341 42792 287 2493
4747209 341 42842 287 2493
4748209 341 42892 287 2493
4749209 341 42942 287 2493
4750209 341 42992 287 2493
4751210 341 43042 287 2493
4752210 341 43051 287 2493
4753210 341 43101 287 2493
4754210 341 43151 287 2493
4755211 341 43201 287 2493
4756211 341 43251 287 2493
4757212 341 43301 287 2493
4758214 341 43497 287 2493
4759214 341 43723 287 2493
4760214 341 43978 287 2493
4761214 341 44268 287 2493
4762214 341 44318 287 2493
4763214 341 44368 287 2493
4764214 341 44418 287 2493
4765214 341 44468 287 2493
