# header: write what you want on lines starting with #
# Total ACTIVE Pulses, # breakdowns, amp_set, index (point on pulse / power curve) , pulse length
# the init of this file could be 1 0 500 0 3500, 2 0 500 0 3500, etc
1 0 500 0 3500
102 7 3675 0 2493
77860 8 20550 222 2493
84624 9 26850 291 2493
86956 10 27050 291 2493
88189 11 27050 0 2493
89804 12 28450 291 2493
90894 13 28450 291 2493
91987 14 28450 291 2493
98240 15 29450 291 2493
99172 16 29450 291 2493
100158 17 29450 291 2493
106672 18 36150 291 2493
106684 19 36150 291 2493
106697 20 36150 291 2493
106709 21 36150 291 2493
106722 22 36150 291 2493
106735 23 36150 291 2493
106748 24 36150 291 2493
106760 25 36150 291 2493
106772 26 36150 291 2493
106784 27 36150 291 2493
106796 28 36150 291 2493
106808 29 36150 291 2493
106820 30 36150 291 2493
106834 31 36150 291 2493
106846 32 36150 291 2493
106859 33 36150 291 2493
106871 34 36150 291 2493
106884 35 36150 291 2493
106897 36 36150 291 2493
3848819 286 39931 238 2493
4701474 341 40000 287 2493
4770142 342 45265 287 2493
4795011 343 48799 287 2493
4843634 344 54053 287 2493
4940712 345 61629 287 2493
4952722 346 64039 287 2493
4967192 347 65392 287 2493
4968498 348 65392 287 2493
5006008 355 67020 287 2493
5007182 356 67020 287 2493
5221406 395 67522 287 2493
5226754 396 67731 287 2493
5227268 397 67731 287 2493
5242319 397 68707 287 2493
5242349 397 68707 287 2493
5242380 397 68707 287 2493
5242410 397 68707 287 2493
5242425 397 67792 287 2493
5242440 397 67792 287 2493
5242455 397 67792 287 2493
5242470 397 67792 287 2493
5242485 397 67792 287 2493
5242500 397 67792 287 2493
5242515 397 67792 287 2493
5242530 397 67792 287 2493
5242545 397 67792 287 2493
5242560 397 67792 287 2493
5242575 397 67792 287 2493
5242590 397 67792 287 2493
5242605 397 67792 287 2493
5242620 397 67792 287 2493
5242635 397 67792 287 2493
5242651 397 67792 287 2493
5242666 397 67792 287 2493
5242681 397 67792 287 2493
5242696 397 67792 287 2493
5242711 397 67792 287 2493
5242726 397 67792 287 2493
5242741 397 67792 287 2493
5242756 397 67792 287 2493
5242771 397 67792 287 2493
5242786 397 67792 287 2493
5242802 397 67792 287 2493
5242817 397 67792 287 2493
5242832 397 67792 287 2493
5242847 397 67792 287 2493
5242862 397 67792 287 2493
5242877 397 67792 287 2493
5242892 397 67792 287 2493
5242907 397 67792 287 2493
5242922 397 67792 287 2493
5242937 397 67792 287 2493
5242952 397 67792 287 2493
5242967 397 67792 287 2493
5242982 397 67792 287 2493
5242997 397 67792 287 2493
5243012 397 67792 287 2493
5243028 397 67792 287 2493
5243043 397 67792 287 2493
5243059 397 67792 287 2493
5243075 397 67792 287 2493
5243090 397 67792 287 2493
5243105 397 67792 287 2493
5243120 397 67792 287 2493
5243135 397 67792 287 2493
5243150 397 67792 287 2493
5243165 397 67792 287 2493
5243180 397 67792 287 2493
5243195 397 67792 287 2493
5243211 397 67792 287 2493
5243226 397 67792 287 2493
5243241 397 67792 287 2493
5243256 397 67792 287 2493
5243272 397 67792 287 2493
5243287 397 67792 287 2493
5243302 397 67792 287 2493
5243317 397 67792 287 2493
5243332 397 67792 287 2493
5243347 397 67792 287 2493
5243362 397 67792 287 2493
5243377 397 67792 287 2493
5243392 397 67792 287 2493
5243407 397 67792 287 2493
5243422 397 67792 287 2493
5243437 397 67792 287 2493
5243452 397 67792 287 2493
5243467 397 67792 287 2493
5243482 397 67792 287 2493
5243497 397 67792 287 2493
5243512 397 67792 287 2493
5243527 397 67792 287 2493
5243542 397 67792 287 2493
5243557 397 67792 287 2493
5243572 397 67792 287 2493
5243587 397 67792 287 2493
5243602 397 67792 287 2493
5243617 397 67792 287 2493
5243632 397 67792 287 2493
5243647 397 67792 287 2493
5243662 397 67792 287 2493
5243677 397 67792 287 2493
5243692 397 67792 287 2493
5243707 397 67792 287 2493
5243722 397 67792 287 2493
5243737 397 67792 287 2493
5243752 397 67792 287 2493
5243767 397 67792 287 2493
5243783 397 67792 287 2493
5243798 397 67792 287 2493
5243813 397 67792 287 2493
5243828 397 67792 287 2493
5243843 397 67792 287 2493
5243858 397 67792 287 2493
5243874 397 67792 287 2493
5243889 397 67792 287 2493
5243905 397 67792 287 2493
5243920 397 67792 287 2493
5243935 397 67792 287 2493
5243950 397 67792 287 2493
5243965 397 67792 287 2493
5243980 397 67792 287 2493
5243995 397 67792 287 2493
5244010 397 67792 287 2493
5244025 397 67792 287 2493
5244055 397 67792 287 2493
5244085 397 67792 287 2493
5244116 397 67792 287 2493
5244131 397 67792 287 2493
5244146 397 67792 287 2493
5244161 397 67792 287 2493
5244176 397 67792 287 2493
5244192 397 67792 287 2493
5244207 397 67792 287 2493
5244222 397 67792 287 2493
5244238 397 67792 287 2493
5244253 397 67792 287 2493
5244268 397 67792 287 2493
5244283 397 67792 287 2493
5244298 397 67792 287 2493
5244313 397 67792 287 2493
5244328 397 67792 287 2493
5244343 397 67792 287 2493
5244358 397 67792 287 2493
5244373 397 67792 287 2493
5244388 397 67792 287 2493
5244403 397 67792 287 2493
5244419 397 67792 287 2493
5244434 397 67792 287 2493
5244449 397 67792 287 2493
5244464 397 67792 287 2493
5244479 397 67792 287 2493
5244494 397 67792 287 2493
5244509 397 67792 287 2493
5244525 397 67792 287 2493
5244540 397 67792 287 2493
5244555 397 67792 287 2493
5244570 397 67792 287 2493
5244585 397 67792 287 2493
5244601 397 67792 287 2493
5244616 397 67792 287 2493
5244631 397 67792 287 2493
5244646 397 67792 287 2493
5244661 397 67792 287 2493
5244676 397 67792 287 2493
5244691 397 67792 287 2493
5244706 397 67792 287 2493
5244721 397 67792 287 2493
5244736 397 67792 287 2493
5244751 397 67792 287 2493
5244766 397 67792 287 2493
5245766 397 67792 287 2493
5246796 397 67792 287 2493
5247827 397 67792 287 2493
5248241 399 67802 287 2493
5248256 399 67802 287 2493
5248271 399 67802 287 2493
5248286 399 67802 287 2493
5248302 399 67802 287 2493
5248317 399 67802 287 2493
5248332 399 67802 287 2493
5248347 399 67802 287 2493
5248362 399 67802 287 2493
5248377 399 67802 287 2493
5248392 399 67802 287 2493
5248407 399 67802 287 2493
5248422 399 67802 287 2493
5248437 399 67802 287 2493
5248452 399 67802 287 2493
5248467 399 67802 287 2493
5248482 399 67802 287 2493
5248497 399 67802 287 2493
5248512 399 67802 287 2493
5248528 399 67802 287 2493
5248543 399 67802 287 2493
5248558 399 67802 287 2493
5248574 399 67802 287 2493
5248589 399 67802 287 2493
5248605 399 67802 287 2493
5248620 399 67802 287 2493
5248635 399 67802 287 2493
5248650 399 67802 287 2493
5248665 399 67802 287 2493
5248680 399 67802 287 2493
5248695 399 67802 287 2493
5248710 399 67802 287 2493
5248725 399 67802 287 2493
5248740 399 67802 287 2493
5248755 399 67802 287 2493
5248770 399 67802 287 2493
5248785 399 67802 287 2493
5248800 399 67802 287 2493
5248815 399 67802 287 2493
5248831 399 67802 287 2493
5248846 399 67802 287 2493
5248861 399 67802 287 2493
5248877 399 67802 287 2493
5248892 399 67802 287 2493
5248907 399 67802 287 2493
5248922 399 67802 287 2493
5248937 399 67802 287 2493
5248952 399 67802 287 2493
5248967 399 67802 287 2493
5248982 399 67802 287 2493
5248997 399 67802 287 2493
5249012 399 67802 287 2493
5249027 399 67802 287 2493
5249042 399 67802 287 2493
5249057 399 67802 287 2493
5249072 399 67802 287 2493
5249087 399 67802 287 2493
5249102 399 67802 287 2493
5249117 399 67802 287 2493
5249132 399 67802 287 2493
5249147 399 67802 287 2493
5249162 399 67802 287 2493
5249177 399 67802 287 2493
5249192 399 67802 287 2493
5249207 399 67802 287 2493
5249222 399 67802 287 2493
5249237 399 67802 287 2493
5249252 399 67802 287 2493
5249267 399 67802 287 2493
5249282 399 67802 287 2493
5249297 399 67802 287 2493
5249312 399 67802 287 2493
5249327 399 67802 287 2493
5249342 399 67802 287 2493
5249357 399 67802 287 2493
5249372 399 67802 287 2493
5249387 399 67802 287 2493
5249402 399 67802 287 2493
5249417 399 67802 287 2493
5249432 399 67802 287 2493
5249447 399 67802 287 2493
5249462 399 67802 287 2493
5249477 399 67802 287 2493
5249492 399 67802 287 2493
5249507 399 67802 287 2493
5249522 399 67802 287 2493
5249537 399 67802 287 2493
5249552 399 67802 287 2493
5249567 399 67802 287 2493
5249582 399 67802 287 2493
5249597 399 67802 287 2493
5249612 399 67802 287 2493
5249627 399 67802 287 2493
5249642 399 67802 287 2493
5249657 399 67802 287 2493
5249672 399 67802 287 2493
5249687 399 67802 287 2493
5249702 399 67802 287 2493
5249717 399 67802 287 2493
5249732 399 67802 287 2493
5249747 399 67802 287 2493
5249762 399 67802 287 2493
5249777 399 67802 287 2493
5249792 399 67802 287 2493
5249807 399 67802 287 2493
5249822 399 67802 287 2493
5249837 399 67802 287 2493
5249852 399 67802 287 2493
5249867 399 67802 287 2493
5249882 399 67802 287 2493
5249897 399 67802 287 2493
5249912 399 67802 287 2493
5249927 399 67802 287 2493
5249942 399 67802 287 2493
5249957 399 67802 287 2493
5249972 399 67802 287 2493
5249987 399 67802 287 2493
5250002 399 67802 287 2493
5250017 399 67802 287 2493
5250032 399 67802 287 2493
5250047 399 67802 287 2493
5250062 399 67802 287 2493
5250077 399 67802 287 2493
5250092 399 67802 287 2493
5250107 399 67802 287 2493
5250122 399 67802 287 2493
5250137 399 67802 287 2493
5250152 399 67802 287 2493
5250167 399 67802 287 2493
5250182 399 67802 287 2493
5250197 399 67802 287 2493
5250212 399 67802 287 2493
5250227 399 67802 287 2493
5250242 399 67802 287 2493
5250257 399 67802 287 2493
5250272 399 67802 287 2493
5250287 399 67802 287 2493
5250302 399 67802 287 2493
5250317 399 67802 287 2493
5250332 399 67802 287 2493
5250347 399 67802 287 2493
5250362 399 67802 287 2493
5250377 399 67802 287 2493
5250392 399 67802 287 2493
5250407 399 67802 287 2493
5250422 399 67802 287 2493
5250437 399 67802 287 2493
5250453 399 67802 287 2493
5250468 399 67802 287 2493
5250483 399 67802 287 2493
5250513 399 67802 287 2493
5250543 399 67802 287 2493
5250573 399 67802 287 2493
5250603 399 67802 287 2493
5250634 399 67802 287 2493
5250664 399 67802 287 2493
5250694 399 67802 287 2493
5250724 399 67802 287 2493
5250755 399 67802 287 2493
5250785 399 67802 287 2493
5250815 399 67802 287 2493
5250846 399 67802 287 2493
5250876 399 67802 287 2493
5250906 399 67802 287 2493
5250936 399 67802 287 2493
5250967 399 67802 287 2493
5250997 399 67802 287 2493
5251027 399 67802 287 2493
5251057 399 67802 287 2493
5251087 399 67802 287 2493
5251118 399 67802 287 2493
5251148 399 67802 287 2493
5251178 399 67802 287 2493
5251208 399 67802 287 2493
5251239 399 67802 287 2493
5251269 399 67802 287 2493
5251299 399 67802 287 2493
5251329 399 67802 287 2493
5251360 399 67802 287 2493
5251390 399 67802 287 2493
5251420 399 67802 287 2493
5251450 399 67802 287 2493
5251481 399 67802 287 2493
5251511 399 67802 287 2493
5251541 399 67802 287 2493
5251571 399 67802 287 2493
5251602 399 67802 287 2493
5251632 399 67802 287 2493
5251662 399 67802 287 2493
5251692 399 67802 287 2493
5251722 399 67802 287 2493
5251753 399 67802 287 2493
5251783 399 67802 287 2493
5251813 399 67802 287 2493
5251844 399 67802 287 2493
5251874 399 67802 287 2493
5251904 399 67802 287 2493
5251935 399 67802 287 2493
5251965 399 67802 287 2493
5251995 399 67802 287 2493
5252025 399 67802 287 2493
5252056 399 67802 287 2493
5252086 399 67802 287 2493
5252116 399 67802 287 2493
5252147 399 67802 287 2493
5252177 399 67802 287 2493
5252207 399 67802 287 2493
5252238 399 67802 287 2493
5252268 399 67802 287 2493
5252298 399 67802 287 2493
5252328 399 67802 287 2493
5252358 399 67802 287 2493
5252388 399 67802 287 2493
5252419 399 67802 287 2493
5252449 399 67802 287 2493
5252480 399 67802 287 2493
5252510 399 67802 287 2493
5252540 399 67802 287 2493
5252570 399 67802 287 2493
5252601 399 67802 287 2493
5252631 399 67802 287 2493
5252661 399 67802 287 2493
5252691 399 67802 287 2493
5252722 399 67802 287 2493
5252752 399 67802 287 2493
5252782 399 67802 287 2493
5252812 399 67802 287 2493
5252843 399 67802 287 2493
5252873 399 67802 287 2493
5252903 399 67802 287 2493
5252934 399 67802 287 2493
5252964 399 67802 287 2493
5252994 399 67802 287 2493
5253024 399 67802 287 2493
5253055 399 67802 287 2493
5253085 399 67802 287 2493
5253116 399 67802 287 2493
5253146 399 67802 287 2493
5253176 399 67802 287 2493
5253206 399 67802 287 2493
5253237 399 67802 287 2493
5253267 399 67802 287 2493
5253297 399 67802 287 2493
5253327 399 67802 287 2493
5253357 399 67802 287 2493
5253388 399 67802 287 2493
5253418 399 67802 287 2493
5253448 399 67802 287 2493
5253478 399 67802 287 2493
5253509 399 67802 287 2493
5253539 399 67802 287 2493
5253569 399 67802 287 2493
5253599 399 67802 287 2493
5253629 399 67802 287 2493
5253660 399 67802 287 2493
5253690 399 67802 287 2493
5253720 399 67802 287 2493
5253751 399 67802 287 2493
5253781 399 67802 287 2493
5253811 399 67802 287 2493
5253842 399 67802 287 2493
5253872 399 67802 287 2493
5253902 399 67802 287 2493
5253932 399 67802 287 2493
5253962 399 67802 287 2493
5253993 399 67802 287 2493
5254023 399 67802 287 2493
5254053 399 67802 287 2493
5254084 399 67802 287 2493
5254114 399 67802 287 2493
5254144 399 67802 287 2493
5254174 399 67802 287 2493
5254205 399 67802 287 2493
5254235 399 67802 287 2493
5254265 399 67802 287 2493
5254295 399 67802 287 2493
5254326 399 67802 287 2493
5254356 399 67802 287 2493
5254386 399 67802 287 2493
5254417 399 67802 287 2493
5254447 399 67802 287 2493
5254477 399 67802 287 2493
5254507 399 67802 287 2493
5254538 399 67802 287 2493
5254568 399 67802 287 2493
5254598 399 67802 287 2493
5254628 399 67802 287 2493
5254659 399 67802 287 2493
5254689 399 67802 287 2493
5254719 399 67802 287 2493
5254750 399 67802 287 2493
5254780 399 67802 287 2493
5254810 399 67802 287 2493
5254841 399 67802 287 2493
5254871 399 67802 287 2493
5254901 399 67802 287 2493
5254932 399 67802 287 2493
5254962 399 67802 287 2493
5254992 399 67802 287 2493
5255022 399 67802 287 2493
5255053 399 67802 287 2493
5255083 399 67802 287 2493
5255113 399 67802 287 2493
5255144 399 67802 287 2493
5255174 399 67802 287 2493
5255204 399 67802 287 2493
5255235 399 67802 287 2493
5255265 399 67802 287 2493
5255295 399 67802 287 2493
5255325 399 67802 287 2493
5255356 399 67802 287 2493
5255386 399 67802 287 2493
5255416 399 67802 287 2493
5255447 399 67802 287 2493
5255477 399 67802 287 2493
5255507 399 67802 287 2493
5255537 399 67802 287 2493
5255568 399 67802 287 2493
5255598 399 67802 287 2493
5255628 399 67802 287 2493
5255658 399 67802 287 2493
5255689 399 67802 287 2493
5255719 399 67802 287 2493
5255749 399 67802 287 2493
5255779 399 67802 287 2493
5255810 399 67802 287 2493
5255840 399 67802 287 2493
5255870 399 67802 287 2493
5255901 399 67802 287 2493
5255931 399 67802 287 2493
5255961 399 67802 287 2493
5255992 399 67802 287 2493
5256022 399 67802 287 2493
5256052 399 67802 287 2493
5256082 399 67802 287 2493
5256113 399 67802 287 2493
5256143 399 67802 287 2493
5256173 399 67802 287 2493
5256204 399 67802 287 2493
5256234 399 67802 287 2493
5256265 399 67802 287 2493
5256295 399 67802 287 2493
5256327 400 67802 287 2493
5256342 400 67802 287 2493
5256357 400 67802 287 2493
5256372 400 67802 287 2493
5256387 400 67802 287 2493
5256403 400 67802 287 2493
5256418 400 67802 287 2493
5256433 400 67802 287 2493
5256449 400 67802 287 2493
5256464 400 67802 287 2493
5256479 400 67802 287 2493
5256494 400 67802 287 2493
5256509 400 67802 287 2493
5256524 400 67802 287 2493
5256539 400 67802 287 2493
5256555 400 67802 287 2493
5256570 400 67802 287 2493
5256585 400 67802 287 2493
5256600 400 67802 287 2493
5256615 400 67802 287 2493
5256630 400 67802 287 2493
5256645 400 67802 287 2493
5256660 400 67802 287 2493
5256675 400 67802 287 2493
5256690 400 67802 287 2493
5256706 400 67802 287 2493
5256721 400 67802 287 2493
5256736 400 67802 287 2493
5256751 400 67802 287 2493
5256766 400 67802 287 2493
5256781 400 67802 287 2493
5256796 400 67802 287 2493
5256811 400 67802 287 2493
5256826 400 67802 287 2493
5256841 400 67802 287 2493
5256856 400 67802 287 2493
5256871 400 67802 287 2493
5256886 400 67802 287 2493
5256901 400 67802 287 2493
5256916 400 67802 287 2493
5256931 400 67802 287 2493
5256946 400 67802 287 2493
5256961 400 67802 287 2493
5256976 400 67802 287 2493
5256991 400 67802 287 2493
5257006 400 67802 287 2493
5257021 400 67802 287 2493
5257036 400 67802 287 2493
5257051 400 67802 287 2493
5257066 400 67802 287 2493
5257081 400 67802 287 2493
5257096 400 67802 287 2493
5257111 400 67802 287 2493
5257126 400 67802 287 2493
5257141 400 67802 287 2493
5257156 400 67802 287 2493
5257171 400 67802 287 2493
5257187 400 67802 287 2493
5257202 400 67802 287 2493
5257217 400 67802 287 2493
5257232 400 67802 287 2493
5257247 400 67802 287 2493
5257262 400 67802 287 2493
5257277 400 67802 287 2493
5257293 400 67802 287 2493
5257308 400 67802 287 2493
5257323 400 67802 287 2493
5257338 400 67802 287 2493
5257353 400 67802 287 2493
5257368 400 67802 287 2493
5257384 400 67802 287 2493
5257399 400 67802 287 2493
5257414 400 67802 287 2493
5257429 400 67802 287 2493
5257444 400 67802 287 2493
5257459 400 67802 287 2493
5257474 400 67802 287 2493
5257489 400 67802 287 2493
5257504 400 67802 287 2493
5257519 400 67802 287 2493
5257534 400 67802 287 2493
5257549 400 67802 287 2493
5257564 400 67802 287 2493
5257579 400 67802 287 2493
5257594 400 67802 287 2493
5257609 400 67802 287 2493
5257624 400 67802 287 2493
5257639 400 67802 287 2493
5257654 400 67802 287 2493
5257669 400 67802 287 2493
5257684 400 67802 287 2493
5257699 400 67802 287 2493
5257714 400 67802 287 2493
5257730 400 67802 287 2493
5257745 400 67802 287 2493
5257760 400 67802 287 2493
5257775 400 67802 287 2493
5257791 400 67802 287 2493
5257806 400 67802 287 2493
5257822 400 67802 287 2493
5257837 400 67802 287 2493
5257852 400 67802 287 2493
5257867 400 67802 287 2493
5257882 400 67802 287 2493
5257897 400 67802 287 2493
5257912 400 67802 287 2493
5257927 400 67802 287 2493
5257942 400 67802 287 2493
5257958 400 67802 287 2493
5257973 400 67802 287 2493
5257988 400 67802 287 2493
5258003 400 67802 287 2493
5258018 400 67802 287 2493
5258033 400 67802 287 2493
5258048 400 67802 287 2493
5258063 400 67802 287 2493
5258078 400 67802 287 2493
5258094 400 67802 287 2493
5258109 400 67802 287 2493
5258124 400 67802 287 2493
5258139 400 67802 287 2493
5258154 400 67802 287 2493
5258169 400 67802 287 2493
5258184 400 67802 287 2493
5258199 400 67802 287 2493
5258214 400 67802 287 2493
5258229 400 67802 287 2493
5258244 400 67802 287 2493
5258259 400 67802 287 2493
5258274 400 67802 287 2493
5258289 400 67802 287 2493
5258304 400 67802 287 2493
5258319 400 67802 287 2493
5258334 400 67802 287 2493
5258349 400 67802 287 2493
5258364 400 67802 287 2493
5258379 400 67802 287 2493
5258394 400 67802 287 2493
5258409 400 67802 287 2493
5258424 400 67802 287 2493
5258440 400 67802 287 2493
5258455 400 67802 287 2493
5258470 400 67802 287 2493
5258485 400 67802 287 2493
5258500 400 67802 287 2493
5258515 400 67802 287 2493
5258531 400 67802 287 2493
5258546 400 67802 287 2493
5258561 400 67802 287 2493
5258576 400 67802 287 2493
5258606 400 67802 287 2493
5258636 400 67802 287 2493
5258667 400 67802 287 2493
5258697 400 67802 287 2493
5258727 400 67802 287 2493
5258757 400 67802 287 2493
5258788 400 67802 287 2493
5258819 400 67802 287 2493
5258849 400 67802 287 2493
5258879 400 67802 287 2493
5258909 400 67802 287 2493
5258940 400 67802 287 2493
5258970 400 67802 287 2493
5259000 400 67802 287 2493
5259031 400 67802 287 2493
5259061 400 67802 287 2493
5259091 400 67802 287 2493
5259121 400 67802 287 2493
5259151 400 67802 287 2493
5259181 400 67802 287 2493
5259212 400 67802 287 2493
5259243 400 67802 287 2493
5259273 400 67802 287 2493
5259303 400 67802 287 2493
5259333 400 67802 287 2493
5259364 400 67802 287 2493
5259394 400 67802 287 2493
5259424 400 67802 287 2493
5259454 400 67802 287 2493
5259485 400 67802 287 2493
5259515 400 67802 287 2493
5259545 400 67802 287 2493
5259575 400 67802 287 2493
5259606 400 67802 287 2493
5259636 400 67802 287 2493
5259666 400 67802 287 2493
5259697 400 67802 287 2493
5259727 400 67802 287 2493
5259757 400 67802 287 2493
5259788 400 67802 287 2493
5259818 400 67802 287 2493
5259848 400 67802 287 2493
5259878 400 67802 287 2493
5259909 400 67802 287 2493
5259939 400 67802 287 2493
5259970 400 67802 287 2493
5260000 400 67802 287 2493
5260030 400 67802 287 2493
5260060 400 67802 287 2493
5260091 400 67802 287 2493
5260121 400 67802 287 2493
5260151 400 67802 287 2493
5260182 400 67802 287 2493
5260212 400 67802 287 2493
5260242 400 67802 287 2493
5260272 400 67802 287 2493
5260302 400 67802 287 2493
5260333 400 67802 287 2493
5260363 400 67802 287 2493
5260393 400 67802 287 2493
5260424 400 67802 287 2493
5260454 400 67802 287 2493
5260484 400 67802 287 2493
5260514 400 67802 287 2493
5260544 400 67802 287 2493
5260575 400 67802 287 2493
5260605 400 67802 287 2493
5260635 400 67802 287 2493
5260665 400 67802 287 2493
5260696 400 67802 287 2493
5260726 400 67802 287 2493
5260756 400 67802 287 2493
5260787 400 67802 287 2493
5260817 400 67802 287 2493
5260847 400 67802 287 2493
5260877 400 67802 287 2493
5260908 400 67802 287 2493
5260938 400 67802 287 2493
5260968 400 67802 287 2493
5260998 400 67802 287 2493
5261029 400 67802 287 2493
5261059 400 67802 287 2493
5261089 400 67802 287 2493
5261119 400 67802 287 2493
5261150 400 67802 287 2493
5261180 400 67802 287 2493
5261210 400 67802 287 2493
5261240 400 67802 287 2493
5261271 400 67802 287 2493
5261301 400 67802 287 2493
5261331 400 67802 287 2493
5261361 400 67802 287 2493
5261392 400 67802 287 2493
5261422 400 67802 287 2493
5261452 400 67802 287 2493
5261482 400 67802 287 2493
5261513 400 67802 287 2493
5261543 400 67802 287 2493
5261573 400 67802 287 2493
5261604 400 67802 287 2493
5261634 400 67802 287 2493
5261664 400 67802 287 2493
5261694 400 67802 287 2493
5261725 400 67802 287 2493
5261755 400 67802 287 2493
5261785 400 67802 287 2493
5261815 400 67802 287 2493
5261846 400 67802 287 2493
5261876 400 67802 287 2493
5261906 400 67802 287 2493
5261936 400 67802 287 2493
5261966 400 67802 287 2493
5261997 400 67802 287 2493
5262027 400 67802 287 2493
5262057 400 67802 287 2493
5262088 400 67802 287 2493
5262118 400 67802 287 2493
5262148 400 67802 287 2493
5262168 401 67802 287 2493
5262183 401 67802 287 2493
5262198 401 67802 287 2493
5262213 401 67802 287 2493
5262228 401 67802 287 2493
5262243 401 67802 287 2493
5262258 401 67802 287 2493
5262273 401 67802 287 2493
5262288 401 67802 287 2493
5262303 401 67802 287 2493
5262318 401 67802 287 2493
5262333 401 67802 287 2493
5262348 401 67802 287 2493
5262363 401 67802 287 2493
5262378 401 67802 287 2493
5262393 401 67802 287 2493
5262408 401 67802 287 2493
5262423 401 67802 287 2493
5262438 401 67802 287 2493
5262453 401 67802 287 2493
5262468 401 67802 287 2493
5262483 401 67802 287 2493
5262498 401 67802 287 2493
5262513 401 67802 287 2493
5262528 401 67802 287 2493
5262543 401 67802 287 2493
5262558 401 67802 287 2493
5262573 401 67802 287 2493
5262588 401 67802 287 2493
5262603 401 67802 287 2493
5262619 401 67802 287 2493
5262634 401 67802 287 2493
5262649 401 67802 287 2493
5262664 401 67802 287 2493
5262679 401 67802 287 2493
5262694 401 67802 287 2493
5262709 401 67802 287 2493
5262724 401 67802 287 2493
5262739 401 67802 287 2493
5262754 401 67802 287 2493
5262769 401 67802 287 2493
5262784 401 67802 287 2493
5262800 401 67802 287 2493
5262815 401 67802 287 2493
5262831 401 67802 287 2493
5262846 401 67802 287 2493
5262861 401 67802 287 2493
5262876 401 67802 287 2493
5262891 401 67802 287 2493
5262906 401 67802 287 2493
5262921 401 67802 287 2493
5262936 401 67802 287 2493
5262951 401 67802 287 2493
5262967 401 67802 287 2493
5262982 401 67802 287 2493
5262997 401 67802 287 2493
5263013 401 67802 287 2493
5263028 401 67802 287 2493
5263043 401 67802 287 2493
5263059 401 67802 287 2493
5263074 401 67802 287 2493
5263090 401 67802 287 2493
5263105 401 67802 287 2493
5263121 401 67802 287 2493
5263137 401 67802 287 2493
5263152 401 67802 287 2493
5263167 401 67802 287 2493
5263182 401 67802 287 2493
5263197 401 67802 287 2493
5263212 401 67802 287 2493
5263227 401 67802 287 2493
5263242 401 67802 287 2493
5263257 401 67802 287 2493
5263272 401 67802 287 2493
5263287 401 67802 287 2493
5263302 401 67802 287 2493
5263317 401 67802 287 2493
5263332 401 67802 287 2493
5263347 401 67802 287 2493
5263362 401 67802 287 2493
5263377 401 67802 287 2493
5263392 401 67802 287 2493
5263407 401 67802 287 2493
5263423 401 67802 287 2493
5263438 401 67802 287 2493
5263453 401 67802 287 2493
5263468 401 67802 287 2493
5263483 401 67802 287 2493
5263498 401 67802 287 2493
5263514 401 67802 287 2493
5263529 401 67802 287 2493
5263545 401 67802 287 2493
5263560 401 67802 287 2493
5263575 401 67802 287 2493
5263590 401 67802 287 2493
5263605 401 67802 287 2493
5263620 401 67802 287 2493
5263635 401 67802 287 2493
5263650 401 67802 287 2493
5263665 401 67802 287 2493
5263680 401 67802 287 2493
5263695 401 67802 287 2493
5263710 401 67802 287 2493
5263725 401 67802 287 2493
5263740 401 67802 287 2493
5263755 401 67802 287 2493
5263770 401 67802 287 2493
5263785 401 67802 287 2493
5263800 401 67802 287 2493
5263815 401 67802 287 2493
5263830 401 67802 287 2493
5263845 401 67802 287 2493
5263861 401 67802 287 2493
5263876 401 67802 287 2493
5263891 401 67802 287 2493
5263906 401 67802 287 2493
5263921 401 67802 287 2493
5263936 401 67802 287 2493
5263951 401 67802 287 2493
5263968 401 67802 287 2493
5263983 401 67802 287 2493
5263999 401 67802 287 2493
5264014 401 67802 287 2493
5264029 401 67802 287 2493
5264044 401 67802 287 2493
5264060 401 67802 287 2493
5264076 401 67802 287 2493
5264091 401 67802 287 2493
5264107 401 67802 287 2493
5264122 401 67802 287 2493
5264138 401 67802 287 2493
5264153 401 67802 287 2493
5264168 401 67802 287 2493
5264184 401 67802 287 2493
5264199 401 67802 287 2493
5264214 401 67802 287 2493
5264229 401 67802 287 2493
5264244 401 67802 287 2493
5264259 401 67802 287 2493
5264274 401 67802 287 2493
5264289 401 67802 287 2493
5264304 401 67802 287 2493
5264320 401 67802 287 2493
5264335 401 67802 287 2493
5264350 401 67802 287 2493
5264365 401 67802 287 2493
5264380 401 67802 287 2493
5264395 401 67802 287 2493
5264410 401 67802 287 2493
5264425 401 67802 287 2493
5264455 401 67802 287 2493
5264485 401 67802 287 2493
5264514 401 67802 287 2493
5264546 401 67802 287 2493
5264576 401 67802 287 2493
5264606 401 67802 287 2493
5264636 401 67802 287 2493
5264666 401 67802 287 2493
5264697 401 67802 287 2493
5264727 401 67802 287 2493
5264757 401 67802 287 2493
5264787 401 67802 287 2493
5264817 401 67802 287 2493
5264848 401 67802 287 2493
5264878 401 67802 287 2493
5264908 401 67802 287 2493
5264938 401 67802 287 2493
5264968 401 67802 287 2493
5264999 401 67802 287 2493
5265029 401 67802 287 2493
5265059 401 67802 287 2493
5265089 401 67802 287 2493
5265120 401 67802 287 2493
5265150 401 67802 287 2493
5265180 401 67802 287 2493
5265210 401 67802 287 2493
5265240 401 67802 287 2493
5265270 401 67802 287 2493
5265300 401 67802 287 2493
5265331 401 67802 287 2493
5265361 401 67802 287 2493
5265391 401 67802 287 2493
5265421 401 67802 287 2493
5265451 401 67802 287 2493
5265482 401 67802 287 2493
5265512 401 67802 287 2493
5265542 401 67802 287 2493
5265572 401 67802 287 2493
5265602 401 67802 287 2493
5265632 401 67802 287 2493
5265663 401 67802 287 2493
5265693 401 67802 287 2493
5265723 401 67802 287 2493
5265753 401 67802 287 2493
5265783 401 67802 287 2493
5265814 401 67802 287 2493
5265844 401 67802 287 2493
5265874 401 67802 287 2493
5265904 401 67802 287 2493
5265935 401 67802 287 2493
5265965 401 67802 287 2493
5265995 401 67802 287 2493
5266025 401 67802 287 2493
5266055 401 67802 287 2493
5266085 401 67802 287 2493
5266116 401 67802 287 2493
5266146 401 67802 287 2493
5266176 401 67802 287 2493
5266206 401 67802 287 2493
5266237 401 67802 287 2493
5266267 401 67802 287 2493
5266297 401 67802 287 2493
5266327 401 67802 287 2493
5266357 401 67802 287 2493
5266387 401 67802 287 2493
5266418 401 67802 287 2493
5266448 401 67802 287 2493
5266478 401 67802 287 2493
5266508 401 67802 287 2493
5266538 401 67802 287 2493
5266569 401 67802 287 2493
5266599 401 67802 287 2493
5266629 401 67802 287 2493
5266659 401 67802 287 2493
5266689 401 67802 287 2493
5266720 401 67802 287 2493
5266750 401 67802 287 2493
5266780 401 67802 287 2493
5266810 401 67802 287 2493
5266841 401 67802 287 2493
5266871 401 67802 287 2493
5266901 401 67802 287 2493
5266931 401 67802 287 2493
5266961 401 67802 287 2493
5266992 401 67802 287 2493
5267022 401 67802 287 2493
5267052 401 67802 287 2493
5267082 401 67802 287 2493
5267112 401 67802 287 2493
5267143 401 67802 287 2493
5267173 401 67802 287 2493
5267203 401 67802 287 2493
5267234 401 67802 287 2493
5267264 401 67802 287 2493
5267294 401 67802 287 2493
5267324 401 67802 287 2493
5267354 401 67802 287 2493
5267385 401 67802 287 2493
5267415 401 67802 287 2493
5267445 401 67802 287 2493
5267475 401 67802 287 2493
5267505 401 67802 287 2493
5267536 401 67802 287 2493
5267566 401 67802 287 2493
5267596 401 67802 287 2493
5267627 401 67802 287 2493
5267657 401 67802 287 2493
5267687 401 67802 287 2493
5267717 401 67802 287 2493
5267748 401 67802 287 2493
5267778 401 67802 287 2493
5267808 401 67802 287 2493
5267838 401 67802 287 2493
5267869 401 67802 287 2493
5267899 401 67802 287 2493
5267929 401 67802 287 2493
5267959 401 67802 287 2493
5267989 401 67802 287 2493
5268019 401 67802 287 2493
5268049 401 67802 287 2493
5268080 401 67802 287 2493
5268110 401 67802 287 2493
5268141 401 67802 287 2493
5268171 401 67802 287 2493
5268201 401 67802 287 2493
5268231 401 67802 287 2493
5268262 401 67802 287 2493
5268292 401 67802 287 2493
5268322 401 67802 287 2493
5268352 401 67802 287 2493
5268382 401 67802 287 2493
5268413 401 67802 287 2493
5268443 401 67802 287 2493
5268473 401 67802 287 2493
5268504 401 67802 287 2493
5268534 401 67802 287 2493
5268564 401 67802 287 2493
5268594 401 67802 287 2493
5268625 401 67802 287 2493
5268653 401 67802 287 2493
5268685 401 67802 287 2493
5268715 401 67802 287 2493
5268746 401 67802 287 2493
5268776 401 67802 287 2493
5268806 401 67802 287 2493
5268836 401 67802 287 2493
5268866 401 67802 287 2493
5268897 401 67802 287 2493
5268927 401 67802 287 2493
5268957 401 67802 287 2493
5268987 401 67802 287 2493
5269017 401 67802 287 2493
5269048 401 67802 287 2493
5269078 401 67802 287 2493
5269108 401 67802 287 2493
5269139 401 67802 287 2493
5269169 401 67802 287 2493
5269199 401 67802 287 2493
5269222 402 67802 287 2493
5269237 402 67802 287 2493
5269253 402 67802 287 2493
5269268 402 67802 287 2493
5269284 402 67802 287 2493
5269299 402 67802 287 2493
5269314 402 67802 287 2493
5269329 402 67802 287 2493
5269344 402 67802 287 2493
5269359 402 67802 287 2493
5269375 402 67802 287 2493
5269390 402 67802 287 2493
5269405 402 67802 287 2493
5269420 402 67802 287 2493
5269435 402 67802 287 2493
5269451 402 67802 287 2493
5269466 402 67802 287 2493
5269481 402 67802 287 2493
5269497 402 67802 287 2493
5269512 402 67802 287 2493
5269527 402 67802 287 2493
5269542 402 67802 287 2493
5269558 402 67802 287 2493
5269573 402 67802 287 2493
5269588 402 67802 287 2493
5269603 402 67802 287 2493
5269618 402 67802 287 2493
5269633 402 67802 287 2493
5269649 402 67802 287 2493
5269664 402 67802 287 2493
5269679 402 67802 287 2493
5269694 402 67802 287 2493
5269709 402 67802 287 2493
5269724 402 67802 287 2493
5269739 402 67802 287 2493
5269754 402 67802 287 2493
5269770 402 67802 287 2493
5269785 402 67802 287 2493
5269800 402 67802 287 2493
5269815 402 67802 287 2493
5269830 402 67802 287 2493
5269845 402 67802 287 2493
5269860 402 67802 287 2493
5269875 402 67802 287 2493
5269890 402 67802 287 2493
5269905 402 67802 287 2493
5269920 402 67802 287 2493
5269935 402 67802 287 2493
5269950 402 67802 287 2493
5269965 402 67802 287 2493
5269980 402 67802 287 2493
5269996 402 67802 287 2493
5270011 402 67802 287 2493
5270026 402 67802 287 2493
5270041 402 67802 287 2493
5270056 402 67802 287 2493
5270071 402 67802 287 2493
5270087 402 67802 287 2493
5270102 402 67802 287 2493
5270117 402 67802 287 2493
5270132 402 67802 287 2493
5270147 402 67802 287 2493
5270162 402 67802 287 2493
5270177 402 67802 287 2493
5270193 402 67802 287 2493
5270208 402 67802 287 2493
5270223 402 67802 287 2493
5270238 402 67802 287 2493
5270253 402 67802 287 2493
5270268 402 67802 287 2493
5270284 402 67802 287 2493
5270299 402 67802 287 2493
5270314 402 67802 287 2493
5270330 402 67802 287 2493
5270345 402 67802 287 2493
5270360 402 67802 287 2493
5270375 402 67802 287 2493
5270390 402 67802 287 2493
5270405 402 67802 287 2493
5270420 402 67802 287 2493
5270436 402 67802 287 2493
5270451 402 67802 287 2493
5270466 402 67802 287 2493
5270481 402 67802 287 2493
5270496 402 67802 287 2493
5270511 402 67802 287 2493
5270527 402 67802 287 2493
5270543 402 67802 287 2493
5270558 402 67802 287 2493
5270573 402 67802 287 2493
5270588 402 67802 287 2493
5270603 402 67802 287 2493
5270618 402 67802 287 2493
5270633 402 67802 287 2493
5270648 402 67802 287 2493
5270663 402 67802 287 2493
5270678 402 67802 287 2493
5270693 402 67802 287 2493
5270708 402 67802 287 2493
5270723 402 67802 287 2493
5270738 402 67802 287 2493
5270753 402 67802 287 2493
5270768 402 67802 287 2493
5270783 402 67802 287 2493
5270798 402 67802 287 2493
5270813 402 67802 287 2493
5270829 402 67802 287 2493
5270844 402 67802 287 2493
5270860 402 67802 287 2493
5270875 402 67802 287 2493
5270890 402 67802 287 2493
5270905 402 67802 287 2493
5270920 402 67802 287 2493
5270935 402 67802 287 2493
5270950 402 67802 287 2493
5270965 402 67802 287 2493
5270980 402 67802 287 2493
5270995 402 67802 287 2493
5271010 402 67802 287 2493
5271025 402 67802 287 2493
5271040 402 67802 287 2493
5271055 402 67802 287 2493
5271071 402 67802 287 2493
5271086 402 67802 287 2493
5271102 402 67802 287 2493
5271117 402 67802 287 2493
5271133 402 67802 287 2493
5271148 402 67802 287 2493
5271164 402 67802 287 2493
5271179 402 67802 287 2493
5271194 402 67802 287 2493
5271209 402 67802 287 2493
5271224 402 67802 287 2493
5271239 402 67802 287 2493
5271255 402 67802 287 2493
5271270 402 67802 287 2493
5271285 402 67802 287 2493
5271300 402 67802 287 2493
5271316 402 67802 287 2493
5271331 402 67802 287 2493
5271346 402 67802 287 2493
5271361 402 67802 287 2493
5271376 402 67802 287 2493
5271392 402 67802 287 2493
5271407 402 67802 287 2493
5271422 402 67802 287 2493
5271437 402 67802 287 2493
5271452 402 67802 287 2493
5271467 402 67802 287 2493
5271482 402 67802 287 2493
5271512 402 67802 287 2493
5271543 402 67802 287 2493
5271573 402 67802 287 2493
5271603 402 67802 287 2493
5271633 402 67802 287 2493
5271664 402 67802 287 2493
5271694 402 67802 287 2493
5271724 402 67802 287 2493
5271754 402 67802 287 2493
5271784 402 67802 287 2493
5271814 402 67802 287 2493
5271844 402 67802 287 2493
5271875 402 67802 287 2493
5271905 402 67802 287 2493
5271936 402 67802 287 2493
5271966 402 67802 287 2493
5271996 402 67802 287 2493
5272026 402 67802 287 2493
5272057 402 67802 287 2493
5272087 402 67802 287 2493
5272117 402 67802 287 2493
5272147 402 67802 287 2493
5272178 402 67802 287 2493
5272208 402 67802 287 2493
5272238 402 67802 287 2493
5272269 402 67802 287 2493
5272299 402 67802 287 2493
5272329 402 67802 287 2493
5272359 402 67802 287 2493
5272389 402 67802 287 2493
5272420 402 67802 287 2493
5272450 402 67802 287 2493
5272480 402 67802 287 2493
5272510 402 67802 287 2493
5272540 402 67802 287 2493
5272571 402 67802 287 2493
5272601 402 67802 287 2493
5272631 402 67802 287 2493
5272662 402 67802 287 2493
5272692 402 67802 287 2493
5272722 402 67802 287 2493
5272752 402 67802 287 2493
5272783 402 67802 287 2493
5272813 402 67802 287 2493
5272843 402 67802 287 2493
5272874 402 67802 287 2493
5272904 402 67802 287 2493
5272934 402 67802 287 2493
5272964 402 67802 287 2493
5272995 402 67802 287 2493
5273025 402 67802 287 2493
5273055 402 67802 287 2493
5273085 402 67802 287 2493
5273115 402 67802 287 2493
5273145 402 67802 287 2493
5273176 402 67802 287 2493
5273206 402 67802 287 2493
5273237 402 67802 287 2493
5273267 402 67802 287 2493
5273295 402 67802 287 2493
5273327 402 67802 287 2493
5273358 402 67802 287 2493
5273388 402 67802 287 2493
5273418 402 67802 287 2493
5273448 402 67802 287 2493
5273479 402 67802 287 2493
5273509 402 67802 287 2493
5273539 402 67802 287 2493
5273570 402 67802 287 2493
5273600 402 67802 287 2493
5273630 402 67802 287 2493
5273660 402 67802 287 2493
5273691 402 67802 287 2493
5273721 402 67802 287 2493
5273751 402 67802 287 2493
5273781 402 67802 287 2493
5273812 402 67802 287 2493
5273842 402 67802 287 2493
5273872 402 67802 287 2493
5273902 402 67802 287 2493
5273933 402 67802 287 2493
5273963 402 67802 287 2493
5273993 402 67802 287 2493
5274023 402 67802 287 2493
5274054 402 67802 287 2493
5274084 402 67802 287 2493
5274114 402 67802 287 2493
5274145 402 67802 287 2493
5274175 402 67802 287 2493
5274205 402 67802 287 2493
5274235 402 67802 287 2493
5274265 402 67802 287 2493
5274296 402 67802 287 2493
5274326 402 67802 287 2493
5274356 402 67802 287 2493
5274386 402 67802 287 2493
5274416 402 67802 287 2493
5274446 402 67802 287 2493
5274477 402 67802 287 2493
5274507 402 67802 287 2493
5274538 402 67802 287 2493
5274568 402 67802 287 2493
5274598 402 67802 287 2493
5274628 402 67802 287 2493
5274659 402 67802 287 2493
5274689 402 67802 287 2493
5274719 402 67802 287 2493
5274749 402 67802 287 2493
5274780 402 67802 287 2493
5274810 402 67802 287 2493
5274840 402 67802 287 2493
5274870 402 67802 287 2493
5274901 402 67802 287 2493
5274931 402 67802 287 2493
5274961 402 67802 287 2493
5274991 402 67802 287 2493
5275022 402 67802 287 2493
5275052 402 67802 287 2493
5275082 402 67802 287 2493
5275112 402 67802 287 2493
5275142 402 67802 287 2493
5275173 402 67802 287 2493
5275203 402 67802 287 2493
5275233 402 67802 287 2493
5275264 402 67802 287 2493
5275294 402 67802 287 2493
5275324 402 67802 287 2493
5275354 402 67802 287 2493
5275385 402 67802 287 2493
5275415 402 67802 287 2493
5275445 402 67802 287 2493
5275476 402 67802 287 2493
5275506 402 67802 287 2493
5275536 402 67802 287 2493
5275566 402 67802 287 2493
5275597 402 67802 287 2493
5275627 402 67802 287 2493
5275657 402 67802 287 2493
5275687 402 67802 287 2493
5275718 402 67802 287 2493
5275749 402 67802 287 2493
5275779 402 67802 287 2493
5275809 402 67802 287 2493
5275839 402 67802 287 2493
5275869 402 67802 287 2493
5275900 402 67802 287 2493
5275930 402 67802 287 2493
5275960 402 67802 287 2493
5275990 402 67802 287 2493
5276021 402 67802 287 2493
5276051 402 67802 287 2493
5276081 402 67802 287 2493
5276111 402 67802 287 2493
5276142 402 67802 287 2493
5276172 402 67802 287 2493
5276202 402 67802 287 2493
5276233 402 67802 287 2493
5276263 402 67802 287 2493
5276293 402 67802 287 2493
5276323 402 67802 287 2493
5276354 402 67802 287 2493
5276384 402 67802 287 2493
5276414 402 67802 287 2493
5276445 402 67802 287 2493
5276475 402 67802 287 2493
5276505 402 67802 287 2493
5276535 402 67802 287 2493
5276566 402 67802 287 2493
5276596 402 67802 287 2493
5276626 402 67802 287 2493
5276656 402 67802 287 2493
5276687 402 67802 287 2493
5276717 402 67802 287 2493
5276747 402 67802 287 2493
5276778 402 67802 287 2493
5276808 402 67802 287 2493
5276838 402 67802 287 2493
5276869 402 67802 287 2493
5276899 402 67802 287 2493
5276929 402 67802 287 2493
5276959 402 67802 287 2493
5276990 402 67802 287 2493
5277020 402 67802 287 2493
5277050 402 67802 287 2493
5277081 402 67802 287 2493
5277111 402 67802 287 2493
5277141 402 67802 287 2493
5277172 402 67802 287 2493
5277202 402 67802 287 2493
5277232 402 67802 287 2493
5277262 402 67802 287 2493
5277293 402 67802 287 2493
5277323 402 67802 287 2493
5277353 402 67802 287 2493
5277384 402 67802 287 2493
5277414 402 67802 287 2493
5277444 402 67802 287 2493
5277475 402 67802 287 2493
5277505 402 67802 287 2493
5277535 402 67802 287 2493
5277565 402 67802 287 2493
5277596 402 67802 287 2493
5277626 402 67802 287 2493
5277656 402 67802 287 2493
5277687 402 67802 287 2493
5277717 402 67802 287 2493
5277747 402 67802 287 2493
5277777 402 67802 287 2493
5277808 402 67802 287 2493
5277838 402 67802 287 2493
5277868 402 67802 287 2493
5277899 402 67802 287 2493
5277929 402 67802 287 2493
5277959 402 67802 287 2493
5277989 402 67802 287 2493
5278020 402 67802 287 2493
5278050 402 67802 287 2493
5278080 402 67802 287 2493
5278110 402 67802 287 2493
5278141 402 67802 287 2493
5278171 402 67802 287 2493
5278201 402 67802 287 2493
5278231 402 67802 287 2493
5278262 402 67802 287 2493
5278292 402 67802 287 2493
5278322 402 67802 287 2493
5278352 402 67802 287 2493
5278383 402 67802 287 2493
5278413 402 67802 287 2493
5278443 402 67802 287 2493
5278473 402 67802 287 2493
5278503 402 67802 287 2493
5278534 402 67802 287 2493
5278564 402 67802 287 2493
5278594 402 67802 287 2493
5278625 402 67802 287 2493
5278655 402 67802 287 2493
5278685 402 67802 287 2493
5278715 402 67802 287 2493
5278746 402 67802 287 2493
5278776 402 67802 287 2493
5278806 402 67802 287 2493
5278836 402 67802 287 2493
5278867 402 67802 287 2493
5278897 402 67802 287 2493
5278926 402 67802 287 2493
5278957 402 67802 287 2493
5278988 402 67802 287 2493
5279018 402 67802 287 2493
5279048 402 67802 287 2493
5279078 402 67802 287 2493
5279109 402 67802 287 2493
5279139 402 67802 287 2493
5279169 402 67802 287 2493
5279199 402 67802 287 2493
5279230 402 67802 287 2493
5279260 402 67802 287 2493
5279291 402 67802 287 2493
5279321 402 67802 287 2493
5279351 402 67802 287 2493
5279382 402 67802 287 2493
5279412 402 67802 287 2493
5279442 402 67802 287 2493
5279472 402 67802 287 2493
5279502 402 67802 287 2493
5279533 402 67802 287 2493
5279563 402 67802 287 2493
5279593 402 67802 287 2493
5279624 402 67802 287 2493
5279654 402 67802 287 2493
5279684 402 67802 287 2493
5279714 402 67802 287 2493
5279744 402 67802 287 2493
5279774 402 67802 287 2493
5279805 402 67802 287 2493
5279835 402 67802 287 2493
5279865 402 67802 287 2493
5279895 402 67802 287 2493
5279926 402 67802 287 2493
5279956 402 67802 287 2493
5279986 402 67802 287 2493
5280016 402 67802 287 2493
5280046 402 67802 287 2493
5280077 402 67802 287 2493
5280107 402 67802 287 2493
5280137 402 67802 287 2493
5280167 402 67802 287 2493
5280198 402 67802 287 2493
5280228 402 67802 287 2493
5280258 402 67802 287 2493
5280288 402 67802 287 2493
5280318 402 67802 287 2493
5280348 402 67802 287 2493
5280379 402 67802 287 2493
5280409 402 67802 287 2493
5280439 402 67802 287 2493
5280469 402 67802 287 2493
5280499 402 67802 287 2493
5280530 402 67802 287 2493
5280560 402 67802 287 2493
5280590 402 67802 287 2493
5280620 402 67802 287 2493
5280651 402 67802 287 2493
5280681 402 67802 287 2493
5280711 402 67802 287 2493
5280741 402 67802 287 2493
5280771 402 67802 287 2493
5280802 402 67802 287 2493
5280832 402 67802 287 2493
5280862 402 67802 287 2493
5280892 402 67802 287 2493
5280922 402 67802 287 2493
5280952 402 67802 287 2493
5280983 402 67802 287 2493
5281013 402 67802 287 2493
5281043 402 67802 287 2493
5281073 402 67802 287 2493
5281103 402 67802 287 2493
5281133 402 67802 287 2493
5281164 402 67802 287 2493
5281194 402 67802 287 2493
5281224 402 67802 287 2493
5281254 402 67802 287 2493
5281284 402 67802 287 2493
5281314 402 67802 287 2493
5281345 402 67802 287 2493
5281375 402 67802 287 2493
5281405 402 67802 287 2493
5281435 402 67802 287 2493
5281465 402 67802 287 2493
5281495 402 67802 287 2493
5281525 402 67802 287 2493
5281556 402 67802 287 2493
5281586 402 67802 287 2493
5281616 402 67802 287 2493
5281646 402 67802 287 2493
5281676 402 67802 287 2493
5281706 402 67802 287 2493
5281736 402 67802 287 2493
5281767 402 67802 287 2493
5281797 402 67802 287 2493
5281827 402 67802 287 2493
5281857 402 67802 287 2493
5281887 402 67802 287 2493
5281917 402 67802 287 2493
5281947 402 67802 287 2493
5281978 402 67802 287 2493
5282008 402 67802 287 2493
5282038 402 67802 287 2493
5282068 402 67802 287 2493
5282098 402 67802 287 2493
5282128 402 67802 287 2493
5282158 402 67802 287 2493
5282189 402 67802 287 2493
5282219 402 67802 287 2493
5282249 402 67802 287 2493
5282279 402 67802 287 2493
5282309 402 67802 287 2493
5282339 402 67802 287 2493
5282370 402 67802 287 2493
5282400 402 67802 287 2493
5282430 402 67802 287 2493
5282460 402 67802 287 2493
5282490 402 67802 287 2493
5282520 402 67802 287 2493
5282550 402 67802 287 2493
5282581 402 67802 287 2493
5282611 402 67802 287 2493
5282641 402 67802 287 2493
5282671 402 67802 287 2493
5282701 402 67802 287 2493
5282731 402 67802 287 2493
5282762 402 67802 287 2493
5282792 402 67802 287 2493
5282822 402 67802 287 2493
5282852 402 67802 287 2493
5282882 402 67802 287 2493
5282912 402 67802 287 2493
5282942 402 67802 287 2493
5282973 402 67802 287 2493
5283003 402 67802 287 2493
5283033 402 67802 287 2493
5283063 402 67802 287 2493
5283093 402 67802 287 2493
5283123 402 67802 287 2493
5283153 402 67802 287 2493
5283184 402 67802 287 2493
5283214 402 67802 287 2493
5283244 402 67802 287 2493
5283274 402 67802 287 2493
5283304 402 67802 287 2493
5283334 402 67802 287 2493
5283365 402 67802 287 2493
5283395 402 67802 287 2493
5283425 402 67802 287 2493
5283455 402 67802 287 2493
5283485 402 67802 287 2493
5283515 402 67802 287 2493
5283546 402 67802 287 2493
5283576 402 67802 287 2493
5283606 402 67802 287 2493
5283636 402 67802 287 2493
5283666 402 67802 287 2493
5283696 402 67802 287 2493
5283726 402 67802 287 2493
5283756 402 67802 287 2493
5283787 402 67802 287 2493
5283817 402 67802 287 2493
5283847 402 67802 287 2493
5283877 402 67802 287 2493
5283907 402 67802 287 2493
5283937 402 67802 287 2493
5283968 402 67802 287 2493
5283998 402 67802 287 2493
5284028 402 67802 287 2493
5284058 402 67802 287 2493
5284088 402 67802 287 2493
5284118 402 67802 287 2493
5284148 402 67802 287 2493
5284179 402 67802 287 2493
5284209 402 67802 287 2493
5284239 402 67802 287 2493
5284269 402 67802 287 2493
5284299 402 67802 287 2493
5284329 402 67802 287 2493
5284360 402 67802 287 2493
5284390 402 67802 287 2493
5284420 402 67802 287 2493
5284450 402 67802 287 2493
5284481 402 67802 287 2493
5284511 402 67802 287 2493
5284541 402 67802 287 2493
5284572 402 67802 287 2493
5284602 402 67802 287 2493
5284632 402 67802 287 2493
5284662 402 67802 287 2493
5284692 402 67802 287 2493
5284722 402 67802 287 2493
5284752 402 67802 287 2493
5284783 402 67802 287 2493
5284813 402 67802 287 2493
5284843 402 67802 287 2493
5284873 402 67802 287 2493
5284903 402 67802 287 2493
5284933 402 67802 287 2493
5284964 402 67802 287 2493
5284994 402 67802 287 2493
5285024 402 67802 287 2493
5285054 402 67802 287 2493
5285084 402 67802 287 2493
5285114 402 67802 287 2493
5285145 402 67802 287 2493
5285175 402 67802 287 2493
5285205 402 67802 287 2493
5285235 402 67802 287 2493
5285266 402 67802 287 2493
5285296 402 67802 287 2493
5285326 402 67802 287 2493
5285356 402 67802 287 2493
5285386 402 67802 287 2493
5285416 402 67802 287 2493
5285447 402 67802 287 2493
5285477 402 67802 287 2493
5285507 402 67802 287 2493
5285538 402 67802 287 2493
5285568 402 67802 287 2493
5285598 402 67802 287 2493
5285628 402 67802 287 2493
5285658 402 67802 287 2493
5285688 402 67802 287 2493
5285718 402 67802 287 2493
5285749 402 67802 287 2493
5285779 402 67802 287 2493
5285809 402 67802 287 2493
5285839 402 67802 287 2493
5285870 402 67802 287 2493
5285900 402 67802 287 2493
5285930 402 67802 287 2493
5285960 402 67802 287 2493
5285990 402 67802 287 2493
5286020 402 67802 287 2493
5286051 402 67802 287 2493
5286081 402 67802 287 2493
5286111 402 67802 287 2493
5286141 402 67802 287 2493
5286172 402 67802 287 2493
5286202 402 67802 287 2493
5286232 402 67802 287 2493
5286262 402 67802 287 2493
5286292 402 67802 287 2493
5286322 402 67802 287 2493
5286352 402 67802 287 2493
5286383 402 67802 287 2493
5286413 402 67802 287 2493
5286443 402 67802 287 2493
5286473 402 67802 287 2493
5286503 402 67802 287 2493
5286533 402 67802 287 2493
5286564 402 67802 287 2493
5286593 402 67802 287 2493
5286624 402 67802 287 2493
5286654 402 67802 287 2493
5286685 402 67802 287 2493
5286715 402 67802 287 2493
5286745 402 67802 287 2493
5286775 402 67802 287 2493
5286805 402 67802 287 2493
5286835 402 67802 287 2493
5286866 402 67802 287 2493
5286896 402 67802 287 2493
5286926 402 67802 287 2493
5286956 402 67802 287 2493
5286986 402 67802 287 2493
5287016 402 67802 287 2493
5287047 402 67802 287 2493
5287077 402 67802 287 2493
5287107 402 67802 287 2493
5287137 402 67802 287 2493
5287167 402 67802 287 2493
5287197 402 67802 287 2493
5287228 402 67802 287 2493
5287258 402 67802 287 2493
5287288 402 67802 287 2493
5287318 402 67802 287 2493
5287348 402 67802 287 2493
5287379 402 67802 287 2493
5287409 402 67802 287 2493
5287439 402 67802 287 2493
5287469 402 67802 287 2493
5287499 402 67802 287 2493
5287530 402 67802 287 2493
5287560 402 67802 287 2493
5287590 402 67802 287 2493
5287620 402 67802 287 2493
5287650 402 67802 287 2493
5287681 402 67802 287 2493
5287711 402 67802 287 2493
5287741 402 67802 287 2493
5287771 402 67802 287 2493
5287801 402 67802 287 2493
5287831 402 67802 287 2493
5287861 402 67802 287 2493
5287891 402 67802 287 2493
5287922 402 67802 287 2493
5287952 402 67802 287 2493
5287982 402 67802 287 2493
5288013 402 67802 287 2493
5288043 402 67802 287 2493
5288073 402 67802 287 2493
5288103 402 67802 287 2493
5288133 402 67802 287 2493
5288164 402 67802 287 2493
5288194 402 67802 287 2493
5288224 402 67802 287 2493
5288254 402 67802 287 2493
5288284 402 67802 287 2493
5288314 402 67802 287 2493
5288344 402 67802 287 2493
5288375 402 67802 287 2493
5288405 402 67802 287 2493
5288435 402 67802 287 2493
5288465 402 67802 287 2493
5288496 402 67802 287 2493
5288526 402 67802 287 2493
5288556 402 67802 287 2493
5288586 402 67802 287 2493
5288616 402 67802 287 2493
5288647 402 67802 287 2493
5288677 402 67802 287 2493
5288707 402 67802 287 2493
5288737 402 67802 287 2493
5288768 402 67802 287 2493
5288798 402 67802 287 2493
5288828 402 67802 287 2493
5288858 402 67802 287 2493
5288888 402 67802 287 2493
5288918 402 67802 287 2493
5288949 402 67802 287 2493
5288979 402 67802 287 2493
5289009 402 67802 287 2493
5289039 402 67802 287 2493
5289069 402 67802 287 2493
5289100 402 67802 287 2493
5289129 402 67802 287 2493
5289159 402 67802 287 2493
5289189 402 67802 287 2493
5289220 402 67802 287 2493
5289250 402 67802 287 2493
5289281 402 67802 287 2493
5289311 402 67802 287 2493
5289341 402 67802 287 2493
5289371 402 67802 287 2493
5289401 402 67802 287 2493
5289431 402 67802 287 2493
5289461 402 67802 287 2493
5289491 402 67802 287 2493
5289521 402 67802 287 2493
5289552 402 67802 287 2493
5289582 402 67802 287 2493
5289612 402 67802 287 2493
5289642 402 67802 287 2493
5289672 402 67802 287 2493
5289702 402 67802 287 2493
5289732 402 67802 287 2493
5289762 402 67802 287 2493
5289792 402 67802 287 2493
5289822 402 67802 287 2493
5289852 402 67802 287 2493
5289882 402 67802 287 2493
5289912 402 67802 287 2493
5289942 402 67802 287 2493
5289972 402 67802 287 2493
5290002 402 67802 287 2493
5290032 402 67802 287 2493
5290063 402 67802 287 2493
5290093 402 67802 287 2493
5290123 402 67802 287 2493
5290153 402 67802 287 2493
5290183 402 67802 287 2493
5290213 402 67802 287 2493
5290243 402 67802 287 2493
5290273 402 67802 287 2493
5290303 402 67802 287 2493
5290334 402 67802 287 2493
5290364 402 67802 287 2493
5290394 402 67802 287 2493
5290424 402 67802 287 2493
5290454 402 67802 287 2493
5290484 402 67802 287 2493
5290514 402 67802 287 2493
5290544 402 67802 287 2493
5290575 402 67802 287 2493
5290605 402 67802 287 2493
5290635 402 67802 287 2493
5290665 402 67802 287 2493
5290696 402 67802 287 2493
5290726 402 67802 287 2493
5290756 402 67802 287 2493
5290786 402 67802 287 2493
5290816 402 67802 287 2493
5290847 402 67802 287 2493
5290877 402 67802 287 2493
5290907 402 67802 287 2493
5290937 402 67802 287 2493
5290967 402 67802 287 2493
5290997 402 67802 287 2493
5291027 402 67802 287 2493
5291058 402 67802 287 2493
5291088 402 67802 287 2493
5291118 402 67802 287 2493
5291148 402 67802 287 2493
5291178 402 67802 287 2493
5291209 402 67802 287 2493
5291239 402 67802 287 2493
5291269 402 67802 287 2493
5291299 402 67802 287 2493
5291329 402 67802 287 2493
5291360 402 67802 287 2493
5291390 402 67802 287 2493
5291420 402 67802 287 2493
5291450 402 67802 287 2493
5291480 402 67802 287 2493
5291511 402 67802 287 2493
5291541 402 67802 287 2493
5291571 402 67802 287 2493
5291601 402 67802 287 2493
5291631 402 67802 287 2493
5291662 402 67802 287 2493
5291692 402 67802 287 2493
5291722 402 67802 287 2493
5291753 402 67802 287 2493
5291783 402 67802 287 2493
5291813 402 67802 287 2493
5291843 402 67802 287 2493
5291874 402 67802 287 2493
5291904 402 67802 287 2493
5291934 402 67802 287 2493
5291964 402 67802 287 2493
5291995 402 67802 287 2493
5292025 402 67802 287 2493
5292055 402 67802 287 2493
5292085 402 67802 287 2493
5292116 402 67802 287 2493
5292146 402 67802 287 2493
5292176 402 67802 287 2493
5292206 402 67802 287 2493
5292237 402 67802 287 2493
5292267 402 67802 287 2493
5292297 402 67802 287 2493
5292327 402 67802 287 2493
5292358 402 67802 287 2493
5292388 402 67802 287 2493
5292418 402 67802 287 2493
5292449 402 67802 287 2493
5292479 402 67802 287 2493
5292509 402 67802 287 2493
5292539 402 67802 287 2493
5292570 402 67802 287 2493
5292600 402 67802 287 2493
5292630 402 67802 287 2493
5292661 402 67802 287 2493
5292691 402 67802 287 2493
5292721 402 67802 287 2493
5292751 402 67802 287 2493
5292781 402 67802 287 2493
5292812 402 67802 287 2493
5292842 402 67802 287 2493
5292872 402 67802 287 2493
5292902 402 67802 287 2493
5292933 402 67802 287 2493
5292963 402 67802 287 2493
5292993 402 67802 287 2493
5293023 402 67802 287 2493
5293053 402 67802 287 2493
5293083 402 67802 287 2493
5293114 402 67802 287 2493
5293144 402 67802 287 2493
5293175 402 67802 287 2493
5293205 402 67802 287 2493
5293235 402 67802 287 2493
5293265 402 67802 287 2493
5293296 402 67802 287 2493
5293326 402 67802 287 2493
5293356 402 67802 287 2493
5293386 402 67802 287 2493
5293417 402 67802 287 2493
5293447 402 67802 287 2493
5293477 402 67802 287 2493
5293507 402 67802 287 2493
5293537 402 67802 287 2493
5293568 402 67802 287 2493
5293598 402 67802 287 2493
5293629 402 67802 287 2493
5293659 402 67802 287 2493
5293689 402 67802 287 2493
5293719 402 67802 287 2493
5293750 402 67802 287 2493
5293780 402 67802 287 2493
5293810 402 67802 287 2493
5293840 402 67802 287 2493
5293871 402 67802 287 2493
5293901 402 67802 287 2493
5293931 402 67802 287 2493
5293961 402 67802 287 2493
5293992 402 67802 287 2493
5294022 402 67802 287 2493
5294052 402 67802 287 2493
5294082 402 67802 287 2493
5294113 402 67802 287 2493
5294143 402 67802 287 2493
5294173 402 67802 287 2493
5294203 402 67802 287 2493
5294233 402 67802 287 2493
5294264 402 67802 287 2493
5294294 402 67802 287 2493
5294324 402 67802 287 2493
5294354 402 67802 287 2493
5294385 402 67802 287 2493
5294415 402 67802 287 2493
5294445 402 67802 287 2493
5294476 402 67802 287 2493
5294506 402 67802 287 2493
5294536 402 67802 287 2493
5294566 402 67802 287 2493
5294596 402 67802 287 2493
5294627 402 67802 287 2493
5294657 402 67802 287 2493
5294687 402 67802 287 2493
5294717 402 67802 287 2493
5294748 402 67802 287 2493
5294778 402 67802 287 2493
5294808 402 67802 287 2493
5294838 402 67802 287 2493
5294869 402 67802 287 2493
5294899 402 67802 287 2493
5294929 402 67802 287 2493
5294959 402 67802 287 2493
5294990 402 67802 287 2493
5295020 402 67802 287 2493
5295050 402 67802 287 2493
5295080 402 67802 287 2493
5295110 402 67802 287 2493
5295141 402 67802 287 2493
5295171 402 67802 287 2493
5295201 402 67802 287 2493
5295231 402 67802 287 2493
5295262 402 67802 287 2493
5295292 402 67802 287 2493
5295322 402 67802 287 2493
5295352 402 67802 287 2493
5295383 402 67802 287 2493
5295413 402 67802 287 2493
5295443 402 67802 287 2493
5295473 402 67802 287 2493
5295503 402 67802 287 2493
5295534 402 67802 287 2493
5295564 402 67802 287 2493
5295594 402 67802 287 2493
5295624 402 67802 287 2493
5295654 402 67802 287 2493
5295684 402 67802 287 2493
5295714 402 67802 287 2493
5295744 402 67802 287 2493
5295775 402 67802 287 2493
5295806 402 67802 287 2493
5295836 402 67802 287 2493
5295866 402 67802 287 2493
5295896 402 67802 287 2493
5295926 402 67802 287 2493
5295957 402 67802 287 2493
5295987 402 67802 287 2493
5296017 402 67802 287 2493
5296047 402 67802 287 2493
5296079 402 67802 287 2493
5296108 402 67802 287 2493
5296138 402 67802 287 2493
5296169 402 67802 287 2493
5296199 402 67802 287 2493
5296229 402 67802 287 2493
5296259 402 67802 287 2493
5296290 402 67802 287 2493
5296320 402 67802 287 2493
5296350 402 67802 287 2493
5296380 402 67802 287 2493
5296410 402 67802 287 2493
5296440 402 67802 287 2493
5296471 402 67802 287 2493
5296501 402 67802 287 2493
5296531 402 67802 287 2493
5296561 402 67802 287 2493
5296591 402 67802 287 2493
5296621 402 67802 287 2493
5296651 402 67802 287 2493
5296681 402 67802 287 2493
5296711 402 67802 287 2493
5296742 402 67802 287 2493
5296772 402 67802 287 2493
5296802 402 67802 287 2493
5296832 402 67802 287 2493
5296861 402 67802 287 2493
5296892 402 67802 287 2493
5296922 402 67802 287 2493
5296952 402 67802 287 2493
5296982 402 67802 287 2493
5297013 402 67802 287 2493
5297043 402 67802 287 2493
5297073 402 67802 287 2493
5297103 402 67802 287 2493
5297133 402 67802 287 2493
5297152 403 67802 287 2493
5297167 403 67802 287 2493
5297182 403 67802 287 2493
5297197 403 67802 287 2493
5297212 403 67802 287 2493
5297227 403 67802 287 2493
5297242 403 67802 287 2493
5297257 403 67802 287 2493
5297273 403 67802 287 2493
5297288 403 67802 287 2493
5297303 403 67802 287 2493
5297318 403 67802 287 2493
5297333 403 67802 287 2493
5297349 403 67802 287 2493
5297364 403 67802 287 2493
5297380 403 67802 287 2493
5297395 403 67802 287 2493
5297410 403 67802 287 2493
5297426 403 67802 287 2493
5297441 403 67802 287 2493
5297456 403 67802 287 2493
5297471 403 67802 287 2493
5297486 403 67802 287 2493
5297501 403 67802 287 2493
5297516 403 67802 287 2493
5297531 403 67802 287 2493
5297546 403 67802 287 2493
5297561 403 67802 287 2493
5297576 403 67802 287 2493
5297592 403 67802 287 2493
5297607 403 67802 287 2493
5297622 403 67802 287 2493
5297637 403 67802 287 2493
5297652 403 67802 287 2493
5297668 403 67802 287 2493
5297683 403 67802 287 2493
5297699 403 67802 287 2493
5297714 403 67802 287 2493
5297729 403 67802 287 2493
5297744 403 67802 287 2493
5297759 403 67802 287 2493
5297774 403 67802 287 2493
5297789 403 67802 287 2493
5297804 403 67802 287 2493
5297819 403 67802 287 2493
5297834 403 67802 287 2493
5297849 403 67802 287 2493
5297864 403 67802 287 2493
5297879 403 67802 287 2493
5297894 403 67802 287 2493
5297909 403 67802 287 2493
5297924 403 67802 287 2493
5297939 403 67802 287 2493
5297954 403 67802 287 2493
5297969 403 67802 287 2493
5297984 403 67802 287 2493
5297999 403 67802 287 2493
5298014 403 67802 287 2493
5298029 403 67802 287 2493
5298044 403 67802 287 2493
5298059 403 67802 287 2493
5298074 403 67802 287 2493
5298089 403 67802 287 2493
5298104 403 67802 287 2493
5298119 403 67802 287 2493
5298134 403 67802 287 2493
5298149 403 67802 287 2493
5298164 403 67802 287 2493
5298179 403 67802 287 2493
5298194 403 67802 287 2493
5298209 403 67802 287 2493
5298225 403 67802 287 2493
5298240 403 67802 287 2493
5298255 403 67802 287 2493
5298270 403 67802 287 2493
5298285 403 67802 287 2493
5298300 403 67802 287 2493
5298315 403 67802 287 2493
5298330 403 67802 287 2493
5298345 403 67802 287 2493
5298360 403 67802 287 2493
5298375 403 67802 287 2493
5298390 403 67802 287 2493
5298405 403 67802 287 2493
5298420 403 67802 287 2493
5298435 403 67802 287 2493
5298450 403 67802 287 2493
5298465 403 67802 287 2493
5298480 403 67802 287 2493
5298495 403 67802 287 2493
5298510 403 67802 287 2493
5298526 403 67802 287 2493
5298541 403 67802 287 2493
5298556 403 67802 287 2493
5298571 403 67802 287 2493
5298586 403 67802 287 2493
5298601 403 67802 287 2493
5298616 403 67802 287 2493
5298632 403 67802 287 2493
5298647 403 67802 287 2493
5298662 403 67802 287 2493
5298677 403 67802 287 2493
5298692 403 67802 287 2493
5298707 403 67802 287 2493
5298722 403 67802 287 2493
5298737 403 67802 287 2493
5298752 403 67802 287 2493
5298767 403 67802 287 2493
5298782 403 67802 287 2493
5298797 403 67802 287 2493
5298812 403 67802 287 2493
5298828 403 67802 287 2493
5298843 403 67802 287 2493
5298858 403 67802 287 2493
5298873 403 67802 287 2493
5298888 403 67802 287 2493
5298904 403 67802 287 2493
5298919 403 67802 287 2493
5298934 403 67802 287 2493
5298950 403 67802 287 2493
5298965 403 67802 287 2493
5298980 403 67802 287 2493
5298995 403 67802 287 2493
5299010 403 67802 287 2493
5299025 403 67802 287 2493
5299040 403 67802 287 2493
5299055 403 67802 287 2493
5299070 403 67802 287 2493
5299085 403 67802 287 2493
5299100 403 67802 287 2493
5299115 403 67802 287 2493
5299130 403 67802 287 2493
5299145 403 67802 287 2493
5299160 403 67802 287 2493
5299175 403 67802 287 2493
5299190 403 67802 287 2493
5299205 403 67802 287 2493
5299220 403 67802 287 2493
5299235 403 67802 287 2493
5299250 403 67802 287 2493
5299266 403 67802 287 2493
5299281 403 67802 287 2493
5299296 403 67802 287 2493
5299311 403 67802 287 2493
5299326 403 67802 287 2493
5299341 403 67802 287 2493
5299356 403 67802 287 2493
5299371 403 67802 287 2493
5299386 403 67802 287 2493
5299401 403 67802 287 2493
5299431 403 67802 287 2493
5299461 403 67802 287 2493
5299491 403 67802 287 2493
5299521 403 67802 287 2493
5299552 403 67802 287 2493
5299582 403 67802 287 2493
5299612 403 67802 287 2493
5299641 403 67802 287 2493
5299672 403 67802 287 2493
5299703 403 67802 287 2493
5299733 403 67802 287 2493
5299763 403 67802 287 2493
5299793 403 67802 287 2493
5299823 403 67802 287 2493
5299854 403 67802 287 2493
5299884 403 67802 287 2493
5299914 403 67802 287 2493
5299944 403 67802 287 2493
5299975 403 67802 287 2493
5300005 403 67802 287 2493
5300035 403 67802 287 2493
5300065 403 67802 287 2493
5300096 403 67802 287 2493
5300125 403 67802 287 2493
5300156 403 67802 287 2493
5300186 403 67802 287 2493
5300216 403 67802 287 2493
5300247 403 67802 287 2493
5300277 403 67802 287 2493
5300307 403 67802 287 2493
5300337 403 67802 287 2493
5300368 403 67802 287 2493
5300398 403 67802 287 2493
5300428 403 67802 287 2493
5300458 403 67802 287 2493
5300489 403 67802 287 2493
5300519 403 67802 287 2493
5300549 403 67802 287 2493
5300579 403 67802 287 2493
5300609 403 67802 287 2493
5300640 403 67802 287 2493
5300670 403 67802 287 2493
5300700 403 67802 287 2493
5300730 403 67802 287 2493
5300761 403 67802 287 2493
5300791 403 67802 287 2493
5300821 403 67802 287 2493
5300851 403 67802 287 2493
5300882 403 67802 287 2493
5300912 403 67802 287 2493
5300943 403 67802 287 2493
5300973 403 67802 287 2493
5301003 403 67802 287 2493
5301033 403 67802 287 2493
5301063 403 67802 287 2493
5301094 403 67802 287 2493
5301124 403 67802 287 2493
5301154 403 67802 287 2493
5301184 403 67802 287 2493
5301214 403 67802 287 2493
5301245 403 67802 287 2493
5301275 403 67802 287 2493
5301305 403 67802 287 2493
5301336 403 67802 287 2493
5301366 403 67802 287 2493
5301396 403 67802 287 2493
5301426 403 67802 287 2493
5301457 403 67802 287 2493
5301487 403 67802 287 2493
5301517 403 67802 287 2493
5301547 403 67802 287 2493
5301578 403 67802 287 2493
5301608 403 67802 287 2493
5301638 403 67802 287 2493
5301668 403 67802 287 2493
5301699 403 67802 287 2493
5301729 403 67802 287 2493
5301759 403 67802 287 2493
5301789 403 67802 287 2493
5301820 403 67802 287 2493
5301850 403 67802 287 2493
5301880 403 67802 287 2493
5301910 403 67802 287 2493
5301940 403 67802 287 2493
5301971 403 67802 287 2493
5302001 403 67802 287 2493
5302031 403 67802 287 2493
5302062 403 67802 287 2493
5302092 403 67802 287 2493
5302122 403 67802 287 2493
5302152 403 67802 287 2493
5302183 403 67802 287 2493
5302213 403 67802 287 2493
5302243 403 67802 287 2493
5302273 403 67802 287 2493
5302303 403 67802 287 2493
5302334 403 67802 287 2493
5302364 403 67802 287 2493
5302394 403 67802 287 2493
5302424 403 67802 287 2493
5302455 403 67802 287 2493
5302485 403 67802 287 2493
5302515 403 67802 287 2493
5302546 403 67802 287 2493
5302576 403 67802 287 2493
5302606 403 67802 287 2493
5302636 403 67802 287 2493
5302667 403 67802 287 2493
5302697 403 67802 287 2493
5302727 403 67802 287 2493
5302757 403 67802 287 2493
5302788 403 67802 287 2493
5302818 403 67802 287 2493
5302848 403 67802 287 2493
5302879 403 67802 287 2493
5302909 403 67802 287 2493
5302939 403 67802 287 2493
5302969 403 67802 287 2493
5303000 403 67802 287 2493
5303030 403 67802 287 2493
5303060 403 67802 287 2493
5303090 403 67802 287 2493
5303121 403 67802 287 2493
5303151 403 67802 287 2493
5303181 403 67802 287 2493
5303212 403 67802 287 2493
5303242 403 67802 287 2493
5303272 403 67802 287 2493
5303302 403 67802 287 2493
5303333 403 67802 287 2493
5303363 403 67802 287 2493
5303394 403 67802 287 2493
5303423 403 67802 287 2493
5303454 403 67802 287 2493
5303485 403 67802 287 2493
5303515 403 67802 287 2493
5303545 403 67802 287 2493
5303575 403 67802 287 2493
5303606 403 67802 287 2493
5303636 403 67802 287 2493
5303667 403 67802 287 2493
5303697 403 67802 287 2493
5303727 403 67802 287 2493
5303757 403 67802 287 2493
5303788 403 67802 287 2493
5303818 403 67802 287 2493
5303848 403 67802 287 2493
5303879 403 67802 287 2493
5303909 403 67802 287 2493
5303939 403 67802 287 2493
5303969 403 67802 287 2493
5304000 403 67802 287 2493
5304030 403 67802 287 2493
5304060 403 67802 287 2493
5304091 403 67802 287 2493
5304121 403 67802 287 2493
5304151 403 67802 287 2493
5304181 403 67802 287 2493
5304211 403 67802 287 2493
5304241 403 67802 287 2493
5304273 403 67802 287 2493
5304303 403 67802 287 2493
5304333 403 67802 287 2493
5304363 403 67802 287 2493
5304394 403 67802 287 2493
5304424 403 67802 287 2493
5304454 403 67802 287 2493
5304484 403 67802 287 2493
5304515 403 67802 287 2493
5304545 403 67802 287 2493
5304575 403 67802 287 2493
5304606 403 67802 287 2493
5304636 403 67802 287 2493
5304666 403 67802 287 2493
5304696 403 67802 287 2493
5304727 403 67802 287 2493
5304757 403 67802 287 2493
5304787 403 67802 287 2493
5304817 403 67802 287 2493
5304848 403 67802 287 2493
5304878 403 67802 287 2493
5304908 403 67802 287 2493
5304939 403 67802 287 2493
5304969 403 67802 287 2493
5304999 403 67802 287 2493
5305029 403 67802 287 2493
5305060 403 67802 287 2493
5305090 403 67802 287 2493
5305120 403 67802 287 2493
5305151 403 67802 287 2493
5305181 403 67802 287 2493
5305211 403 67802 287 2493
5305241 403 67802 287 2493
5305272 403 67802 287 2493
5305302 403 67802 287 2493
5305332 403 67802 287 2493
5305362 403 67802 287 2493
5305393 403 67802 287 2493
5305423 403 67802 287 2493
5305453 403 67802 287 2493
5305484 403 67802 287 2493
5305514 403 67802 287 2493
5305544 403 67802 287 2493
5305575 403 67802 287 2493
5305605 403 67802 287 2493
5305635 403 67802 287 2493
5305665 403 67802 287 2493
5305696 403 67802 287 2493
5305726 403 67802 287 2493
5305756 403 67802 287 2493
5305787 403 67802 287 2493
5305817 403 67802 287 2493
5305847 403 67802 287 2493
5305878 403 67802 287 2493
5305908 403 67802 287 2493
5305938 403 67802 287 2493
5305969 403 67802 287 2493
5305999 403 67802 287 2493
5306029 403 67802 287 2493
5306059 403 67802 287 2493
5306090 403 67802 287 2493
5306120 403 67802 287 2493
5306150 403 67802 287 2493
5306180 403 67802 287 2493
5306211 403 67802 287 2493
5306241 403 67802 287 2493
5306271 403 67802 287 2493
5306302 403 67802 287 2493
5306332 403 67802 287 2493
5306362 403 67802 287 2493
5306392 403 67802 287 2493
5306423 403 67802 287 2493
5306453 403 67802 287 2493
5306483 403 67802 287 2493
5306513 403 67802 287 2493
5306544 403 67802 287 2493
5306574 403 67802 287 2493
5306604 403 67802 287 2493
5306635 403 67802 287 2493
5306665 403 67802 287 2493
5306695 403 67802 287 2493
5306725 403 67802 287 2493
5306756 403 67802 287 2493
5306786 403 67802 287 2493
5306816 403 67802 287 2493
5306846 403 67802 287 2493
5306876 403 67802 287 2493
5306906 403 67802 287 2493
5306937 403 67802 287 2493
5306967 403 67802 287 2493
5306998 403 67802 287 2493
5307028 403 67802 287 2493
5307058 403 67802 287 2493
5307089 403 67802 287 2493
5307119 403 67802 287 2493
5307149 403 67802 287 2493
5307179 403 67802 287 2493
5307210 403 67802 287 2493
5307240 403 67802 287 2493
5307270 403 67802 287 2493
5307301 403 67802 287 2493
5307331 403 67802 287 2493
5307361 403 67802 287 2493
5307391 403 67802 287 2493
5307422 403 67802 287 2493
5307452 403 67802 287 2493
5307482 403 67802 287 2493
5307512 403 67802 287 2493
5307543 403 67802 287 2493
5307573 403 67802 287 2493
5307603 403 67802 287 2493
5307633 403 67802 287 2493
5307664 403 67802 287 2493
5307694 403 67802 287 2493
5307724 403 67802 287 2493
5307755 403 67802 287 2493
5307785 403 67802 287 2493
5307815 403 67802 287 2493
5307846 403 67802 287 2493
5307876 403 67802 287 2493
5307906 403 67802 287 2493
5307937 403 67802 287 2493
5307967 403 67802 287 2493
5307997 403 67802 287 2493
5308027 403 67802 287 2493
5308058 403 67802 287 2493
5308088 403 67802 287 2493
5308118 403 67802 287 2493
5308149 403 67802 287 2493
5308179 403 67802 287 2493
5308209 403 67802 287 2493
5308239 403 67802 287 2493
5308270 403 67802 287 2493
5308300 403 67802 287 2493
5308330 403 67802 287 2493
5308361 403 67802 287 2493
5308391 403 67802 287 2493
5308421 403 67802 287 2493
5308451 403 67802 287 2493
5308482 403 67802 287 2493
5308512 403 67802 287 2493
5308542 403 67802 287 2493
5308573 403 67802 287 2493
5308603 403 67802 287 2493
5308633 403 67802 287 2493
5308663 403 67802 287 2493
5308694 403 67802 287 2493
5308724 403 67802 287 2493
5308754 403 67802 287 2493
5308785 403 67802 287 2493
5308815 403 67802 287 2493
5308845 403 67802 287 2493
5308875 403 67802 287 2493
5308906 403 67802 287 2493
5308936 403 67802 287 2493
5308966 403 67802 287 2493
5308997 403 67802 287 2493
5309027 403 67802 287 2493
5309057 403 67802 287 2493
5309087 403 67802 287 2493
5309118 403 67802 287 2493
5309148 403 67802 287 2493
5309178 403 67802 287 2493
5309209 403 67802 287 2493
5309239 403 67802 287 2493
5309269 403 67802 287 2493
5309299 403 67802 287 2493
5309330 403 67802 287 2493
5309360 403 67802 287 2493
5309390 403 67802 287 2493
5309421 403 67802 287 2493
5309451 403 67802 287 2493
5309481 403 67802 287 2493
5309511 403 67802 287 2493
5309541 403 67802 287 2493
5309572 403 67802 287 2493
5309602 403 67802 287 2493
5309633 403 67802 287 2493
5309663 403 67802 287 2493
5309693 403 67802 287 2493
5309723 403 67802 287 2493
5309754 403 67802 287 2493
5309784 403 67802 287 2493
5309814 403 67802 287 2493
5309845 403 67802 287 2493
5309875 403 67802 287 2493
5309905 403 67802 287 2493
5309935 403 67802 287 2493
5309966 403 67802 287 2493
5309996 403 67802 287 2493
5310026 403 67802 287 2493
5310057 403 67802 287 2493
5310087 403 67802 287 2493
5310117 403 67802 287 2493
5310148 403 67802 287 2493
5310178 403 67802 287 2493
5310208 403 67802 287 2493
5310239 403 67802 287 2493
5310269 403 67802 287 2493
5310299 403 67802 287 2493
5310330 403 67802 287 2493
5310360 403 67802 287 2493
5310390 403 67802 287 2493
5310420 403 67802 287 2493
5310451 403 67802 287 2493
5310481 403 67802 287 2493
5310511 403 67802 287 2493
5310542 403 67802 287 2493
5310572 403 67802 287 2493
5310602 403 67802 287 2493
5310633 403 67802 287 2493
5310663 403 67802 287 2493
5310693 403 67802 287 2493
5310724 403 67802 287 2493
5310754 403 67802 287 2493
5310784 403 67802 287 2493
5310814 403 67802 287 2493
5310844 403 67802 287 2493
5310874 403 67802 287 2493
5310906 403 67802 287 2493
5310936 403 67802 287 2493
5310966 403 67802 287 2493
5310996 403 67802 287 2493
5311027 403 67802 287 2493
5311057 403 67802 287 2493
5311087 403 67802 287 2493
5311118 403 67802 287 2493
5311148 403 67802 287 2493
5311178 403 67802 287 2493
5311209 403 67802 287 2493
5311239 403 67802 287 2493
5311269 403 67802 287 2493
5311300 403 67802 287 2493
5311330 403 67802 287 2493
5311360 403 67802 287 2493
5311390 403 67802 287 2493
5311421 403 67802 287 2493
5311451 403 67802 287 2493
5311482 403 67802 287 2493
5311512 403 67802 287 2493
5311542 403 67802 287 2493
5311572 403 67802 287 2493
5311603 403 67802 287 2493
5311633 403 67802 287 2493
5311663 403 67802 287 2493
5311693 403 67802 287 2493
5311724 403 67802 287 2493
5311754 403 67802 287 2493
5311784 403 67802 287 2493
5311815 403 67802 287 2493
5311845 403 67802 287 2493
5311875 403 67802 287 2493
5311906 403 67802 287 2493
5311936 403 67802 287 2493
5311966 403 67802 287 2493
5311997 403 67802 287 2493
5312027 403 67802 287 2493
5312057 403 67802 287 2493
5312087 403 67802 287 2493
5312118 403 67802 287 2493
5312148 403 67802 287 2493
5312178 403 67802 287 2493
5312208 403 67802 287 2493
5312239 403 67802 287 2493
5312269 403 67802 287 2493
5312299 403 67802 287 2493
5312329 403 67802 287 2493
5312360 403 67802 287 2493
5312390 403 67802 287 2493
5312420 403 67802 287 2493
5312451 403 67802 287 2493
5312481 403 67802 287 2493
5312511 403 67802 287 2493
5312541 403 67802 287 2493
5312572 403 67802 287 2493
5312602 403 67802 287 2493
5312632 403 67802 287 2493
5312662 403 67802 287 2493
5312693 403 67802 287 2493
5312723 403 67802 287 2493
5312753 403 67802 287 2493
5312784 403 67802 287 2493
5312814 403 67802 287 2493
5312844 403 67802 287 2493
5312875 403 67802 287 2493
5312905 403 67802 287 2493
5312935 403 67802 287 2493
5312965 403 67802 287 2493
5312995 403 67802 287 2493
5313026 403 67802 287 2493
5313056 403 67802 287 2493
5313086 403 67802 287 2493
5313117 403 67802 287 2493
5313147 403 67802 287 2493
5313177 403 67802 287 2493
5313207 403 67802 287 2493
5313237 403 67802 287 2493
5313268 403 67802 287 2493
5313298 403 67802 287 2493
5313328 403 67802 287 2493
5313358 403 67802 287 2493
5313389 403 67802 287 2493
5313419 403 67802 287 2493
5313449 403 67802 287 2493
5313479 403 67802 287 2493
5313510 403 67802 287 2493
5313540 403 67802 287 2493
5313570 403 67802 287 2493
5313600 403 67802 287 2493
5313631 403 67802 287 2493
5313661 403 67802 287 2493
5313691 403 67802 287 2493
5313721 403 67802 287 2493
5313752 403 67802 287 2493
5313782 403 67802 287 2493
5313812 403 67802 287 2493
5313842 403 67802 287 2493
5313872 403 67802 287 2493
5313903 403 67802 287 2493
5313933 403 67802 287 2493
5313963 403 67802 287 2493
5313993 403 67802 287 2493
5314024 403 67802 287 2493
5314054 403 67802 287 2493
5314084 403 67802 287 2493
5314114 403 67802 287 2493
5314145 403 67802 287 2493
5314175 403 67802 287 2493
5314205 403 67802 287 2493
5314235 403 67802 287 2493
5314265 403 67802 287 2493
5314295 403 67802 287 2493
5314326 403 67802 287 2493
5314356 403 67802 287 2493
5314386 403 67802 287 2493
5314416 403 67802 287 2493
5314447 403 67802 287 2493
5314477 403 67802 287 2493
5314507 403 67802 287 2493
5314537 403 67802 287 2493
5314567 403 67802 287 2493
5314598 403 67802 287 2493
5314628 403 67802 287 2493
5314658 403 67802 287 2493
5314688 403 67802 287 2493
5314718 403 67802 287 2493
5314748 403 67802 287 2493
5314778 403 67802 287 2493
5314809 403 67802 287 2493
5314839 403 67802 287 2493
5314869 403 67802 287 2493
5314899 403 67802 287 2493
5314930 403 67802 287 2493
5314960 403 67802 287 2493
5314990 403 67802 287 2493
5315020 403 67802 287 2493
5315050 403 67802 287 2493
5315080 403 67802 287 2493
5315111 403 67802 287 2493
5315141 403 67802 287 2493
5315171 403 67802 287 2493
5315201 403 67802 287 2493
5315231 403 67802 287 2493
5315261 403 67802 287 2493
5315291 403 67802 287 2493
5315322 403 67802 287 2493
5315352 403 67802 287 2493
5315382 403 67802 287 2493
5315412 403 67802 287 2493
5315442 403 67802 287 2493
5315472 403 67802 287 2493
5315503 403 67802 287 2493
5315533 403 67802 287 2493
5315563 403 67802 287 2493
5315593 403 67802 287 2493
5315623 403 67802 287 2493
5315653 403 67802 287 2493
5315683 403 67802 287 2493
5315714 403 67802 287 2493
5315744 403 67802 287 2493
5315774 403 67802 287 2493
5315804 403 67802 287 2493
5315834 403 67802 287 2493
5315864 403 67802 287 2493
5315895 403 67802 287 2493
5315925 403 67802 287 2493
5315955 403 67802 287 2493
5315985 403 67802 287 2493
5316015 403 67802 287 2493
5316045 403 67802 287 2493
5316075 403 67802 287 2493
5316105 403 67802 287 2493
5316136 403 67802 287 2493
5316166 403 67802 287 2493
5316196 403 67802 287 2493
5316226 403 67802 287 2493
5316256 403 67802 287 2493
5316286 403 67802 287 2493
5316317 403 67802 287 2493
5316347 403 67802 287 2493
5316377 403 67802 287 2493
5316407 403 67802 287 2493
5316437 403 67802 287 2493
5316467 403 67802 287 2493
5316498 403 67802 287 2493
5316528 403 67802 287 2493
5316558 403 67802 287 2493
5316588 403 67802 287 2493
5316618 403 67802 287 2493
5316648 403 67802 287 2493
5316678 403 67802 287 2493
5316708 403 67802 287 2493
5316738 403 67802 287 2493
5316769 403 67802 287 2493
5316799 403 67802 287 2493
5316829 403 67802 287 2493
5316859 403 67802 287 2493
5316889 403 67802 287 2493
5316919 403 67802 287 2493
5316949 403 67802 287 2493
5316979 403 67802 287 2493
5317010 403 67802 287 2493
5317040 403 67802 287 2493
5317070 403 67802 287 2493
5317100 403 67802 287 2493
5317130 403 67802 287 2493
5317160 403 67802 287 2493
5317190 403 67802 287 2493
5317221 403 67802 287 2493
5317251 403 67802 287 2493
5317281 403 67802 287 2493
5317311 403 67802 287 2493
5317341 403 67802 287 2493
5317371 403 67802 287 2493
5317401 403 67802 287 2493
5317431 403 67802 287 2493
5317461 403 67802 287 2493
5317492 403 67802 287 2493
5317522 403 67802 287 2493
5317552 403 67802 287 2493
5317582 403 67802 287 2493
5317613 403 67802 287 2493
5317643 403 67802 287 2493
5317673 403 67802 287 2493
5317703 403 67802 287 2493
5317733 403 67802 287 2493
5317764 403 67802 287 2493
5317794 403 67802 287 2493
5317824 403 67802 287 2493
5317854 403 67802 287 2493
5317884 403 67802 287 2493
5317915 403 67802 287 2493
5317945 403 67802 287 2493
5317975 403 67802 287 2493
5318005 403 67802 287 2493
5318035 403 67802 287 2493
5318065 403 67802 287 2493
5318096 403 67802 287 2493
5318126 403 67802 287 2493
5318156 403 67802 287 2493
5318186 403 67802 287 2493
5318216 403 67802 287 2493
5318246 403 67802 287 2493
5318277 403 67802 287 2493
5318307 403 67802 287 2493
5318337 403 67802 287 2493
5318367 403 67802 287 2493
5318397 403 67802 287 2493
5318427 403 67802 287 2493
5318458 403 67802 287 2493
5318488 403 67802 287 2493
5318518 403 67802 287 2493
5318548 403 67802 287 2493
5318578 403 67802 287 2493
5318609 403 67802 287 2493
5318639 403 67802 287 2493
5318669 403 67802 287 2493
5318699 403 67802 287 2493
5318729 403 67802 287 2493
5318759 403 67802 287 2493
5318790 403 67802 287 2493
5318820 403 67802 287 2493
5318850 403 67802 287 2493
5318880 403 67802 287 2493
5318910 403 67802 287 2493
5318941 403 67802 287 2493
5318971 403 67802 287 2493
5319001 403 67802 287 2493
5319031 403 67802 287 2493
5319061 403 67802 287 2493
5319092 403 67802 287 2493
5319122 403 67802 287 2493
5319152 403 67802 287 2493
5319182 403 67802 287 2493
5319212 403 67802 287 2493
5319242 403 67802 287 2493
5319273 403 67802 287 2493
5319303 403 67802 287 2493
5319333 403 67802 287 2493
5319363 403 67802 287 2493
5319393 403 67802 287 2493
5319424 403 67802 287 2493
5319454 403 67802 287 2493
5319484 403 67802 287 2493
5319514 403 67802 287 2493
5319544 403 67802 287 2493
5319575 403 67802 287 2493
5319605 403 67802 287 2493
5319635 403 67802 287 2493
5319665 403 67802 287 2493
5319695 403 67802 287 2493
5319726 403 67802 287 2493
5319756 403 67802 287 2493
5319786 403 67802 287 2493
5319816 403 67802 287 2493
5319846 403 67802 287 2493
5319876 403 67802 287 2493
5319907 403 67802 287 2493
5319937 403 67802 287 2493
5319967 403 67802 287 2493
5319997 403 67802 287 2493
5320027 403 67802 287 2493
5320057 403 67802 287 2493
5320088 403 67802 287 2493
5320118 403 67802 287 2493
5320148 403 67802 287 2493
5320179 403 67802 287 2493
5320209 403 67802 287 2493
5320239 403 67802 287 2493
5320269 403 67802 287 2493
5320300 403 67802 287 2493
5320330 403 67802 287 2493
5320360 403 67802 287 2493
5320390 403 67802 287 2493
5320420 403 67802 287 2493
5320451 403 67802 287 2493
5320481 403 67802 287 2493
5320511 403 67802 287 2493
5320541 403 67802 287 2493
5320571 403 67802 287 2493
5320602 403 67802 287 2493
5320632 403 67802 287 2493
5320662 403 67802 287 2493
5320692 403 67802 287 2493
5320722 403 67802 287 2493
5320753 403 67802 287 2493
5320783 403 67802 287 2493
5320813 403 67802 287 2493
5320843 403 67802 287 2493
5320873 403 67802 287 2493
5320904 403 67802 287 2493
5320934 403 67802 287 2493
5320964 403 67802 287 2493
5320995 403 67802 287 2493
5321025 403 67802 287 2493
5321055 403 67802 287 2493
5321085 403 67802 287 2493
5321116 403 67802 287 2493
5321146 403 67802 287 2493
5321176 403 67802 287 2493
5321206 403 67802 287 2493
5321237 403 67802 287 2493
5321267 403 67802 287 2493
5321297 403 67802 287 2493
5321327 403 67802 287 2493
5321357 403 67802 287 2493
5321388 403 67802 287 2493
5321418 403 67802 287 2493
5321448 403 67802 287 2493
5321478 403 67802 287 2493
5321509 403 67802 287 2493
5321539 403 67802 287 2493
5321569 403 67802 287 2493
5321600 403 67802 287 2493
5321630 403 67802 287 2493
5321660 403 67802 287 2493
5321690 403 67802 287 2493
5321720 403 67802 287 2493
5321751 403 67802 287 2493
5321781 403 67802 287 2493
5321811 403 67802 287 2493
5321841 403 67802 287 2493
5321872 403 67802 287 2493
5321902 403 67802 287 2493
5321932 403 67802 287 2493
5321962 403 67802 287 2493
5321993 403 67802 287 2493
5322023 403 67802 287 2493
5322053 403 67802 287 2493
5322083 403 67802 287 2493
5322114 403 67802 287 2493
5322144 403 67802 287 2493
5322174 403 67802 287 2493
5322204 403 67802 287 2493
5322234 403 67802 287 2493
5322265 403 67802 287 2493
5322295 403 67802 287 2493
5322325 403 67802 287 2493
5322355 403 67802 287 2493
5322385 403 67802 287 2493
5322416 403 67802 287 2493
5322446 403 67802 287 2493
5322476 403 67802 287 2493
5322506 403 67802 287 2493
5322537 403 67802 287 2493
5322567 403 67802 287 2493
5322597 403 67802 287 2493
5322627 403 67802 287 2493
5322658 403 67802 287 2493
5322688 403 67802 287 2493
5322718 403 67802 287 2493
5322748 403 67802 287 2493
5322778 403 67802 287 2493
5322809 403 67802 287 2493
5322839 403 67802 287 2493
5322869 403 67802 287 2493
5322899 403 67802 287 2493
5322930 403 67802 287 2493
5322960 403 67802 287 2493
5322990 403 67802 287 2493
5323020 403 67802 287 2493
5323050 403 67802 287 2493
5323081 403 67802 287 2493
5323111 403 67802 287 2493
5323141 403 67802 287 2493
5323171 403 67802 287 2493
5323202 403 67802 287 2493
5323232 403 67802 287 2493
5323262 403 67802 287 2493
5323292 403 67802 287 2493
5323322 403 67802 287 2493
5323353 403 67802 287 2493
5323383 403 67802 287 2493
5323413 403 67802 287 2493
5323443 403 67802 287 2493
5323473 403 67802 287 2493
5323504 403 67802 287 2493
5323534 403 67802 287 2493
5323565 403 67802 287 2493
5323595 403 67802 287 2493
5323625 403 67802 287 2493
5323655 403 67802 287 2493
5323685 403 67802 287 2493
5323715 403 67802 287 2493
5323746 403 67802 287 2493
5323776 403 67802 287 2493
5323806 403 67802 287 2493
5323836 403 67802 287 2493
5323866 403 67802 287 2493
5323896 403 67802 287 2493
5323926 403 67802 287 2493
5323956 403 67802 287 2493
5323987 403 67802 287 2493
5324017 403 67802 287 2493
5324048 403 67802 287 2493
5324078 403 67802 287 2493
5324108 403 67802 287 2493
5324138 403 67802 287 2493
5324168 403 67802 287 2493
5324199 403 67802 287 2493
5324229 403 67802 287 2493
5324259 403 67802 287 2493
5324289 403 67802 287 2493
5324319 403 67802 287 2493
5324350 403 67802 287 2493
5324380 403 67802 287 2493
5324410 403 67802 287 2493
5324440 403 67802 287 2493
5324471 403 67802 287 2493
5324501 403 67802 287 2493
5324531 403 67802 287 2493
5324561 403 67802 287 2493
5324591 403 67802 287 2493
5324621 403 67802 287 2493
5324651 403 67802 287 2493
5324682 403 67802 287 2493
5324712 403 67802 287 2493
5324742 403 67802 287 2493
5324772 403 67802 287 2493
5324803 403 67802 287 2493
5324833 403 67802 287 2493
5324863 403 67802 287 2493
5324893 403 67802 287 2493
5324924 403 67802 287 2493
5324954 403 67802 287 2493
5324984 403 67802 287 2493
5325014 403 67802 287 2493
5325044 403 67802 287 2493
5325075 403 67802 287 2493
5325105 403 67802 287 2493
5325135 403 67802 287 2493
5325165 403 67802 287 2493
5325195 403 67802 287 2493
5325225 403 67802 287 2493
5325256 403 67802 287 2493
5325286 403 67802 287 2493
5325316 403 67802 287 2493
5325346 403 67802 287 2493
5325377 403 67802 287 2493
5325407 403 67802 287 2493
5325437 403 67802 287 2493
5325467 403 67802 287 2493
5325498 403 67802 287 2493
5325528 403 67802 287 2493
5325558 403 67802 287 2493
5325588 403 67802 287 2493
5325619 403 67802 287 2493
5325649 403 67802 287 2493
5325679 403 67802 287 2493
5325709 403 67802 287 2493
5325739 403 67802 287 2493
5325770 403 67802 287 2493
5325800 403 67802 287 2493
5325830 403 67802 287 2493
5325860 403 67802 287 2493
5325891 403 67802 287 2493
5325921 403 67802 287 2493
5325951 403 67802 287 2493
5325981 403 67802 287 2493
5326012 403 67802 287 2493
5326042 403 67802 287 2493
5326072 403 67802 287 2493
5326102 403 67802 287 2493
5326132 403 67802 287 2493
5326162 403 67802 287 2493
5326193 403 67802 287 2493
5326223 403 67802 287 2493
5326253 403 67802 287 2493
5326283 403 67802 287 2493
5326314 403 67802 287 2493
5326344 403 67802 287 2493
5326374 403 67802 287 2493
5326404 403 67802 287 2493
5326434 403 67802 287 2493
5326464 403 67802 287 2493
5326494 403 67802 287 2493
5326524 403 67802 287 2493
5326555 403 67802 287 2493
5326586 403 67802 287 2493
5326616 403 67802 287 2493
5326646 403 67802 287 2493
5326676 403 67802 287 2493
5326706 403 67802 287 2493
5326737 403 67802 287 2493
5326767 403 67802 287 2493
5326797 403 67802 287 2493
5326827 403 67802 287 2493
5326857 403 67802 287 2493
5326888 403 67802 287 2493
5326918 403 67802 287 2493
5326948 403 67802 287 2493
5326978 403 67802 287 2493
5327009 403 67802 287 2493
5327039 403 67802 287 2493
5327069 403 67802 287 2493
5327099 403 67802 287 2493
5327129 403 67802 287 2493
5327160 403 67802 287 2493
5327190 403 67802 287 2493
5327220 403 67802 287 2493
5327250 403 67802 287 2493
5327281 403 67802 287 2493
5327311 403 67802 287 2493
5327341 403 67802 287 2493
5327372 403 67802 287 2493
5327402 403 67802 287 2493
5327432 403 67802 287 2493
5327462 403 67802 287 2493
5327493 403 67802 287 2493
5327523 403 67802 287 2493
5327553 403 67802 287 2493
5327583 403 67802 287 2493
5327613 403 67802 287 2493
5327643 403 67802 287 2493
5327674 403 67802 287 2493
5327704 403 67802 287 2493
5327734 403 67802 287 2493
5327764 403 67802 287 2493
5327794 403 67802 287 2493
5327825 403 67802 287 2493
5327855 403 67802 287 2493
5327885 403 67802 287 2493
5327915 403 67802 287 2493
5327946 403 67802 287 2493
5327976 403 67802 287 2493
5328006 403 67802 287 2493
5328036 403 67802 287 2493
5328067 403 67802 287 2493
5328097 403 67802 287 2493
5328127 403 67802 287 2493
5328157 403 67802 287 2493
5328187 403 67802 287 2493
5328218 403 67802 287 2493
5328248 403 67802 287 2493
5328278 403 67802 287 2493
5328308 403 67802 287 2493
5328338 403 67802 287 2493
5328368 403 67802 287 2493
5328399 403 67802 287 2493
5328429 403 67802 287 2493
5328459 403 67802 287 2493
5328489 403 67802 287 2493
5328519 403 67802 287 2493
5328550 403 67802 287 2493
5328580 403 67802 287 2493
5328610 403 67802 287 2493
5328640 403 67802 287 2493
5328670 403 67802 287 2493
5328701 403 67802 287 2493
5328731 403 67802 287 2493
5328761 403 67802 287 2493
5328791 403 67802 287 2493
5328821 403 67802 287 2493
5328851 403 67802 287 2493
5328882 403 67802 287 2493
5328912 403 67802 287 2493
5328942 403 67802 287 2493
5328972 403 67802 287 2493
5329002 403 67802 287 2493
5329032 403 67802 287 2493
5329062 403 67802 287 2493
5329092 403 67802 287 2493
5329123 403 67802 287 2493
5329153 403 67802 287 2493
5329184 403 67802 287 2493
5329214 403 67802 287 2493
5329244 403 67802 287 2493
5329274 403 67802 287 2493
5329304 403 67802 287 2493
5329334 403 67802 287 2493
5329365 403 67802 287 2493
5329395 403 67802 287 2493
5329425 403 67802 287 2493
5329455 403 67802 287 2493
5329486 403 67802 287 2493
5329516 403 67802 287 2493
5329546 403 67802 287 2493
5329576 403 67802 287 2493
5329606 403 67802 287 2493
5329636 403 67802 287 2493
5329666 403 67802 287 2493
5329697 403 67802 287 2493
5329727 403 67802 287 2493
5329757 403 67802 287 2493
5329787 403 67802 287 2493
5329817 403 67802 287 2493
5329848 403 67802 287 2493
5329878 403 67802 287 2493
5329908 403 67802 287 2493
5329938 403 67802 287 2493
5329968 403 67802 287 2493
5329998 403 67802 287 2493
5330029 403 67802 287 2493
5330059 403 67802 287 2493
5330089 403 67802 287 2493
5330119 403 67802 287 2493
5330149 403 67802 287 2493
5330180 403 67802 287 2493
5330210 403 67802 287 2493
5330240 403 67802 287 2493
5330270 403 67802 287 2493
5330300 403 67802 287 2493
5330330 403 67802 287 2493
5330360 403 67802 287 2493
5330390 403 67802 287 2493
5330421 403 67802 287 2493
5330451 403 67802 287 2493
5330482 403 67802 287 2493
5330512 403 67802 287 2493
5330542 403 67802 287 2493
5330572 403 67802 287 2493
5330602 403 67802 287 2493
5330632 403 67802 287 2493
5330663 403 67802 287 2493
5330693 403 67802 287 2493
5330723 403 67802 287 2493
5330753 403 67802 287 2493
5330784 403 67802 287 2493
5330814 403 67802 287 2493
5330844 403 67802 287 2493
5330874 403 67802 287 2493
5330904 403 67802 287 2493
5330934 403 67802 287 2493
5330965 403 67802 287 2493
5330993 403 67802 287 2493
5331023 403 67802 287 2493
5331053 403 67802 287 2493
5331082 403 67802 287 2493
5331117 403 67802 287 2493
5331148 403 67802 287 2493
5331184 403 67802 287 2493
5331214 403 67802 287 2493
5331244 403 67802 287 2493
5331274 403 67802 287 2493
5331305 403 67802 287 2493
5331335 403 67802 287 2493
5331365 403 67802 287 2493
5331396 403 67802 287 2493
5331426 403 67802 287 2493
5331456 403 67802 287 2493
5331487 403 67802 287 2493
5331517 403 67802 287 2493
5331547 403 67802 287 2493
5331577 403 67802 287 2493
5331607 403 67802 287 2493
5331637 403 67802 287 2493
5331668 403 67802 287 2493
5331698 403 67802 287 2493
5331728 403 67802 287 2493
5331758 403 67802 287 2493
5331789 403 67802 287 2493
5331819 403 67802 287 2493
5331849 403 67802 287 2493
5331879 403 67802 287 2493
5331910 403 67802 287 2493
5331940 403 67802 287 2493
5331970 403 67802 287 2493
5332000 403 67802 287 2493
5332031 403 67802 287 2493
5332060 403 67802 287 2493
5332091 403 67802 287 2493
5332121 403 67802 287 2493
5332151 403 67802 287 2493
5332182 403 67802 287 2493
5332212 403 67802 287 2493
5332242 403 67802 287 2493
5332272 403 67802 287 2493
5332303 403 67802 287 2493
5332333 403 67802 287 2493
5332363 403 67802 287 2493
5332393 403 67802 287 2493
5332424 403 67802 287 2493
5332454 403 67802 287 2493
5332484 403 67802 287 2493
5332514 403 67802 287 2493
5332545 403 67802 287 2493
5332575 403 67802 287 2493
5332605 403 67802 287 2493
5332635 403 67802 287 2493
5332666 403 67802 287 2493
5332696 403 67802 287 2493
5332726 403 67802 287 2493
5332756 403 67802 287 2493
5332787 403 67802 287 2493
5332817 403 67802 287 2493
5332847 403 67802 287 2493
5332877 403 67802 287 2493
5332908 403 67802 287 2493
5332938 403 67802 287 2493
5332968 403 67802 287 2493
5332999 403 67802 287 2493
5333029 403 67802 287 2493
5333059 403 67802 287 2493
5333089 403 67802 287 2493
5333120 403 67802 287 2493
5333150 403 67802 287 2493
5333180 403 67802 287 2493
5333210 403 67802 287 2493
5333241 403 67802 287 2493
5333271 403 67802 287 2493
5333301 403 67802 287 2493
5333332 403 67802 287 2493
5333362 403 67802 287 2493
5333392 403 67802 287 2493
5333423 403 67802 287 2493
5333453 403 67802 287 2493
5333483 403 67802 287 2493
5333514 403 67802 287 2493
5333544 403 67802 287 2493
5333574 403 67802 287 2493
5333604 403 67802 287 2493
5333634 403 67802 287 2493
5333664 403 67802 287 2493
5333695 403 67802 287 2493
5333728 403 67802 287 2493
5333756 403 67802 287 2493
5333787 403 67802 287 2493
5333817 403 67802 287 2493
5333847 403 67802 287 2493
5333877 403 67802 287 2493
5333908 403 67802 287 2493
5333936 403 67802 287 2493
5333968 403 67802 287 2493
5333999 403 67802 287 2493
5334029 403 67802 287 2493
5334059 403 67802 287 2493
5334090 403 67802 287 2493
5334120 403 67802 287 2493
5334150 403 67802 287 2493
5334180 403 67802 287 2493
5334211 403 67802 287 2493
5334241 403 67802 287 2493
5334271 403 67802 287 2493
5334302 403 67802 287 2493
5334332 403 67802 287 2493
5334362 403 67802 287 2493
5334393 403 67802 287 2493
5334423 403 67802 287 2493
5334453 403 67802 287 2493
5334483 403 67802 287 2493
5334514 403 67802 287 2493
5334544 403 67802 287 2493
5334574 403 67802 287 2493
5334605 403 67802 287 2493
5334635 403 67802 287 2493
5334665 403 67802 287 2493
5334696 403 67802 287 2493
5334726 403 67802 287 2493
5334756 403 67802 287 2493
5334787 403 67802 287 2493
5334817 403 67802 287 2493
5334847 403 67802 287 2493
5334878 403 67802 287 2493
5334908 403 67802 287 2493
5334938 403 67802 287 2493
5334969 403 67802 287 2493
5334999 403 67802 287 2493
5335029 403 67802 287 2493
5335060 403 67802 287 2493
5335090 403 67802 287 2493
5335120 403 67802 287 2493
5335151 403 67802 287 2493
5335181 403 67802 287 2493
5335211 403 67802 287 2493
5335242 403 67802 287 2493
5335272 403 67802 287 2493
5335302 403 67802 287 2493
5335333 403 67802 287 2493
5335363 403 67802 287 2493
5335393 403 67802 287 2493
5335424 403 67802 287 2493
5335454 403 67802 287 2493
5335484 403 67802 287 2493
5335515 403 67802 287 2493
5335545 403 67802 287 2493
5335575 403 67802 287 2493
5335606 403 67802 287 2493
5335636 403 67802 287 2493
5335666 403 67802 287 2493
5335697 403 67802 287 2493
5335727 403 67802 287 2493
5335757 403 67802 287 2493
5335787 403 67802 287 2493
5335818 403 67802 287 2493
5335848 403 67802 287 2493
5335878 403 67802 287 2493
5335909 403 67802 287 2493
5335939 403 67802 287 2493
5335969 403 67802 287 2493
5336000 403 67802 287 2493
5336030 403 67802 287 2493
5336060 403 67802 287 2493
5336091 403 67802 287 2493
5336121 403 67802 287 2493
5336151 403 67802 287 2493
5336182 403 67802 287 2493
5336212 403 67802 287 2493
5336242 403 67802 287 2493
5336273 403 67802 287 2493
5336303 403 67802 287 2493
5336333 403 67802 287 2493
5336363 403 67802 287 2493
5336394 403 67802 287 2493
5336424 403 67802 287 2493
5336455 403 67802 287 2493
5336485 403 67802 287 2493
5336515 403 67802 287 2493
5336545 403 67802 287 2493
5336576 403 67802 287 2493
5336606 403 67802 287 2493
5336636 403 67802 287 2493
5336667 403 67802 287 2493
5336697 403 67802 287 2493
5336727 403 67802 287 2493
5336758 403 67802 287 2493
5336788 403 67802 287 2493
5336818 403 67802 287 2493
5336848 403 67802 287 2493
5336879 403 67802 287 2493
5336909 403 67802 287 2493
5336939 403 67802 287 2493
5336970 403 67802 287 2493
5336999 403 67802 287 2493
5337030 403 67802 287 2493
5337060 403 67802 287 2493
5337092 403 67802 287 2493
5337123 403 67802 287 2493
5337153 403 67802 287 2493
