# header: write what you want on lines starting with #
# Total ACTIVE Pulses, # breakdowns, amp_set, index (point on pulse / power curve) , pulse length
# the init of this file could be 1 0 500 0 3500, 2 0 500 0 3500, etc
531 0 709 7 756
177423 0 2483 90 756
177505 0 2483 90 756
177588 0 2483 90 756
177651 0 2427 90 756
177711 0 2427 90 756
177774 0 2427 90 756
177836 0 2427 90 756
177898 0 2427 90 756
177962 0 2427 90 756
178033 0 2427 90 756
178094 0 2427 90 756
178158 0 2427 90 756
178224 0 2427 90 756
178290 0 2427 90 756
178351 0 2427 90 756
178417 0 2427 90 756
178477 0 2427 90 756
178537 0 2427 90 756
178603 0 2427 90 756
178666 0 2427 90 756
178738 0 2427 90 756
178805 0 2427 90 756
178867 0 2427 90 756
178936 0 2427 90 756
179007 0 2427 90 756
179072 0 2427 90 756
179132 0 2427 90 756
179192 0 2427 90 756
179254 0 2427 90 756
179325 0 2427 90 756
179386 0 2427 90 756
179450 0 2427 90 756
179513 0 2427 90 756
179577 0 2427 90 756
179644 0 2427 90 756
179705 0 2427 90 756
179766 0 2427 90 756
179832 0 2427 90 756
179893 0 2427 90 756
179960 0 2427 90 756
180025 0 2427 90 756
180086 0 2427 90 756
180147 0 2427 90 756
180212 0 2427 90 756
180277 0 2427 90 756
180339 0 2427 90 756
180402 0 2427 90 756
180473 0 2427 90 756
180543 0 2427 90 756
180604 0 2427 90 756
180671 0 2427 90 756
180731 0 2427 90 756
180796 0 2427 90 756
180862 0 2427 90 756
180925 0 2427 90 756
180987 0 2427 90 756
181052 0 2427 90 756
181120 0 2427 90 756
181183 0 2427 90 756
181246 0 2427 90 756
181310 0 2427 90 756
181372 0 2427 90 756
181435 0 2427 90 756
181496 0 2427 90 756
181556 0 2427 90 756
181622 0 2427 90 756
181684 0 2427 90 756
181745 0 2427 90 756
181810 0 2427 90 756
181870 0 2427 90 756
181932 0 2427 90 756
181998 0 2427 90 756
182058 0 2427 90 756
182129 0 2427 90 756
182189 0 2427 90 756
182254 0 2427 90 756
182315 0 2427 90 756
182376 0 2427 90 756
182443 0 2427 90 756
182503 0 2427 90 756
182563 0 2427 90 756
182626 0 2427 90 756
182688 0 2427 90 756
182750 0 2427 90 756
182815 0 2427 90 756
182875 0 2427 90 756
182937 0 2427 90 756
182998 0 2427 90 756
183059 0 2427 90 756
183123 0 2427 90 756
183193 0 2427 90 756
183261 0 2427 90 756
183324 0 2427 90 756
183391 0 2427 90 756
183454 0 2427 90 756
183515 0 2427 90 756
183582 0 2427 90 756
183645 0 2427 90 756
183706 0 2427 90 756
183772 0 2427 90 756
183834 0 2427 90 756
183895 0 2427 90 756
183961 0 2427 90 756
184023 0 2427 90 756
184085 0 2427 90 756
184150 0 2427 90 756
184211 0 2427 90 756
184273 0 2427 90 756
184337 0 2427 90 756
184399 0 2427 90 756
184460 0 2427 90 756
184522 0 2427 90 756
184593 0 2427 90 756
184656 0 2427 90 756
184722 0 2427 90 756
184792 0 2427 90 756
184858 0 2427 90 756
184920 0 2427 90 756
184984 0 2427 90 756
185054 0 2427 90 756
185115 0 2427 90 756
185181 0 2427 90 756
185241 0 2427 90 756
185307 0 2427 90 756
185372 0 2427 90 756
185441 0 2427 90 756
185501 0 2427 90 756
185566 0 2427 90 756
185626 0 2427 90 756
185689 0 2427 90 756
185754 0 2427 90 756
185815 0 2427 90 756
185888 0 2427 90 756
185948 0 2427 90 756
186018 0 2427 90 756
186088 0 2427 90 756
186159 0 2427 90 756
186225 0 2427 90 756
186285 0 2427 90 756
186355 0 2427 90 756
186416 0 2427 90 756
186630 0 2427 90 756
186695 0 2427 90 756
186755 0 2427 90 756
186815 0 2427 90 756
186882 0 2427 90 756
186946 0 2427 90 756
187010 0 2427 90 756
187078 0 2427 90 756
187143 0 2427 90 756
187209 0 2427 90 756
187278 0 2427 90 756
187343 0 2427 90 756
187407 0 2427 90 756
187470 0 2427 90 756
187531 0 2427 90 756
187594 0 2427 90 756
187663 0 2427 90 756
187735 0 2427 90 756
187797 0 2427 90 756
187858 0 2427 90 756
187919 0 2427 90 756
187984 0 2427 90 756
188044 0 2427 90 756
188106 0 2427 90 756
188169 0 2427 90 756
188233 0 2427 90 756
188294 0 2427 90 756
188355 0 2427 90 756
188420 0 2427 90 756
188489 0 2427 90 756
188555 0 2427 90 756
188621 0 2427 90 756
188724 0 2427 86 756
188834 0 2477 86 756
188952 0 2527 89 756
189052 0 2558 93 756
189159 0 2594 95 756
189260 0 2635 98 756
189464 0 2686 100 756
189670 0 2741 102 756
189876 0 2801 105 756
190082 0 2861 107 756
190285 0 2916 109 756
190488 0 2966 112 756
190693 0 3016 114 756
190898 0 3066 116 756
191106 0 3116 118 756
191313 0 3166 120 756
191521 0 3216 123 756
191722 0 3266 125 756
191931 0 3316 127 756
192136 0 3366 129 756
192340 0 3416 132 756
192541 0 3466 134 756
192751 0 3516 137 756
192955 0 3566 139 756
193162 0 3616 141 756
193369 0 3666 144 756
193578 0 3716 147 756
193786 0 3720 149 756
193989 0 3721 149 756
194197 0 3722 149 756
194400 0 3772 149 756
194707 0 3780 152 756
195015 0 3786 152 756
195322 0 3793 152 756
195625 0 3798 152 756
195931 0 3800 152 756
196240 0 3806 153 756
196546 0 3811 153 756
196846 0 3812 153 756
197150 0 3814 153 756
197458 0 3864 153 756
197769 0 3874 155 756
198074 0 3882 155 756
198376 0 3899 156 756
198681 0 3909 156 756
198988 0 3922 157 756
199297 0 3931 157 756
199607 0 3938 157 756
199910 0 3947 158 756
200211 0 3956 158 756
200521 0 3962 158 756
200829 0 3969 159 756
201130 0 3975 159 756
201433 0 3981 159 756
201742 0 3990 159 756
202052 0 4002 160 756
202355 0 4014 160 756
202662 0 4021 161 756
202967 0 4028 161 756
203270 0 4035 161 756
203580 0 4039 161 756
203886 0 4043 161 756
203983 0 4044 162 756
204045 0 4044 162 756
204105 0 4044 162 756
204169 0 4044 162 756
204231 0 4044 162 756
204292 0 4044 162 756
204357 0 4044 162 756
204426 0 4044 162 756
204488 0 4044 162 756
204555 0 4044 162 756
204623 0 4044 162 756
204686 0 4044 162 756
204749 0 4044 162 756
204814 0 4044 162 756
204884 0 4044 162 756
204953 0 4044 162 756
205017 0 4044 162 756
205077 0 4044 162 756
205140 0 4044 162 756
205205 0 4044 162 756
205267 0 4044 162 756
205329 0 4044 162 756
205395 0 4044 162 756
205459 0 4044 162 756
205529 0 4044 162 756
205593 0 4044 162 756
205661 0 4044 162 756
205722 0 4044 162 756
205782 0 4044 162 756
205848 0 4044 162 756
205919 0 4044 162 756
205988 0 4044 162 756
206056 0 4044 162 756
206127 0 4044 162 756
206187 0 4044 162 756
206251 0 4044 162 756
206314 0 4044 162 756
206376 0 4044 162 756
206441 0 4044 162 756
206507 0 4044 162 756
206569 0 4044 162 756
206631 0 4044 162 756
206693 0 4044 162 756
206766 0 4044 162 756
206835 0 4044 162 756
206900 0 4044 162 756
206963 0 4044 162 756
207024 0 4044 162 756
207090 0 4044 162 756
207151 0 4044 162 756
207211 0 4044 162 756
207278 0 4044 162 756
207346 0 4044 162 756
207410 0 4044 162 756
207478 0 4044 162 756
207541 0 4044 162 756
207602 0 4044 162 756
207669 0 4044 162 756
207729 0 4044 162 756
207792 0 4044 162 756
207857 0 4044 162 756
207926 0 4044 162 756
207987 0 4044 162 756
208048 0 4044 162 756
208112 0 4044 162 756
208179 0 4044 162 756
208239 0 4044 162 756
208303 0 4044 162 756
208363 0 4044 162 756
208424 0 4044 162 756
208489 0 4044 162 756
208549 0 4044 162 756
208611 0 4044 162 756
208675 0 4044 162 756
208735 0 4044 162 756
208795 0 4044 162 756
208861 0 4044 162 756
208923 0 4044 162 756
208985 0 4044 162 756
209050 0 4044 162 756
209124 0 4044 162 756
209195 0 4044 162 756
209261 0 4044 162 756
209332 0 4044 162 756
209392 0 4044 162 756
209455 0 4044 162 756
209525 0 4044 162 756
209592 0 4044 162 756
209655 0 4044 162 756
209723 0 4044 162 756
209784 0 4044 162 756
209845 0 4044 162 756
209912 0 4044 162 756
209973 0 4044 162 756
210033 0 4044 162 756
210095 0 4044 162 756
210165 0 4044 162 756
210227 0 4044 162 756
210293 0 4044 162 756
210354 0 4044 162 756
210415 0 4044 162 756
210479 0 4044 162 756
210547 0 4044 162 756
210608 0 4044 162 756
210670 0 4044 162 756
210733 0 4044 162 756
210793 0 4044 162 756
210857 0 4044 162 756
210919 0 4044 162 756
210983 0 4044 162 756
211048 0 4044 162 756
211113 0 4044 162 756
211174 0 4044 162 756
211239 0 4044 162 756
211300 0 4044 162 756
211362 0 4044 162 756
211428 0 4044 162 756
211495 0 4044 162 756
211566 0 4044 162 756
211637 0 4044 162 756
211700 0 4044 162 756
211771 0 4044 162 756
211832 0 4044 162 756
211903 0 4044 162 756
211967 0 4044 162 756
212027 0 4044 162 756
212087 0 4044 162 756
212150 0 4044 162 756
212211 0 4044 162 756
212279 0 4044 162 756
212344 0 4044 162 756
212405 0 4044 162 756
212477 0 4044 162 756
212542 0 4044 162 756
212602 0 4044 162 756
212662 0 4044 162 756
212726 0 4044 162 756
212788 0 4044 162 756
212848 0 4044 162 756
212915 0 4044 162 756
212976 0 4044 162 756
213036 0 4044 162 756
213101 0 4044 162 756
213161 0 4044 162 756
213232 0 4044 162 756
213298 0 4044 162 756
213367 0 4044 162 756
213427 0 4044 162 756
213487 0 4044 162 756
213554 0 4044 162 756
213623 0 4044 162 756
213692 0 4044 162 756
213757 0 4044 162 756
213817 0 4044 162 756
213877 0 4044 162 756
213943 0 4044 162 756
214004 0 4044 162 756
214068 0 4044 162 756
214134 0 4044 162 756
214194 0 4044 162 756
214264 0 4044 162 756
214329 0 4044 162 756
214391 0 4044 162 756
214459 0 4044 162 756
214522 0 4044 162 756
214584 0 4044 162 756
214654 0 4044 162 756
214714 0 4044 162 756
214779 0 4044 162 756
214840 0 4044 162 756
214911 0 4044 162 756
214976 0 4044 162 756
215037 0 4044 162 756
215106 0 4044 162 756
215172 0 4044 162 756
215233 0 4044 162 756
215302 0 4044 162 756
215368 0 4044 162 756
215429 0 4044 162 756
215499 0 4044 162 756
215560 0 4044 162 756
215625 0 4044 162 756
215685 0 4044 162 756
215747 0 4044 162 756
215811 0 4044 162 756
215872 0 4044 162 756
215937 0 4044 162 756
216000 0 4044 162 756
216301 0 4044 162 756
216601 0 4051 162 756
216910 0 4056 162 756
217219 0 4061 162 756
217526 0 4068 162 756
217833 0 4073 163 756
218143 0 4078 163 756
218443 0 4083 163 756
218750 0 4084 163 756
219053 0 4134 163 756
219361 0 4184 165 756
219669 0 4234 167 756
219976 0 4284 169 756
220276 0 4334 171 756
220585 0 4384 173 756
220895 0 4434 175 756
221203 0 4484 177 756
221511 0 4534 179 756
221816 0 4584 181 756
222120 0 4634 182 756
222521 0 4684 184 756
222930 0 4734 186 756
223341 0 4784 188 756
223745 0 4834 189 756
224148 0 4884 191 756
224549 0 4934 193 756
224957 0 4984 194 756
225358 0 5034 196 756
225769 0 5084 198 756
226178 0 5134 199 756
226584 0 5184 201 756
226986 0 5234 203 756
227386 0 5284 205 756
227788 0 5334 206 756
228191 0 5384 208 756
228694 0 5434 209 756
229198 0 5484 211 756
229701 0 5534 212 756
230203 0 5584 214 756
230707 0 5634 215 756
231207 0 5684 217 756
231708 0 5734 218 756
232212 0 5757 219 756
232714 0 5781 220 756
233219 0 5811 221 756
233723 0 5841 222 756
234224 0 5871 223 756
234728 0 5903 224 756
235234 0 5933 225 756
235739 0 5966 226 756
236241 0 5999 227 756
236745 0 6028 228 756
237147 0 6055 229 756
237751 0 6095 230 756
238353 0 6132 231 756
238962 0 6147 232 756
239562 0 6163 232 756
240170 0 6174 232 756
240776 0 6189 233 756
241376 0 6201 233 756
241978 0 6213 233 756
242581 0 6222 234 756
243189 0 6231 234 756
243790 0 6242 234 756
244394 0 6256 235 756
245000 0 6271 235 756
245601 0 6284 235 756
246205 0 6294 236 756
246813 0 6305 236 756
247418 0 6316 236 756
248018 0 6325 236 756
248625 0 6338 237 756
249225 0 6351 237 756
249827 0 6364 238 756
250443 0 6376 238 756
251051 0 6387 238 756
251652 0 6398 239 756
252253 0 6408 239 756
252864 0 6423 239 756
253471 0 6439 240 756
254080 0 6456 240 756
254682 0 6469 241 756
255282 0 6482 241 756
255887 0 6495 241 756
256495 0 6511 242 756
257100 0 6537 242 756
257707 0 6559 243 756
258309 0 6578 243 756
258916 0 6597 244 756
259524 0 6613 244 756
260124 0 6630 245 756
260726 0 6651 245 756
260934 0 6701 246 756
261635 0 6724 248 756
262342 0 6754 248 756
263044 0 6786 249 756
263753 0 6821 250 756
264455 0 6854 251 756
265163 0 6886 252 756
265863 0 6914 252 756
266571 0 6928 253 756
267273 0 6939 253 756
267982 0 6947 254 756
268684 0 6955 254 756
269393 0 6963 254 756
270095 0 6969 254 756
270796 0 6975 254 756
271508 0 6981 255 756
272215 0 6986 255 756
272923 0 6990 255 756
273633 0 6993 255 756
274337 0 6995 255 756
275040 0 6998 255 756
275747 0 7000 255 756
276452 0 7003 255 756
277162 0 7004 255 756
277873 0 7005 255 756
278578 0 7055 255 756
279284 0 7059 257 756
280001 0 7067 257 756
280702 0 7070 257 756
281410 0 7120 257 756
282114 0 7122 258 756
282823 0 7126 258 756
283524 0 7128 258 756
284229 0 7178 258 756
284942 0 7228 260 756
285753 0 7234 262 756
286555 0 7239 262 756
287363 0 7246 262 756
288164 0 7249 262 756
288972 0 7257 262 756
289778 0 7268 262 756
290579 0 7282 263 756
291380 0 7291 263 756
292186 0 7303 263 756
292987 0 7351 263 756
293790 0 7388 264 756
294594 0 7419 265 756
295397 0 7455 266 756
296200 0 7493 267 756
297004 0 7531 268 756
297806 0 7570 269 756
298615 0 7612 270 756
299419 0 7649 271 756
300224 0 7685 271 756
301030 0 7724 272 756
301835 0 7783 273 756
302745 0 7842 275 756
303654 0 7896 277 756
304564 0 7952 278 756
305465 0 8008 279 756
306371 0 8067 280 756
307282 0 8126 282 756
308182 0 8168 283 756
309087 0 8205 284 756
309989 0 8240 285 756
310892 0 8278 285 756
311895 0 8321 286 756
312899 0 8362 287 756
313899 0 8405 287 756
314904 0 8449 287 756
315913 0 8490 287 756
316913 0 8529 287 756
317921 0 8548 287 756
318924 0 8565 287 756
319933 0 8580 287 756
320938 0 8594 287 756
321941 0 8610 287 756
322942 0 8623 287 756
323946 0 8635 287 756
324951 0 8647 287 756
325952 0 8669 287 756
326956 0 8687 287 756
327965 0 8711 287 756
328967 0 8731 287 756
329967 0 8746 287 756
330975 0 8761 287 756
331981 0 8775 287 756
332983 0 8793 287 756
333990 0 8802 287 756
335002 0 8812 287 756
336006 0 8823 287 756
337015 0 8831 287 756
338025 0 8842 287 756
339025 0 8855 287 756
340031 0 8870 287 756
341033 0 8880 287 756
342036 0 8887 287 756
343036 0 8903 287 756
344042 0 8919 287 756
345047 0 8930 287 756
346047 0 8941 287 756
347053 0 8954 287 756
348060 0 8964 287 756
349060 0 8977 287 756
350065 0 8985 287 756
351074 0 8989 287 756
352085 0 8993 287 756
353087 0 8995 287 756
354094 0 9045 287 756
355097 0 9095 287 756
356099 0 9145 287 756
357105 0 9147 287 756
358108 0 9152 287 756
359115 0 9156 287 756
360123 0 9162 287 756
361129 0 9212 287 756
362129 0 9216 287 756
363138 0 9226 287 756
364138 0 9231 287 756
365142 0 9238 287 756
366148 0 9243 287 756
367149 0 9252 287 756
368149 0 9258 287 756
369149 0 9261 287 756
370156 0 9265 287 756
371160 0 9269 287 756
372162 0 9274 287 756
373162 0 9280 287 756
374162 0 9285 287 756
375171 0 9291 287 756
376173 0 9294 287 756
377183 0 9306 287 756
378187 0 9330 287 756
379195 0 9358 287 756
380200 0 9377 287 756
381206 0 9392 287 756
382214 0 9405 287 756
383219 0 9412 287 756
384223 0 9423 287 756
385228 0 9434 287 756
386231 0 9444 287 756
387240 0 9458 287 756
388242 0 9472 287 756
389242 0 9485 287 756
390246 0 9501 287 756
391253 0 9514 287 756
392260 0 9523 287 756
393270 0 9534 287 756
394271 0 9549 287 756
395275 0 9560 287 756
396279 0 9571 287 756
397280 0 9580 287 756
398290 0 9584 287 756
399294 0 9594 287 756
400294 0 9606 287 756
401295 0 9620 287 756
402298 0 9628 287 756
403306 0 9638 287 756
404317 0 9648 287 756
