# header: write what you want on lines starting with #
# Total ACTIVE Pulses, # breakdowns, amp_set, index (point on pulse / power curve) , pulse length
# the init of this file could be 1 0 500 0 3500, 2 0 500 0 3500, etc
531 0 709 7 756
629927 1 19500 287 756
649134 2 19900 287 756
663617 3 19900 287 756
675254 4 19900 287 756
685220 5 19900 287 756
701197 6 19900 287 756
716534 7 19900 287 756
727172 8 19900 287 756
743893 9 20300 287 756
809136 10 22300 287 756
850907 11 23100 287 756
1311952 12 34700 287 756
1322395 13 34700 287 756
1345435 14 35100 287 756
1445388 16 35270 287 756
1500817 17 38300 287 756
1515290 18 38300 287 756
1527422 19 38300 287 756
1550025 20 38700 287 756
1565127 21 38700 287 756
1577229 22 38700 287 756
1589818 23 38700 287 756
1605748 24 38700 287 756
1618050 25 38700 287 756
1633214 26 38700 287 756
1648658 27 38700 287 756
1662460 28 38700 287 756
1675533 29 38700 287 756
1704498 30 38700 287 756
1717266 31 38700 287 756
1967674 32 45500 287 756
1993695 33 46300 287 756
2009915 34 46300 287 756
2109710 35 49100 287 756
2109778 37 49100 287 756
2109916 38 49100 287 756
2110042 40 49100 287 756
2150901 40 50000 287 756
2152194 40 50000 287 756
2153482 40 50000 287 756
2153576 41 49500 287 756
2153636 41 49500 287 756
2153701 41 49500 287 756
2153762 41 49500 287 756
2153831 41 49500 287 756
2153893 41 49500 287 756
2153956 41 49500 287 756
2154017 41 49500 287 756
2154082 41 49500 287 756
2154143 41 49500 287 756
2154213 41 49500 287 756
2154274 41 49500 287 756
2154336 41 49500 287 756
2154396 41 49500 287 756
2154463 41 49500 287 756
2154524 41 49500 287 756
2154595 41 49500 287 756
2154660 41 49500 287 756
2154731 41 49500 287 756
2154791 41 49500 287 756
2154855 41 49500 287 756
2154921 41 49500 287 756
2154981 41 49500 287 756
2155042 41 49500 287 756
2155107 41 49500 287 756
