# header: write what you want on lines starting with #
# Total ACTIVE Pulses, # breakdowns, amp_set, index (point on pulse / power curve) , pulse length
# the init of this file could be 1 0 500 0 3500, 2 0 500 0 3500, etc
102 0 1500 33 756
120262 0 3962 287 756
120352 0 3962 287 756
120432 0 3962 287 756
120519 0 1385 287 756
120605 0 1385 287 756
120690 0 1385 287 756
120775 0 1385 287 756
120856 0 1385 287 756
120945 0 1385 287 756
121028 0 1385 287 756
121116 0 1385 287 756
121198 0 1385 287 756
121278 0 1385 287 756
121366 0 1385 287 756
121449 0 1385 287 756
121536 0 1385 287 756
121618 0 1385 287 756
121701 0 1385 287 756
121787 0 1385 287 756
121871 0 1385 287 756
121960 0 1385 287 756
122045 0 1385 287 756
122132 0 1385 287 756
122219 0 1385 287 756
122306 0 1385 287 756
122391 0 1385 287 756
122472 0 1385 287 756
122559 0 1385 287 756
122641 0 1385 287 756
122731 0 1385 287 756
122816 0 1385 287 756
122897 0 1385 287 756
122977 0 1385 287 756
123057 0 1385 287 756
123138 0 1385 287 756
123224 0 1385 287 756
123308 0 1385 287 756
123394 0 1385 287 756
123483 0 1385 287 756
123564 0 1385 287 756
123647 0 1385 287 756
123733 0 1385 287 756
123813 0 1385 287 756
123900 0 1385 287 756
123987 0 1385 287 756
124068 0 1385 287 756
124159 0 1385 287 756
124241 0 1385 287 756
124325 0 1385 287 756
124407 0 1385 287 756
124499 0 1385 287 756
124587 0 1385 287 756
124673 0 1385 287 756
124753 0 1385 287 756
124844 0 1385 287 756
124933 0 1385 287 756
125023 0 1385 287 756
125107 0 1385 287 756
125193 0 1385 287 756
125273 0 1385 287 756
125355 0 1385 287 756
125438 0 1385 287 756
125521 0 1385 287 756
125602 0 1385 287 756
125682 0 1385 287 756
125771 0 1385 287 756
125857 0 1385 287 756
125939 0 1385 287 756
126028 0 1385 287 756
126108 0 1385 287 756
126192 0 1385 287 756
126281 0 1385 287 756
126362 0 1385 287 756
126447 0 1385 287 756
126532 0 1385 287 756
126613 0 1385 287 756
126695 0 1385 287 756
126777 0 1385 287 756
126870 0 1385 287 756
126951 0 1385 287 756
127034 0 1385 287 756
127114 0 1385 287 756
127199 0 1385 287 756
127286 0 1385 287 756
127373 0 1385 287 756
127453 0 1385 287 756
127544 0 1385 287 756
127634 0 1385 287 756
127723 0 1385 287 756
127812 0 1385 287 756
127893 0 1385 287 756
127973 0 1385 287 756
128056 0 1385 287 756
128146 0 1385 287 756
128234 0 1385 287 756
128317 0 1385 287 756
128401 0 1385 287 756
128481 0 1385 287 756
128567 0 1385 287 756
128651 0 1385 287 756
128738 0 1385 287 756
128824 0 1385 287 756
128914 0 1385 287 756
129003 0 1385 287 756
129084 0 1385 287 756
129166 0 1385 287 756
129248 0 1385 287 756
129330 0 1385 287 756
129420 0 1385 287 756
129511 0 1385 287 756
129601 0 1385 287 756
129685 0 1385 287 756
129776 0 1385 287 756
129868 0 1385 287 756
129948 0 1385 287 756
130031 0 1385 287 756
130117 0 1385 287 756
130198 0 1385 287 756
