# header: write what you want on lines starting with #
# Total ACTIVE Pulses, # breakdowns, amp_set, index (point on pulse / power curve) , pulse length
# the init of this file could be 1 0 500 0 3500, 2 0 500 0 3500, etc
531 0 709 7 756
629927 1 19500 287 756
649134 2 19900 287 756
663617 3 19900 287 756
675254 4 19900 287 756
685220 5 19900 287 756
701197 6 19900 287 756
716534 7 19900 287 756
727172 8 19900 287 756
743893 9 20300 287 756
809136 10 22300 287 756
850907 11 23100 287 756
1311952 12 34700 287 756
1322395 13 34700 287 756
1345435 14 35100 287 756
1445388 16 35270 287 756
1500817 17 38300 287 756
1515290 18 38300 287 756
1527422 19 38300 287 756
1550025 20 38700 287 756
1565127 21 38700 287 756
1577229 22 38700 287 756
1589818 23 38700 287 756
1605748 24 38700 287 756
1618050 25 38700 287 756
1633214 26 38700 287 756
1648658 27 38700 287 756
1662460 28 38700 287 756
1675533 29 38700 287 756
1704498 30 38700 287 756
1717266 31 38700 287 756
1967674 32 45500 287 756
1993695 33 46300 287 756
2009915 34 46300 287 756
2075148 33 48395 287 756
2076150 33 48445 287 756
2077159 33 48495 287 756
2077224 33 48300 287 756
2077284 33 48300 287 756
2077349 33 48300 287 756
2077411 33 48300 287 756
2077471 33 48300 287 756
2077537 33 48300 287 756
2077598 33 48300 287 756
2077663 33 48300 287 756
2077723 33 48300 287 756
2077787 33 48300 287 756
2077852 33 48300 287 756
2077916 33 48300 287 756
2077980 33 48300 287 756
2078044 33 48300 287 756
2078105 33 48300 287 756
2078170 33 48300 287 756
2078238 33 48300 287 756
2078302 33 48300 287 756
2078369 33 48300 287 756
2078429 33 48300 287 756
2078489 33 48300 287 756
2078556 33 48300 287 756
2078617 33 48300 287 756
2078682 33 48300 287 756
2078747 33 48300 287 756
2078808 33 48300 287 756
2078880 33 48300 287 756
2078940 33 48300 287 756
2079004 33 48300 287 756
2079072 33 48300 287 756
2079132 33 48300 287 756
2079199 33 48300 287 756
2079260 33 48300 287 756
2079331 33 48300 287 756
2079393 33 48300 287 756
2079461 33 48300 287 756
2079522 33 48300 287 756
2079586 33 48300 287 756
2079650 33 48300 287 756
2079719 33 48300 287 756
2079779 33 48300 287 756
2079846 33 48300 287 756
2079907 33 48300 287 756
2079967 33 48300 287 756
2080028 33 48300 287 756
2080098 33 48300 287 756
2080168 33 48300 287 756
2080235 33 48300 287 756
2080306 33 48300 287 756
2080370 33 48300 287 756
2080436 33 48300 287 756
2080498 33 48300 287 756
2080559 33 48300 287 756
2080624 33 48300 287 756
2080686 33 48300 287 756
2080749 33 48300 287 756
2080811 33 48300 287 756
2080876 33 48300 287 756
2080937 33 48300 287 756
2080999 33 48300 287 756
2081064 33 48300 287 756
2081128 33 48300 287 756
2081191 33 48300 287 756
2081252 33 48300 287 756
2081315 33 48300 287 756
2081379 33 48300 287 756
2081440 33 48300 287 756
2081504 33 48300 287 756
2081570 33 48300 287 756
2081630 33 48300 287 756
2081690 33 48300 287 756
2081752 33 48300 287 756
2081823 33 48300 287 756
2081885 33 48300 287 756
2081954 33 48300 287 756
2082021 33 48300 287 756
2082082 33 48300 287 756
2082151 33 48300 287 756
2082217 33 48300 287 756
2082278 33 48300 287 756
2082338 33 48300 287 756
2082402 33 48300 287 756
2082462 33 48300 287 756
2082532 33 48300 287 756
2082598 33 48300 287 756
2082665 33 48300 287 756
2082727 33 48300 287 756
2082791 33 48300 287 756
2082859 33 48300 287 756
2082919 33 48300 287 756
2082980 33 48300 287 756
2083041 33 48300 287 756
2083101 33 48300 287 756
2083162 33 48300 287 756
2083229 33 48300 287 756
2083300 33 48300 287 756
2083360 33 48300 287 756
2083428 33 48300 287 756
2083488 33 48300 287 756
2083548 33 48300 287 756
2083613 33 48300 287 756
2083673 33 48300 287 756
2083733 33 48300 287 756
2083799 33 48300 287 756
2083860 33 48300 287 756
2083928 33 48300 287 756
2083995 33 48300 287 756
2084062 33 48300 287 756
2084134 33 48300 287 756
2084194 33 48300 287 756
2084260 33 48300 287 756
2084320 33 48300 287 756
2084381 33 48300 287 756
2084442 33 48300 287 756
2084506 33 48300 287 756
2084568 33 48300 287 756
2084635 33 48300 287 756
2084696 33 48300 287 756
2084757 33 48300 287 756
2084822 33 48300 287 756
2084882 33 48300 287 756
2084949 33 48300 287 756
2085016 33 48300 287 756
2085087 33 48300 287 756
2085148 33 48300 287 756
2085210 33 48300 287 756
2085271 33 48300 287 756
2085340 33 48300 287 756
2085404 33 48300 287 756
2085469 33 48300 287 756
2085532 33 48300 287 756
2085593 33 48300 287 756
2085658 33 48300 287 756
2085721 33 48300 287 756
2085783 33 48300 287 756
2085849 33 48300 287 756
2085911 33 48300 287 756
2085971 33 48300 287 756
2086034 33 48300 287 756
2086095 33 48300 287 756
2086157 33 48300 287 756
2086222 33 48300 287 756
2086282 33 48300 287 756
2086347 33 48300 287 756
2086407 33 48300 287 756
2086469 33 48300 287 756
2086534 33 48300 287 756
2086594 33 48300 287 756
2086656 33 48300 287 756
2086723 33 48300 287 756
2086792 33 48300 287 756
2086859 33 48300 287 756
2086923 33 48300 287 756
2086988 33 48300 287 756
2087051 33 48300 287 756
2087111 33 48300 287 756
2087176 33 48300 287 756
2087238 33 48300 287 756
2087307 33 48300 287 756
2087371 33 48300 287 756
2087436 33 48300 287 756
2087505 33 48300 287 756
2087566 33 48300 287 756
2087633 33 48300 287 756
2087693 33 48300 287 756
2087753 33 48300 287 756
2087817 33 48300 287 756
2087879 33 48300 287 756
2087939 33 48300 287 756
2088000 33 48300 287 756
2088070 33 48300 287 756
2088134 33 48300 287 756
2088202 33 48300 287 756
2088262 33 48300 287 756
2088322 33 48300 287 756
2088390 33 48300 287 756
2088450 33 48300 287 756
2088517 33 48300 287 756
2088583 33 48300 287 756
2088644 33 48300 287 756
2088705 33 48300 287 756
2088771 33 48300 287 756
2088832 33 48300 287 756
2088894 33 48300 287 756
2088959 33 48300 287 756
2089022 33 48300 287 756
2089083 33 48300 287 756
2089144 33 48300 287 756
2089211 33 48300 287 756
2089279 33 48300 287 756
2090279 33 48300 287 756
2091285 33 48350 287 756
2092294 33 48400 287 756
2093297 33 48450 287 756
2094302 33 48500 287 756
2095310 33 48550 287 756
2096312 33 48600 287 756
2097317 33 48650 287 756
2098321 33 48700 287 756
2099328 33 48750 287 756
2100337 33 48800 287 756
2101342 33 48850 287 756
2102349 33 48900 287 756
2103355 33 48950 287 756
2103430 34 49100 287 756
2103495 34 49100 287 756
2103564 34 49100 287 756
2103626 34 49100 287 756
2103691 34 49100 287 756
2103752 34 49100 287 756
2103823 34 49100 287 756
2103887 34 49100 287 756
2103958 34 49100 287 756
2104018 34 49100 287 756
2104079 34 49100 287 756
2104144 34 49100 287 756
2104205 34 49100 287 756
2104265 34 49100 287 756
2104331 34 49100 287 756
2104392 34 49100 287 756
2104453 34 49100 287 756
2104515 34 49100 287 756
2104576 34 49100 287 756
2104637 34 49100 287 756
2104699 34 49100 287 756
2104762 34 49100 287 756
2104829 34 49100 287 756
2104894 34 49100 287 756
2104954 34 49100 287 756
2105016 34 49100 287 756
2105082 34 49100 287 756
2105145 34 49100 287 756
2105215 34 49100 287 756
2105280 34 49100 287 756
2105343 34 49100 287 756
2105412 34 49100 287 756
2105478 34 49100 287 756
2105540 34 49100 287 756
2105600 34 49100 287 756
2105664 34 49100 287 756
2105725 34 49100 287 756
2105793 34 49100 287 756
2105860 34 49100 287 756
2105920 34 49100 287 756
2105980 34 49100 287 756
2106043 34 49100 287 756
2106109 34 49100 287 756
2106172 34 49100 287 756
2106232 34 49100 287 756
2106297 34 49100 287 756
2106366 34 49100 287 756
2106427 34 49100 287 756
2106493 34 49100 287 756
2106565 34 49100 287 756
2106627 34 49100 287 756
2106693 34 49100 287 756
2106753 34 49100 287 756
2106813 34 49100 287 756
2106880 34 49100 287 756
2106942 34 49100 287 756
2107004 34 49100 287 756
2107068 34 49100 287 756
2107130 34 49100 287 756
2107192 34 49100 287 756
2107253 34 49100 287 756
2107314 34 49100 287 756
2107377 34 49100 287 756
2107442 34 49100 287 756
2107503 34 49100 287 756
2107563 34 49100 287 756
2107627 34 49100 287 756
2107694 34 49100 287 756
2107755 34 49100 287 756
2107816 34 49100 287 756
2107877 34 49100 287 756
2107938 34 49100 287 756
2108001 34 49100 287 756
2108066 34 49100 287 756
2108127 34 49100 287 756
2108193 34 49100 287 756
2108253 34 49100 287 756
2108314 34 49100 287 756
2108379 34 49100 287 756
2108440 34 49100 287 756
2108507 34 49100 287 756
2108571 34 49100 287 756
2108635 34 49100 287 756
2108696 34 49100 287 756
2108756 34 49100 287 756
2108820 34 49100 287 756
2108883 34 49100 287 756
2108945 34 49100 287 756
2109007 34 49100 287 756
2109067 34 49100 287 756
2109133 34 49100 287 756
2109195 34 49100 287 756
2109256 34 49100 287 756
2109321 34 49100 287 756
2109382 34 49100 287 756
2109443 34 49100 287 756
2109508 34 49100 287 756
2109570 34 49100 287 756
