# header: write what you want on lines starting with #
# Total ACTIVE Pulses, # breakdowns, amp_set, index (point on pulse / power curve) , pulse length
# the init of this file could be 1 0 500 0 3500, 2 0 500 0 3500, etc
531 0 709 7 756
629927 1 19500 287 756
649134 2 19900 287 756
663617 3 19900 287 756
675254 4 19900 287 756
685220 5 19900 287 756
701197 6 19900 287 756
716534 7 19900 287 756
727172 8 19900 287 756
743893 9 20300 287 756
809136 10 22300 287 756
850907 11 23100 287 756
1311952 12 34700 287 756
1322395 13 34700 287 756
1345435 14 35100 287 756
1377718 15 35500 287 756
1393224 15 35500 287 756
1393290 15 35500 287 756
1393356 15 35500 287 756
1393421 15 35500 287 756
1393488 15 35500 287 756
1393551 15 35500 287 756
1393611 15 35500 287 756
1393675 15 35500 287 756
1393735 15 35500 287 756
1393797 15 35500 287 756
1393861 15 35500 287 756
1393921 15 35500 287 756
1393986 15 35500 287 756
1394049 15 35500 287 756
1394119 15 35500 287 756
1394179 15 35500 287 756
1394246 15 35500 287 756
1394306 15 35500 287 756
1394366 15 35500 287 756
1394431 15 35500 287 756
1394491 15 35500 287 756
1394551 15 35500 287 756
1394615 15 35500 287 756
1394684 15 35500 287 756
1394744 15 35500 287 756
1394812 15 35500 287 756
1394873 15 35500 287 756
1394935 15 35500 287 756
1395002 15 35500 287 756
1395062 15 35500 287 756
1395122 15 35500 287 756
1395187 15 35500 287 756
1395248 15 35500 287 756
1395316 15 35500 287 756
1395380 15 35500 287 756
1395451 15 35500 287 756
1395521 15 35500 287 756
1395581 15 35500 287 756
1395646 15 35500 287 756
1395706 15 35500 287 756
1395768 15 35500 287 756
1395834 15 35500 287 756
1395895 15 35500 287 756
1395956 15 35500 287 756
1396019 15 35500 287 756
1396079 15 35500 287 756
1396259 15 35500 287 756
1396330 15 35500 287 756
1396401 15 35500 287 756
1396463 15 35500 287 756
1396524 15 35500 287 756
1396584 15 35500 287 756
1396648 15 35500 287 756
1396708 15 35500 287 756
1396772 15 35500 287 756
1396836 15 35500 287 756
1396904 15 35500 287 756
1396969 15 35500 287 756
1397029 15 35500 287 756
1397100 15 35500 287 756
1397165 15 35500 287 756
1397225 15 35500 287 756
1397287 15 35500 287 756
1397352 15 35500 287 756
1397414 15 35500 287 756
1397474 15 35500 287 756
1397542 15 35500 287 756
1397604 15 35500 287 756
1397664 15 35500 287 756
1397731 15 35500 287 756
1397795 15 35500 287 756
1397856 15 35500 287 756
1397923 15 35500 287 756
1397983 15 35500 287 756
1398053 15 35500 287 756
1398116 15 35500 287 756
1398181 15 35500 287 756
1398243 15 35500 287 756
1398306 15 35500 287 756
1398375 15 35500 287 756
1398442 15 35500 287 756
1398504 15 35500 287 756
1398571 15 35500 287 756
1398633 15 35500 287 756
1398694 15 35500 287 756
1398754 15 35500 287 756
1398814 15 35500 287 756
1398875 15 35500 287 756
1398941 15 35500 287 756
1399003 15 35500 287 756
1399064 15 35500 287 756
1399131 15 35500 287 756
1399204 15 35500 287 756
1399271 15 35500 287 756
1399340 15 35500 287 756
1399407 15 35500 287 756
1399470 15 35500 287 756
1399531 15 35500 287 756
1399595 15 35500 287 756
1399661 15 35500 287 756
1399723 15 35500 287 756
1399790 15 35500 287 756
1399852 15 35500 287 756
1399912 15 35500 287 756
1399975 15 35500 287 756
1400037 15 35500 287 756
1400104 15 35500 287 756
1400167 15 35500 287 756
1400234 15 35500 287 756
1400295 15 35500 287 756
1400357 15 35500 287 756
1400424 15 35500 287 756
1400493 15 35500 287 756
1400554 15 35500 287 756
1400621 15 35500 287 756
1400690 15 35500 287 756
1400751 15 35500 287 756
1400817 15 35500 287 756
1400878 15 35500 287 756
1400940 15 35500 287 756
1401005 15 35500 287 756
1401075 15 35500 287 756
1401137 15 35500 287 756
1401204 15 35500 287 756
1401271 15 35500 287 756
1401332 15 35500 287 756
1401393 15 35500 287 756
1401462 15 35500 287 756
1401525 15 35500 287 756
1401594 15 35500 287 756
1401659 15 35500 287 756
1401730 15 35500 287 756
1401800 15 35500 287 756
1401862 15 35500 287 756
1401929 15 35500 287 756
1401990 15 35500 287 756
1402051 15 35500 287 756
1402114 15 35500 287 756
1402179 15 35500 287 756
1402241 15 35500 287 756
1402305 15 35500 287 756
1402368 15 35500 287 756
1402435 15 35500 287 756
1402496 15 35500 287 756
1402559 15 35500 287 756
1402621 15 35500 287 756
1402688 15 35500 287 756
1402751 15 35500 287 756
1402811 15 35500 287 756
1402876 15 35500 287 756
1402946 15 35500 287 756
1403016 15 35500 287 756
1403081 15 35500 287 756
1403148 15 35500 287 756
1403215 15 35500 287 756
1403278 15 35500 287 756
1403345 15 35500 287 756
1403406 15 35500 287 756
1403468 15 35500 287 756
1403536 15 35500 287 756
1403605 15 35500 287 756
1403667 15 35500 287 756
1403731 15 35500 287 756
1403794 15 35500 287 756
1403856 15 35500 287 756
1403922 15 35500 287 756
1403991 15 35500 287 756
1404052 15 35500 287 756
1404114 15 35500 287 756
1404176 15 35500 287 756
1404236 15 35500 287 756
1404299 15 35500 287 756
1404365 15 35500 287 756
1404435 15 35500 287 756
1404503 15 35500 287 756
1404570 15 35500 287 756
1404632 15 35500 287 756
1404694 15 35500 287 756
1404760 15 35500 287 756
1404822 15 35500 287 756
1404890 15 35500 287 756
1404956 15 35500 287 756
1405017 15 35500 287 756
1405079 15 35500 287 756
1405142 15 35500 287 756
1405202 15 35500 287 756
1405265 15 35500 287 756
1405330 15 35500 287 756
1405391 15 35500 287 756
1405453 15 35500 287 756
1405520 15 35500 287 756
1405591 15 35500 287 756
1405652 15 35500 287 756
1406655 15 35500 287 756
1407656 15 35550 287 756
1408656 15 35600 287 756
1409666 15 35650 287 756
1409949 16 35500 287 756
1410010 16 35500 287 756
1410077 16 35500 287 756
1410146 16 35500 287 756
1410207 16 35500 287 756
1410272 16 35500 287 756
1410342 16 35500 287 756
1410403 16 35500 287 756
1410467 16 35500 287 756
1410527 16 35500 287 756
1410590 16 35500 287 756
1410654 16 35500 287 756
1410717 16 35500 287 756
1410779 16 35500 287 756
1410845 16 35500 287 756
1410908 16 35500 287 756
1410969 16 35500 287 756
1411035 16 35500 287 756
1411105 16 35500 287 756
1411175 16 35500 287 756
1411244 16 35500 287 756
1411306 16 35500 287 756
1411372 16 35500 287 756
1411433 16 35500 287 756
1411499 16 35500 287 756
1411562 16 35500 287 756
1411622 16 35500 287 756
1411689 16 35500 287 756
1411756 16 35500 287 756
1411821 16 35500 287 756
1411891 16 35500 287 756
1411954 16 35500 287 756
1412017 16 35500 287 756
1412085 16 35500 287 756
1412149 16 35500 287 756
1412219 16 35500 287 756
1412279 16 35500 287 756
1412343 16 35500 287 756
1412405 16 35500 287 756
1412466 16 35500 287 756
1412531 16 35500 287 756
1412594 16 35500 287 756
1412654 16 35500 287 756
1412720 16 35500 287 756
1412783 16 35500 287 756
1412845 16 35500 287 756
1412911 16 35500 287 756
1412972 16 35500 287 756
1413033 16 35500 287 756
1413099 16 35500 287 756
1413162 16 35500 287 756
1413222 16 35500 287 756
1413286 16 35500 287 756
1413346 16 35500 287 756
1413411 16 35500 287 756
1413472 16 35500 287 756
1413537 16 35500 287 756
1413600 16 35500 287 756
1413662 16 35500 287 756
1413725 16 35500 287 756
1413787 16 35500 287 756
1413850 16 35500 287 756
1413912 16 35500 287 756
1413973 16 35500 287 756
1414038 16 35500 287 756
1414107 16 35500 287 756
1414167 16 35500 287 756
1414230 16 35500 287 756
1414296 16 35500 287 756
1414358 16 35500 287 756
1414427 16 35500 287 756
1414493 16 35500 287 756
1414553 16 35500 287 756
1414615 16 35500 287 756
1414682 16 35500 287 756
1414744 16 35500 287 756
1414806 16 35500 287 756
1414870 16 35500 287 756
1414931 16 35500 287 756
1414993 16 35500 287 756
1415060 16 35500 287 756
1415127 16 35500 287 756
1415197 16 35500 287 756
1415264 16 35500 287 756
1415326 16 35500 287 756
1415396 16 35500 287 756
1415462 16 35500 287 756
1415531 16 35500 287 756
1415597 16 35500 287 756
1415657 16 35500 287 756
1415725 16 35500 287 756
1415787 16 35500 287 756
1415848 16 35500 287 756
1415909 16 35500 287 756
1415970 16 35500 287 756
1416040 16 35500 287 756
1416106 16 35500 287 756
1416167 16 35500 287 756
1416237 16 35500 287 756
1416304 16 35500 287 756
1416366 16 35500 287 756
1416427 16 35500 287 756
1416494 16 35500 287 756
1416555 16 35500 287 756
1416615 16 35500 287 756
1416680 16 35500 287 756
1416741 16 35500 287 756
1416812 16 35500 287 756
1416877 16 35500 287 756
1416940 16 35500 287 756
1417001 16 35500 287 756
1417068 16 35500 287 756
1417131 16 35500 287 756
1417191 16 35500 287 756
1417257 16 35500 287 756
1417319 16 35500 287 756
1417381 16 35500 287 756
1417446 16 35500 287 756
1417508 16 35500 287 756
1417568 16 35500 287 756
1417636 16 35500 287 756
1417698 16 35500 287 756
1417767 16 35500 287 756
1417832 16 35500 287 756
1417894 16 35500 287 756
1417957 16 35500 287 756
1418022 16 35500 287 756
1418091 16 35500 287 756
1418152 16 35500 287 756
1418214 16 35500 287 756
1418281 16 35500 287 756
1418348 16 35500 287 756
1418409 16 35500 287 756
1418476 16 35500 287 756
1418536 16 35500 287 756
1418598 16 35500 287 756
1418664 16 35500 287 756
1418727 16 35500 287 756
1418788 16 35500 287 756
1418852 16 35500 287 756
1418914 16 35500 287 756
1418975 16 35500 287 756
1419040 16 35500 287 756
1419110 16 35500 287 756
1419179 16 35500 287 756
1419246 16 35500 287 756
1419317 16 35500 287 756
