0.000000000000000e+000 0.000000000000000e+000
5.000000000000000e-006 4.652177270000000e+011
1.000000000000000e-005 9.278894360000000e+011
1.500000000000000e-005 1.388039400000000e+012
2.000000000000000e-005 1.845691890000000e+012
2.500000000000000e-005 2.300871170000000e+012
3.000000000000000e-005 2.753601520000000e+012
3.500000000000000e-005 3.203907210000000e+012
4.000000000000000e-005 3.651812500000000e+012
4.500000000000000e-005 4.097341670000000e+012
5.000000000000000e-005 4.540518990000000e+012
5.500000000000000e-005 4.981368730000000e+012
6.000000000000000e-005 5.419915160000000e+012
6.499999999999999e-005 5.856182550000000e+012
6.999999999999999e-005 6.290195170000000e+012
7.499999999999999e-005 6.721977300000000e+012
8.000000000000001e-005 7.151553200000000e+012
8.500000000000001e-005 7.578947140000000e+012
9.000000000000001e-005 8.004183390000000e+012
9.500000000000001e-005 8.427286230000000e+012
1.000000000000000e-004 8.848279930000000e+012
1.050000000000000e-004 9.267188750000000e+012
1.100000000000000e-004 9.684036970000000e+012
1.150000000000000e-004 1.009884890000000e+013
1.200000000000000e-004 1.051164870000000e+013
1.250000000000000e-004 1.092246070000000e+013
1.300000000000000e-004 1.133130920000000e+013
1.350000000000000e-004 1.173821850000000e+013
1.400000000000000e-004 1.214321280000000e+013
1.450000000000000e-004 1.254631640000000e+013
1.500000000000000e-004 1.294755350000000e+013
1.550000000000000e-004 1.334694850000000e+013
1.600000000000000e-004 1.374452560000000e+013
1.650000000000000e-004 1.414030900000000e+013
1.700000000000000e-004 1.453432310000000e+013
1.750000000000000e-004 1.492659210000000e+013
1.800000000000000e-004 1.531714030000000e+013
1.850000000000000e-004 1.570599200000000e+013
1.900000000000000e-004 1.609317140000000e+013
1.950000000000000e-004 1.647870280000000e+013
2.000000000000000e-004 1.686261040000000e+013
2.050000000000000e-004 1.724491860000000e+013
2.100000000000000e-004 1.762565160000000e+013
2.150000000000000e-004 1.800483370000000e+013
2.200000000000000e-004 1.838248910000000e+013
2.250000000000000e-004 1.875864220000000e+013
2.300000000000000e-004 1.913331720000000e+013
2.350000000000000e-004 1.950653830000000e+013
2.400000000000000e-004 1.987832980000000e+013
2.450000000000000e-004 2.024871610000000e+013
2.500000000000000e-004 2.061772130000000e+013
2.550000000000000e-004 2.098536980000000e+013
2.600000000000000e-004 2.135168580000000e+013
2.650000000000000e-004 2.171669360000000e+013
2.700000000000000e-004 2.208041750000000e+013
2.750000000000000e-004 2.244288170000000e+013
2.800000000000000e-004 2.280411040000000e+013
2.850000000000000e-004 2.316412810000000e+013
2.900000000000000e-004 2.352295890000000e+013
2.950000000000000e-004 2.388062710000000e+013
3.000000000000000e-004 2.423715700000000e+013
3.050000000000000e-004 2.459256940000000e+013
3.100000000000000e-004 2.494687140000000e+013
3.150000000000000e-004 2.530006650000000e+013
3.200000000000000e-004 2.565215830000000e+013
3.250000000000000e-004 2.600315060000000e+013
3.300000000000000e-004 2.635304670000000e+013
3.350000000000000e-004 2.670185050000000e+013
3.400000000000000e-004 2.704956530000000e+013
3.450000000000000e-004 2.739619500000000e+013
3.500000000000000e-004 2.774174300000000e+013
3.550000000000000e-004 2.808621290000000e+013
3.600000000000000e-004 2.842960840000000e+013
3.650000000000000e-004 2.877193310000000e+013
3.700000000000000e-004 2.911319050000000e+013
3.750000000000000e-004 2.945338420000000e+013
3.800000000000000e-004 2.979251790000000e+013
3.850000000000000e-004 3.013059520000000e+013
3.900000000000000e-004 3.046761960000000e+013
3.950000000000000e-004 3.080359480000000e+013
4.000000000000000e-004 3.113852440000000e+013
4.050000000000000e-004 3.147241180000000e+013
4.100000000000000e-004 3.180526090000000e+013
4.150000000000000e-004 3.213707510000000e+013
4.200000000000000e-004 3.246785800000000e+013
4.250000000000000e-004 3.279761330000000e+013
4.300000000000000e-004 3.312634460000000e+013
4.350000000000000e-004 3.345405540000000e+013
4.400000000000000e-004 3.378074940000000e+013
4.450000000000000e-004 3.410643010000000e+013
4.500000000000000e-004 3.443110120000000e+013
4.550000000000000e-004 3.475476640000000e+013
4.600000000000000e-004 3.507743010000000e+013
4.650000000000000e-004 3.539909680000000e+013
4.700000000000000e-004 3.571977100000000e+013
4.750000000000000e-004 3.603945730000000e+013
4.800000000000000e-004 3.635816020000000e+013
4.850000000000000e-004 3.667588420000000e+013
4.900000000000000e-004 3.699263400000000e+013
4.950000000000000e-004 3.730841390000000e+013
5.000000000000000e-004 3.762322850000000e+013
5.050000000000000e-004 3.793708240000000e+013
5.100000000000000e-004 3.824998010000000e+013
5.150000000000001e-004 3.856192600000000e+013
5.200000000000000e-004 3.887292490000000e+013
5.250000000000000e-004 3.918298110000000e+013
5.300000000000000e-004 3.949209920000000e+013
5.350000000000000e-004 3.980028370000000e+013
5.400000000000000e-004 4.010753920000000e+013
5.450000000000000e-004 4.041387020000000e+013
5.500000000000000e-004 4.071928130000000e+013
5.550000000000001e-004 4.102377680000000e+013
5.600000000000000e-004 4.132736150000000e+013
5.650000000000000e-004 4.163003980000000e+013
5.700000000000000e-004 4.193181620000000e+013
5.750000000000000e-004 4.223269530000000e+013
5.800000000000000e-004 4.253268160000000e+013
5.850000000000000e-004 4.283177970000000e+013
5.900000000000000e-004 4.312999400000000e+013
5.950000000000000e-004 4.342732910000000e+013
6.000000000000000e-004 4.372378950000000e+013
6.050000000000000e-004 4.401937950000000e+013
6.100000000000000e-004 4.431410190000000e+013
6.150000000000000e-004 4.460795960000000e+013
6.200000000000000e-004 4.490095500000000e+013
6.250000000000000e-004 4.519309090000000e+013
6.300000000000000e-004 4.548436990000000e+013
6.350000000000000e-004 4.577479470000000e+013
6.400000000000001e-004 4.606436780000000e+013
6.450000000000000e-004 4.635309200000000e+013
6.500000000000000e-004 4.664097000000000e+013
6.550000000000000e-004 4.692800430000000e+013
6.600000000000000e-004 4.721419760000000e+013
6.650000000000000e-004 4.749955260000000e+013
6.700000000000000e-004 4.778407180000000e+013
6.750000000000000e-004 4.806775810000000e+013
6.800000000000001e-004 4.835061390000000e+013
6.850000000000000e-004 4.863264200000000e+013
6.900000000000000e-004 4.891384510000000e+013
6.950000000000000e-004 4.919422570000000e+013
7.000000000000000e-004 4.947378650000000e+013
7.050000000000000e-004 4.975253020000000e+013
7.100000000000000e-004 5.003045930000000e+013
7.150000000000000e-004 5.030757670000000e+013
7.200000000000001e-004 5.058388490000000e+013
7.250000000000000e-004 5.085938650000000e+013
7.300000000000000e-004 5.113408430000000e+013
7.350000000000000e-004 5.140798080000000e+013
7.400000000000000e-004 5.168107870000000e+013
7.450000000000000e-004 5.195338080000000e+013
7.500000000000000e-004 5.222488950000000e+013
7.550000000000000e-004 5.249560750000000e+013
7.600000000000000e-004 5.276553680000000e+013
7.650000000000000e-004 5.303467930000000e+013
7.700000000000000e-004 5.330303690000000e+013
7.750000000000000e-004 5.357061170000000e+013
7.800000000000000e-004 5.383740540000000e+013
7.850000000000000e-004 5.410342010000000e+013
7.900000000000000e-004 5.436865760000000e+013
7.950000000000000e-004 5.463311990000000e+013
8.000000000000000e-004 5.489680900000000e+013
8.050000000000001e-004 5.515972660000000e+013
8.100000000000000e-004 5.542187490000000e+013
8.150000000000000e-004 5.568325560000000e+013
8.200000000000000e-004 5.594387070000000e+013
8.250000000000000e-004 5.620372220000000e+013
8.300000000000000e-004 5.646281200000000e+013
8.350000000000000e-004 5.672114190000000e+013
8.400000000000000e-004 5.697871400000000e+013
8.450000000000001e-004 5.723553020000000e+013
8.500000000000000e-004 5.749159230000000e+013
8.550000000000000e-004 5.774690230000000e+013
8.600000000000000e-004 5.800146220000000e+013
8.650000000000000e-004 5.825527380000000e+013
8.700000000000000e-004 5.850833910000000e+013
8.750000000000000e-004 5.876066000000000e+013
8.800000000000000e-004 5.901223850000000e+013
8.850000000000000e-004 5.926307640000000e+013
8.900000000000000e-004 5.951317580000000e+013
8.950000000000000e-004 5.976253840000000e+013
9.000000000000000e-004 6.001116630000000e+013
9.050000000000000e-004 6.025906140000000e+013
9.100000000000000e-004 6.050622540000000e+013
9.150000000000000e-004 6.075266030000000e+013
9.200000000000000e-004 6.099836780000000e+013
9.250000000000000e-004 6.124334990000000e+013
9.300000000000001e-004 6.148760820000000e+013
9.350000000000000e-004 6.173114470000000e+013
9.400000000000000e-004 6.197396110000000e+013
9.450000000000000e-004 6.221605940000000e+013
9.500000000000000e-004 6.245744120000000e+013
9.550000000000000e-004 6.269810860000000e+013
9.600000000000000e-004 6.293806320000000e+013
9.650000000000000e-004 6.317730690000000e+013
9.700000000000001e-004 6.341584150000000e+013
9.750000000000000e-004 6.365366890000000e+013
9.800000000000000e-004 6.389079080000000e+013
9.850000000000000e-004 6.412720920000000e+013
9.900000000000000e-004 6.436292590000000e+013
9.950000000000000e-004 6.459794260000000e+013
1.000000000000000e-003 6.483226120000000e+013
1.005000000000000e-003 6.506588350000000e+013
1.010000000000000e-003 6.529881140000000e+013
1.015000000000000e-003 6.553104660000000e+013
1.020000000000000e-003 6.576259110000000e+013
1.025000000000000e-003 6.599344660000000e+013
1.030000000000000e-003 6.622361490000000e+013
1.035000000000000e-003 6.645309800000000e+013
1.040000000000000e-003 6.668189750000000e+013
1.045000000000000e-003 6.691001540000000e+013
1.050000000000000e-003 6.713745350000000e+013
1.055000000000000e-003 6.736421350000000e+013
1.060000000000000e-003 6.759029690000000e+013
1.065000000000000e-003 6.781570510000000e+013
1.070000000000000e-003 6.804043950000000e+013
1.075000000000000e-003 6.826450150000000e+013
1.080000000000000e-003 6.848789240000000e+013
1.085000000000000e-003 6.871061380000000e+013
1.090000000000000e-003 6.893266690000000e+013
1.095000000000000e-003 6.915405330000000e+013
1.100000000000000e-003 6.937477420000000e+013
1.105000000000000e-003 6.959483110000000e+013
1.110000000000000e-003 6.981422540000000e+013
1.115000000000000e-003 7.003295840000000e+013
1.120000000000000e-003 7.025103160000000e+013
1.125000000000000e-003 7.046844640000000e+013
1.130000000000000e-003 7.068520420000000e+013
1.135000000000000e-003 7.090130640000000e+013
1.140000000000000e-003 7.111675430000000e+013
1.145000000000000e-003 7.133154930000000e+013
1.150000000000000e-003 7.154569300000000e+013
1.155000000000000e-003 7.175918660000000e+013
1.160000000000000e-003 7.197203160000000e+013
1.165000000000000e-003 7.218422930000000e+013
1.170000000000000e-003 7.239578120000000e+013
1.175000000000000e-003 7.260668860000000e+013
1.180000000000000e-003 7.281695300000000e+013
1.185000000000000e-003 7.302657580000000e+013
1.190000000000000e-003 7.323555830000000e+013
1.195000000000000e-003 7.344390190000000e+013
1.200000000000000e-003 7.365160810000000e+013
1.205000000000000e-003 7.385867830000000e+013
1.210000000000000e-003 7.406511410000000e+013
1.215000000000000e-003 7.427091710000000e+013
1.220000000000000e-003 7.447608910000000e+013
1.225000000000000e-003 7.468063170000000e+013
1.230000000000000e-003 7.488454660000000e+013
1.235000000000000e-003 7.508783540000000e+013
1.240000000000000e-003 7.529049970000000e+013
1.245000000000000e-003 7.549254130000000e+013
1.250000000000000e-003 7.569396180000000e+013
1.255000000000000e-003 7.589476290000000e+013
1.260000000000000e-003 7.609494620000000e+013
1.265000000000000e-003 7.629451340000000e+013
1.270000000000000e-003 7.649346620000000e+013
1.275000000000000e-003 7.669180620000000e+013
1.280000000000000e-003 7.688953510000000e+013
1.285000000000000e-003 7.708665450000000e+013
1.290000000000000e-003 7.728316620000000e+013
1.295000000000000e-003 7.747907170000000e+013
1.300000000000000e-003 7.767437270000000e+013
1.305000000000000e-003 7.786907100000000e+013
1.310000000000000e-003 7.806316810000000e+013
1.315000000000000e-003 7.825666570000000e+013
1.320000000000000e-003 7.844956560000000e+013
1.325000000000000e-003 7.864186920000000e+013
1.330000000000000e-003 7.883357840000000e+013
1.335000000000000e-003 7.902469480000000e+013
1.340000000000000e-003 7.921522000000000e+013
1.345000000000000e-003 7.940515560000000e+013
1.350000000000000e-003 7.959450350000000e+013
1.355000000000000e-003 7.978326510000000e+013
1.360000000000000e-003 7.997144180000000e+013
1.365000000000000e-003 8.015903480000000e+013
1.370000000000000e-003 8.034604550000000e+013
1.375000000000000e-003 8.053247490000000e+013
1.380000000000000e-003 8.071832450000000e+013
1.385000000000000e-003 8.090359540000000e+013
1.390000000000000e-003 8.108828900000000e+013
1.395000000000000e-003 8.127240640000000e+013
1.400000000000000e-003 8.145594900000000e+013
1.405000000000000e-003 8.163891790000000e+013
1.410000000000000e-003 8.182131450000000e+013
1.415000000000000e-003 8.200313990000000e+013
1.420000000000000e-003 8.218439550000000e+013
1.425000000000000e-003 8.236508260000000e+013
1.430000000000000e-003 8.254520220000000e+013
1.435000000000000e-003 8.272475580000000e+013
1.440000000000000e-003 8.290374460000000e+013
1.445000000000000e-003 8.308216980000000e+013
1.450000000000000e-003 8.326003270000000e+013
1.455000000000000e-003 8.343733450000000e+013
1.460000000000000e-003 8.361407650000000e+013
1.465000000000000e-003 8.379026000000000e+013
1.470000000000000e-003 8.396588620000000e+013
1.475000000000000e-003 8.414095640000000e+013
1.480000000000000e-003 8.431547170000000e+013
1.485000000000000e-003 8.448943360000000e+013
1.490000000000000e-003 8.466284310000000e+013
1.495000000000000e-003 8.483570170000000e+013
1.500000000000000e-003 8.500801050000000e+013
1.505000000000000e-003 8.517977080000000e+013
1.510000000000000e-003 8.535098420000000e+013
1.515000000000000e-003 8.552165210000000e+013
1.520000000000000e-003 8.569177600000000e+013
1.525000000000000e-003 8.586135740000000e+013
1.530000000000000e-003 8.603039790000000e+013
1.535000000000000e-003 8.619889900000000e+013
1.540000000000000e-003 8.636686210000000e+013
1.545000000000000e-003 8.653428890000000e+013
1.550000000000000e-003 8.670118070000000e+013
1.555000000000000e-003 8.686753910000000e+013
1.560000000000000e-003 8.703336570000000e+013
1.565000000000000e-003 8.719866190000000e+013
1.570000000000000e-003 8.736342920000000e+013
1.575000000000000e-003 8.752766920000000e+013
1.580000000000000e-003 8.769138340000000e+013
1.585000000000000e-003 8.785457320000000e+013
1.590000000000000e-003 8.801724020000000e+013
1.595000000000000e-003 8.817938590000000e+013
1.600000000000000e-003 8.834101190000000e+013
1.605000000000000e-003 8.850211950000000e+013
1.610000000000000e-003 8.866271040000000e+013
1.615000000000000e-003 8.882278600000000e+013
1.620000000000000e-003 8.898234790000000e+013
1.625000000000000e-003 8.914139750000000e+013
1.630000000000000e-003 8.929993640000000e+013
1.635000000000000e-003 8.945796610000000e+013
1.640000000000000e-003 8.961548810000000e+013
1.645000000000000e-003 8.977250400000000e+013
1.650000000000000e-003 8.992901510000000e+013
1.655000000000000e-003 9.008502300000000e+013
1.660000000000000e-003 9.024052920000000e+013
1.665000000000000e-003 9.039553480000000e+013
1.670000000000000e-003 9.055004130000000e+013
1.675000000000000e-003 9.070405000000000e+013
1.680000000000000e-003 9.085756220000000e+013
1.685000000000000e-003 9.101057930000000e+013
1.690000000000000e-003 9.116310260000000e+013
1.695000000000000e-003 9.131513350000000e+013
1.700000000000000e-003 9.146667330000000e+013
1.705000000000000e-003 9.161772340000000e+013
1.710000000000000e-003 9.176828500000000e+013
1.715000000000000e-003 9.191835960000000e+013
1.720000000000000e-003 9.206794840000000e+013
1.725000000000000e-003 9.221705290000000e+013
1.730000000000000e-003 9.236567430000000e+013
1.735000000000000e-003 9.251381400000000e+013
1.740000000000000e-003 9.266147340000000e+013
1.745000000000000e-003 9.280865370000000e+013
1.750000000000000e-003 9.295535630000000e+013
1.755000000000000e-003 9.310158270000000e+013
1.760000000000000e-003 9.324733400000000e+013
1.765000000000000e-003 9.339261170000000e+013
1.770000000000000e-003 9.353741700000000e+013
1.775000000000000e-003 9.368175140000000e+013
1.780000000000000e-003 9.382561620000000e+013
1.785000000000000e-003 9.396901270000000e+013
1.790000000000000e-003 9.411194220000000e+013
1.795000000000000e-003 9.425440610000000e+013
1.800000000000000e-003 9.439640580000000e+013
1.805000000000000e-003 9.453794260000000e+013
1.810000000000000e-003 9.467901830000000e+013
1.815000000000000e-003 9.481963460000000e+013
1.820000000000000e-003 9.495979320000000e+013
1.825000000000000e-003 9.509949590000000e+013
1.830000000000000e-003 9.523874460000000e+013
1.835000000000000e-003 9.537754090000000e+013
1.840000000000000e-003 9.551588660000000e+013
1.845000000000000e-003 9.565378350000000e+013
1.850000000000000e-003 9.579123330000000e+013
1.855000000000000e-003 9.592823790000000e+013
1.860000000000000e-003 9.606479890000000e+013
1.865000000000000e-003 9.620091810000000e+013
1.870000000000000e-003 9.633659730000000e+013
1.875000000000000e-003 9.647183830000000e+013
1.880000000000000e-003 9.660664270000000e+013
1.885000000000000e-003 9.674101250000000e+013
1.890000000000000e-003 9.687494920000000e+013
1.895000000000000e-003 9.700845480000000e+013
1.900000000000000e-003 9.714153090000000e+013
1.905000000000000e-003 9.727417940000000e+013
1.910000000000000e-003 9.740640190000000e+013
1.915000000000000e-003 9.753820030000000e+013
1.920000000000000e-003 9.766957620000000e+013
1.925000000000000e-003 9.780053160000000e+013
1.930000000000000e-003 9.793106810000000e+013
1.935000000000000e-003 9.806118740000000e+013
1.940000000000000e-003 9.819089140000000e+013
1.945000000000000e-003 9.832018190000000e+013
1.950000000000000e-003 9.844906050000000e+013
1.955000000000000e-003 9.857752890000000e+013
1.960000000000000e-003 9.870558820000000e+013
1.965000000000000e-003 9.883323920000000e+013
1.970000000000000e-003 9.896048290000000e+013
1.975000000000000e-003 9.908732030000000e+013
1.980000000000000e-003 9.921375210000000e+013
1.985000000000000e-003 9.933977930000000e+013
1.990000000000000e-003 9.946540290000000e+013
1.995000000000000e-003 9.959062380000000e+013
2.000000000000000e-003 9.971544280000000e+013
2.005000000000000e-003 9.983986090000000e+013
2.010000000000000e-003 9.996387900000000e+013
2.015000000000000e-003 1.000874980000000e+014
2.020000000000000e-003 1.002107190000000e+014
2.025000000000000e-003 1.003335420000000e+014
2.030000000000000e-003 1.004559700000000e+014
2.035000000000000e-003 1.005780020000000e+014
2.040000000000000e-003 1.006996390000000e+014
2.045000000000000e-003 1.008208830000000e+014
2.050000000000000e-003 1.009417340000000e+014
2.055000000000000e-003 1.010621930000000e+014
2.060000000000000e-003 1.011822610000000e+014
2.065000000000000e-003 1.013019400000000e+014
2.070000000000000e-003 1.014212290000000e+014
2.075000000000000e-003 1.015401300000000e+014
2.080000000000000e-003 1.016586440000000e+014
2.085000000000000e-003 1.017767720000000e+014
2.090000000000000e-003 1.018945150000000e+014
2.095000000000000e-003 1.020118730000000e+014
2.100000000000000e-003 1.021288470000000e+014
2.105000000000000e-003 1.022454390000000e+014
2.110000000000000e-003 1.023616500000000e+014
2.115000000000000e-003 1.024774830000000e+014
2.120000000000000e-003 1.025929380000000e+014
2.125000000000000e-003 1.027080180000000e+014
2.130000000000000e-003 1.028227260000000e+014
2.135000000000000e-003 1.029370620000000e+014
2.140000000000000e-003 1.030510280000000e+014
2.145000000000000e-003 1.031646270000000e+014
2.150000000000000e-003 1.032778610000000e+014
2.155000000000000e-003 1.033907310000000e+014
2.160000000000000e-003 1.035032390000000e+014
2.165000000000000e-003 1.036153870000000e+014
2.170000000000000e-003 1.037271770000000e+014
2.175000000000000e-003 1.038386110000000e+014
2.180000000000000e-003 1.039496900000000e+014
2.185000000000000e-003 1.040604180000000e+014
2.190000000000000e-003 1.041707950000000e+014
2.195000000000000e-003 1.042808230000000e+014
2.200000000000000e-003 1.043905050000000e+014
2.205000000000000e-003 1.044998420000000e+014
2.210000000000000e-003 1.046088360000000e+014
2.215000000000000e-003 1.047174890000000e+014
2.220000000000000e-003 1.048258030000000e+014
2.225000000000000e-003 1.049337800000000e+014
2.230000000000000e-003 1.050414220000000e+014
2.235000000000000e-003 1.051487300000000e+014
2.240000000000000e-003 1.052557070000000e+014
2.245000000000000e-003 1.053623540000000e+014
2.250000000000000e-003 1.054686730000000e+014
2.255000000000000e-003 1.055746660000000e+014
2.260000000000000e-003 1.056803340000000e+014
2.265000000000000e-003 1.057856780000000e+014
2.270000000000000e-003 1.058906970000000e+014
2.275000000000000e-003 1.059953930000000e+014
2.280000000000000e-003 1.060997660000000e+014
2.285000000000000e-003 1.062038170000000e+014
2.290000000000000e-003 1.063075460000000e+014
2.295000000000000e-003 1.064109540000000e+014
2.300000000000000e-003 1.065140420000000e+014
2.305000000000000e-003 1.066168090000000e+014
2.310000000000000e-003 1.067192580000000e+014
2.315000000000000e-003 1.068213870000000e+014
2.320000000000000e-003 1.069231990000000e+014
2.325000000000000e-003 1.070246930000000e+014
2.330000000000000e-003 1.071258700000000e+014
2.335000000000000e-003 1.072267310000000e+014
2.340000000000000e-003 1.073272760000000e+014
2.345000000000000e-003 1.074275060000000e+014
2.350000000000000e-003 1.075274220000000e+014
2.355000000000000e-003 1.076270230000000e+014
2.360000000000000e-003 1.077263110000000e+014
2.365000000000000e-003 1.078252870000000e+014
2.370000000000000e-003 1.079239500000000e+014
2.375000000000000e-003 1.080223010000000e+014
2.380000000000000e-003 1.081203420000000e+014
2.385000000000000e-003 1.082180720000000e+014
2.390000000000000e-003 1.083154930000000e+014
2.395000000000000e-003 1.084126040000000e+014
2.400000000000000e-003 1.085094070000000e+014
2.405000000000000e-003 1.086059020000000e+014
2.410000000000000e-003 1.087020910000000e+014
2.415000000000000e-003 1.087979780000000e+014
2.420000000000000e-003 1.088935630000000e+014
2.425000000000000e-003 1.089888500000000e+014
2.430000000000000e-003 1.090838400000000e+014
2.435000000000000e-003 1.091785370000000e+014
2.440000000000000e-003 1.092729430000000e+014
2.445000000000000e-003 1.093670590000000e+014
2.450000000000000e-003 1.094608890000000e+014
2.455000000000000e-003 1.095544350000000e+014
2.460000000000000e-003 1.096476990000000e+014
2.465000000000000e-003 1.097406840000000e+014
2.470000000000000e-003 1.098333910000000e+014
2.475000000000000e-003 1.099258240000000e+014
2.480000000000000e-003 1.100179840000000e+014
2.485000000000000e-003 1.101098740000000e+014
2.490000000000000e-003 1.102014970000000e+014
2.495000000000000e-003 1.102928550000000e+014
2.500000000000000e-003 1.103839490000000e+014
2.505000000000000e-003 1.104747840000000e+014
2.510000000000000e-003 1.105653600000000e+014
2.515000000000000e-003 1.106556800000000e+014
2.520000000000000e-003 1.107457470000000e+014
2.525000000000000e-003 1.108355640000000e+014
2.530000000000000e-003 1.109251310000000e+014
2.535000000000000e-003 1.110144530000000e+014
2.540000000000000e-003 1.111035310000000e+014
2.545000000000000e-003 1.111923670000000e+014
2.550000000000000e-003 1.112809640000000e+014
2.555000000000000e-003 1.113693240000000e+014
2.560000000000000e-003 1.114574490000000e+014
2.565000000000000e-003 1.115453390000000e+014
2.570000000000000e-003 1.116329950000000e+014
2.575000000000000e-003 1.117204180000000e+014
2.580000000000000e-003 1.118076100000000e+014
2.585000000000000e-003 1.118945700000000e+014
2.590000000000000e-003 1.119813010000000e+014
2.595000000000000e-003 1.120678030000000e+014
2.600000000000000e-003 1.121540770000000e+014
2.605000000000000e-003 1.122401240000000e+014
2.610000000000000e-003 1.123259450000000e+014
2.615000000000000e-003 1.124115410000000e+014
2.620000000000000e-003 1.124969130000000e+014
2.625000000000000e-003 1.125820620000000e+014
2.630000000000000e-003 1.126669890000000e+014
2.635000000000000e-003 1.127516950000000e+014
2.640000000000000e-003 1.128361800000000e+014
2.645000000000000e-003 1.129204470000000e+014
2.650000000000000e-003 1.130044950000000e+014
2.655000000000000e-003 1.130883260000000e+014
2.660000000000000e-003 1.131719410000000e+014
2.665000000000000e-003 1.132553400000000e+014
2.670000000000000e-003 1.133385250000000e+014
2.675000000000000e-003 1.134214970000000e+014
2.680000000000000e-003 1.135042570000000e+014
2.685000000000000e-003 1.135868050000000e+014
2.690000000000000e-003 1.136691420000000e+014
2.695000000000000e-003 1.137512700000000e+014
2.700000000000000e-003 1.138331900000000e+014
2.705000000000000e-003 1.139149020000000e+014
2.710000000000000e-003 1.139964070000000e+014
2.715000000000000e-003 1.140777050000000e+014
2.720000000000000e-003 1.141587970000000e+014
2.725000000000000e-003 1.142396830000000e+014
2.730000000000000e-003 1.143203630000000e+014
2.735000000000000e-003 1.144008380000000e+014
2.740000000000000e-003 1.144811080000000e+014
2.745000000000000e-003 1.145611740000000e+014
2.750000000000000e-003 1.146410350000000e+014
2.755000000000000e-003 1.147206930000000e+014
2.760000000000000e-003 1.148001480000000e+014
2.765000000000000e-003 1.148793990000000e+014
2.770000000000000e-003 1.149584480000000e+014
2.775000000000000e-003 1.150372950000000e+014
2.780000000000000e-003 1.151159400000000e+014
2.785000000000000e-003 1.151943830000000e+014
2.790000000000000e-003 1.152726260000000e+014
2.795000000000000e-003 1.153506680000000e+014
2.800000000000000e-003 1.154285090000000e+014
2.805000000000000e-003 1.155061510000000e+014
2.810000000000000e-003 1.155835930000000e+014
2.815000000000000e-003 1.156608350000000e+014
2.820000000000000e-003 1.157378790000000e+014
2.825000000000000e-003 1.158147250000000e+014
2.830000000000000e-003 1.158913720000000e+014
2.835000000000000e-003 1.159678220000000e+014
2.840000000000000e-003 1.160440750000000e+014
2.845000000000000e-003 1.161201310000000e+014
2.850000000000000e-003 1.161959900000000e+014
2.855000000000000e-003 1.162716530000000e+014
2.860000000000000e-003 1.163471230000000e+014
2.865000000000000e-003 1.164223990000000e+014
2.870000000000000e-003 1.164974860000000e+014
2.875000000000000e-003 1.165723840000000e+014
2.880000000000000e-003 1.166470960000000e+014
2.885000000000000e-003 1.167216230000000e+014
2.890000000000000e-003 1.167959680000000e+014
2.895000000000000e-003 1.168701320000000e+014
2.900000000000000e-003 1.169441180000000e+014
2.905000000000000e-003 1.170179270000000e+014
2.910000000000000e-003 1.170915610000000e+014
2.915000000000000e-003 1.171650220000000e+014
2.920000000000000e-003 1.172383130000000e+014
2.925000000000000e-003 1.173114340000000e+014
2.930000000000000e-003 1.173843890000000e+014
2.935000000000000e-003 1.174571780000000e+014
2.940000000000000e-003 1.175298050000000e+014
2.945000000000000e-003 1.176022700000000e+014
2.950000000000000e-003 1.176745760000000e+014
2.955000000000000e-003 1.177467250000000e+014
2.960000000000000e-003 1.178187180000000e+014
2.965000000000000e-003 1.178905580000000e+014
2.970000000000000e-003 1.179622470000000e+014
2.975000000000000e-003 1.180337860000000e+014
2.980000000000000e-003 1.181051770000000e+014
2.985000000000000e-003 1.181764230000000e+014
2.990000000000000e-003 1.182475260000000e+014
2.995000000000000e-003 1.183184860000000e+014
3.000000000000000e-003 1.183893070000000e+014
3.005000000000000e-003 1.184599900000000e+014
3.010000000000000e-003 1.185305350000000e+014
3.015000000000000e-003 1.186009450000000e+014
3.020000000000000e-003 1.186712180000000e+014
3.025000000000000e-003 1.187413570000000e+014
3.030000000000000e-003 1.188113610000000e+014
3.035000000000000e-003 1.188812320000000e+014
3.040000000000000e-003 1.189509690000000e+014
3.045000000000000e-003 1.190205750000000e+014
3.050000000000000e-003 1.190900490000000e+014
3.055000000000000e-003 1.191593930000000e+014
3.060000000000000e-003 1.192286060000000e+014
3.065000000000000e-003 1.192976900000000e+014
3.070000000000000e-003 1.193666460000000e+014
3.075000000000000e-003 1.194354730000000e+014
3.080000000000000e-003 1.195041730000000e+014
3.085000000000000e-003 1.195727470000000e+014
3.090000000000000e-003 1.196411960000000e+014
3.095000000000000e-003 1.197095190000000e+014
3.100000000000000e-003 1.197777170000000e+014
3.105000000000000e-003 1.198457920000000e+014
3.110000000000000e-003 1.199137440000000e+014
3.115000000000000e-003 1.199815740000000e+014
3.120000000000000e-003 1.200492830000000e+014
3.125000000000000e-003 1.201168700000000e+014
3.130000000000000e-003 1.201843380000000e+014
3.135000000000000e-003 1.202516860000000e+014
3.140000000000000e-003 1.203189150000000e+014
3.145000000000000e-003 1.203860270000000e+014
3.150000000000000e-003 1.204530210000000e+014
3.155000000000000e-003 1.205198980000000e+014
3.160000000000000e-003 1.205866590000000e+014
3.165000000000000e-003 1.206533020000000e+014
3.170000000000000e-003 1.207198280000000e+014
3.175000000000000e-003 1.207862360000000e+014
3.180000000000000e-003 1.208525250000000e+014
3.185000000000000e-003 1.209186960000000e+014
3.190000000000000e-003 1.209847480000000e+014
3.195000000000000e-003 1.210506800000000e+014
3.200000000000000e-003 1.211164930000000e+014
3.205000000000000e-003 1.211821860000000e+014
3.210000000000000e-003 1.212477580000000e+014
3.215000000000000e-003 1.213132090000000e+014
3.220000000000000e-003 1.213785400000000e+014
3.225000000000000e-003 1.214437480000000e+014
3.230000000000000e-003 1.215088350000000e+014
3.235000000000000e-003 1.215738000000000e+014
3.240000000000000e-003 1.216386430000000e+014
3.245000000000000e-003 1.217033620000000e+014
3.250000000000000e-003 1.217679590000000e+014
3.255000000000000e-003 1.218324310000000e+014
3.260000000000000e-003 1.218967800000000e+014
3.265000000000000e-003 1.219610050000000e+014
3.270000000000000e-003 1.220251040000000e+014
3.275000000000000e-003 1.220890790000000e+014
3.280000000000000e-003 1.221529290000000e+014
3.285000000000000e-003 1.222166530000000e+014
3.290000000000000e-003 1.222802510000000e+014
3.295000000000000e-003 1.223437220000000e+014
3.300000000000000e-003 1.224070670000000e+014
3.305000000000000e-003 1.224702850000000e+014
3.310000000000000e-003 1.225333790000000e+014
3.315000000000000e-003 1.225963520000000e+014
3.320000000000000e-003 1.226592060000000e+014
3.325000000000000e-003 1.227219450000000e+014
3.330000000000000e-003 1.227845720000000e+014
3.335000000000000e-003 1.228470890000000e+014
3.340000000000000e-003 1.229094990000000e+014
3.345000000000000e-003 1.229718050000000e+014
3.350000000000000e-003 1.230340110000000e+014
3.355000000000000e-003 1.230961180000000e+014
3.360000000000000e-003 1.231581310000000e+014
3.365000000000000e-003 1.232200510000000e+014
3.370000000000000e-003 1.232818820000000e+014
3.375000000000000e-003 1.233436270000000e+014
3.380000000000000e-003 1.234052880000000e+014
3.385000000000000e-003 1.234668690000000e+014
3.390000000000000e-003 1.235283720000000e+014
3.395000000000000e-003 1.235898000000000e+014
3.400000000000000e-003 1.236511570000000e+014
3.405000000000000e-003 1.237124450000000e+014
3.410000000000000e-003 1.237736660000000e+014
3.415000000000000e-003 1.238348250000000e+014
3.420000000000000e-003 1.238959240000000e+014
3.425000000000000e-003 1.239569650000000e+014
3.430000000000000e-003 1.240179520000000e+014
3.435000000000000e-003 1.240788880000000e+014
3.440000000000000e-003 1.241397750000000e+014
3.445000000000000e-003 1.242006170000000e+014
3.450000000000000e-003 1.242614160000000e+014
3.455000000000000e-003 1.243221740000000e+014
3.460000000000000e-003 1.243828900000000e+014
3.465000000000000e-003 1.244435620000000e+014
3.470000000000000e-003 1.245041860000000e+014
3.475000000000000e-003 1.245647610000000e+014
3.480000000000000e-003 1.246252840000000e+014
3.485000000000000e-003 1.246857530000000e+014
3.490000000000000e-003 1.247461650000000e+014
3.495000000000000e-003 1.248065180000000e+014
3.500000000000000e-003 1.248668090000000e+014
3.505000000000000e-003 1.249270360000000e+014
3.510000000000000e-003 1.249871970000000e+014
3.515000000000000e-003 1.250472880000000e+014
3.520000000000000e-003 1.251073090000000e+014
3.525000000000000e-003 1.251672550000000e+014
3.530000000000000e-003 1.252271260000000e+014
3.535000000000000e-003 1.252869180000000e+014
3.540000000000000e-003 1.253466280000000e+014
3.545000000000000e-003 1.254062550000000e+014
3.550000000000000e-003 1.254657970000000e+014
3.555000000000000e-003 1.255252500000000e+014
3.560000000000000e-003 1.255846120000000e+014
3.565000000000000e-003 1.256438810000000e+014
3.570000000000000e-003 1.257030540000000e+014
3.575000000000000e-003 1.257621300000000e+014
3.580000000000000e-003 1.258211040000000e+014
3.585000000000000e-003 1.258799760000000e+014
3.590000000000000e-003 1.259387430000000e+014
3.595000000000000e-003 1.259974010000000e+014
3.600000000000000e-003 1.260559500000000e+014
3.605000000000000e-003 1.261143870000000e+014
3.610000000000000e-003 1.261727130000000e+014
3.615000000000000e-003 1.262309320000000e+014
3.620000000000000e-003 1.262890450000000e+014
3.625000000000000e-003 1.263470550000000e+014
3.630000000000000e-003 1.264049640000000e+014
3.635000000000000e-003 1.264627750000000e+014
3.640000000000000e-003 1.265204890000000e+014
3.645000000000000e-003 1.265781100000000e+014
3.650000000000000e-003 1.266356400000000e+014
3.655000000000000e-003 1.266930810000000e+014
3.660000000000000e-003 1.267504350000000e+014
3.665000000000000e-003 1.268077060000000e+014
3.670000000000000e-003 1.268648940000000e+014
3.675000000000000e-003 1.269220030000000e+014
3.680000000000000e-003 1.269790350000000e+014
3.685000000000000e-003 1.270359930000000e+014
3.690000000000000e-003 1.270928780000000e+014
3.695000000000000e-003 1.271496930000000e+014
3.700000000000000e-003 1.272064410000000e+014
3.705000000000000e-003 1.272631230000000e+014
3.710000000000000e-003 1.273197430000000e+014
3.715000000000000e-003 1.273763020000000e+014
3.720000000000000e-003 1.274328040000000e+014
3.725000000000000e-003 1.274892490000000e+014
3.730000000000000e-003 1.275456420000000e+014
3.735000000000000e-003 1.276019830000000e+014
3.740000000000000e-003 1.276582760000000e+014
3.745000000000000e-003 1.277145230000000e+014
3.750000000000000e-003 1.277707260000000e+014
3.755000000000000e-003 1.278268870000000e+014
3.760000000000000e-003 1.278830060000000e+014
3.765000000000000e-003 1.279390830000000e+014
3.770000000000000e-003 1.279951180000000e+014
3.775000000000000e-003 1.280511090000000e+014
3.780000000000000e-003 1.281070570000000e+014
3.785000000000000e-003 1.281629610000000e+014
3.790000000000000e-003 1.282188200000000e+014
3.795000000000000e-003 1.282746350000000e+014
3.800000000000000e-003 1.283304040000000e+014
3.805000000000000e-003 1.283861280000000e+014
3.810000000000000e-003 1.284418060000000e+014
3.815000000000000e-003 1.284974370000000e+014
3.820000000000000e-003 1.285530210000000e+014
3.825000000000000e-003 1.286085590000000e+014
3.830000000000000e-003 1.286640480000000e+014
3.835000000000000e-003 1.287194890000000e+014
3.840000000000000e-003 1.287748820000000e+014
3.845000000000000e-003 1.288302260000000e+014
3.850000000000000e-003 1.288855200000000e+014
3.855000000000000e-003 1.289407640000000e+014
3.860000000000000e-003 1.289959580000000e+014
3.865000000000000e-003 1.290511020000000e+014
3.870000000000000e-003 1.291061940000000e+014
3.875000000000000e-003 1.291612350000000e+014
3.880000000000000e-003 1.292162240000000e+014
3.885000000000000e-003 1.292711610000000e+014
3.890000000000000e-003 1.293260440000000e+014
3.895000000000000e-003 1.293808750000000e+014
3.900000000000000e-003 1.294356520000000e+014
3.905000000000000e-003 1.294903750000000e+014
3.910000000000000e-003 1.295450430000000e+014
3.915000000000000e-003 1.295996560000000e+014
3.920000000000000e-003 1.296542120000000e+014
3.925000000000000e-003 1.297087120000000e+014
3.930000000000000e-003 1.297631540000000e+014
3.935000000000000e-003 1.298175380000000e+014
3.940000000000000e-003 1.298718640000000e+014
3.945000000000000e-003 1.299261290000000e+014
3.950000000000000e-003 1.299803350000000e+014
3.955000000000000e-003 1.300344790000000e+014
3.960000000000000e-003 1.300885620000000e+014
3.965000000000000e-003 1.301425830000000e+014
3.970000000000000e-003 1.301965410000000e+014
3.975000000000000e-003 1.302504350000000e+014
3.980000000000000e-003 1.303042640000000e+014
3.985000000000000e-003 1.303580290000000e+014
3.990000000000000e-003 1.304117270000000e+014
3.995000000000000e-003 1.304653600000000e+014
4.000000000000000e-003 1.305189250000000e+014
4.005000000000000e-003 1.305724220000000e+014
4.010000000000000e-003 1.306258510000000e+014
4.015000000000000e-003 1.306792110000000e+014
4.020000000000000e-003 1.307325010000000e+014
4.025000000000000e-003 1.307857200000000e+014
4.030000000000000e-003 1.308388680000000e+014
4.035000000000000e-003 1.308919440000000e+014
4.040000000000000e-003 1.309449480000000e+014
4.045000000000000e-003 1.309978780000000e+014
4.050000000000000e-003 1.310507340000000e+014
4.055000000000000e-003 1.311035160000000e+014
4.060000000000000e-003 1.311562240000000e+014
4.065000000000000e-003 1.312088590000000e+014
4.070000000000000e-003 1.312614220000000e+014
4.075000000000000e-003 1.313139150000000e+014
4.080000000000000e-003 1.313663370000000e+014
4.085000000000000e-003 1.314186910000000e+014
4.090000000000000e-003 1.314709770000000e+014
4.095000000000000e-003 1.315231950000000e+014
4.100000000000000e-003 1.315753480000000e+014
4.105000000000000e-003 1.316274350000000e+014
4.110000000000000e-003 1.316794590000000e+014
4.115000000000000e-003 1.317314190000000e+014
4.120000000000000e-003 1.317833160000000e+014
4.125000000000000e-003 1.318351530000000e+014
4.130000000000000e-003 1.318869290000000e+014
4.135000000000000e-003 1.319386460000000e+014
4.140000000000000e-003 1.319903040000000e+014
4.145000000000000e-003 1.320419050000000e+014
4.150000000000000e-003 1.320934490000000e+014
4.155000000000000e-003 1.321449380000000e+014
4.160000000000000e-003 1.321963720000000e+014
4.165000000000000e-003 1.322477520000000e+014
4.170000000000000e-003 1.322990800000000e+014
4.175000000000000e-003 1.323503560000000e+014
4.180000000000000e-003 1.324015810000000e+014
4.185000000000000e-003 1.324527560000000e+014
4.190000000000000e-003 1.325038830000000e+014
4.195000000000000e-003 1.325549610000000e+014
4.200000000000000e-003 1.326059930000000e+014
4.205000000000000e-003 1.326569780000000e+014
4.210000000000000e-003 1.327079170000000e+014
4.215000000000000e-003 1.327588070000000e+014
4.220000000000000e-003 1.328096490000000e+014
4.225000000000000e-003 1.328604410000000e+014
4.230000000000000e-003 1.329111820000000e+014
4.235000000000000e-003 1.329618720000000e+014
4.240000000000000e-003 1.330125100000000e+014
4.245000000000000e-003 1.330630940000000e+014
4.250000000000000e-003 1.331136240000000e+014
4.255000000000000e-003 1.331640990000000e+014
4.260000000000000e-003 1.332145170000000e+014
4.265000000000000e-003 1.332648790000000e+014
4.270000000000000e-003 1.333151820000000e+014
4.275000000000000e-003 1.333654270000000e+014
4.280000000000000e-003 1.334156120000000e+014
4.285000000000000e-003 1.334657360000000e+014
4.290000000000000e-003 1.335157980000000e+014
4.295000000000000e-003 1.335657980000000e+014
4.300000000000000e-003 1.336157350000000e+014
4.305000000000000e-003 1.336656070000000e+014
4.310000000000000e-003 1.337154140000000e+014
4.315000000000000e-003 1.337651550000000e+014
4.320000000000000e-003 1.338148280000000e+014
4.325000000000000e-003 1.338644330000000e+014
4.330000000000000e-003 1.339139700000000e+014
4.335000000000000e-003 1.339634360000000e+014
4.340000000000000e-003 1.340128320000000e+014
4.345000000000000e-003 1.340621560000000e+014
4.350000000000000e-003 1.341114070000000e+014
4.355000000000000e-003 1.341605850000000e+014
4.360000000000000e-003 1.342096900000000e+014
4.365000000000000e-003 1.342587220000000e+014
4.370000000000000e-003 1.343076820000000e+014
4.375000000000000e-003 1.343565710000000e+014
4.380000000000000e-003 1.344053880000000e+014
4.385000000000000e-003 1.344541350000000e+014
4.390000000000000e-003 1.345028120000000e+014
4.395000000000000e-003 1.345514200000000e+014
4.400000000000000e-003 1.345999580000000e+014
4.405000000000000e-003 1.346484280000000e+014
4.410000000000000e-003 1.346968300000000e+014
4.415000000000000e-003 1.347451640000000e+014
4.420000000000000e-003 1.347934310000000e+014
4.425000000000000e-003 1.348416320000000e+014
4.430000000000000e-003 1.348897660000000e+014
4.435000000000000e-003 1.349378360000000e+014
4.440000000000000e-003 1.349858400000000e+014
4.445000000000000e-003 1.350337790000000e+014
4.450000000000000e-003 1.350816550000000e+014
4.455000000000000e-003 1.351294670000000e+014
4.460000000000000e-003 1.351772160000000e+014
4.465000000000000e-003 1.352249030000000e+014
4.470000000000000e-003 1.352725280000000e+014
4.475000000000000e-003 1.353200910000000e+014
4.480000000000000e-003 1.353675930000000e+014
4.485000000000000e-003 1.354150350000000e+014
4.490000000000000e-003 1.354624160000000e+014
4.495000000000000e-003 1.355097390000000e+014
4.500000000000000e-003 1.355570020000000e+014
4.505000000000000e-003 1.356042070000000e+014
4.510000000000000e-003 1.356513520000000e+014
4.515000000000000e-003 1.356984360000000e+014
4.520000000000000e-003 1.357454590000000e+014
4.525000000000000e-003 1.357924190000000e+014
4.530000000000000e-003 1.358393140000000e+014
4.535000000000000e-003 1.358861450000000e+014
4.540000000000000e-003 1.359329100000000e+014
4.545000000000000e-003 1.359796070000000e+014
4.550000000000000e-003 1.360262370000000e+014
4.555000000000000e-003 1.360727960000000e+014
4.560000000000000e-003 1.361192860000000e+014
4.565000000000000e-003 1.361657030000000e+014
4.570000000000000e-003 1.362120480000000e+014
4.575000000000000e-003 1.362583190000000e+014
4.580000000000000e-003 1.363045150000000e+014
4.585000000000000e-003 1.363506350000000e+014
4.590000000000000e-003 1.363966790000000e+014
4.595000000000000e-003 1.364426430000000e+014
4.600000000000000e-003 1.364885290000000e+014
4.605000000000000e-003 1.365343340000000e+014
4.610000000000000e-003 1.365800580000000e+014
4.615000000000000e-003 1.366256990000000e+014
4.620000000000000e-003 1.366712570000000e+014
4.625000000000000e-003 1.367167290000000e+014
4.630000000000000e-003 1.367621160000000e+014
4.635000000000000e-003 1.368074160000000e+014
4.640000000000000e-003 1.368526280000000e+014
4.645000000000000e-003 1.368977510000000e+014
4.650000000000000e-003 1.369427830000000e+014
4.655000000000000e-003 1.369877240000000e+014
4.660000000000000e-003 1.370325730000000e+014
4.665000000000000e-003 1.370773300000000e+014
4.670000000000000e-003 1.371219940000000e+014
4.675000000000000e-003 1.371665640000000e+014
4.680000000000000e-003 1.372110400000000e+014
4.685000000000000e-003 1.372554220000000e+014
4.690000000000000e-003 1.372997080000000e+014
4.695000000000000e-003 1.373438990000000e+014
4.700000000000000e-003 1.373879930000000e+014
4.705000000000000e-003 1.374319900000000e+014
4.710000000000000e-003 1.374758900000000e+014
4.715000000000000e-003 1.375196920000000e+014
4.720000000000000e-003 1.375633950000000e+014
4.725000000000000e-003 1.376070000000000e+014
4.730000000000000e-003 1.376505040000000e+014
4.735000000000000e-003 1.376939090000000e+014
4.740000000000000e-003 1.377372130000000e+014
4.745000000000000e-003 1.377804150000000e+014
4.750000000000000e-003 1.378235160000000e+014
4.755000000000000e-003 1.378665140000000e+014
4.760000000000000e-003 1.379094100000000e+014
4.765000000000000e-003 1.379522020000000e+014
4.770000000000000e-003 1.379948900000000e+014
4.775000000000000e-003 1.380374730000000e+014
4.780000000000000e-003 1.380799510000000e+014
4.785000000000000e-003 1.381223230000000e+014
4.790000000000000e-003 1.381645900000000e+014
4.795000000000000e-003 1.382067490000000e+014
4.800000000000000e-003 1.382488010000000e+014
4.805000000000000e-003 1.382907450000000e+014
4.810000000000000e-003 1.383325830000000e+014
4.815000000000000e-003 1.383743150000000e+014
4.820000000000000e-003 1.384159420000000e+014
4.825000000000000e-003 1.384574660000000e+014
4.830000000000000e-003 1.384988870000000e+014
4.835000000000000e-003 1.385402070000000e+014
4.840000000000000e-003 1.385814270000000e+014
4.845000000000000e-003 1.386225470000000e+014
4.850000000000000e-003 1.386635700000000e+014
4.855000000000000e-003 1.387044950000000e+014
4.860000000000000e-003 1.387453240000000e+014
4.865000000000000e-003 1.387860590000000e+014
4.870000000000000e-003 1.388267000000000e+014
4.875000000000000e-003 1.388672480000000e+014
4.880000000000000e-003 1.389077050000000e+014
4.885000000000000e-003 1.389480710000000e+014
4.890000000000000e-003 1.389883480000000e+014
4.895000000000000e-003 1.390285360000000e+014
4.900000000000000e-003 1.390686380000000e+014
4.905000000000000e-003 1.391086530000000e+014
4.910000000000000e-003 1.391485830000000e+014
4.915000000000000e-003 1.391884290000000e+014
4.920000000000000e-003 1.392281930000000e+014
4.925000000000000e-003 1.392678750000000e+014
4.930000000000000e-003 1.393074760000000e+014
4.935000000000000e-003 1.393469970000000e+014
4.940000000000000e-003 1.393864400000000e+014
4.945000000000000e-003 1.394258060000000e+014
4.950000000000000e-003 1.394650950000000e+014
4.955000000000000e-003 1.395043090000000e+014
4.960000000000000e-003 1.395434450000000e+014
4.965000000000000e-003 1.395825040000000e+014
4.970000000000000e-003 1.396214820000000e+014
4.975000000000000e-003 1.396603790000000e+014
4.980000000000000e-003 1.396991930000000e+014
4.985000000000000e-003 1.397379220000000e+014
4.990000000000000e-003 1.397765640000000e+014
4.995000000000000e-003 1.398151190000000e+014
5.000000000000000e-003 1.398535840000000e+014
5.005000000000000e-003 1.398919580000000e+014
5.010000000000000e-003 1.399302390000000e+014
5.015000000000000e-003 1.399684260000000e+014
5.020000000000000e-003 1.400065170000000e+014
5.025000000000000e-003 1.400445110000000e+014
5.030000000000000e-003 1.400824060000000e+014
5.035000000000000e-003 1.401201990000000e+014
5.040000000000000e-003 1.401578910000000e+014
5.045000000000000e-003 1.401954790000000e+014
5.050000000000000e-003 1.402329610000000e+014
5.055000000000000e-003 1.402703360000000e+014
5.060000000000000e-003 1.403076030000000e+014
5.065000000000000e-003 1.403447590000000e+014
5.070000000000000e-003 1.403818040000000e+014
5.075000000000000e-003 1.404187350000000e+014
5.080000000000000e-003 1.404555520000000e+014
5.085000000000000e-003 1.404922510000000e+014
5.090000000000000e-003 1.405288330000000e+014
5.095000000000000e-003 1.405652950000000e+014
5.100000000000000e-003 1.406016350000000e+014
5.105000000000000e-003 1.406378530000000e+014
5.110000000000000e-003 1.406739490000000e+014
5.115000000000000e-003 1.407099230000000e+014
5.120000000000000e-003 1.407457770000000e+014
5.125000000000000e-003 1.407815120000000e+014
5.130000000000000e-003 1.408171280000000e+014
5.135000000000000e-003 1.408526260000000e+014
5.140000000000000e-003 1.408880070000000e+014
5.145000000000000e-003 1.409232710000000e+014
5.150000000000000e-003 1.409584210000000e+014
5.155000000000000e-003 1.409934550000000e+014
5.160000000000000e-003 1.410283770000000e+014
5.165000000000000e-003 1.410631850000000e+014
5.170000000000000e-003 1.410978810000000e+014
5.175000000000000e-003 1.411324660000000e+014
5.180000000000000e-003 1.411669410000000e+014
5.185000000000000e-003 1.412013060000000e+014
5.190000000000000e-003 1.412355630000000e+014
5.195000000000000e-003 1.412697120000000e+014
5.200000000000000e-003 1.413037540000000e+014
5.205000000000000e-003 1.413376900000000e+014
5.210000000000000e-003 1.413715210000000e+014
5.215000000000000e-003 1.414052470000000e+014
5.220000000000000e-003 1.414388690000000e+014
5.225000000000000e-003 1.414723890000000e+014
5.230000000000000e-003 1.415058070000000e+014
5.235000000000000e-003 1.415391240000000e+014
5.240000000000000e-003 1.415723410000000e+014
5.245000000000000e-003 1.416054580000000e+014
5.250000000000000e-003 1.416384770000000e+014
5.255000000000000e-003 1.416713980000000e+014
5.260000000000000e-003 1.417042190000000e+014
5.265000000000000e-003 1.417369390000000e+014
5.270000000000000e-003 1.417695560000000e+014
5.275000000000000e-003 1.418020680000000e+014
5.280000000000000e-003 1.418344740000000e+014
5.285000000000000e-003 1.418667710000000e+014
5.290000000000000e-003 1.418989580000000e+014
5.295000000000000e-003 1.419310330000000e+014
5.300000000000000e-003 1.419629950000000e+014
5.305000000000000e-003 1.419948410000000e+014
5.310000000000000e-003 1.420265700000000e+014
5.315000000000000e-003 1.420581800000000e+014
5.320000000000000e-003 1.420896690000000e+014
5.325000000000000e-003 1.421210350000000e+014
5.330000000000000e-003 1.421522780000000e+014
5.335000000000000e-003 1.421833940000000e+014
5.340000000000000e-003 1.422143820000000e+014
5.345000000000000e-003 1.422452410000000e+014
5.350000000000000e-003 1.422759680000000e+014
5.355000000000000e-003 1.423065620000000e+014
5.360000000000000e-003 1.423370210000000e+014
5.365000000000000e-003 1.423673430000000e+014
5.370000000000000e-003 1.423975270000000e+014
5.375000000000000e-003 1.424275700000000e+014
5.380000000000000e-003 1.424574720000000e+014
5.385000000000000e-003 1.424872290000000e+014
5.390000000000000e-003 1.425168410000000e+014
5.395000000000000e-003 1.425463060000000e+014
5.400000000000000e-003 1.425756210000000e+014
5.405000000000000e-003 1.426047860000000e+014
5.410000000000000e-003 1.426338020000000e+014
5.415000000000000e-003 1.426626700000000e+014
5.420000000000000e-003 1.426913930000000e+014
5.425000000000000e-003 1.427199730000000e+014
5.430000000000000e-003 1.427484100000000e+014
5.435000000000000e-003 1.427767080000000e+014
5.440000000000000e-003 1.428048670000000e+014
5.445000000000000e-003 1.428328900000000e+014
5.450000000000000e-003 1.428607790000000e+014
5.455000000000000e-003 1.428885350000000e+014
5.460000000000000e-003 1.429161600000000e+014
5.465000000000000e-003 1.429436560000000e+014
5.470000000000000e-003 1.429710250000000e+014
5.475000000000000e-003 1.429982690000000e+014
5.480000000000000e-003 1.430253890000000e+014
5.485000000000000e-003 1.430523880000000e+014
5.490000000000000e-003 1.430792660000000e+014
5.495000000000000e-003 1.431060270000000e+014
5.500000000000000e-003 1.431326710000000e+014
5.505000000000000e-003 1.431592020000000e+014
5.510000000000000e-003 1.431856190000000e+014
5.515000000000000e-003 1.432119260000000e+014
5.520000000000000e-003 1.432381240000000e+014
5.525000000000000e-003 1.432642150000000e+014
5.530000000000000e-003 1.432902010000000e+014
5.535000000000000e-003 1.433160830000000e+014
5.540000000000000e-003 1.433418640000000e+014
5.545000000000000e-003 1.433675450000000e+014
5.550000000000000e-003 1.433931280000000e+014
5.555000000000000e-003 1.434186150000000e+014
5.560000000000000e-003 1.434440040000000e+014
5.565000000000000e-003 1.434692950000000e+014
5.570000000000000e-003 1.434944870000000e+014
5.575000000000000e-003 1.435195780000000e+014
5.580000000000000e-003 1.435445680000000e+014
5.585000000000000e-003 1.435694550000000e+014
5.590000000000000e-003 1.435942380000000e+014
5.595000000000000e-003 1.436189160000000e+014
5.600000000000000e-003 1.436434880000000e+014
5.605000000000000e-003 1.436679530000000e+014
5.610000000000000e-003 1.436923100000000e+014
5.615000000000000e-003 1.437165570000000e+014
5.620000000000000e-003 1.437406940000000e+014
5.625000000000000e-003 1.437647190000000e+014
5.630000000000000e-003 1.437886310000000e+014
5.635000000000000e-003 1.438124290000000e+014
5.640000000000000e-003 1.438361130000000e+014
5.645000000000000e-003 1.438596800000000e+014
5.650000000000000e-003 1.438831300000000e+014
5.655000000000000e-003 1.439064620000000e+014
5.660000000000000e-003 1.439296750000000e+014
5.665000000000000e-003 1.439527660000000e+014
5.670000000000000e-003 1.439757370000000e+014
5.675000000000000e-003 1.439985840000000e+014
5.680000000000000e-003 1.440213080000000e+014
5.685000000000000e-003 1.440439060000000e+014
5.690000000000000e-003 1.440663790000000e+014
5.695000000000000e-003 1.440887240000000e+014
5.700000000000000e-003 1.441109410000000e+014
5.705000000000000e-003 1.441330290000000e+014
5.710000000000000e-003 1.441549880000000e+014
5.715000000000000e-003 1.441768180000000e+014
5.720000000000000e-003 1.441985200000000e+014
5.725000000000000e-003 1.442200940000000e+014
5.730000000000000e-003 1.442415400000000e+014
5.735000000000000e-003 1.442628600000000e+014
5.740000000000000e-003 1.442840530000000e+014
5.745000000000000e-003 1.443051200000000e+014
5.750000000000000e-003 1.443260610000000e+014
5.755000000000000e-003 1.443468770000000e+014
5.760000000000000e-003 1.443675670000000e+014
5.765000000000000e-003 1.443881330000000e+014
5.770000000000000e-003 1.444085750000000e+014
5.775000000000000e-003 1.444288930000000e+014
5.780000000000000e-003 1.444490880000000e+014
5.785000000000000e-003 1.444691600000000e+014
5.790000000000000e-003 1.444891100000000e+014
5.795000000000000e-003 1.445089370000000e+014
5.800000000000000e-003 1.445286420000000e+014
5.805000000000000e-003 1.445482260000000e+014
5.810000000000000e-003 1.445676890000000e+014
5.815000000000000e-003 1.445870320000000e+014
5.820000000000000e-003 1.446062550000000e+014
5.825000000000000e-003 1.446253570000000e+014
5.830000000000000e-003 1.446443410000000e+014
5.835000000000000e-003 1.446632060000000e+014
5.840000000000000e-003 1.446819520000000e+014
5.845000000000000e-003 1.447005800000000e+014
5.850000000000000e-003 1.447190900000000e+014
5.855000000000000e-003 1.447374830000000e+014
5.860000000000000e-003 1.447557580000000e+014
5.865000000000000e-003 1.447739150000000e+014
5.870000000000000e-003 1.447919530000000e+014
5.875000000000000e-003 1.448098720000000e+014
5.880000000000000e-003 1.448276700000000e+014
5.885000000000000e-003 1.448453490000000e+014
5.890000000000000e-003 1.448629070000000e+014
5.895000000000000e-003 1.448803430000000e+014
5.900000000000000e-003 1.448976570000000e+014
5.905000000000000e-003 1.449148490000000e+014
5.910000000000000e-003 1.449319190000000e+014
5.915000000000000e-003 1.449488640000000e+014
5.920000000000000e-003 1.449656860000000e+014
5.925000000000000e-003 1.449823840000000e+014
5.930000000000000e-003 1.449989560000000e+014
5.935000000000000e-003 1.450154040000000e+014
5.940000000000000e-003 1.450317250000000e+014
5.945000000000000e-003 1.450479200000000e+014
5.950000000000000e-003 1.450639870000000e+014
5.955000000000000e-003 1.450799280000000e+014
5.960000000000000e-003 1.450957400000000e+014
5.965000000000000e-003 1.451114240000000e+014
5.970000000000000e-003 1.451269790000000e+014
5.975000000000000e-003 1.451424040000000e+014
5.980000000000000e-003 1.451577000000000e+014
5.985000000000000e-003 1.451728650000000e+014
5.990000000000000e-003 1.451878980000000e+014
5.995000000000000e-003 1.452028010000000e+014
6.000000000000000e-003 1.452175710000000e+014
6.005000000000000e-003 1.452322090000000e+014
6.010000000000000e-003 1.452467160000000e+014
6.015000000000000e-003 1.452610940000000e+014
6.020000000000000e-003 1.452753440000000e+014
6.025000000000000e-003 1.452894680000000e+014
6.030000000000000e-003 1.453034680000000e+014
6.035000000000000e-003 1.453173450000000e+014
6.040000000000000e-003 1.453311010000000e+014
6.045000000000000e-003 1.453447370000000e+014
6.050000000000000e-003 1.453582560000000e+014
6.055000000000000e-003 1.453716580000000e+014
6.060000000000000e-003 1.453849460000000e+014
6.065000000000000e-003 1.453981200000000e+014
6.070000000000000e-003 1.454111840000000e+014
6.075000000000000e-003 1.454241370000000e+014
6.080000000000000e-003 1.454369830000000e+014
6.085000000000000e-003 1.454497220000000e+014
6.090000000000000e-003 1.454623560000000e+014
6.095000000000000e-003 1.454748870000000e+014
6.100000000000000e-003 1.454873170000000e+014
6.105000000000000e-003 1.454996460000000e+014
6.110000000000000e-003 1.455118770000000e+014
6.115000000000000e-003 1.455240120000000e+014
6.120000000000000e-003 1.455360520000000e+014
6.125000000000000e-003 1.455479980000000e+014
6.130000000000000e-003 1.455598520000000e+014
6.135000000000000e-003 1.455716170000000e+014
6.140000000000000e-003 1.455832920000000e+014
6.145000000000000e-003 1.455948810000000e+014
6.150000000000000e-003 1.456063850000000e+014
6.155000000000000e-003 1.456178050000000e+014
6.160000000000000e-003 1.456291390000000e+014
6.165000000000000e-003 1.456403860000000e+014
6.170000000000000e-003 1.456515460000000e+014
6.175000000000000e-003 1.456626150000000e+014
6.180000000000000e-003 1.456735930000000e+014
6.185000000000000e-003 1.456844770000000e+014
6.190000000000000e-003 1.456952670000000e+014
6.195000000000000e-003 1.457059610000000e+014
6.200000000000000e-003 1.457165560000000e+014
6.205000000000000e-003 1.457270530000000e+014
6.210000000000000e-003 1.457374480000000e+014
6.215000000000000e-003 1.457477410000000e+014
6.220000000000000e-003 1.457579290000000e+014
6.225000000000000e-003 1.457680110000000e+014
6.230000000000000e-003 1.457779870000000e+014
6.235000000000000e-003 1.457878530000000e+014
6.240000000000000e-003 1.457976080000000e+014
6.245000000000000e-003 1.458072520000000e+014
6.250000000000000e-003 1.458167810000000e+014
6.255000000000000e-003 1.458261960000000e+014
6.260000000000000e-003 1.458354930000000e+014
6.265000000000000e-003 1.458446720000000e+014
6.270000000000000e-003 1.458537310000000e+014
6.275000000000000e-003 1.458626680000000e+014
6.280000000000000e-003 1.458714820000000e+014
6.285000000000000e-003 1.458801710000000e+014
6.290000000000000e-003 1.458887340000000e+014
6.295000000000000e-003 1.458971690000000e+014
6.300000000000000e-003 1.459054740000000e+014
6.305000000000000e-003 1.459136490000000e+014
6.310000000000000e-003 1.459216950000000e+014
6.315000000000000e-003 1.459296140000000e+014
6.320000000000000e-003 1.459374100000000e+014
6.325000000000000e-003 1.459450850000000e+014
6.330000000000000e-003 1.459526410000000e+014
6.335000000000000e-003 1.459600810000000e+014
6.340000000000000e-003 1.459674070000000e+014
6.345000000000000e-003 1.459746220000000e+014
6.350000000000000e-003 1.459817290000000e+014
6.355000000000000e-003 1.459887290000000e+014
6.360000000000000e-003 1.459956250000000e+014
6.365000000000000e-003 1.460024200000000e+014
6.370000000000000e-003 1.460091160000000e+014
6.375000000000000e-003 1.460157160000000e+014
6.380000000000000e-003 1.460222230000000e+014
6.385000000000000e-003 1.460286380000000e+014
6.390000000000000e-003 1.460349640000000e+014
6.395000000000000e-003 1.460412040000000e+014
6.400000000000000e-003 1.460473610000000e+014
6.405000000000000e-003 1.460534360000000e+014
6.410000000000000e-003 1.460594320000000e+014
6.415000000000000e-003 1.460653520000000e+014
6.420000000000000e-003 1.460711980000000e+014
6.425000000000000e-003 1.460769730000000e+014
6.430000000000000e-003 1.460826790000000e+014
6.435000000000000e-003 1.460883190000000e+014
6.440000000000000e-003 1.460938950000000e+014
6.445000000000000e-003 1.460994100000000e+014
6.450000000000000e-003 1.461048660000000e+014
6.455000000000000e-003 1.461102650000000e+014
6.460000000000000e-003 1.461156060000000e+014
6.465000000000000e-003 1.461208870000000e+014
6.470000000000000e-003 1.461261060000000e+014
6.475000000000000e-003 1.461312630000000e+014
6.480000000000000e-003 1.461363540000000e+014
6.485000000000000e-003 1.461413780000000e+014
6.490000000000000e-003 1.461463340000000e+014
6.495000000000000e-003 1.461512190000000e+014
6.500000000000000e-003 1.461560330000000e+014
6.505000000000000e-003 1.461607720000000e+014
6.510000000000000e-003 1.461654360000000e+014
6.515000000000000e-003 1.461700230000000e+014
6.520000000000000e-003 1.461745310000000e+014
6.525000000000000e-003 1.461789580000000e+014
6.530000000000000e-003 1.461833020000000e+014
6.535000000000000e-003 1.461875620000000e+014
6.540000000000000e-003 1.461917360000000e+014
6.545000000000000e-003 1.461958220000000e+014
6.550000000000000e-003 1.461998180000000e+014
6.555000000000000e-003 1.462037240000000e+014
6.560000000000000e-003 1.462075360000000e+014
6.565000000000000e-003 1.462112530000000e+014
6.570000000000000e-003 1.462148740000000e+014
6.575000000000000e-003 1.462183970000000e+014
6.580000000000000e-003 1.462218190000000e+014
6.585000000000000e-003 1.462251400000000e+014
6.590000000000000e-003 1.462283570000000e+014
6.595000000000000e-003 1.462314680000000e+014
6.600000000000000e-003 1.462344730000000e+014
6.605000000000000e-003 1.462373700000000e+014
6.610000000000000e-003 1.462401600000000e+014
6.615000000000000e-003 1.462428450000000e+014
6.620000000000000e-003 1.462454290000000e+014
6.625000000000000e-003 1.462479130000000e+014
6.630000000000000e-003 1.462503000000000e+014
6.635000000000000e-003 1.462525920000000e+014
6.640000000000000e-003 1.462547910000000e+014
6.645000000000000e-003 1.462568990000000e+014
6.650000000000000e-003 1.462589190000000e+014
6.655000000000000e-003 1.462608540000000e+014
6.660000000000000e-003 1.462627040000000e+014
6.665000000000000e-003 1.462644740000000e+014
6.670000000000000e-003 1.462661640000000e+014
6.675000000000000e-003 1.462677770000000e+014
6.680000000000000e-003 1.462693160000000e+014
6.685000000000000e-003 1.462707830000000e+014
6.690000000000000e-003 1.462721800000000e+014
6.695000000000000e-003 1.462735090000000e+014
6.700000000000000e-003 1.462747730000000e+014
6.705000000000000e-003 1.462759740000000e+014
6.710000000000000e-003 1.462771140000000e+014
6.715000000000000e-003 1.462781950000000e+014
6.720000000000000e-003 1.462792210000000e+014
6.725000000000000e-003 1.462801920000000e+014
6.730000000000000e-003 1.462811120000000e+014
6.735000000000000e-003 1.462819830000000e+014
6.740000000000000e-003 1.462828070000000e+014
6.745000000000000e-003 1.462835860000000e+014
6.750000000000000e-003 1.462843220000000e+014
6.755000000000000e-003 1.462850180000000e+014
6.760000000000000e-003 1.462856730000000e+014
6.765000000000000e-003 1.462862860000000e+014
6.770000000000000e-003 1.462868570000000e+014
6.775000000000000e-003 1.462873840000000e+014
6.780000000000000e-003 1.462878680000000e+014
6.785000000000000e-003 1.462883070000000e+014
6.790000000000000e-003 1.462887000000000e+014
6.795000000000000e-003 1.462890470000000e+014
6.800000000000000e-003 1.462893480000000e+014
6.805000000000000e-003 1.462896000000000e+014
6.810000000000000e-003 1.462898040000000e+014
6.815000000000000e-003 1.462899590000000e+014
6.820000000000000e-003 1.462900640000000e+014
6.825000000000000e-003 1.462901180000000e+014
6.830000000000000e-003 1.462901200000000e+014
6.835000000000000e-003 1.462900700000000e+014
6.840000000000000e-003 1.462899680000000e+014
6.845000000000000e-003 1.462898110000000e+014
6.850000000000000e-003 1.462896000000000e+014
6.855000000000000e-003 1.462893330000000e+014
6.860000000000000e-003 1.462890110000000e+014
6.865000000000000e-003 1.462886320000000e+014
6.870000000000000e-003 1.462881950000000e+014
6.875000000000000e-003 1.462877000000000e+014
6.880000000000000e-003 1.462871450000000e+014
6.885000000000000e-003 1.462865310000000e+014
6.890000000000000e-003 1.462858560000000e+014
6.895000000000000e-003 1.462851200000000e+014
6.900000000000000e-003 1.462843220000000e+014
6.905000000000000e-003 1.462834610000000e+014
6.910000000000000e-003 1.462825380000000e+014
6.915000000000000e-003 1.462815540000000e+014
6.920000000000000e-003 1.462805090000000e+014
6.925000000000000e-003 1.462794040000000e+014
6.930000000000000e-003 1.462782400000000e+014
6.935000000000000e-003 1.462770170000000e+014
6.940000000000000e-003 1.462757370000000e+014
6.945000000000000e-003 1.462744000000000e+014
6.950000000000000e-003 1.462730060000000e+014
6.955000000000000e-003 1.462715570000000e+014
6.960000000000000e-003 1.462700540000000e+014
6.965000000000000e-003 1.462684960000000e+014
6.970000000000000e-003 1.462668850000000e+014
6.975000000000000e-003 1.462652220000000e+014
6.980000000000000e-003 1.462635070000000e+014
6.985000000000000e-003 1.462617410000000e+014
6.990000000000000e-003 1.462599240000000e+014
6.995000000000000e-003 1.462580580000000e+014
7.000000000000000e-003 1.462561430000000e+014
7.005000000000000e-003 1.462541800000000e+014
7.010000000000000e-003 1.462521700000000e+014
7.015000000000000e-003 1.462501130000000e+014
7.020000000000000e-003 1.462480110000000e+014
7.025000000000000e-003 1.462458630000000e+014
7.030000000000000e-003 1.462436710000000e+014
7.035000000000000e-003 1.462414350000000e+014
7.040000000000000e-003 1.462391560000000e+014
7.045000000000000e-003 1.462368350000000e+014
7.050000000000000e-003 1.462344730000000e+014
7.055000000000000e-003 1.462320700000000e+014
7.060000000000000e-003 1.462296260000000e+014
7.065000000000000e-003 1.462271420000000e+014
7.070000000000000e-003 1.462246170000000e+014
7.075000000000000e-003 1.462220510000000e+014
7.080000000000000e-003 1.462194450000000e+014
7.085000000000000e-003 1.462167980000000e+014
7.090000000000000e-003 1.462141110000000e+014
7.095000000000000e-003 1.462113830000000e+014
7.100000000000000e-003 1.462086140000000e+014
7.105000000000000e-003 1.462058050000000e+014
7.110000000000000e-003 1.462029560000000e+014
7.115000000000000e-003 1.462000660000000e+014
7.120000000000000e-003 1.461971350000000e+014
7.125000000000000e-003 1.461941640000000e+014
7.130000000000000e-003 1.461911520000000e+014
7.135000000000000e-003 1.461881000000000e+014
7.140000000000000e-003 1.461850070000000e+014
7.145000000000000e-003 1.461818740000000e+014
7.150000000000000e-003 1.461787010000000e+014
7.155000000000000e-003 1.461754870000000e+014
7.160000000000000e-003 1.461722330000000e+014
7.165000000000000e-003 1.461689380000000e+014
7.170000000000000e-003 1.461656030000000e+014
7.175000000000000e-003 1.461622280000000e+014
7.180000000000000e-003 1.461588120000000e+014
7.185000000000000e-003 1.461553560000000e+014
7.190000000000000e-003 1.461518590000000e+014
7.195000000000000e-003 1.461483220000000e+014
7.200000000000000e-003 1.461447450000000e+014
7.205000000000000e-003 1.461411280000000e+014
7.210000000000000e-003 1.461374720000000e+014
7.215000000000000e-003 1.461337780000000e+014
7.220000000000000e-003 1.461300490000000e+014
7.225000000000000e-003 1.461262840000000e+014
7.230000000000000e-003 1.461224870000000e+014
7.235000000000000e-003 1.461186580000000e+014
7.240000000000000e-003 1.461147990000000e+014
7.245000000000000e-003 1.461109100000000e+014
7.250000000000000e-003 1.461069950000000e+014
7.255000000000000e-003 1.461030530000000e+014
7.260000000000000e-003 1.460990860000000e+014
7.265000000000000e-003 1.460950970000000e+014
7.270000000000000e-003 1.460910860000000e+014
7.275000000000000e-003 1.460870540000000e+014
7.280000000000000e-003 1.460830040000000e+014
7.285000000000000e-003 1.460789360000000e+014
7.290000000000000e-003 1.460748520000000e+014
7.295000000000000e-003 1.460707530000000e+014
7.300000000000000e-003 1.460666410000000e+014
7.305000000000000e-003 1.460625180000000e+014
7.310000000000000e-003 1.460583840000000e+014
7.315000000000000e-003 1.460542410000000e+014
7.320000000000000e-003 1.460500910000000e+014
7.325000000000000e-003 1.460459340000000e+014
7.330000000000000e-003 1.460417730000000e+014
7.335000000000000e-003 1.460376090000000e+014
7.340000000000000e-003 1.460334430000000e+014
7.345000000000000e-003 1.460292770000000e+014
7.350000000000000e-003 1.460251120000000e+014
7.355000000000000e-003 1.460209490000000e+014
7.360000000000000e-003 1.460167870000000e+014
7.365000000000000e-003 1.460126250000000e+014
7.370000000000000e-003 1.460084620000000e+014
7.375000000000000e-003 1.460042960000000e+014
7.380000000000000e-003 1.460001260000000e+014
7.385000000000000e-003 1.459959510000000e+014
7.390000000000000e-003 1.459917690000000e+014
7.395000000000000e-003 1.459875800000000e+014
7.400000000000000e-003 1.459833810000000e+014
7.405000000000000e-003 1.459791720000000e+014
7.410000000000000e-003 1.459749510000000e+014
7.415000000000000e-003 1.459707180000000e+014
7.420000000000000e-003 1.459664700000000e+014
7.425000000000000e-003 1.459622060000000e+014
7.430000000000000e-003 1.459579260000000e+014
7.435000000000000e-003 1.459536270000000e+014
7.440000000000000e-003 1.459493090000000e+014
7.445000000000000e-003 1.459449700000000e+014
7.450000000000000e-003 1.459406090000000e+014
7.455000000000000e-003 1.459362250000000e+014
7.460000000000000e-003 1.459318160000000e+014
7.465000000000000e-003 1.459273820000000e+014
7.470000000000000e-003 1.459229200000000e+014
7.475000000000000e-003 1.459184300000000e+014
7.480000000000000e-003 1.459139090000000e+014
7.485000000000000e-003 1.459093580000000e+014
7.490000000000000e-003 1.459047750000000e+014
7.495000000000000e-003 1.459001570000000e+014
7.500000000000000e-003 1.458955050000000e+014
7.505000000000000e-003 1.458908170000000e+014
7.510000000000000e-003 1.458860940000000e+014
7.515000000000000e-003 1.458813380000000e+014
7.520000000000000e-003 1.458765510000000e+014
7.525000000000000e-003 1.458717330000000e+014
7.530000000000000e-003 1.458668870000000e+014
7.535000000000000e-003 1.458620130000000e+014
7.540000000000000e-003 1.458571140000000e+014
7.545000000000000e-003 1.458521910000000e+014
7.550000000000000e-003 1.458472460000000e+014
7.555000000000000e-003 1.458422790000000e+014
7.560000000000000e-003 1.458372930000000e+014
7.565000000000000e-003 1.458322890000000e+014
7.570000000000000e-003 1.458272690000000e+014
7.575000000000000e-003 1.458222340000000e+014
7.580000000000000e-003 1.458171860000000e+014
7.585000000000000e-003 1.458121250000000e+014
7.590000000000000e-003 1.458070550000000e+014
7.595000000000000e-003 1.458019750000000e+014
7.600000000000000e-003 1.457968890000000e+014
7.605000000000000e-003 1.457917970000000e+014
7.610000000000000e-003 1.457867000000000e+014
7.615000000000000e-003 1.457816010000000e+014
7.620000000000000e-003 1.457765010000000e+014
7.625000000000000e-003 1.457714010000000e+014
7.630000000000000e-003 1.457663030000000e+014
7.635000000000000e-003 1.457612090000000e+014
7.640000000000000e-003 1.457561200000000e+014
7.645000000000000e-003 1.457510370000000e+014
7.650000000000000e-003 1.457459620000000e+014
7.655000000000000e-003 1.457408960000000e+014
7.660000000000000e-003 1.457358400000000e+014
7.665000000000000e-003 1.457307920000000e+014
7.670000000000000e-003 1.457257530000000e+014
7.675000000000000e-003 1.457207220000000e+014
7.680000000000000e-003 1.457156990000000e+014
7.685000000000000e-003 1.457106820000000e+014
7.690000000000000e-003 1.457056730000000e+014
7.695000000000000e-003 1.457006700000000e+014
7.700000000000000e-003 1.456956730000000e+014
7.705000000000000e-003 1.456906820000000e+014
7.710000000000000e-003 1.456856960000000e+014
7.715000000000000e-003 1.456807150000000e+014
7.720000000000000e-003 1.456757390000000e+014
7.725000000000000e-003 1.456707660000000e+014
7.730000000000000e-003 1.456657980000000e+014
7.735000000000000e-003 1.456608330000000e+014
7.740000000000000e-003 1.456558710000000e+014
7.745000000000000e-003 1.456509110000000e+014
7.750000000000000e-003 1.456459540000000e+014
7.755000000000000e-003 1.456409980000000e+014
7.760000000000000e-003 1.456360440000000e+014
7.765000000000000e-003 1.456310910000000e+014
7.770000000000000e-003 1.456261380000000e+014
7.775000000000000e-003 1.456211860000000e+014
7.780000000000000e-003 1.456162340000000e+014
7.785000000000000e-003 1.456112810000000e+014
7.790000000000000e-003 1.456063270000000e+014
7.795000000000000e-003 1.456013720000000e+014
7.800000000000000e-003 1.455964150000000e+014
7.805000000000000e-003 1.455914560000000e+014
7.810000000000000e-003 1.455864950000000e+014
7.815000000000001e-003 1.455815330000000e+014
7.820000000000001e-003 1.455765680000000e+014
7.825000000000000e-003 1.455716010000000e+014
7.830000000000000e-003 1.455666320000000e+014
7.835000000000000e-003 1.455616620000000e+014
7.840000000000000e-003 1.455566890000000e+014
7.845000000000000e-003 1.455517150000000e+014
7.849999999999999e-003 1.455467390000000e+014
7.854999999999999e-003 1.455417610000000e+014
7.860000000000001e-003 1.455367810000000e+014
7.865000000000001e-003 1.455317990000000e+014
7.870000000000000e-003 1.455268160000000e+014
7.875000000000000e-003 1.455218310000000e+014
7.880000000000000e-003 1.455168450000000e+014
7.885000000000000e-003 1.455118560000000e+014
7.889999999999999e-003 1.455068660000000e+014
7.894999999999999e-003 1.455018750000000e+014
7.900000000000001e-003 1.454968820000000e+014
7.905000000000001e-003 1.454918870000000e+014
7.910000000000000e-003 1.454868910000000e+014
7.915000000000000e-003 1.454818940000000e+014
7.920000000000000e-003 1.454768950000000e+014
7.925000000000000e-003 1.454718940000000e+014
7.930000000000000e-003 1.454668930000000e+014
7.934999999999999e-003 1.454618900000000e+014
7.939999999999999e-003 1.454568850000000e+014
7.945000000000001e-003 1.454518790000000e+014
7.950000000000001e-003 1.454468720000000e+014
7.955000000000000e-003 1.454418640000000e+014
7.960000000000000e-003 1.454368540000000e+014
7.965000000000000e-003 1.454318440000000e+014
7.970000000000000e-003 1.454268340000000e+014
7.975000000000000e-003 1.454218230000000e+014
7.979999999999999e-003 1.454168130000000e+014
7.985000000000001e-003 1.454118030000000e+014
7.990000000000001e-003 1.454067930000000e+014
7.995000000000000e-003 1.454017850000000e+014
8.000000000000000e-003 1.453967780000000e+014
8.005000000000000e-003 1.453917720000000e+014
8.010000000000000e-003 1.453867680000000e+014
8.015000000000000e-003 1.453817660000000e+014
8.019999999999999e-003 1.453767670000000e+014
8.024999999999999e-003 1.453717700000000e+014
8.030000000000001e-003 1.453667770000000e+014
8.035000000000001e-003 1.453617860000000e+014
8.040000000000000e-003 1.453567990000000e+014
8.045000000000000e-003 1.453518160000000e+014
8.050000000000000e-003 1.453468370000000e+014
8.055000000000000e-003 1.453418620000000e+014
8.060000000000000e-003 1.453368910000000e+014
8.064999999999999e-003 1.453319260000000e+014
8.070000000000001e-003 1.453269660000000e+014
8.075000000000001e-003 1.453220110000000e+014
8.080000000000000e-003 1.453170620000000e+014
8.085000000000000e-003 1.453121190000000e+014
8.090000000000000e-003 1.453071820000000e+014
8.095000000000000e-003 1.453022520000000e+014
8.100000000000000e-003 1.452973290000000e+014
8.104999999999999e-003 1.452924130000000e+014
8.109999999999999e-003 1.452875020000000e+014
8.115000000000001e-003 1.452825970000000e+014
8.120000000000001e-003 1.452776950000000e+014
8.125000000000000e-003 1.452727950000000e+014
8.130000000000000e-003 1.452678980000000e+014
8.135000000000000e-003 1.452630000000000e+014
8.140000000000000e-003 1.452581010000000e+014
8.145000000000000e-003 1.452532010000000e+014
8.149999999999999e-003 1.452482970000000e+014
8.155000000000001e-003 1.452433890000000e+014
8.160000000000001e-003 1.452384750000000e+014
8.165000000000000e-003 1.452335550000000e+014
8.170000000000000e-003 1.452286270000000e+014
8.175000000000000e-003 1.452236900000000e+014
8.180000000000000e-003 1.452187430000000e+014
8.185000000000000e-003 1.452137840000000e+014
8.189999999999999e-003 1.452088140000000e+014
8.194999999999999e-003 1.452038290000000e+014
8.200000000000001e-003 1.451988310000000e+014
8.205000000000001e-003 1.451938160000000e+014
8.210000000000000e-003 1.451887840000000e+014
8.215000000000000e-003 1.451837350000000e+014
8.220000000000000e-003 1.451786660000000e+014
8.225000000000000e-003 1.451735760000000e+014
8.230000000000000e-003 1.451684650000000e+014
8.234999999999999e-003 1.451633320000000e+014
8.240000000000001e-003 1.451581740000000e+014
8.245000000000001e-003 1.451529920000000e+014
8.250000000000000e-003 1.451477830000000e+014
8.255000000000000e-003 1.451425480000000e+014
8.260000000000000e-003 1.451372870000000e+014
8.265000000000000e-003 1.451320030000000e+014
8.270000000000000e-003 1.451266990000000e+014
8.274999999999999e-003 1.451213750000000e+014
8.279999999999999e-003 1.451160350000000e+014
8.285000000000001e-003 1.451106800000000e+014
8.290000000000001e-003 1.451053120000000e+014
8.295000000000000e-003 1.450999340000000e+014
8.300000000000000e-003 1.450945470000000e+014
8.305000000000000e-003 1.450891540000000e+014
8.310000000000000e-003 1.450837570000000e+014
8.315000000000000e-003 1.450783570000000e+014
8.319999999999999e-003 1.450729580000000e+014
8.325000000000001e-003 1.450675600000000e+014
8.330000000000001e-003 1.450621670000000e+014
8.335000000000000e-003 1.450567800000000e+014
8.340000000000000e-003 1.450514010000000e+014
8.345000000000000e-003 1.450460330000000e+014
8.350000000000000e-003 1.450406770000000e+014
8.355000000000000e-003 1.450353360000000e+014
8.359999999999999e-003 1.450300120000000e+014
8.364999999999999e-003 1.450247060000000e+014
8.370000000000001e-003 1.450194220000000e+014
8.375000000000001e-003 1.450141600000000e+014
8.380000000000000e-003 1.450089230000000e+014
8.385000000000000e-003 1.450037140000000e+014
8.390000000000000e-003 1.449985340000000e+014
8.395000000000000e-003 1.449933850000000e+014
8.400000000000000e-003 1.449882700000000e+014
8.404999999999999e-003 1.449831900000000e+014
8.410000000000001e-003 1.449781420000000e+014
8.415000000000001e-003 1.449731240000000e+014
8.420000000000000e-003 1.449681330000000e+014
8.425000000000000e-003 1.449631670000000e+014
8.430000000000000e-003 1.449582230000000e+014
8.435000000000000e-003 1.449532970000000e+014
8.440000000000000e-003 1.449483870000000e+014
8.444999999999999e-003 1.449434900000000e+014
8.449999999999999e-003 1.449386030000000e+014
8.455000000000001e-003 1.449337240000000e+014
8.460000000000001e-003 1.449288500000000e+014
8.465000000000000e-003 1.449239780000000e+014
8.470000000000000e-003 1.449191050000000e+014
8.475000000000000e-003 1.449142280000000e+014
8.480000000000000e-003 1.449093450000000e+014
8.485000000000000e-003 1.449044520000000e+014
8.489999999999999e-003 1.448995470000000e+014
8.495000000000001e-003 1.448946280000000e+014
8.500000000000001e-003 1.448896900000000e+014
8.505000000000000e-003 1.448847320000000e+014
8.510000000000000e-003 1.448797510000000e+014
8.515000000000000e-003 1.448747440000000e+014
8.520000000000000e-003 1.448697080000000e+014
8.525000000000000e-003 1.448646400000000e+014
8.529999999999999e-003 1.448595380000000e+014
8.534999999999999e-003 1.448543980000000e+014
8.540000000000001e-003 1.448492180000000e+014
8.545000000000001e-003 1.448439950000000e+014
8.550000000000000e-003 1.448387270000000e+014
8.555000000000000e-003 1.448334110000000e+014
8.560000000000000e-003 1.448280490000000e+014
8.565000000000000e-003 1.448226430000000e+014
8.570000000000000e-003 1.448171960000000e+014
8.574999999999999e-003 1.448117100000000e+014
8.580000000000001e-003 1.448061880000000e+014
8.585000000000001e-003 1.448006330000000e+014
8.590000000000000e-003 1.447950460000000e+014
8.595000000000000e-003 1.447894310000000e+014
8.600000000000000e-003 1.447837890000000e+014
8.605000000000000e-003 1.447781240000000e+014
8.610000000000000e-003 1.447724370000000e+014
8.614999999999999e-003 1.447667310000000e+014
8.619999999999999e-003 1.447610090000000e+014
8.625000000000001e-003 1.447552730000000e+014
8.630000000000001e-003 1.447495250000000e+014
8.635000000000000e-003 1.447437680000000e+014
8.640000000000000e-003 1.447380050000000e+014
8.645000000000000e-003 1.447322380000000e+014
8.650000000000000e-003 1.447264700000000e+014
8.655000000000000e-003 1.447207020000000e+014
8.659999999999999e-003 1.447149370000000e+014
8.665000000000001e-003 1.447091790000000e+014
8.670000000000001e-003 1.447034290000000e+014
8.675000000000000e-003 1.446976890000000e+014
8.680000000000000e-003 1.446919630000000e+014
8.685000000000000e-003 1.446862530000000e+014
8.690000000000000e-003 1.446805610000000e+014
8.695000000000000e-003 1.446748890000000e+014
8.699999999999999e-003 1.446692410000000e+014
8.704999999999999e-003 1.446636170000000e+014
8.710000000000001e-003 1.446580170000000e+014
8.715000000000001e-003 1.446524370000000e+014
8.720000000000000e-003 1.446468740000000e+014
8.725000000000000e-003 1.446413270000000e+014
8.730000000000000e-003 1.446357910000000e+014
8.735000000000000e-003 1.446302660000000e+014
8.740000000000000e-003 1.446247480000000e+014
8.744999999999999e-003 1.446192340000000e+014
8.750000000000001e-003 1.446137210000000e+014
8.755000000000001e-003 1.446082080000000e+014
8.760000000000000e-003 1.446026920000000e+014
8.765000000000000e-003 1.445971690000000e+014
8.770000000000000e-003 1.445916370000000e+014
8.775000000000000e-003 1.445860940000000e+014
8.780000000000000e-003 1.445805360000000e+014
8.784999999999999e-003 1.445749620000000e+014
8.789999999999999e-003 1.445693680000000e+014
8.795000000000001e-003 1.445637520000000e+014
8.800000000000001e-003 1.445581120000000e+014
8.805000000000000e-003 1.445524430000000e+014
8.810000000000000e-003 1.445467450000000e+014
8.815000000000000e-003 1.445410140000000e+014
8.820000000000000e-003 1.445352480000000e+014
8.825000000000000e-003 1.445294440000000e+014
8.829999999999999e-003 1.445235990000000e+014
8.835000000000001e-003 1.445177100000000e+014
8.840000000000001e-003 1.445117760000000e+014
8.845000000000000e-003 1.445057920000000e+014
8.850000000000000e-003 1.444997580000000e+014
8.855000000000000e-003 1.444936700000000e+014
8.860000000000000e-003 1.444875300000000e+014
8.865000000000000e-003 1.444813390000000e+014
8.869999999999999e-003 1.444750980000000e+014
8.874999999999999e-003 1.444688090000000e+014
8.880000000000001e-003 1.444624740000000e+014
8.885000000000001e-003 1.444560940000000e+014
8.890000000000000e-003 1.444496700000000e+014
8.895000000000000e-003 1.444432050000000e+014
8.900000000000000e-003 1.444366980000000e+014
8.905000000000000e-003 1.444301530000000e+014
8.910000000000000e-003 1.444235700000000e+014
8.914999999999999e-003 1.444169520000000e+014
8.920000000000001e-003 1.444102980000000e+014
8.925000000000001e-003 1.444036120000000e+014
8.930000000000000e-003 1.443968940000000e+014
8.935000000000000e-003 1.443901460000000e+014
8.940000000000000e-003 1.443833690000000e+014
8.945000000000000e-003 1.443765650000000e+014
8.950000000000000e-003 1.443697360000000e+014
8.954999999999999e-003 1.443628830000000e+014
8.959999999999999e-003 1.443560070000000e+014
8.965000000000001e-003 1.443491100000000e+014
8.970000000000001e-003 1.443421930000000e+014
8.975000000000000e-003 1.443352590000000e+014
8.980000000000000e-003 1.443283070000000e+014
8.985000000000000e-003 1.443213410000000e+014
8.990000000000000e-003 1.443143610000000e+014
8.995000000000000e-003 1.443073690000000e+014
8.999999999999999e-003 1.443003660000000e+014
9.005000000000001e-003 1.442933540000000e+014
9.010000000000001e-003 1.442863310000000e+014
9.015000000000000e-003 1.442792970000000e+014
9.020000000000000e-003 1.442722510000000e+014
9.025000000000000e-003 1.442651910000000e+014
9.030000000000000e-003 1.442581160000000e+014
9.035000000000000e-003 1.442510260000000e+014
9.039999999999999e-003 1.442439180000000e+014
9.044999999999999e-003 1.442367930000000e+014
9.050000000000001e-003 1.442296480000000e+014
9.055000000000001e-003 1.442224840000000e+014
9.060000000000000e-003 1.442152980000000e+014
9.065000000000000e-003 1.442080890000000e+014
9.070000000000000e-003 1.442008570000000e+014
9.075000000000000e-003 1.441936000000000e+014
9.080000000000000e-003 1.441863180000000e+014
9.084999999999999e-003 1.441790080000000e+014
9.090000000000001e-003 1.441716710000000e+014
9.095000000000001e-003 1.441643050000000e+014
9.100000000000000e-003 1.441569080000000e+014
9.105000000000000e-003 1.441494800000000e+014
9.110000000000000e-003 1.441420190000000e+014
9.115000000000000e-003 1.441345250000000e+014
9.120000000000000e-003 1.441269970000000e+014
9.124999999999999e-003 1.441194320000000e+014
9.129999999999999e-003 1.441118310000000e+014
9.135000000000001e-003 1.441041920000000e+014
9.140000000000001e-003 1.440965130000000e+014
9.145000000000000e-003 1.440887950000000e+014
9.150000000000000e-003 1.440810350000000e+014
9.155000000000000e-003 1.440732330000000e+014
9.160000000000000e-003 1.440653890000000e+014
9.165000000000000e-003 1.440575050000000e+014
9.169999999999999e-003 1.440495800000000e+014
9.175000000000001e-003 1.440416150000000e+014
9.180000000000001e-003 1.440336120000000e+014
9.185000000000001e-003 1.440255710000000e+014
9.190000000000000e-003 1.440174920000000e+014
9.195000000000000e-003 1.440093770000000e+014
9.200000000000000e-003 1.440012260000000e+014
9.205000000000000e-003 1.439930400000000e+014
9.209999999999999e-003 1.439848200000000e+014
9.214999999999999e-003 1.439765650000000e+014
9.220000000000001e-003 1.439682780000000e+014
9.225000000000001e-003 1.439599590000000e+014
9.230000000000000e-003 1.439516080000000e+014
9.235000000000000e-003 1.439432260000000e+014
9.240000000000000e-003 1.439348140000000e+014
9.245000000000000e-003 1.439263730000000e+014
9.250000000000000e-003 1.439179030000000e+014
9.254999999999999e-003 1.439094060000000e+014
9.259999999999999e-003 1.439008810000000e+014
9.265000000000001e-003 1.438923300000000e+014
9.270000000000001e-003 1.438837530000000e+014
9.275000000000000e-003 1.438751520000000e+014
9.280000000000000e-003 1.438665260000000e+014
9.285000000000000e-003 1.438578760000000e+014
9.290000000000000e-003 1.438492040000000e+014
9.294999999999999e-003 1.438405100000000e+014
9.299999999999999e-003 1.438317940000000e+014
9.305000000000001e-003 1.438230570000000e+014
9.310000000000001e-003 1.438142980000000e+014
9.315000000000000e-003 1.438055150000000e+014
9.320000000000000e-003 1.437967060000000e+014
9.325000000000000e-003 1.437878690000000e+014
9.330000000000000e-003 1.437790030000000e+014
9.335000000000000e-003 1.437701050000000e+014
9.339999999999999e-003 1.437611730000000e+014
9.344999999999999e-003 1.437522070000000e+014
9.350000000000001e-003 1.437432040000000e+014
9.355000000000001e-003 1.437341630000000e+014
9.360000000000000e-003 1.437250810000000e+014
9.365000000000000e-003 1.437159570000000e+014
9.370000000000000e-003 1.437067890000000e+014
9.375000000000000e-003 1.436975750000000e+014
9.379999999999999e-003 1.436883130000000e+014
9.384999999999999e-003 1.436790020000000e+014
9.390000000000001e-003 1.436696400000000e+014
9.395000000000001e-003 1.436602250000000e+014
9.400000000000000e-003 1.436507550000000e+014
9.405000000000000e-003 1.436412280000000e+014
9.410000000000000e-003 1.436316430000000e+014
9.415000000000000e-003 1.436219980000000e+014
9.420000000000000e-003 1.436122910000000e+014
9.424999999999999e-003 1.436025200000000e+014
9.429999999999999e-003 1.435926830000000e+014
9.435000000000001e-003 1.435827790000000e+014
9.440000000000001e-003 1.435728050000000e+014
9.445000000000000e-003 1.435627610000000e+014
9.450000000000000e-003 1.435526440000000e+014
9.455000000000000e-003 1.435424530000000e+014
9.460000000000000e-003 1.435321890000000e+014
9.465000000000000e-003 1.435218550000000e+014
9.469999999999999e-003 1.435114520000000e+014
9.475000000000001e-003 1.435009830000000e+014
9.480000000000001e-003 1.434904490000000e+014
9.485000000000000e-003 1.434798540000000e+014
9.490000000000000e-003 1.434691970000000e+014
9.495000000000000e-003 1.434584830000000e+014
9.500000000000000e-003 1.434477120000000e+014
9.505000000000000e-003 1.434368870000000e+014
9.509999999999999e-003 1.434260100000000e+014
9.514999999999999e-003 1.434150830000000e+014
9.520000000000001e-003 1.434041080000000e+014
9.525000000000001e-003 1.433930870000000e+014
9.530000000000000e-003 1.433820220000000e+014
9.535000000000000e-003 1.433709150000000e+014
9.540000000000000e-003 1.433597690000000e+014
9.545000000000000e-003 1.433485840000000e+014
9.550000000000000e-003 1.433373640000000e+014
9.554999999999999e-003 1.433261100000000e+014
9.560000000000001e-003 1.433148240000000e+014
9.565000000000001e-003 1.433035090000000e+014
9.570000000000000e-003 1.432921660000000e+014
9.575000000000000e-003 1.432807980000000e+014
9.580000000000000e-003 1.432694060000000e+014
9.585000000000000e-003 1.432579930000000e+014
9.590000000000000e-003 1.432465600000000e+014
9.594999999999999e-003 1.432351100000000e+014
9.599999999999999e-003 1.432236450000000e+014
9.605000000000001e-003 1.432121660000000e+014
9.610000000000001e-003 1.432006710000000e+014
9.615000000000000e-003 1.431891600000000e+014
9.620000000000000e-003 1.431776290000000e+014
9.625000000000000e-003 1.431660780000000e+014
9.630000000000000e-003 1.431545030000000e+014
9.635000000000000e-003 1.431429030000000e+014
9.639999999999999e-003 1.431312770000000e+014
9.645000000000001e-003 1.431196210000000e+014
9.650000000000001e-003 1.431079350000000e+014
9.655000000000000e-003 1.430962160000000e+014
9.660000000000000e-003 1.430844630000000e+014
9.665000000000000e-003 1.430726720000000e+014
9.670000000000000e-003 1.430608440000000e+014
9.675000000000000e-003 1.430489740000000e+014
9.679999999999999e-003 1.430370620000000e+014
9.684999999999999e-003 1.430251060000000e+014
9.690000000000001e-003 1.430131030000000e+014
9.695000000000001e-003 1.430010520000000e+014
9.700000000000000e-003 1.429889510000000e+014
9.705000000000000e-003 1.429767970000000e+014
9.710000000000000e-003 1.429645890000000e+014
9.715000000000000e-003 1.429523250000000e+014
9.720000000000000e-003 1.429400030000000e+014
9.724999999999999e-003 1.429276210000000e+014
9.730000000000001e-003 1.429151770000000e+014
9.735000000000001e-003 1.429026680000000e+014
9.740000000000000e-003 1.428900940000000e+014
9.745000000000000e-003 1.428774530000000e+014
9.750000000000000e-003 1.428647410000000e+014
9.755000000000000e-003 1.428519580000000e+014
9.760000000000000e-003 1.428391050000000e+014
9.764999999999999e-003 1.428261830000000e+014
9.769999999999999e-003 1.428131920000000e+014
9.775000000000001e-003 1.428001360000000e+014
9.780000000000001e-003 1.427870140000000e+014
9.785000000000000e-003 1.427738280000000e+014
9.790000000000000e-003 1.427605800000000e+014
9.795000000000000e-003 1.427472710000000e+014
9.800000000000000e-003 1.427339020000000e+014
9.805000000000000e-003 1.427204740000000e+014
9.809999999999999e-003 1.427069890000000e+014
9.815000000000001e-003 1.426934490000000e+014
9.820000000000001e-003 1.426798530000000e+014
9.825000000000000e-003 1.426662050000000e+014
9.830000000000000e-003 1.426525040000000e+014
9.835000000000000e-003 1.426387530000000e+014
9.840000000000000e-003 1.426249530000000e+014
9.845000000000000e-003 1.426111040000000e+014
9.849999999999999e-003 1.425972090000000e+014
9.854999999999999e-003 1.425832690000000e+014
9.860000000000001e-003 1.425692840000000e+014
9.865000000000001e-003 1.425552570000000e+014
9.870000000000000e-003 1.425411890000000e+014
9.875000000000000e-003 1.425270810000000e+014
9.880000000000000e-003 1.425129330000000e+014
9.885000000000000e-003 1.424987490000000e+014
9.890000000000000e-003 1.424845280000000e+014
9.894999999999999e-003 1.424702730000000e+014
9.900000000000001e-003 1.424559840000000e+014
9.905000000000001e-003 1.424416630000000e+014
9.910000000000000e-003 1.424273080000000e+014
9.915000000000000e-003 1.424129190000000e+014
9.920000000000000e-003 1.423984950000000e+014
9.925000000000000e-003 1.423840340000000e+014
9.930000000000000e-003 1.423695350000000e+014
9.934999999999999e-003 1.423549980000000e+014
9.939999999999999e-003 1.423404200000000e+014
9.945000000000001e-003 1.423258020000000e+014
9.950000000000001e-003 1.423111410000000e+014
9.955000000000000e-003 1.422964370000000e+014
9.960000000000000e-003 1.422816890000000e+014
9.965000000000000e-003 1.422668950000000e+014
9.970000000000000e-003 1.422520540000000e+014
9.975000000000000e-003 1.422371660000000e+014
9.979999999999999e-003 1.422222290000000e+014
9.985000000000001e-003 1.422072420000000e+014
9.990000000000001e-003 1.421922040000000e+014
9.995000000000000e-003 1.421771130000000e+014
1.000000000000000e-002 1.421619690000000e+014
