0.000000000000000e+000 1.412950000000000e+013
2.000000000000000e-005 1.202600000000000e+013
4.000000000000000e-005 1.124987500000000e+013
6.000000000000000e-005 1.068812500000000e+013
8.000000000000001e-005 1.023662500000000e+013
1.000000000000000e-004 9.854250000000000e+012
1.200000000000000e-004 9.520875000000000e+012
1.400000000000000e-004 9.224250000000000e+012
1.600000000000000e-004 8.956500000000000e+012
1.800000000000000e-004 8.712550000000000e+012
2.000000000000000e-004 8.487675000000000e+012
2.200000000000000e-004 8.279162500000000e+012
2.400000000000000e-004 8.084650000000000e+012
2.600000000000000e-004 7.902475000000000e+012
2.800000000000000e-004 7.730975000000000e+012
3.000000000000000e-004 7.569100000000000e+012
3.200000000000000e-004 7.415712500000000e+012
3.400000000000000e-004 7.270025000000000e+012
3.600000000000000e-004 7.131337500000000e+012
3.800000000000000e-004 6.998950000000000e+012
4.000000000000000e-004 6.872425000000000e+012
4.200000000000000e-004 6.751150000000000e+012
4.400000000000000e-004 6.634862500000000e+012
4.600000000000000e-004 6.523037500000000e+012
4.800000000000000e-004 6.415500000000000e+012
5.000000000000000e-004 6.311900000000000e+012
5.200000000000000e-004 6.211975000000000e+012
5.400000000000000e-004 6.115462500000000e+012
5.600000000000000e-004 6.022275000000000e+012
5.800000000000000e-004 5.932062500000000e+012
6.000000000000000e-004 5.844650000000000e+012
6.200000000000000e-004 5.760037500000000e+012
6.400000000000001e-004 5.677875000000000e+012
6.600000000000000e-004 5.598162500000000e+012
6.800000000000001e-004 5.520812500000000e+012
7.000000000000000e-004 5.445562500000000e+012
7.200000000000001e-004 5.372412500000000e+012
7.400000000000000e-004 5.301187500000000e+012
7.600000000000000e-004 5.231887500000000e+012
7.800000000000000e-004 5.164425000000000e+012
8.000000000000000e-004 5.098625000000000e+012
8.200000000000000e-004 5.034487500000000e+012
8.400000000000000e-004 4.971837500000000e+012
8.600000000000000e-004 4.910762500000000e+012
8.800000000000000e-004 4.851175000000000e+012
9.000000000000000e-004 4.792900000000000e+012
9.200000000000000e-004 4.736025000000000e+012
9.400000000000000e-004 4.680375000000000e+012
9.600000000000000e-004 4.625950000000000e+012
9.800000000000000e-004 4.572750000000000e+012
1.000000000000000e-003 4.520687500000000e+012
1.020000000000000e-003 4.469675000000000e+012
1.040000000000000e-003 4.419800000000000e+012
1.060000000000000e-003 4.370887500000000e+012
1.080000000000000e-003 4.323025000000000e+012
1.100000000000000e-003 4.276037500000000e+012
1.120000000000000e-003 4.230100000000000e+012
1.140000000000000e-003 4.184950000000000e+012
1.160000000000000e-003 4.140762500000000e+012
1.180000000000000e-003 4.097362500000000e+012
1.200000000000000e-003 4.054750000000000e+012
1.220000000000000e-003 4.012925000000000e+012
1.240000000000000e-003 3.971887500000000e+012
1.260000000000000e-003 3.931637500000000e+012
1.280000000000000e-003 3.892087500000000e+012
1.300000000000000e-003 3.853237500000000e+012
1.320000000000000e-003 3.815087500000000e+012
1.340000000000000e-003 3.777550000000000e+012
1.360000000000000e-003 3.740712500000000e+012
1.380000000000000e-003 3.704400000000000e+012
1.400000000000000e-003 3.668787500000000e+012
1.420000000000000e-003 3.633787500000000e+012
1.440000000000000e-003 3.599312500000000e+012
1.460000000000000e-003 3.565362500000000e+012
1.480000000000000e-003 3.532025000000000e+012
1.500000000000000e-003 3.499212500000000e+012
1.520000000000000e-003 3.466925000000000e+012
1.540000000000000e-003 3.435075000000000e+012
1.560000000000000e-003 3.403837500000000e+012
1.580000000000000e-003 3.373037500000000e+012
1.600000000000000e-003 3.342675000000000e+012
1.620000000000000e-003 3.312750000000000e+012
1.640000000000000e-003 3.283350000000000e+012
1.660000000000000e-003 3.254300000000000e+012
1.680000000000000e-003 3.225775000000000e+012
1.700000000000000e-003 3.197600000000000e+012
1.720000000000000e-003 3.169862500000000e+012
1.740000000000000e-003 3.142475000000000e+012
1.760000000000000e-003 3.115525000000000e+012
1.780000000000000e-003 3.089012500000000e+012
1.800000000000000e-003 3.062762500000000e+012
1.820000000000000e-003 3.036950000000000e+012
1.840000000000000e-003 3.011487500000000e+012
1.860000000000000e-003 2.986375000000000e+012
1.880000000000000e-003 2.961525000000000e+012
1.900000000000000e-003 2.937112500000000e+012
1.920000000000000e-003 2.912962500000000e+012
1.940000000000000e-003 2.889162500000000e+012
1.960000000000000e-003 2.865712500000000e+012
1.980000000000000e-003 2.842525000000000e+012
2.000000000000000e-003 2.819687500000000e+012
2.020000000000000e-003 2.797112500000000e+012
2.040000000000000e-003 2.774800000000000e+012
2.060000000000000e-003 2.752837500000000e+012
2.080000000000000e-003 2.731050000000000e+012
2.100000000000000e-003 2.709612500000000e+012
2.120000000000000e-003 2.688437500000000e+012
2.140000000000000e-003 2.667525000000000e+012
2.160000000000000e-003 2.646875000000000e+012
2.180000000000000e-003 2.626487500000000e+012
2.200000000000000e-003 2.606362500000000e+012
2.220000000000000e-003 2.586412500000000e+012
2.240000000000000e-003 2.566812500000000e+012
2.260000000000000e-003 2.547387500000000e+012
2.280000000000000e-003 2.528137500000000e+012
2.300000000000000e-003 2.509237500000000e+012
2.320000000000000e-003 2.490425000000000e+012
2.340000000000000e-003 2.471962500000000e+012
2.360000000000000e-003 2.453587500000000e+012
2.380000000000000e-003 2.435562500000000e+012
2.400000000000000e-003 2.417625000000000e+012
2.420000000000000e-003 2.399950000000000e+012
2.440000000000000e-003 2.382450000000000e+012
2.460000000000000e-003 2.365212500000000e+012
2.480000000000000e-003 2.348150000000000e+012
2.500000000000000e-003 2.331175000000000e+012
2.520000000000000e-003 2.314462500000000e+012
2.540000000000000e-003 2.298012500000000e+012
2.560000000000000e-003 2.281650000000000e+012
2.580000000000000e-003 2.265462500000000e+012
2.600000000000000e-003 2.249450000000000e+012
2.620000000000000e-003 2.233700000000000e+012
2.640000000000000e-003 2.218037500000000e+012
2.660000000000000e-003 2.202550000000000e+012
2.680000000000000e-003 2.187237500000000e+012
2.700000000000000e-003 2.172100000000000e+012
2.720000000000000e-003 2.157137500000000e+012
2.740000000000000e-003 2.142262500000000e+012
2.760000000000000e-003 2.127650000000000e+012
2.780000000000000e-003 2.113125000000000e+012
2.800000000000000e-003 2.098775000000000e+012
2.820000000000000e-003 2.084512500000000e+012
2.840000000000000e-003 2.070425000000000e+012
2.860000000000000e-003 2.056512500000000e+012
2.880000000000000e-003 2.042775000000000e+012
2.900000000000000e-003 2.029125000000000e+012
2.920000000000000e-003 2.015562500000000e+012
2.940000000000000e-003 2.002175000000000e+012
2.960000000000000e-003 1.988962500000000e+012
2.980000000000000e-003 1.975837500000000e+012
3.000000000000000e-003 1.962887500000000e+012
3.020000000000000e-003 1.950025000000000e+012
3.040000000000000e-003 1.937337500000000e+012
3.060000000000000e-003 1.924737500000000e+012
3.080000000000000e-003 1.912225000000000e+012
3.100000000000000e-003 1.899887500000000e+012
3.120000000000000e-003 1.887637500000000e+012
3.140000000000000e-003 1.875475000000000e+012
3.160000000000000e-003 1.863487500000000e+012
3.180000000000000e-003 1.851587500000000e+012
3.200000000000000e-003 1.839862500000000e+012
3.220000000000000e-003 1.828137500000000e+012
3.240000000000000e-003 1.816587500000000e+012
3.260000000000000e-003 1.805125000000000e+012
3.280000000000000e-003 1.793837500000000e+012
3.300000000000000e-003 1.782550000000000e+012
3.320000000000000e-003 1.771437500000000e+012
3.340000000000000e-003 1.760412500000000e+012
3.360000000000000e-003 1.749475000000000e+012
3.380000000000000e-003 1.738712500000000e+012
3.400000000000000e-003 1.727950000000000e+012
3.420000000000000e-003 1.717275000000000e+012
3.440000000000000e-003 1.706775000000000e+012
3.460000000000000e-003 1.696362500000000e+012
3.480000000000000e-003 1.686037500000000e+012
3.500000000000000e-003 1.675712500000000e+012
3.520000000000000e-003 1.665562500000000e+012
3.540000000000000e-003 1.655500000000000e+012
3.560000000000000e-003 1.645525000000000e+012
3.580000000000000e-003 1.635637500000000e+012
3.600000000000000e-003 1.625837500000000e+012
3.620000000000000e-003 1.616125000000000e+012
3.640000000000000e-003 1.606500000000000e+012
3.660000000000000e-003 1.596875000000000e+012
3.680000000000000e-003 1.587425000000000e+012
3.700000000000000e-003 1.578062500000000e+012
3.720000000000000e-003 1.568700000000000e+012
3.740000000000000e-003 1.559512500000000e+012
3.760000000000000e-003 1.550325000000000e+012
3.780000000000000e-003 1.541312500000000e+012
3.800000000000000e-003 1.532300000000000e+012
3.820000000000000e-003 1.523375000000000e+012
3.840000000000000e-003 1.514537500000000e+012
3.860000000000000e-003 1.505787500000000e+012
3.880000000000000e-003 1.497037500000000e+012
3.900000000000000e-003 1.488462500000000e+012
3.920000000000000e-003 1.479887500000000e+012
3.940000000000000e-003 1.471400000000000e+012
3.960000000000000e-003 1.463000000000000e+012
3.980000000000000e-003 1.454600000000000e+012
4.000000000000000e-003 1.446375000000000e+012
4.020000000000000e-003 1.438150000000000e+012
4.040000000000000e-003 1.430012500000000e+012
4.060000000000000e-003 1.421962500000000e+012
4.080000000000000e-003 1.413912500000000e+012
4.100000000000000e-003 1.405950000000000e+012
4.120000000000000e-003 1.398075000000000e+012
4.140000000000000e-003 1.390287500000000e+012
4.160000000000000e-003 1.382500000000000e+012
4.180000000000000e-003 1.374800000000000e+012
4.200000000000000e-003 1.367187500000000e+012
4.220000000000000e-003 1.359662500000000e+012
4.240000000000000e-003 1.352137500000000e+012
4.260000000000000e-003 1.344700000000000e+012
4.280000000000000e-003 1.337262500000000e+012
4.300000000000000e-003 1.329912500000000e+012
4.320000000000000e-003 1.322650000000000e+012
4.340000000000000e-003 1.315387500000000e+012
4.360000000000000e-003 1.308300000000000e+012
4.380000000000000e-003 1.301125000000000e+012
4.400000000000000e-003 1.294125000000000e+012
4.420000000000000e-003 1.287125000000000e+012
4.440000000000000e-003 1.280125000000000e+012
4.460000000000000e-003 1.273212500000000e+012
4.480000000000000e-003 1.266387500000000e+012
4.500000000000000e-003 1.259562500000000e+012
4.520000000000000e-003 1.252825000000000e+012
4.540000000000000e-003 1.246175000000000e+012
4.560000000000000e-003 1.239525000000000e+012
4.580000000000000e-003 1.232962500000000e+012
4.600000000000000e-003 1.226400000000000e+012
4.620000000000000e-003 1.219925000000000e+012
4.640000000000000e-003 1.213450000000000e+012
4.660000000000000e-003 1.207062500000000e+012
4.680000000000000e-003 1.200675000000000e+012
4.700000000000000e-003 1.194375000000000e+012
4.720000000000000e-003 1.188162500000000e+012
4.740000000000000e-003 1.181950000000000e+012
4.760000000000000e-003 1.175825000000000e+012
4.780000000000000e-003 1.169700000000000e+012
4.800000000000000e-003 1.163575000000000e+012
4.820000000000000e-003 1.157537500000000e+012
4.840000000000000e-003 1.151587500000000e+012
4.860000000000000e-003 1.145637500000000e+012
4.880000000000000e-003 1.139687500000000e+012
4.900000000000000e-003 1.133912500000000e+012
4.920000000000000e-003 1.128050000000000e+012
4.940000000000000e-003 1.122275000000000e+012
4.960000000000000e-003 1.116587500000000e+012
4.980000000000000e-003 1.110812500000000e+012
5.000000000000000e-003 1.105212500000000e+012
5.020000000000000e-003 1.099619850000000e+012
5.040000000000000e-003 1.094057270000000e+012
5.060000000000000e-003 1.088526010000000e+012
5.080000000000000e-003 1.083027330000000e+012
5.100000000000000e-003 1.077562500000000e+012
5.120000000000000e-003 1.072132750000000e+012
5.140000000000000e-003 1.066739230000000e+012
5.160000000000000e-003 1.061383100000000e+012
5.180000000000000e-003 1.056065470000000e+012
5.200000000000000e-003 1.050787500000000e+012
5.220000000000000e-003 1.045549860000000e+012
5.240000000000000e-003 1.040351400000000e+012
5.260000000000000e-003 1.035190510000000e+012
5.280000000000000e-003 1.030065580000000e+012
5.300000000000000e-003 1.024975000000000e+012
5.320000000000000e-003 1.019917610000000e+012
5.340000000000000e-003 1.014894070000000e+012
5.360000000000000e-003 1.009905460000000e+012
5.380000000000000e-003 1.004952910000000e+012
5.400000000000000e-003 1.000037500000000e+012
5.420000000000000e-003 9.951596930000000e+011
5.440000000000000e-003 9.903173370000000e+011
5.460000000000000e-003 9.855076350000000e+011
5.480000000000000e-003 9.807277890000000e+011
5.500000000000000e-003 9.759750000000000e+011
5.520000000000000e-003 9.712472180000000e+011
5.540000000000000e-003 9.665453860000000e+011
5.560000000000000e-003 9.618711950000000e+011
5.580000000000000e-003 9.572263360000000e+011
5.600000000000000e-003 9.526125000000000e+011
5.620000000000000e-003 9.480311350000000e+011
5.640000000000000e-003 9.434827180000000e+011
5.660000000000000e-003 9.389674840000000e+011
5.680000000000000e-003 9.344856660000000e+011
5.700000000000000e-003 9.300375000000000e+011
5.720000000000000e-003 9.256227420000000e+011
5.740000000000000e-003 9.212392410000000e+011
5.760000000000000e-003 9.168843700000000e+011
5.780000000000000e-003 9.125554990000000e+011
5.800000000000000e-003 9.082500000000000e+011
5.820000000000000e-003 9.039659970000000e+011
5.840000000000000e-003 8.997046160000000e+011
5.860000000000000e-003 8.954677380000000e+011
5.880000000000000e-003 8.912572390000000e+011
5.900000000000000e-003 8.870750000000000e+011
5.920000000000000e-003 8.829224010000000e+011
5.940000000000000e-003 8.787988330000000e+011
5.960000000000000e-003 8.747031900000000e+011
5.980000000000000e-003 8.706343640000000e+011
6.000000000000000e-003 8.665912500000000e+011
6.020000000000000e-003 8.625729290000000e+011
6.040000000000000e-003 8.585792410000000e+011
6.060000000000000e-003 8.546102130000000e+011
6.080000000000000e-003 8.506658730000000e+011
6.100000000000000e-003 8.467462500000000e+011
6.120000000000000e-003 8.428513220000000e+011
6.140000000000000e-003 8.389808740000000e+011
6.160000000000000e-003 8.351346390000000e+011
6.180000000000000e-003 8.313123530000000e+011
6.200000000000000e-003 8.275137500000000e+011
6.220000000000000e-003 8.237385720000000e+011
6.240000000000000e-003 8.199865850000000e+011
6.260000000000000e-003 8.162575620000000e+011
6.280000000000000e-003 8.125512760000000e+011
6.300000000000000e-003 8.088675000000000e+011
6.320000000000000e-003 8.052060300000000e+011
6.340000000000000e-003 8.015667570000000e+011
6.360000000000000e-003 7.979495940000000e+011
6.380000000000000e-003 7.943544530000000e+011
6.400000000000000e-003 7.907812500000000e+011
6.420000000000000e-003 7.872298670000000e+011
6.440000000000000e-003 7.837000670000000e+011
6.460000000000000e-003 7.801915840000000e+011
6.480000000000000e-003 7.767041510000000e+011
6.500000000000000e-003 7.732375000000000e+011
6.520000000000000e-003 7.697913920000000e+011
6.540000000000000e-003 7.663656940000000e+011
6.560000000000000e-003 7.629603000000000e+011
6.580000000000000e-003 7.595751040000000e+011
6.600000000000000e-003 7.562100000000000e+011
6.620000000000000e-003 7.528648750000000e+011
6.640000000000000e-003 7.495395860000000e+011
6.660000000000000e-003 7.462339850000000e+011
6.680000000000000e-003 7.429479230000000e+011
6.700000000000000e-003 7.396812500000000e+011
6.720000000000000e-003 7.364338200000000e+011
6.740000000000000e-003 7.332054920000000e+011
6.760000000000000e-003 7.299961300000000e+011
6.780000000000000e-003 7.268055950000000e+011
6.800000000000000e-003 7.236337500000000e+011
6.820000000000000e-003 7.204804560000000e+011
6.840000000000000e-003 7.173455740000000e+011
6.860000000000000e-003 7.142289640000000e+011
6.880000000000000e-003 7.111304860000000e+011
6.900000000000000e-003 7.080500000000000e+011
6.920000000000000e-003 7.049873650000000e+011
6.940000000000000e-003 7.019424400000000e+011
6.960000000000000e-003 6.989150830000000e+011
6.980000000000000e-003 6.959051500000000e+011
7.000000000000000e-003 6.929125000000000e+011
7.020000000000000e-003 6.899369920000000e+011
7.040000000000000e-003 6.869784940000000e+011
7.060000000000000e-003 6.840368750000000e+011
7.080000000000000e-003 6.811120040000000e+011
7.100000000000000e-003 6.782037500000000e+011
7.120000000000000e-003 6.753119760000000e+011
7.140000000000000e-003 6.724365140000000e+011
7.160000000000000e-003 6.695771890000000e+011
7.180000000000000e-003 6.667338260000000e+011
7.200000000000000e-003 6.639062500000000e+011
7.220000000000000e-003 6.610943140000000e+011
7.240000000000000e-003 6.582979810000000e+011
7.260000000000000e-003 6.555172400000000e+011
7.280000000000000e-003 6.527520830000000e+011
7.300000000000000e-003 6.500025000000000e+011
7.320000000000000e-003 6.472684480000000e+011
7.340000000000000e-003 6.445497540000000e+011
7.360000000000000e-003 6.418462100000000e+011
7.380000000000000e-003 6.391576110000000e+011
7.400000000000000e-003 6.364837500000000e+011
7.420000000000000e-003 6.338244540000000e+011
7.440000000000000e-003 6.311796850000000e+011
7.460000000000000e-003 6.285494390000000e+011
7.480000000000000e-003 6.259337120000000e+011
7.500000000000000e-003 6.233325000000000e+011
7.520000000000000e-003 6.207457670000000e+011
7.540000000000000e-003 6.181733470000000e+011
7.560000000000000e-003 6.156150440000000e+011
7.580000000000000e-003 6.130706610000000e+011
7.600000000000000e-003 6.105400000000000e+011
7.620000000000000e-003 6.080228900000000e+011
7.640000000000000e-003 6.055192580000000e+011
7.660000000000000e-003 6.030290550000000e+011
7.680000000000000e-003 6.005522350000000e+011
7.700000000000000e-003 5.980887500000000e+011
7.720000000000000e-003 5.956385540000000e+011
7.740000000000000e-003 5.932016130000000e+011
7.760000000000000e-003 5.907778950000000e+011
7.780000000000000e-003 5.883673680000000e+011
7.800000000000000e-003 5.859700000000000e+011
7.820000000000001e-003 5.835857240000000e+011
7.840000000000000e-003 5.812143310000000e+011
7.860000000000001e-003 5.788555760000000e+011
7.880000000000000e-003 5.765092140000000e+011
7.900000000000001e-003 5.741750000000000e+011
7.920000000000000e-003 5.718527600000000e+011
7.939999999999999e-003 5.695425940000000e+011
7.960000000000000e-003 5.672446730000000e+011
7.979999999999999e-003 5.649591680000000e+011
8.000000000000000e-003 5.626862500000000e+011
8.019999999999999e-003 5.604259880000000e+011
8.040000000000000e-003 5.581780450000000e+011
8.060000000000000e-003 5.559419830000000e+011
8.080000000000000e-003 5.537173640000000e+011
8.100000000000000e-003 5.515037500000000e+011
8.120000000000001e-003 5.493008290000000e+011
8.140000000000000e-003 5.471087970000000e+011
8.160000000000001e-003 5.449279750000000e+011
8.180000000000000e-003 5.427586860000000e+011
8.200000000000001e-003 5.406012500000000e+011
8.220000000000000e-003 5.384558650000000e+011
8.240000000000001e-003 5.363222270000000e+011
8.260000000000000e-003 5.341999060000000e+011
8.279999999999999e-003 5.320884740000000e+011
8.300000000000000e-003 5.299875000000000e+011
8.319999999999999e-003 5.278966500000000e+011
8.340000000000000e-003 5.258159650000000e+011
8.359999999999999e-003 5.237455800000000e+011
8.380000000000000e-003 5.216856300000000e+011
8.400000000000000e-003 5.196362500000000e+011
8.420000000000000e-003 5.175975350000000e+011
8.440000000000000e-003 5.155694130000000e+011
8.460000000000001e-003 5.135517750000000e+011
8.480000000000000e-003 5.115445070000000e+011
8.500000000000001e-003 5.095475000000000e+011
8.520000000000000e-003 5.075606410000000e+011
8.540000000000001e-003 5.055838210000000e+011
8.560000000000000e-003 5.036169310000000e+011
8.580000000000001e-003 5.016598600000000e+011
8.600000000000000e-003 4.997125000000000e+011
8.619999999999999e-003 4.977747800000000e+011
8.640000000000000e-003 4.958467910000000e+011
8.659999999999999e-003 4.939286610000000e+011
8.680000000000000e-003 4.920205210000000e+011
8.699999999999999e-003 4.901225000000000e+011
8.720000000000000e-003 4.882346380000000e+011
8.740000000000000e-003 4.863566160000000e+011
8.760000000000000e-003 4.844880250000000e+011
8.780000000000000e-003 4.826284560000000e+011
8.800000000000001e-003 4.807775000000000e+011
8.820000000000000e-003 4.789348580000000e+011
8.840000000000001e-003 4.771006660000000e+011
8.860000000000000e-003 4.752751710000000e+011
8.880000000000001e-003 4.734586170000000e+011
8.900000000000000e-003 4.716512500000000e+011
8.920000000000001e-003 4.698532500000000e+011
8.940000000000000e-003 4.680645290000000e+011
8.959999999999999e-003 4.662849320000000e+011
8.980000000000000e-003 4.645143080000000e+011
8.999999999999999e-003 4.627525000000000e+011
9.020000000000000e-003 4.609993730000000e+011
9.039999999999999e-003 4.592548590000000e+011
9.060000000000000e-003 4.575189090000000e+011
9.080000000000000e-003 4.557914730000000e+011
9.100000000000000e-003 4.540725000000000e+011
9.120000000000000e-003 4.523619380000000e+011
9.140000000000001e-003 4.506597240000000e+011
9.160000000000000e-003 4.489657900000000e+011
9.180000000000001e-003 4.472800710000000e+011
9.200000000000000e-003 4.456025000000000e+011
9.220000000000001e-003 4.439330040000000e+011
9.240000000000000e-003 4.422714850000000e+011
9.259999999999999e-003 4.406178390000000e+011
9.280000000000000e-003 4.389719620000000e+011
9.299999999999999e-003 4.373337500000000e+011
9.320000000000000e-003 4.357031260000000e+011
9.339999999999999e-003 4.340801260000000e+011
9.360000000000000e-003 4.324648130000000e+011
9.379999999999999e-003 4.308572500000000e+011
9.400000000000000e-003 4.292575000000000e+011
9.420000000000000e-003 4.276655910000000e+011
9.440000000000001e-003 4.260814090000000e+011
9.460000000000000e-003 4.245048070000000e+011
9.480000000000001e-003 4.229356370000000e+011
9.500000000000000e-003 4.213737500000000e+011
9.520000000000001e-003 4.198190410000000e+011
9.540000000000000e-003 4.182715770000000e+011
9.560000000000001e-003 4.167314670000000e+011
9.580000000000000e-003 4.151988210000000e+011
9.599999999999999e-003 4.136737500000000e+011
9.620000000000000e-003 4.121562960000000e+011
9.639999999999999e-003 4.106462350000000e+011
9.660000000000000e-003 4.091432760000000e+011
9.679999999999999e-003 4.076471280000000e+011
9.700000000000000e-003 4.061575000000000e+011
9.720000000000000e-003 4.046741860000000e+011
9.740000000000000e-003 4.031973150000000e+011
9.760000000000000e-003 4.017271010000000e+011
9.780000000000001e-003 4.002637580000000e+011
9.800000000000000e-003 3.988075000000000e+011
9.820000000000001e-003 3.973584810000000e+011
9.840000000000000e-003 3.959166170000000e+011
9.860000000000001e-003 3.944817610000000e+011
9.880000000000000e-003 3.930537710000000e+011
9.900000000000001e-003 3.916325000000000e+011
9.920000000000000e-003 3.902178190000000e+011
9.939999999999999e-003 3.888096590000000e+011
9.960000000000000e-003 3.874079640000000e+011
9.979999999999999e-003 3.860126790000000e+011
1.000000000000000e-002 3.846237500000000e+011
1.002000000000000e-002 3.832411250000000e+011
1.004000000000000e-002 3.818647710000000e+011
1.006000000000000e-002 3.804946570000000e+011
1.008000000000000e-002 3.791307540000000e+011
1.010000000000000e-002 3.777730310000000e+011
1.012000000000000e-002 3.764214590000000e+011
1.014000000000000e-002 3.750760080000000e+011
1.016000000000000e-002 3.737366470000000e+011
1.018000000000000e-002 3.724033460000000e+011
1.020000000000000e-002 3.710760770000000e+011
1.022000000000000e-002 3.697548080000000e+011
1.024000000000000e-002 3.684395090000000e+011
1.026000000000000e-002 3.671301520000000e+011
1.028000000000000e-002 3.658267050000000e+011
1.030000000000000e-002 3.645291390000000e+011
1.032000000000000e-002 3.632374230000000e+011
1.034000000000000e-002 3.619515290000000e+011
1.036000000000000e-002 3.606714250000000e+011
1.038000000000000e-002 3.593970820000000e+011
1.040000000000000e-002 3.581284700000000e+011
1.042000000000000e-002 3.568655580000000e+011
1.044000000000000e-002 3.556083180000000e+011
1.046000000000000e-002 3.543567180000000e+011
1.048000000000000e-002 3.531107300000000e+011
1.050000000000000e-002 3.518703220000000e+011
1.052000000000000e-002 3.506354660000000e+011
1.054000000000000e-002 3.494061300000000e+011
1.056000000000000e-002 3.481822850000000e+011
1.058000000000000e-002 3.469639020000000e+011
1.060000000000000e-002 3.457509490000000e+011
1.062000000000000e-002 3.445433970000000e+011
1.064000000000000e-002 3.433412170000000e+011
1.066000000000000e-002 3.421443780000000e+011
1.068000000000000e-002 3.409528500000000e+011
1.070000000000000e-002 3.397666030000000e+011
1.072000000000000e-002 3.385856070000000e+011
1.074000000000000e-002 3.374098320000000e+011
1.076000000000000e-002 3.362392490000000e+011
1.078000000000000e-002 3.350738270000000e+011
1.080000000000000e-002 3.339135360000000e+011
1.082000000000000e-002 3.327583460000000e+011
1.084000000000000e-002 3.316082280000000e+011
1.086000000000000e-002 3.304631510000000e+011
1.088000000000000e-002 3.293230850000000e+011
1.090000000000000e-002 3.281880010000000e+011
1.092000000000000e-002 3.270578680000000e+011
1.094000000000000e-002 3.259326560000000e+011
1.096000000000000e-002 3.248123360000000e+011
1.098000000000000e-002 3.236968770000000e+011
1.100000000000000e-002 3.225862500000000e+011
1.102000000000000e-002 3.214804250000000e+011
1.104000000000000e-002 3.203793780000000e+011
1.106000000000000e-002 3.192830840000000e+011
1.108000000000000e-002 3.181915200000000e+011
1.110000000000000e-002 3.171046620000000e+011
1.112000000000000e-002 3.160224850000000e+011
1.114000000000000e-002 3.149449660000000e+011
1.116000000000000e-002 3.138720800000000e+011
1.118000000000000e-002 3.128038040000000e+011
1.120000000000000e-002 3.117401140000000e+011
1.122000000000000e-002 3.106809860000000e+011
1.124000000000000e-002 3.096263950000000e+011
1.126000000000000e-002 3.085763180000000e+011
1.128000000000000e-002 3.075307320000000e+011
1.130000000000000e-002 3.064896110000000e+011
1.132000000000000e-002 3.054529310000000e+011
1.134000000000000e-002 3.044206700000000e+011
1.136000000000000e-002 3.033928030000000e+011
1.138000000000000e-002 3.023693060000000e+011
1.140000000000000e-002 3.013501550000000e+011
1.142000000000000e-002 3.003353260000000e+011
1.144000000000000e-002 2.993247940000000e+011
1.146000000000000e-002 2.983185370000000e+011
1.148000000000000e-002 2.973165310000000e+011
1.150000000000000e-002 2.963187500000000e+011
1.152000000000000e-002 2.953251720000000e+011
1.154000000000000e-002 2.943357750000000e+011
1.156000000000000e-002 2.933505380000000e+011
1.158000000000000e-002 2.923694400000000e+011
1.160000000000000e-002 2.913924590000000e+011
1.162000000000000e-002 2.904195750000000e+011
1.164000000000000e-002 2.894507660000000e+011
1.166000000000000e-002 2.884860120000000e+011
1.168000000000000e-002 2.875252900000000e+011
1.170000000000000e-002 2.865685810000000e+011
1.172000000000000e-002 2.856158620000000e+011
1.174000000000000e-002 2.846671130000000e+011
1.176000000000000e-002 2.837223130000000e+011
1.178000000000000e-002 2.827814400000000e+011
1.180000000000000e-002 2.818444730000000e+011
1.182000000000000e-002 2.809113910000000e+011
1.184000000000000e-002 2.799821740000000e+011
1.186000000000000e-002 2.790567990000000e+011
1.188000000000000e-002 2.781352460000000e+011
1.190000000000000e-002 2.772174930000000e+011
1.192000000000000e-002 2.763035200000000e+011
1.194000000000000e-002 2.753933060000000e+011
1.196000000000000e-002 2.744868280000000e+011
1.198000000000000e-002 2.735840670000000e+011
1.200000000000000e-002 2.726850000000000e+011
1.202000000000000e-002 2.717896080000000e+011
1.204000000000000e-002 2.708978740000000e+011
1.206000000000000e-002 2.700097820000000e+011
1.208000000000000e-002 2.691253170000000e+011
1.210000000000000e-002 2.682444620000000e+011
1.212000000000000e-002 2.673672020000000e+011
1.214000000000000e-002 2.664935200000000e+011
1.216000000000000e-002 2.656234020000000e+011
1.218000000000000e-002 2.647568320000000e+011
1.220000000000000e-002 2.638937930000000e+011
1.222000000000000e-002 2.630342690000000e+011
1.224000000000000e-002 2.621782460000000e+011
1.226000000000000e-002 2.613257070000000e+011
1.228000000000000e-002 2.604766360000000e+011
1.230000000000000e-002 2.596310180000000e+011
1.232000000000000e-002 2.587888360000000e+011
1.234000000000000e-002 2.579500750000000e+011
1.236000000000000e-002 2.571147200000000e+011
1.238000000000000e-002 2.562827540000000e+011
1.240000000000000e-002 2.554541620000000e+011
1.242000000000000e-002 2.546289270000000e+011
1.244000000000000e-002 2.538070340000000e+011
1.246000000000000e-002 2.529884680000000e+011
1.248000000000000e-002 2.521732120000000e+011
1.250000000000000e-002 2.513612500000000e+011
1.252000000000000e-002 2.505525670000000e+011
1.254000000000000e-002 2.497471460000000e+011
1.256000000000000e-002 2.489449720000000e+011
1.258000000000000e-002 2.481460260000000e+011
1.260000000000000e-002 2.473502940000000e+011
1.262000000000000e-002 2.465577580000000e+011
1.264000000000000e-002 2.457684020000000e+011
1.266000000000000e-002 2.449822090000000e+011
1.268000000000000e-002 2.441991640000000e+011
1.270000000000000e-002 2.434192490000000e+011
1.272000000000000e-002 2.426424480000000e+011
1.274000000000000e-002 2.418687450000000e+011
1.276000000000000e-002 2.410981230000000e+011
1.278000000000000e-002 2.403305660000000e+011
1.280000000000000e-002 2.395660570000000e+011
1.282000000000000e-002 2.388045800000000e+011
1.284000000000000e-002 2.380461180000000e+011
1.286000000000000e-002 2.372906550000000e+011
1.288000000000000e-002 2.365381750000000e+011
1.290000000000000e-002 2.357886600000000e+011
1.292000000000000e-002 2.350420950000000e+011
1.294000000000000e-002 2.342984630000000e+011
1.296000000000000e-002 2.335577470000000e+011
1.298000000000000e-002 2.328199320000000e+011
1.300000000000000e-002 2.320850000000000e+011
1.302000000000000e-002 2.313529360000000e+011
1.304000000000000e-002 2.306237270000000e+011
1.306000000000000e-002 2.298973600000000e+011
1.308000000000000e-002 2.291738230000000e+011
1.310000000000000e-002 2.284531030000000e+011
1.312000000000000e-002 2.277351880000000e+011
1.314000000000000e-002 2.270200660000000e+011
1.316000000000000e-002 2.263077250000000e+011
1.318000000000000e-002 2.255981510000000e+011
1.320000000000000e-002 2.248913320000000e+011
1.322000000000000e-002 2.241872560000000e+011
1.324000000000000e-002 2.234859110000000e+011
1.326000000000000e-002 2.227872840000000e+011
1.328000000000000e-002 2.220913630000000e+011
1.330000000000000e-002 2.213981350000000e+011
1.332000000000000e-002 2.207075870000000e+011
1.334000000000000e-002 2.200197080000000e+011
1.336000000000000e-002 2.193344860000000e+011
1.338000000000000e-002 2.186519060000000e+011
1.340000000000000e-002 2.179719580000000e+011
1.342000000000000e-002 2.172946290000000e+011
1.344000000000000e-002 2.166199060000000e+011
1.346000000000000e-002 2.159477760000000e+011
1.348000000000000e-002 2.152782290000000e+011
1.350000000000000e-002 2.146112500000000e+011
1.352000000000000e-002 2.139468280000000e+011
1.354000000000000e-002 2.132849520000000e+011
1.356000000000000e-002 2.126256100000000e+011
1.358000000000000e-002 2.119687910000000e+011
1.360000000000000e-002 2.113144850000000e+011
1.362000000000000e-002 2.106626790000000e+011
1.364000000000000e-002 2.100133630000000e+011
1.366000000000000e-002 2.093665260000000e+011
1.368000000000000e-002 2.087221560000000e+011
1.370000000000000e-002 2.080802430000000e+011
1.372000000000000e-002 2.074407760000000e+011
1.374000000000000e-002 2.068037420000000e+011
1.376000000000000e-002 2.061691310000000e+011
1.378000000000000e-002 2.055369330000000e+011
1.380000000000000e-002 2.049071350000000e+011
1.382000000000000e-002 2.042797270000000e+011
1.384000000000000e-002 2.036546970000000e+011
1.386000000000000e-002 2.030320350000000e+011
1.388000000000000e-002 2.024117280000000e+011
1.390000000000000e-002 2.017937680000000e+011
1.392000000000000e-002 2.011781410000000e+011
1.394000000000000e-002 2.005648360000000e+011
1.396000000000000e-002 1.999538440000000e+011
1.398000000000000e-002 1.993451520000000e+011
1.400000000000000e-002 1.987387500000000e+011
1.402000000000000e-002 1.981346260000000e+011
1.404000000000000e-002 1.975327700000000e+011
1.406000000000000e-002 1.969331720000000e+011
1.408000000000000e-002 1.963358220000000e+011
1.410000000000000e-002 1.957407090000000e+011
1.412000000000000e-002 1.951478230000000e+011
1.414000000000000e-002 1.945571540000000e+011
1.416000000000000e-002 1.939686910000000e+011
1.418000000000000e-002 1.933824250000000e+011
1.420000000000000e-002 1.927983450000000e+011
1.422000000000000e-002 1.922164400000000e+011
1.424000000000000e-002 1.916367020000000e+011
1.426000000000000e-002 1.910591180000000e+011
1.428000000000000e-002 1.904836800000000e+011
1.430000000000000e-002 1.899103760000000e+011
1.432000000000000e-002 1.893391970000000e+011
1.434000000000000e-002 1.887701320000000e+011
1.436000000000000e-002 1.882031720000000e+011
1.438000000000000e-002 1.876383050000000e+011
1.440000000000000e-002 1.870755220000000e+011
1.442000000000000e-002 1.865148120000000e+011
1.444000000000000e-002 1.859561650000000e+011
1.446000000000000e-002 1.853995710000000e+011
1.448000000000000e-002 1.848450190000000e+011
1.450000000000000e-002 1.842925000000000e+011
1.452000000000000e-002 1.837420030000000e+011
1.454000000000000e-002 1.831935200000000e+011
1.456000000000000e-002 1.826470420000000e+011
1.458000000000000e-002 1.821025620000000e+011
1.460000000000000e-002 1.815600690000000e+011
1.462000000000000e-002 1.810195580000000e+011
1.464000000000000e-002 1.804810180000000e+011
1.466000000000000e-002 1.799444420000000e+011
1.468000000000000e-002 1.794098210000000e+011
1.470000000000000e-002 1.788771470000000e+011
1.472000000000000e-002 1.783464120000000e+011
1.474000000000000e-002 1.778176070000000e+011
1.476000000000000e-002 1.772907240000000e+011
1.478000000000000e-002 1.767657550000000e+011
1.480000000000000e-002 1.762426900000000e+011
1.482000000000000e-002 1.757215230000000e+011
1.484000000000000e-002 1.752022440000000e+011
1.486000000000000e-002 1.746848460000000e+011
1.488000000000000e-002 1.741693190000000e+011
1.490000000000000e-002 1.736556560000000e+011
1.492000000000000e-002 1.731438480000000e+011
1.494000000000000e-002 1.726338860000000e+011
1.496000000000000e-002 1.721257640000000e+011
1.498000000000000e-002 1.716194710000000e+011
1.500000000000000e-002 1.711150000000000e+011
1.502000000000000e-002 1.706123430000000e+011
1.504000000000000e-002 1.701114920000000e+011
1.506000000000000e-002 1.696124420000000e+011
1.508000000000000e-002 1.691151840000000e+011
1.510000000000000e-002 1.686197130000000e+011
1.512000000000000e-002 1.681260220000000e+011
1.514000000000000e-002 1.676341030000000e+011
1.516000000000000e-002 1.671439500000000e+011
1.518000000000000e-002 1.666555570000000e+011
1.520000000000000e-002 1.661689160000000e+011
1.522000000000000e-002 1.656840210000000e+011
1.524000000000000e-002 1.652008650000000e+011
1.526000000000000e-002 1.647194410000000e+011
1.528000000000000e-002 1.642397420000000e+011
1.530000000000000e-002 1.637617620000000e+011
1.532000000000000e-002 1.632854940000000e+011
1.534000000000000e-002 1.628109310000000e+011
1.536000000000000e-002 1.623380670000000e+011
1.538000000000000e-002 1.618668940000000e+011
1.540000000000000e-002 1.613974060000000e+011
1.542000000000000e-002 1.609295960000000e+011
1.544000000000000e-002 1.604634570000000e+011
1.546000000000000e-002 1.599989820000000e+011
1.548000000000000e-002 1.595361660000000e+011
1.550000000000000e-002 1.590750000000000e+011
1.552000000000000e-002 1.586154780000000e+011
1.554000000000000e-002 1.581575920000000e+011
1.556000000000000e-002 1.577013340000000e+011
1.558000000000000e-002 1.572466950000000e+011
1.560000000000000e-002 1.567936680000000e+011
1.562000000000000e-002 1.563422430000000e+011
1.564000000000000e-002 1.558924130000000e+011
1.566000000000000e-002 1.554441690000000e+011
1.568000000000000e-002 1.549975040000000e+011
1.570000000000000e-002 1.545524080000000e+011
1.572000000000000e-002 1.541088750000000e+011
1.574000000000000e-002 1.536668940000000e+011
1.576000000000000e-002 1.532264590000000e+011
1.578000000000000e-002 1.527875600000000e+011
1.580000000000000e-002 1.523501900000000e+011
1.582000000000000e-002 1.519143410000000e+011
1.584000000000000e-002 1.514800030000000e+011
1.586000000000000e-002 1.510471700000000e+011
1.588000000000000e-002 1.506158320000000e+011
1.590000000000000e-002 1.501859810000000e+011
1.592000000000000e-002 1.497576100000000e+011
1.594000000000000e-002 1.493307090000000e+011
1.596000000000000e-002 1.489052710000000e+011
1.598000000000000e-002 1.484812880000000e+011
1.600000000000000e-002 1.480587500000000e+011
1.602000000000000e-002 1.476376510000000e+011
1.604000000000000e-002 1.472179860000000e+011
1.606000000000000e-002 1.467997510000000e+011
1.608000000000000e-002 1.463829420000000e+011
1.610000000000000e-002 1.459675560000000e+011
1.612000000000000e-002 1.455535870000000e+011
1.614000000000000e-002 1.451410340000000e+011
1.616000000000000e-002 1.447298900000000e+011
1.618000000000000e-002 1.443201540000000e+011
1.620000000000000e-002 1.439118200000000e+011
1.622000000000000e-002 1.435048850000000e+011
1.624000000000000e-002 1.430993460000000e+011
1.626000000000000e-002 1.426951970000000e+011
1.628000000000000e-002 1.422924350000000e+011
1.630000000000000e-002 1.418910570000000e+011
1.632000000000000e-002 1.414910580000000e+011
1.634000000000000e-002 1.410924350000000e+011
1.636000000000000e-002 1.406951830000000e+011
1.638000000000000e-002 1.402992990000000e+011
1.640000000000000e-002 1.399047790000000e+011
1.642000000000000e-002 1.395116190000000e+011
1.644000000000000e-002 1.391198150000000e+011
1.646000000000000e-002 1.387293630000000e+011
1.648000000000000e-002 1.383402590000000e+011
1.650000000000000e-002 1.379525000000000e+011
1.652000000000000e-002 1.375660810000000e+011
1.654000000000000e-002 1.371809950000000e+011
1.656000000000000e-002 1.367972380000000e+011
1.658000000000000e-002 1.364148020000000e+011
1.660000000000000e-002 1.360336800000000e+011
1.662000000000000e-002 1.356538670000000e+011
1.664000000000000e-002 1.352753560000000e+011
1.666000000000000e-002 1.348981410000000e+011
1.668000000000000e-002 1.345222140000000e+011
1.670000000000000e-002 1.341475710000000e+011
1.672000000000000e-002 1.337742040000000e+011
1.674000000000000e-002 1.334021070000000e+011
1.676000000000000e-002 1.330312730000000e+011
1.678000000000000e-002 1.326616970000000e+011
1.680000000000000e-002 1.322933720000000e+011
1.682000000000000e-002 1.319262910000000e+011
1.684000000000000e-002 1.315604470000000e+011
1.686000000000000e-002 1.311958360000000e+011
1.688000000000000e-002 1.308324490000000e+011
1.690000000000000e-002 1.304702820000000e+011
1.692000000000000e-002 1.301093260000000e+011
1.694000000000000e-002 1.297495770000000e+011
1.696000000000000e-002 1.293910270000000e+011
1.698000000000000e-002 1.290336700000000e+011
1.700000000000000e-002 1.286775000000000e+011
1.702000000000000e-002 1.283225110000000e+011
1.704000000000000e-002 1.279686970000000e+011
1.706000000000000e-002 1.276160560000000e+011
1.708000000000000e-002 1.272645830000000e+011
1.710000000000000e-002 1.269142740000000e+011
1.712000000000000e-002 1.265651250000000e+011
1.714000000000000e-002 1.262171320000000e+011
1.716000000000000e-002 1.258702900000000e+011
1.718000000000000e-002 1.255245970000000e+011
1.720000000000000e-002 1.251800460000000e+011
1.722000000000000e-002 1.248366360000000e+011
1.724000000000000e-002 1.244943600000000e+011
1.726000000000000e-002 1.241532160000000e+011
1.728000000000000e-002 1.238132000000000e+011
1.730000000000000e-002 1.234743060000000e+011
1.732000000000000e-002 1.231365320000000e+011
1.734000000000000e-002 1.227998720000000e+011
1.736000000000000e-002 1.224643240000000e+011
1.738000000000000e-002 1.221298830000000e+011
1.740000000000000e-002 1.217965440000000e+011
1.742000000000000e-002 1.214643040000000e+011
1.744000000000000e-002 1.211331590000000e+011
1.746000000000000e-002 1.208031040000000e+011
1.748000000000000e-002 1.204741360000000e+011
1.750000000000000e-002 1.201462500000000e+011
1.752000000000000e-002 1.198194430000000e+011
1.754000000000000e-002 1.194937090000000e+011
1.756000000000000e-002 1.191690460000000e+011
1.758000000000000e-002 1.188454480000000e+011
1.760000000000000e-002 1.185229130000000e+011
1.762000000000000e-002 1.182014350000000e+011
1.764000000000000e-002 1.178810100000000e+011
1.766000000000000e-002 1.175616340000000e+011
1.768000000000000e-002 1.172433040000000e+011
1.770000000000000e-002 1.169260140000000e+011
1.772000000000000e-002 1.166097610000000e+011
1.774000000000000e-002 1.162945410000000e+011
1.776000000000000e-002 1.159803490000000e+011
1.778000000000000e-002 1.156671810000000e+011
1.780000000000000e-002 1.153550340000000e+011
1.782000000000000e-002 1.150439020000000e+011
1.784000000000000e-002 1.147337830000000e+011
1.786000000000000e-002 1.144246700000000e+011
1.788000000000000e-002 1.141165620000000e+011
1.790000000000000e-002 1.138094530000000e+011
1.792000000000000e-002 1.135033380000000e+011
1.794000000000000e-002 1.131982150000000e+011
1.796000000000000e-002 1.128940790000000e+011
1.798000000000000e-002 1.125909250000000e+011
1.800000000000000e-002 1.122887500000000e+011
1.802000000000000e-002 1.119875490000000e+011
1.804000000000000e-002 1.116873200000000e+011
1.806000000000000e-002 1.113880600000000e+011
1.808000000000000e-002 1.110897660000000e+011
1.810000000000000e-002 1.107924350000000e+011
1.812000000000000e-002 1.104960640000000e+011
1.814000000000000e-002 1.102006510000000e+011
1.816000000000000e-002 1.099061920000000e+011
1.818000000000000e-002 1.096126850000000e+011
1.820000000000000e-002 1.093201280000000e+011
1.822000000000000e-002 1.090285160000000e+011
1.824000000000000e-002 1.087378490000000e+011
1.826000000000000e-002 1.084481220000000e+011
1.828000000000000e-002 1.081593320000000e+011
1.830000000000000e-002 1.078714780000000e+011
1.832000000000000e-002 1.075845570000000e+011
1.834000000000000e-002 1.072985640000000e+011
1.836000000000000e-002 1.070134990000000e+011
1.838000000000000e-002 1.067293570000000e+011
1.840000000000000e-002 1.064461360000000e+011
1.842000000000000e-002 1.061638340000000e+011
1.844000000000000e-002 1.058824460000000e+011
1.846000000000000e-002 1.056019720000000e+011
1.848000000000000e-002 1.053224080000000e+011
1.850000000000000e-002 1.050437500000000e+011
1.852000000000000e-002 1.047659960000000e+011
1.854000000000000e-002 1.044891420000000e+011
1.856000000000000e-002 1.042131830000000e+011
1.858000000000000e-002 1.039381130000000e+011
1.860000000000000e-002 1.036639290000000e+011
1.862000000000000e-002 1.033906240000000e+011
1.864000000000000e-002 1.031181960000000e+011
1.866000000000000e-002 1.028466380000000e+011
1.868000000000000e-002 1.025759460000000e+011
1.870000000000000e-002 1.023061150000000e+011
1.872000000000000e-002 1.020371410000000e+011
1.874000000000000e-002 1.017690190000000e+011
1.876000000000000e-002 1.015017430000000e+011
1.878000000000000e-002 1.012353090000000e+011
1.880000000000000e-002 1.009697130000000e+011
1.882000000000000e-002 1.007049490000000e+011
1.884000000000000e-002 1.004410130000000e+011
1.886000000000000e-002 1.001779000000000e+011
1.888000000000000e-002 9.991560500000000e+010
1.890000000000000e-002 9.965412350000000e+010
1.892000000000000e-002 9.939345070000000e+010
1.894000000000000e-002 9.913358170000000e+010
1.896000000000000e-002 9.887451180000000e+010
1.898000000000000e-002 9.861623610000000e+010
1.900000000000000e-002 9.835875000000000e+010
1.902000000000000e-002 9.810204910000000e+010
1.904000000000000e-002 9.784613140000000e+010
1.906000000000000e-002 9.759099520000000e+010
1.908000000000000e-002 9.733663900000000e+010
1.910000000000000e-002 9.708306110000000e+010
1.912000000000000e-002 9.683025990000000e+010
1.914000000000000e-002 9.657823390000000e+010
1.916000000000000e-002 9.632698150000000e+010
1.918000000000000e-002 9.607650110000000e+010
1.920000000000000e-002 9.582679100000000e+010
1.922000000000000e-002 9.557784970000000e+010
1.924000000000000e-002 9.532967560000000e+010
1.926000000000000e-002 9.508226710000000e+010
1.928000000000000e-002 9.483562250000000e+010
1.930000000000000e-002 9.458974040000000e+010
1.932000000000000e-002 9.434461910000000e+010
1.934000000000000e-002 9.410025690000000e+010
1.936000000000000e-002 9.385665240000000e+010
1.938000000000000e-002 9.361380390000000e+010
1.940000000000000e-002 9.337170990000000e+010
1.942000000000000e-002 9.313036860000000e+010
1.944000000000000e-002 9.288977860000000e+010
1.946000000000000e-002 9.264993820000000e+010
1.948000000000000e-002 9.241084590000000e+010
1.950000000000000e-002 9.217250000000000e+010
1.952000000000000e-002 9.193489870000000e+010
1.954000000000000e-002 9.169803940000000e+010
1.956000000000000e-002 9.146191900000000e+010
1.958000000000000e-002 9.122653450000000e+010
1.960000000000000e-002 9.099188320000000e+010
1.962000000000000e-002 9.075796190000000e+010
1.964000000000000e-002 9.052476780000000e+010
1.966000000000000e-002 9.029229780000000e+010
1.968000000000000e-002 9.006054910000000e+010
1.970000000000000e-002 8.982951870000000e+010
1.972000000000000e-002 8.959920360000000e+010
1.974000000000000e-002 8.936960090000000e+010
1.976000000000000e-002 8.914070760000000e+010
1.978000000000000e-002 8.891252090000000e+010
1.980000000000000e-002 8.868503760000000e+010
1.982000000000000e-002 8.845825490000000e+010
1.984000000000000e-002 8.823216990000000e+010
1.986000000000000e-002 8.800677950000000e+010
1.988000000000000e-002 8.778208090000000e+010
1.990000000000000e-002 8.755807100000000e+010
1.992000000000000e-002 8.733474700000000e+010
1.994000000000000e-002 8.711210580000000e+010
1.996000000000000e-002 8.689014460000000e+010
1.998000000000000e-002 8.666886030000000e+010
2.000000000000000e-002 8.644825000000000e+010
2.002000000000000e-002 8.622831090000000e+010
2.004000000000000e-002 8.600904040000000e+010
2.006000000000000e-002 8.579043630000000e+010
2.008000000000000e-002 8.557249600000000e+010
2.010000000000000e-002 8.535521730000000e+010
2.012000000000000e-002 8.513859760000000e+010
2.014000000000000e-002 8.492263470000000e+010
2.016000000000000e-002 8.470732610000000e+010
2.018000000000000e-002 8.449266940000000e+010
2.020000000000000e-002 8.427866230000000e+010
2.022000000000000e-002 8.406530230000000e+010
2.024000000000000e-002 8.385258710000000e+010
2.026000000000000e-002 8.364051430000000e+010
2.028000000000000e-002 8.342908140000000e+010
2.030000000000000e-002 8.321828620000000e+010
2.032000000000000e-002 8.300812610000000e+010
2.034000000000000e-002 8.279859880000000e+010
2.036000000000000e-002 8.258970200000000e+010
2.038000000000000e-002 8.238143320000000e+010
2.040000000000000e-002 8.217379000000000e+010
2.042000000000000e-002 8.196677010000000e+010
2.044000000000000e-002 8.176037100000000e+010
2.046000000000000e-002 8.155459040000000e+010
2.048000000000000e-002 8.134942590000000e+010
2.050000000000000e-002 8.114487500000000e+010
2.052000000000000e-002 8.094093550000000e+010
2.054000000000000e-002 8.073760540000000e+010
2.056000000000000e-002 8.053488270000000e+010
2.058000000000000e-002 8.033276540000000e+010
2.060000000000000e-002 8.013125180000000e+010
2.062000000000000e-002 7.993033970000000e+010
2.064000000000000e-002 7.973002740000000e+010
2.066000000000000e-002 7.953031280000000e+010
2.068000000000000e-002 7.933119410000000e+010
2.070000000000000e-002 7.913266920000000e+010
2.072000000000000e-002 7.893473630000000e+010
2.074000000000000e-002 7.873739350000000e+010
2.076000000000000e-002 7.854063870000000e+010
2.078000000000000e-002 7.834447010000000e+010
2.080000000000000e-002 7.814888580000000e+010
2.082000000000000e-002 7.795388370000000e+010
2.084000000000000e-002 7.775946200000000e+010
2.086000000000000e-002 7.756561880000000e+010
2.088000000000000e-002 7.737235210000000e+010
2.090000000000000e-002 7.717965990000000e+010
2.092000000000000e-002 7.698754040000000e+010
2.094000000000000e-002 7.679599150000000e+010
2.096000000000000e-002 7.660501150000000e+010
2.098000000000000e-002 7.641459830000000e+010
2.100000000000000e-002 7.622475000000000e+010
2.102000000000000e-002 7.603546470000000e+010
2.104000000000000e-002 7.584674040000000e+010
2.106000000000000e-002 7.565857510000000e+010
2.108000000000000e-002 7.547096680000000e+010
2.110000000000000e-002 7.528391370000000e+010
2.112000000000000e-002 7.509741360000000e+010
2.114000000000000e-002 7.491146470000000e+010
2.116000000000000e-002 7.472606490000000e+010
2.118000000000000e-002 7.454121230000000e+010
2.120000000000000e-002 7.435690490000000e+010
2.122000000000000e-002 7.417314070000000e+010
2.124000000000000e-002 7.398991780000000e+010
2.126000000000000e-002 7.380723410000000e+010
2.128000000000000e-002 7.362508780000000e+010
2.130000000000000e-002 7.344347670000000e+010
2.132000000000000e-002 7.326239910000000e+010
2.134000000000000e-002 7.308185280000000e+010
2.136000000000000e-002 7.290183590000000e+010
2.138000000000000e-002 7.272234640000000e+010
2.140000000000000e-002 7.254338240000000e+010
2.142000000000000e-002 7.236494190000000e+010
2.144000000000000e-002 7.218702280000000e+010
2.146000000000000e-002 7.200962330000000e+010
2.148000000000000e-002 7.183274140000000e+010
2.150000000000000e-002 7.165637500000000e+010
2.152000000000000e-002 7.148052230000000e+010
2.154000000000000e-002 7.130518160000000e+010
2.156000000000000e-002 7.113035130000000e+010
2.158000000000000e-002 7.095602980000000e+010
2.160000000000000e-002 7.078221560000000e+010
2.162000000000000e-002 7.060890700000000e+010
2.164000000000000e-002 7.043610250000000e+010
2.166000000000000e-002 7.026380040000000e+010
2.168000000000000e-002 7.009199930000000e+010
2.170000000000000e-002 6.992069730000000e+010
2.172000000000000e-002 6.974989310000000e+010
2.174000000000000e-002 6.957958500000000e+010
2.176000000000000e-002 6.940977140000000e+010
2.178000000000000e-002 6.924045070000000e+010
2.180000000000000e-002 6.907162130000000e+010
2.182000000000000e-002 6.890328160000000e+010
2.184000000000000e-002 6.873543010000000e+010
2.186000000000000e-002 6.856806510000000e+010
2.188000000000000e-002 6.840118510000000e+010
2.190000000000000e-002 6.823478850000000e+010
2.192000000000000e-002 6.806887360000000e+010
2.194000000000000e-002 6.790343890000000e+010
2.196000000000000e-002 6.773848280000000e+010
2.198000000000000e-002 6.757400370000000e+010
2.200000000000000e-002 6.741000000000000e+010
2.202000000000000e-002 6.724647010000000e+010
2.204000000000000e-002 6.708341230000000e+010
2.206000000000000e-002 6.692082480000000e+010
2.208000000000000e-002 6.675870590000000e+010
2.210000000000000e-002 6.659705390000000e+010
2.212000000000000e-002 6.643586700000000e+010
2.214000000000000e-002 6.627514350000000e+010
2.216000000000000e-002 6.611488160000000e+010
2.218000000000000e-002 6.595507960000000e+010
2.220000000000000e-002 6.579573580000000e+010
2.222000000000000e-002 6.563684840000000e+010
2.224000000000000e-002 6.547841570000000e+010
2.226000000000000e-002 6.532043590000000e+010
2.228000000000000e-002 6.516290730000000e+010
2.230000000000000e-002 6.500582820000000e+010
2.232000000000000e-002 6.484919680000000e+010
2.234000000000000e-002 6.469301140000000e+010
2.236000000000000e-002 6.453727030000000e+010
2.238000000000000e-002 6.438197160000000e+010
2.240000000000000e-002 6.422711380000000e+010
2.242000000000000e-002 6.407269490000000e+010
2.244000000000000e-002 6.391871340000000e+010
2.246000000000000e-002 6.376516730000000e+010
2.248000000000000e-002 6.361205510000000e+010
2.250000000000000e-002 6.345937500000000e+010
2.252000000000000e-002 6.330712530000000e+010
2.254000000000000e-002 6.315530470000000e+010
2.256000000000000e-002 6.300391210000000e+010
2.258000000000000e-002 6.285294620000000e+010
2.260000000000000e-002 6.270240580000000e+010
2.262000000000000e-002 6.255228980000000e+010
2.264000000000000e-002 6.240259700000000e+010
2.266000000000000e-002 6.225332620000000e+010
2.268000000000000e-002 6.210447610000000e+010
2.270000000000000e-002 6.195604560000000e+010
2.272000000000000e-002 6.180803350000000e+010
2.274000000000000e-002 6.166043850000000e+010
2.276000000000000e-002 6.151325960000000e+010
2.278000000000000e-002 6.136649540000000e+010
2.280000000000000e-002 6.122014490000000e+010
2.282000000000000e-002 6.107420680000000e+010
2.284000000000000e-002 6.092867990000000e+010
2.286000000000000e-002 6.078356300000000e+010
2.288000000000000e-002 6.063885490000000e+010
2.290000000000000e-002 6.049455450000000e+010
2.292000000000000e-002 6.035066050000000e+010
2.294000000000000e-002 6.020717170000000e+010
2.296000000000000e-002 6.006408700000000e+010
2.298000000000000e-002 5.992140520000000e+010
2.300000000000000e-002 5.977912500000000e+010
2.302000000000000e-002 5.963724530000000e+010
2.304000000000000e-002 5.949576480000000e+010
2.306000000000000e-002 5.935468240000000e+010
2.308000000000000e-002 5.921399680000000e+010
2.310000000000000e-002 5.907370680000000e+010
2.312000000000000e-002 5.893381120000000e+010
2.314000000000000e-002 5.879430890000000e+010
2.316000000000000e-002 5.865519850000000e+010
2.318000000000000e-002 5.851647890000000e+010
2.320000000000000e-002 5.837814890000000e+010
2.322000000000000e-002 5.824020730000000e+010
2.324000000000000e-002 5.810265280000000e+010
2.326000000000000e-002 5.796548430000000e+010
2.328000000000000e-002 5.782870050000000e+010
2.330000000000000e-002 5.769230020000000e+010
2.332000000000000e-002 5.755628220000000e+010
2.334000000000000e-002 5.742064530000000e+010
2.336000000000000e-002 5.728538840000000e+010
2.338000000000000e-002 5.715051010000000e+010
2.340000000000000e-002 5.701600930000000e+010
2.342000000000000e-002 5.688188470000000e+010
2.344000000000000e-002 5.674813520000000e+010
2.346000000000000e-002 5.661475960000000e+010
2.348000000000000e-002 5.648175660000000e+010
2.350000000000000e-002 5.634912500000000e+010
2.352000000000000e-002 5.621686360000000e+010
2.354000000000000e-002 5.608497110000000e+010
2.356000000000000e-002 5.595344600000000e+010
2.358000000000000e-002 5.582228710000000e+010
2.360000000000000e-002 5.569149300000000e+010
2.362000000000000e-002 5.556106230000000e+010
2.364000000000000e-002 5.543099370000000e+010
2.366000000000000e-002 5.530128580000000e+010
2.368000000000000e-002 5.517193720000000e+010
2.370000000000000e-002 5.504294670000000e+010
2.372000000000000e-002 5.491431280000000e+010
2.374000000000000e-002 5.478603410000000e+010
2.376000000000000e-002 5.465810940000000e+010
2.378000000000000e-002 5.453053730000000e+010
2.380000000000000e-002 5.440331640000000e+010
2.382000000000000e-002 5.427644530000000e+010
2.384000000000000e-002 5.414992270000000e+010
2.386000000000000e-002 5.402374730000000e+010
2.388000000000000e-002 5.389791760000000e+010
2.390000000000000e-002 5.377243240000000e+010
2.392000000000000e-002 5.364729020000000e+010
2.394000000000000e-002 5.352248970000000e+010
2.396000000000000e-002 5.339802960000000e+010
2.398000000000000e-002 5.327390850000000e+010
2.400000000000000e-002 5.315012500000000e+010
2.402000000000000e-002 5.302667780000000e+010
2.404000000000000e-002 5.290356590000000e+010
2.406000000000000e-002 5.278078800000000e+010
2.408000000000000e-002 5.265834310000000e+010
2.410000000000000e-002 5.253623020000000e+010
2.412000000000000e-002 5.241444810000000e+010
2.414000000000000e-002 5.229299570000000e+010
2.416000000000000e-002 5.217187210000000e+010
2.418000000000000e-002 5.205107590000000e+010
2.420000000000000e-002 5.193060630000000e+010
2.422000000000000e-002 5.181046210000000e+010
2.424000000000000e-002 5.169064210000000e+010
2.426000000000000e-002 5.157114540000000e+010
2.428000000000000e-002 5.145197090000000e+010
2.430000000000000e-002 5.133311730000000e+010
2.432000000000000e-002 5.121458370000000e+010
2.434000000000000e-002 5.109636900000000e+010
2.436000000000000e-002 5.097847210000000e+010
2.438000000000000e-002 5.086089190000000e+010
2.440000000000000e-002 5.074362720000000e+010
2.442000000000000e-002 5.062667710000000e+010
2.444000000000000e-002 5.051004040000000e+010
2.446000000000000e-002 5.039371610000000e+010
2.448000000000000e-002 5.027770290000000e+010
2.450000000000000e-002 5.016200000000000e+010
2.452000000000000e-002 5.004660630000000e+010
2.454000000000000e-002 4.993152170000000e+010
2.456000000000000e-002 4.981674610000000e+010
2.458000000000000e-002 4.970227970000000e+010
2.460000000000000e-002 4.958812220000000e+010
2.462000000000000e-002 4.947427390000000e+010
2.464000000000000e-002 4.936073460000000e+010
2.466000000000000e-002 4.924750440000000e+010
2.468000000000000e-002 4.913458320000000e+010
2.470000000000000e-002 4.902197110000000e+010
2.472000000000000e-002 4.890966800000000e+010
2.474000000000000e-002 4.879767400000000e+010
2.476000000000000e-002 4.868598910000000e+010
2.478000000000000e-002 4.857461320000000e+010
2.480000000000000e-002 4.846354630000000e+010
2.482000000000000e-002 4.835278850000000e+010
2.484000000000000e-002 4.824233980000000e+010
2.486000000000000e-002 4.813220000000000e+010
2.488000000000000e-002 4.802236940000000e+010
2.490000000000000e-002 4.791284770000000e+010
2.492000000000000e-002 4.780363510000000e+010
2.494000000000000e-002 4.769473150000000e+010
2.496000000000000e-002 4.758613700000000e+010
2.498000000000000e-002 4.747785150000000e+010
2.500000000000000e-002 4.736987500000000e+010
