0.000000000000000e+000 9.224302330000000e+012
5.000000000000000e-006 8.685000000000000e+012
9.999999999999999e-006 8.470116280000000e+012
1.500000000000000e-005 8.308255810000000e+012
2.000000000000000e-005 8.173953490000000e+012
2.500000000000000e-005 8.057093020000000e+012
3.000000000000000e-005 7.952790700000000e+012
3.500000000000000e-005 7.857906980000000e+012
4.000000000000000e-005 7.770697670000000e+012
4.500000000000000e-005 7.689418600000000e+012
5.000000000000000e-005 7.613023260000000e+012
5.500000000000000e-005 7.541162790000000e+012
6.000000000000000e-005 7.473139530000000e+012
6.499999999999999e-005 7.408255810000000e+012
6.999999999999999e-005 7.346162790000000e+012
7.499999999999999e-005 7.286860470000000e+012
7.999999999999999e-005 7.230000000000000e+012
8.499999999999999e-005 7.175232560000000e+012
8.999999999999999e-005 7.122209300000000e+012
9.499999999999999e-005 7.070930230000000e+012
9.999999999999999e-005 7.021744190000000e+012
1.050000000000000e-004 6.973604650000000e+012
1.100000000000000e-004 6.927209300000000e+012
1.150000000000000e-004 6.881860470000000e+012
1.200000000000000e-004 6.837906980000000e+012
1.250000000000000e-004 6.795000000000000e+012
1.300000000000000e-004 6.753488370000000e+012
1.350000000000000e-004 6.712674420000000e+012
1.400000000000000e-004 6.672906980000000e+012
1.450000000000000e-004 6.633837210000000e+012
1.500000000000000e-004 6.596162790000000e+012
1.550000000000000e-004 6.558837210000000e+012
1.600000000000000e-004 6.522558140000000e+012
1.650000000000000e-004 6.486976740000000e+012
1.700000000000000e-004 6.452093020000000e+012
1.750000000000000e-004 6.417906980000000e+012
1.800000000000000e-004 6.384069770000000e+012
1.850000000000000e-004 6.351279070000000e+012
1.900000000000000e-004 6.318837210000000e+012
1.950000000000000e-004 6.287093020000000e+012
2.000000000000000e-004 6.255697670000000e+012
2.050000000000000e-004 6.225348840000000e+012
2.100000000000000e-004 6.195000000000000e+012
2.150000000000000e-004 6.165348840000000e+012
2.200000000000000e-004 6.136046510000000e+012
2.250000000000000e-004 6.107441860000000e+012
2.300000000000000e-004 6.079186050000000e+012
2.350000000000000e-004 6.051279070000000e+012
2.400000000000000e-004 6.023720930000000e+012
2.450000000000000e-004 5.996860470000000e+012
2.500000000000000e-004 5.970000000000000e+012
2.550000000000000e-004 5.943837210000000e+012
2.600000000000000e-004 5.918023260000000e+012
2.650000000000000e-004 5.892209300000000e+012
2.700000000000000e-004 5.867093020000000e+012
2.750000000000000e-004 5.842325580000000e+012
2.800000000000000e-004 5.817906980000000e+012
2.850000000000000e-004 5.793488370000000e+012
2.900000000000000e-004 5.769767440000000e+012
2.950000000000000e-004 5.746046510000000e+012
3.000000000000000e-004 5.722674430000000e+012
3.050000000000000e-004 5.699651160000000e+012
3.100000000000000e-004 5.676976750000000e+012
3.150000000000000e-004 5.654651160000000e+012
3.200000000000000e-004 5.632325570000000e+012
3.250000000000000e-004 5.610348840000000e+012
3.300000000000000e-004 5.588720920000000e+012
3.350000000000000e-004 5.567441860000000e+012
3.400000000000000e-004 5.546162790000000e+012
3.450000000000000e-004 5.525232560000000e+012
3.499999999999999e-004 5.504651160000000e+012
3.550000000000000e-004 5.484069770000000e+012
3.600000000000000e-004 5.463837210000000e+012
3.650000000000000e-004 5.443953490000000e+012
3.700000000000000e-004 5.424069770000000e+012
3.750000000000000e-004 5.404534880000000e+012
3.800000000000000e-004 5.385000000000000e+012
3.850000000000000e-004 5.365813950000000e+012
3.899999999999999e-004 5.346976740000000e+012
3.950000000000000e-004 5.328139530000000e+012
4.000000000000000e-004 5.309651160000000e+012
4.050000000000000e-004 5.291162790000000e+012
4.100000000000000e-004 5.272674420000000e+012
4.150000000000000e-004 5.254534890000000e+012
4.200000000000000e-004 5.236744190000000e+012
4.250000000000000e-004 5.218953490000000e+012
4.299999999999999e-004 5.201511630000000e+012
4.350000000000000e-004 5.184069770000000e+012
4.400000000000000e-004 5.166976740000000e+012
4.450000000000000e-004 5.149883720000000e+012
4.500000000000000e-004 5.133139530000000e+012
4.550000000000000e-004 5.116395350000000e+012
4.600000000000000e-004 5.099651160000000e+012
4.650000000000000e-004 5.083255810000000e+012
4.699999999999999e-004 5.066860470000000e+012
4.749999999999999e-004 5.050813950000000e+012
4.800000000000000e-004 5.034767440000000e+012
4.850000000000000e-004 5.018720930000000e+012
4.900000000000000e-004 5.003372090000000e+012
4.950000000000000e-004 4.987674420000000e+012
5.000000000000000e-004 4.971976740000000e+012
5.049999999999999e-004 4.956627910000000e+012
5.099999999999999e-004 4.941627910000000e+012
5.149999999999999e-004 4.926627910000000e+012
5.200000000000000e-004 4.911627910000000e+012
5.250000000000000e-004 4.896627910000000e+012
5.300000000000000e-004 4.881976740000000e+012
5.350000000000000e-004 4.867325580000000e+012
5.399999999999999e-004 4.853023260000000e+012
5.449999999999999e-004 4.838720930000000e+012
5.499999999999999e-004 4.824418600000000e+012
5.549999999999999e-004 4.810465120000000e+012
5.600000000000000e-004 4.796511630000000e+012
5.650000000000000e-004 4.782558140000000e+012
5.700000000000000e-004 4.768604650000000e+012
5.750000000000000e-004 4.755000000000000e+012
5.800000000000000e-004 4.741395350000000e+012
5.849999999999999e-004 4.728139530000000e+012
5.899999999999999e-004 4.714534880000000e+012
5.949999999999999e-004 4.701279070000000e+012
6.000000000000000e-004 4.688023260000000e+012
6.050000000000000e-004 4.675116280000000e+012
6.100000000000000e-004 4.662209300000000e+012
6.150000000000000e-004 4.649302330000000e+012
6.199999999999999e-004 4.636395350000000e+012
6.249999999999999e-004 4.623837210000000e+012
6.299999999999999e-004 4.611279070000000e+012
6.349999999999999e-004 4.598720930000000e+012
6.399999999999999e-004 4.586511630000000e+012
6.450000000000000e-004 4.573953490000000e+012
6.500000000000000e-004 4.561744190000000e+012
6.550000000000000e-004 4.549534880000000e+012
6.600000000000000e-004 4.537674420000000e+012
6.649999999999999e-004 4.525465120000000e+012
6.699999999999999e-004 4.513604650000000e+012
6.749999999999999e-004 4.501744190000000e+012
6.799999999999999e-004 4.490232560000000e+012
6.850000000000000e-004 4.478720930000000e+012
6.900000000000000e-004 4.466860470000000e+012
6.950000000000000e-004 4.455348840000000e+012
6.999999999999999e-004 4.444186050000000e+012
7.049999999999999e-004 4.432674420000000e+012
7.099999999999999e-004 4.421511630000000e+012
7.149999999999999e-004 4.410348840000000e+012
7.199999999999999e-004 4.399186050000000e+012
7.250000000000000e-004 4.388023260000000e+012
7.300000000000000e-004 4.377209300000000e+012
7.350000000000000e-004 4.366395350000000e+012
7.400000000000000e-004 4.355232560000000e+012
7.449999999999999e-004 4.344767440000000e+012
7.499999999999999e-004 4.333953490000000e+012
7.549999999999999e-004 4.323139530000000e+012
7.599999999999999e-004 4.312674420000000e+012
7.650000000000000e-004 4.302209300000000e+012
7.700000000000000e-004 4.291744190000000e+012
7.750000000000000e-004 4.281279070000000e+012
7.799999999999999e-004 4.271162790000000e+012
7.849999999999999e-004 4.261046510000000e+012
7.899999999999999e-004 4.250581400000000e+012
7.949999999999999e-004 4.240465120000000e+012
7.999999999999999e-004 4.230348840000000e+012
8.049999999999999e-004 4.220581400000000e+012
8.100000000000000e-004 4.210465120000000e+012
8.150000000000000e-004 4.200697670000000e+012
8.200000000000000e-004 4.190930230000000e+012
8.249999999999999e-004 4.181162790000000e+012
8.299999999999999e-004 4.171395350000000e+012
8.349999999999999e-004 4.161627910000000e+012
8.399999999999999e-004 4.152209300000000e+012
8.449999999999999e-004 4.142441860000000e+012
8.500000000000000e-004 4.133023260000000e+012
8.550000000000000e-004 4.123604650000000e+012
8.599999999999999e-004 4.114186050000000e+012
8.649999999999999e-004 4.104767440000000e+012
8.699999999999999e-004 4.095697670000000e+012
8.749999999999999e-004 4.086279070000000e+012
8.799999999999999e-004 4.077209300000000e+012
8.849999999999999e-004 4.068139530000000e+012
8.900000000000000e-004 4.059069770000000e+012
8.950000000000000e-004 4.050000000000000e+012
9.000000000000000e-004 4.040930230000000e+012
9.049999999999999e-004 4.032209300000000e+012
9.099999999999999e-004 4.023139530000000e+012
9.149999999999999e-004 4.014418600000000e+012
9.199999999999999e-004 4.005697670000000e+012
9.249999999999999e-004 3.996976740000000e+012
9.300000000000001e-004 3.988255810000000e+012
9.350000000000000e-004 3.979534880000000e+012
9.399999999999999e-004 3.970813950000000e+012
9.449999999999999e-004 3.962441860000000e+012
9.499999999999999e-004 3.953720930000000e+012
9.549999999999999e-004 3.945348840000000e+012
9.599999999999999e-004 3.936976740000000e+012
9.649999999999999e-004 3.928255810000000e+012
9.699999999999999e-004 3.920232560000000e+012
9.750000000000000e-004 3.911860470000000e+012
9.800000000000000e-004 3.903488370000000e+012
9.850000000000000e-004 3.895116280000000e+012
9.900000000000000e-004 3.887093020000000e+012
9.950000000000000e-004 3.878720930000000e+012
1.000000000000000e-003 3.870697670000000e+012
1.005000000000000e-003 3.862674420000001e+012
1.010000000000000e-003 3.854651160000001e+012
1.015000000000000e-003 3.846627910000001e+012
1.020000000000000e-003 3.838604650000001e+012
1.025000000000000e-003 3.830581400000001e+012
1.030000000000000e-003 3.822906980000001e+012
1.035000000000000e-003 3.814883720000000e+012
1.040000000000000e-003 3.807209300000000e+012
1.045000000000000e-003 3.799534880000000e+012
1.050000000000000e-003 3.791511630000000e+012
1.055000000000000e-003 3.783837210000000e+012
1.060000000000000e-003 3.776162790000000e+012
1.065000000000000e-003 3.768488370000000e+012
1.070000000000000e-003 3.761162790000000e+012
1.075000000000000e-003 3.753488370000000e+012
1.080000000000000e-003 3.745813950000001e+012
1.085000000000000e-003 3.738488370000001e+012
1.090000000000000e-003 3.730813950000001e+012
1.095000000000000e-003 3.723488370000001e+012
1.100000000000000e-003 3.716162790000001e+012
1.105000000000000e-003 3.708488370000001e+012
1.110000000000000e-003 3.701162790000001e+012
1.115000000000000e-003 3.693837210000001e+012
1.120000000000000e-003 3.686860470000000e+012
1.125000000000000e-003 3.679534880000000e+012
1.130000000000000e-003 3.672209300000000e+012
1.135000000000000e-003 3.664883720000000e+012
1.140000000000000e-003 3.657906980000000e+012
1.145000000000000e-003 3.650581400000000e+012
1.150000000000000e-003 3.643604650000000e+012
1.155000000000000e-003 3.636279070000000e+012
1.160000000000000e-003 3.629302330000000e+012
1.165000000000000e-003 3.622325580000001e+012
1.170000000000000e-003 3.615348840000001e+012
1.175000000000000e-003 3.608372090000001e+012
1.180000000000000e-003 3.601395350000001e+012
1.185000000000000e-003 3.594418600000001e+012
1.190000000000000e-003 3.587441860000001e+012
1.195000000000000e-003 3.580813950000001e+012
1.200000000000000e-003 3.573837210000000e+012
1.205000000000000e-003 3.566860470000000e+012
1.210000000000000e-003 3.560232560000000e+012
1.215000000000000e-003 3.553604650000000e+012
1.220000000000000e-003 3.546627910000000e+012
1.225000000000000e-003 3.540000000000000e+012
1.230000000000000e-003 3.533372090000000e+012
1.235000000000000e-003 3.526395350000000e+012
1.240000000000000e-003 3.520116280000001e+012
1.245000000000000e-003 3.513139530000001e+012
1.250000000000000e-003 3.506860470000001e+012
1.255000000000000e-003 3.500232560000001e+012
1.260000000000000e-003 3.493604650000001e+012
1.265000000000000e-003 3.487081400000001e+012
1.270000000000000e-003 3.480488370000001e+012
1.275000000000000e-003 3.474034880000001e+012
1.280000000000000e-003 3.467546510000001e+012
1.285000000000000e-003 3.461162790000000e+012
1.290000000000000e-003 3.454674420000000e+012
1.295000000000000e-003 3.448290700000000e+012
1.300000000000000e-003 3.441941860000000e+012
1.305000000000000e-003 3.435558140000000e+012
1.310000000000000e-003 3.429279070000000e+012
1.315000000000000e-003 3.422895350000000e+012
1.320000000000000e-003 3.416616280000000e+012
1.325000000000000e-003 3.410337210000001e+012
1.330000000000000e-003 3.404058140000001e+012
1.335000000000000e-003 3.397883720000001e+012
1.340000000000000e-003 3.391604650000001e+012
1.345000000000000e-003 3.385430230000001e+012
1.350000000000000e-003 3.379220930000001e+012
1.355000000000000e-003 3.373151160000001e+012
1.360000000000000e-003 3.366976740000001e+012
1.365000000000000e-003 3.360906980000000e+012
1.370000000000000e-003 3.354802330000000e+012
1.375000000000000e-003 3.348732560000000e+012
1.380000000000000e-003 3.342662790000000e+012
1.385000000000000e-003 3.336593020000000e+012
1.390000000000000e-003 3.330593020000000e+012
1.395000000000000e-003 3.324523260000000e+012
1.400000000000000e-003 3.318523260000001e+012
1.405000000000000e-003 3.312662790000001e+012
1.410000000000000e-003 3.306662790000001e+012
1.415000000000000e-003 3.300697670000001e+012
1.420000000000000e-003 3.294802330000001e+012
1.425000000000000e-003 3.288941860000001e+012
1.430000000000000e-003 3.283046510000001e+012
1.435000000000000e-003 3.277186050000001e+012
1.440000000000000e-003 3.271290700000001e+012
1.445000000000000e-003 3.265500000000001e+012
1.450000000000000e-003 3.259744190000000e+012
1.455000000000000e-003 3.253848840000000e+012
1.460000000000000e-003 3.248058140000000e+012
1.465000000000000e-003 3.242406980000000e+012
1.470000000000000e-003 3.236616280000000e+012
1.475000000000000e-003 3.230825580000000e+012
1.480000000000000e-003 3.225139530000000e+012
1.485000000000000e-003 3.219453490000001e+012
1.490000000000000e-003 3.213802330000001e+012
1.495000000000000e-003 3.208116280000001e+012
1.500000000000000e-003 3.202430230000000e+012
1.505000000000000e-003 3.196848840000000e+012
1.510000000000000e-003 3.191267440000001e+012
1.515000000000000e-003 3.185581400000000e+012
1.520000000000000e-003 3.180000000000000e+012
1.525000000000000e-003 3.174418600000000e+012
1.530000000000000e-003 3.168941860000000e+012
1.535000000000000e-003 3.163360470000000e+012
1.540000000000000e-003 3.157779070000000e+012
1.545000000000000e-003 3.152302330000000e+012
1.550000000000000e-003 3.146825580000000e+012
1.555000000000000e-003 3.141313950000000e+012
1.560000000000000e-003 3.135837210000000e+012
1.565000000000000e-003 3.130360470000000e+012
1.570000000000000e-003 3.124988370000000e+012
1.575000000000000e-003 3.119511630000000e+012
1.580000000000000e-003 3.114104650000000e+012
1.585000000000000e-003 3.108732560000000e+012
1.590000000000000e-003 3.103360470000000e+012
1.595000000000000e-003 3.097988370000000e+012
1.600000000000000e-003 3.092581400000000e+012
1.605000000000000e-003 3.087313950000000e+012
1.610000000000000e-003 3.081941860000000e+012
1.615000000000000e-003 3.076639530000000e+012
1.620000000000000e-003 3.071372090000000e+012
1.625000000000000e-003 3.066069770000000e+012
1.630000000000000e-003 3.060802330000000e+012
1.635000000000000e-003 3.055500000000000e+012
1.640000000000000e-003 3.050232560000000e+012
1.645000000000000e-003 3.045034880000000e+012
1.650000000000000e-003 3.039872090000000e+012
1.655000000000000e-003 3.034569770000000e+012
1.660000000000000e-003 3.029406980000000e+012
1.665000000000000e-003 3.024209300000000e+012
1.670000000000000e-003 3.019046510000000e+012
1.675000000000000e-003 3.013953490000000e+012
1.680000000000000e-003 3.008755810000000e+012
1.685000000000000e-003 3.003697670000000e+012
1.690000000000000e-003 2.998500000000000e+012
1.695000000000000e-003 2.993406980000000e+012
1.700000000000000e-003 2.988348840000000e+012
1.705000000000000e-003 2.983255810000000e+012
1.710000000000000e-003 2.978162790000000e+012
1.715000000000000e-003 2.973174420000000e+012
1.720000000000000e-003 2.968116280000000e+012
1.725000000000000e-003 2.963127910000000e+012
1.730000000000000e-003 2.958034880000000e+012
1.735000000000000e-003 2.953046510000000e+012
1.740000000000000e-003 2.948058140000000e+012
1.745000000000000e-003 2.943104650000000e+012
1.750000000000000e-003 2.938220930000000e+012
1.755000000000000e-003 2.933232560000000e+012
1.760000000000000e-003 2.928244190000000e+012
1.765000000000000e-003 2.923360470000000e+012
1.770000000000000e-003 2.918476740000000e+012
1.775000000000000e-003 2.913488370000000e+012
1.780000000000000e-003 2.908604650000000e+012
1.785000000000000e-003 2.903720930000000e+012
1.790000000000000e-003 2.898941860000000e+012
1.795000000000000e-003 2.894058140000000e+012
1.800000000000000e-003 2.889174420000000e+012
1.805000000000000e-003 2.884395350000000e+012
1.810000000000000e-003 2.879616280000000e+012
1.815000000000000e-003 2.874732560000000e+012
1.820000000000000e-003 2.869918600000000e+012
1.825000000000000e-003 2.865139530000000e+012
1.830000000000000e-003 2.860360470000000e+012
1.835000000000000e-003 2.855686050000000e+012
1.840000000000000e-003 2.850906980000000e+012
1.845000000000000e-003 2.846197670000000e+012
1.850000000000000e-003 2.841418600000000e+012
1.855000000000000e-003 2.836744190000000e+012
1.860000000000000e-003 2.832069770000000e+012
1.865000000000000e-003 2.827360470000000e+012
1.870000000000000e-003 2.822686050000000e+012
1.875000000000000e-003 2.818011630000000e+012
1.880000000000000e-003 2.813337210000000e+012
1.885000000000000e-003 2.808732560000000e+012
1.890000000000000e-003 2.804162790000000e+012
1.895000000000000e-003 2.799453490000000e+012
1.900000000000000e-003 2.794883720000000e+012
1.905000000000000e-003 2.790313950000000e+012
1.910000000000000e-003 2.785709300000000e+012
1.915000000000000e-003 2.781139530000000e+012
1.920000000000000e-003 2.776534880000000e+012
1.925000000000000e-003 2.772069770000000e+012
1.930000000000000e-003 2.767465120000000e+012
1.935000000000000e-003 2.763000000000000e+012
1.940000000000000e-003 2.758500000000000e+012
1.945000000000000e-003 2.753930230000000e+012
1.950000000000000e-003 2.749430230000000e+012
1.955000000000000e-003 2.744965120000001e+012
1.960000000000000e-003 2.740569770000000e+012
1.965000000000000e-003 2.736069770000001e+012
1.970000000000000e-003 2.731604650000000e+012
1.975000000000000e-003 2.727209300000001e+012
1.980000000000000e-003 2.722813950000000e+012
1.985000000000000e-003 2.718348840000000e+012
1.990000000000000e-003 2.713953490000000e+012
1.995000000000000e-003 2.709558140000000e+012
2.000000000000000e-003 2.705197670000000e+012
2.005000000000000e-003 2.700906980000000e+012
2.010000000000000e-003 2.696511630000001e+012
2.015000000000000e-003 2.692116280000000e+012
2.020000000000000e-003 2.687825580000001e+012
2.025000000000000e-003 2.683569770000000e+012
2.030000000000000e-003 2.679174420000001e+012
2.035000000000000e-003 2.674883720000000e+012
2.040000000000000e-003 2.670593020000001e+012
2.045000000000000e-003 2.666302330000000e+012
2.050000000000000e-003 2.662116280000001e+012
2.055000000000000e-003 2.657825580000000e+012
2.060000000000000e-003 2.653569770000001e+012
2.065000000000000e-003 2.649383720000000e+012
2.070000000000000e-003 2.645197670000000e+012
2.075000000000000e-003 2.641011630000000e+012
2.080000000000000e-003 2.636720930000000e+012
2.085000000000000e-003 2.632534880000001e+012
2.090000000000000e-003 2.628453490000000e+012
2.095000000000000e-003 2.624267440000001e+012
2.100000000000000e-003 2.620081400000000e+012
2.105000000000000e-003 2.615965120000001e+012
2.110000000000000e-003 2.611779070000000e+012
2.115000000000000e-003 2.607697670000001e+012
2.120000000000000e-003 2.603616280000000e+012
2.125000000000000e-003 2.599534880000001e+012
2.130000000000000e-003 2.595453490000000e+012
2.135000000000000e-003 2.591372090000001e+012
2.140000000000000e-003 2.587290700000000e+012
2.145000000000000e-003 2.583279070000001e+012
2.150000000000000e-003 2.579197670000000e+012
2.155000000000000e-003 2.575220930000000e+012
2.160000000000000e-003 2.571139530000001e+012
2.165000000000000e-003 2.567127910000000e+012
2.170000000000000e-003 2.563151160000001e+012
2.175000000000000e-003 2.559174420000000e+012
2.180000000000000e-003 2.555197670000001e+012
2.185000000000000e-003 2.551290700000000e+012
2.190000000000000e-003 2.547313950000001e+012
2.195000000000000e-003 2.543337210000000e+012
2.200000000000000e-003 2.539430230000001e+012
2.205000000000000e-003 2.535558140000000e+012
2.210000000000000e-003 2.531546510000001e+012
2.215000000000000e-003 2.527674420000000e+012
2.220000000000000e-003 2.523802330000001e+012
2.225000000000000e-003 2.520000000000000e+012
2.230000000000000e-003 2.516127910000001e+012
2.235000000000000e-003 2.512220930000000e+012
2.240000000000000e-003 2.508453490000000e+012
2.245000000000000e-003 2.504546510000001e+012
2.250000000000000e-003 2.500779070000000e+012
2.255000000000000e-003 2.496976740000001e+012
2.260000000000000e-003 2.493174420000000e+012
2.265000000000000e-003 2.489406980000001e+012
2.270000000000000e-003 2.485604650000000e+012
2.275000000000000e-003 2.481837210000001e+012
2.280000000000000e-003 2.478034880000000e+012
2.285000000000000e-003 2.474337210000001e+012
2.290000000000000e-003 2.470569770000000e+012
2.295000000000000e-003 2.466872090000001e+012
2.300000000000000e-003 2.463174420000000e+012
2.305000000000000e-003 2.459511630000001e+012
2.310000000000000e-003 2.455813950000000e+012
2.315000000000000e-003 2.452116280000000e+012
2.320000000000000e-003 2.448453490000000e+012
2.325000000000000e-003 2.444755810000000e+012
2.330000000000000e-003 2.441058140000001e+012
2.335000000000000e-003 2.437465120000000e+012
2.340000000000000e-003 2.433872090000001e+012
2.345000000000000e-003 2.430209300000000e+012
2.350000000000000e-003 2.426616280000001e+012
2.355000000000000e-003 2.423023260000000e+012
2.360000000000000e-003 2.419430230000001e+012
2.365000000000000e-003 2.415837210000000e+012
2.370000000000000e-003 2.412244190000001e+012
2.375000000000000e-003 2.408755810000000e+012
2.380000000000000e-003 2.405197670000001e+012
2.385000000000000e-003 2.401709300000000e+012
2.390000000000000e-003 2.398220930000001e+012
2.395000000000000e-003 2.394627910000000e+012
2.400000000000000e-003 2.391139530000000e+012
2.405000000000000e-003 2.387651160000001e+012
2.410000000000000e-003 2.384162790000000e+012
2.415000000000000e-003 2.380674420000001e+012
2.420000000000000e-003 2.377290700000000e+012
2.425000000000000e-003 2.373802330000001e+012
2.430000000000000e-003 2.370383720000000e+012
2.435000000000000e-003 2.366895350000001e+012
2.440000000000000e-003 2.363511630000000e+012
2.445000000000000e-003 2.360127910000001e+012
2.450000000000000e-003 2.356639530000000e+012
2.455000000000000e-003 2.353255810000001e+012
2.460000000000000e-003 2.349976740000000e+012
2.465000000000000e-003 2.346593020000001e+012
2.470000000000000e-003 2.343174420000000e+012
2.475000000000000e-003 2.339790700000001e+012
2.480000000000000e-003 2.336511630000001e+012
2.485000000000000e-003 2.333127910000000e+012
2.490000000000000e-003 2.329848840000001e+012
2.495000000000000e-003 2.326534880000000e+012
2.500000000000000e-003 2.323255810000001e+012
2.505000000000000e-003 2.319976740000000e+012
2.510000000000000e-003 2.316662790000001e+012
2.515000000000000e-003 2.313383720000000e+012
2.520000000000000e-003 2.310104650000001e+012
2.525000000000000e-003 2.306895350000000e+012
2.530000000000000e-003 2.303616280000001e+012
2.535000000000000e-003 2.300441860000000e+012
2.540000000000000e-003 2.297127910000001e+012
2.545000000000000e-003 2.293953490000000e+012
2.550000000000000e-003 2.290779070000001e+012
2.555000000000000e-003 2.287569770000000e+012
2.560000000000000e-003 2.284395350000001e+012
2.565000000000000e-003 2.281186050000001e+012
2.570000000000000e-003 2.278011630000000e+012
2.575000000000000e-003 2.274802330000001e+012
2.580000000000000e-003 2.271732560000000e+012
2.585000000000000e-003 2.268523260000001e+012
2.590000000000000e-003 2.265453490000000e+012
2.595000000000000e-003 2.262244190000001e+012
2.600000000000000e-003 2.259174420000000e+012
2.605000000000000e-003 2.256069770000001e+012
2.610000000000000e-003 2.253000000000000e+012
2.615000000000000e-003 2.249895350000001e+012
2.620000000000000e-003 2.246825580000000e+012
2.625000000000000e-003 2.243720930000001e+012
2.630000000000000e-003 2.240720930000000e+012
2.635000000000000e-003 2.237651160000001e+012
2.640000000000000e-003 2.234546510000000e+012
2.645000000000000e-003 2.231546510000001e+012
2.650000000000000e-003 2.228581400000001e+012
2.655000000000000e-003 2.225476740000000e+012
2.660000000000000e-003 2.222476740000001e+012
2.665000000000000e-003 2.219511630000000e+012
2.670000000000000e-003 2.216511630000001e+012
2.675000000000000e-003 2.213511630000000e+012
2.680000000000000e-003 2.210546510000001e+012
2.685000000000000e-003 2.207651160000000e+012
2.690000000000000e-003 2.204651160000001e+012
2.695000000000000e-003 2.201651160000000e+012
2.700000000000000e-003 2.198755810000000e+012
2.705000000000000e-003 2.195790700000000e+012
2.710000000000000e-003 2.192895350000000e+012
2.715000000000000e-003 2.190000000000000e+012
2.720000000000000e-003 2.187000000000000e+012
2.725000000000000e-003 2.184104650000000e+012
2.730000000000000e-003 2.181244190000000e+012
2.735000000000000e-003 2.178348840000000e+012
2.740000000000000e-003 2.175453490000000e+012
2.745000000000000e-003 2.172662790000000e+012
2.750000000000000e-003 2.169767440000000e+012
2.755000000000000e-003 2.166872090000000e+012
2.760000000000000e-003 2.164081400000000e+012
2.765000000000000e-003 2.161186050000000e+012
2.770000000000000e-003 2.158395350000000e+012
2.775000000000000e-003 2.155500000000000e+012
2.780000000000000e-003 2.152709300000000e+012
2.785000000000000e-003 2.149918600000000e+012
2.790000000000000e-003 2.147127910000000e+012
2.795000000000000e-003 2.144337210000000e+012
2.800000000000000e-003 2.141546510000000e+012
2.805000000000000e-003 2.138755810000000e+012
2.810000000000000e-003 2.135965120000000e+012
2.815000000000000e-003 2.133174420000000e+012
2.820000000000000e-003 2.130488370000000e+012
2.825000000000000e-003 2.127697670000000e+012
2.830000000000000e-003 2.125011630000000e+012
2.835000000000000e-003 2.122220930000000e+012
2.840000000000000e-003 2.119534880000000e+012
2.845000000000000e-003 2.116744190000000e+012
2.850000000000000e-003 2.114058140000000e+012
2.855000000000000e-003 2.111372090000000e+012
2.860000000000000e-003 2.108686050000000e+012
2.865000000000000e-003 2.105965120000000e+012
2.870000000000000e-003 2.103279070000000e+012
2.875000000000000e-003 2.100593020000000e+012
2.880000000000000e-003 2.097906980000000e+012
2.885000000000000e-003 2.095220930000000e+012
2.890000000000000e-003 2.092534880000000e+012
2.895000000000000e-003 2.089918600000000e+012
2.900000000000000e-003 2.087232560000000e+012
2.905000000000000e-003 2.084546510000000e+012
2.910000000000000e-003 2.081965120000000e+012
2.915000000000000e-003 2.079383720000000e+012
2.920000000000000e-003 2.076662790000000e+012
2.925000000000000e-003 2.074081400000000e+012
2.930000000000000e-003 2.071500000000000e+012
2.935000000000000e-003 2.068813950000000e+012
2.940000000000000e-003 2.066197670000000e+012
2.945000000000000e-003 2.063616280000000e+012
2.950000000000000e-003 2.061034880000000e+012
2.955000000000000e-003 2.058453490000000e+012
2.960000000000000e-003 2.055837210000000e+012
2.965000000000000e-003 2.053360470000000e+012
2.970000000000000e-003 2.050779070000000e+012
2.975000000000000e-003 2.048162790000000e+012
2.980000000000000e-003 2.045581400000000e+012
2.985000000000000e-003 2.043104650000000e+012
2.990000000000000e-003 2.040488370000000e+012
2.995000000000000e-003 2.038011630000000e+012
3.000000000000000e-003 2.035430240000000e+012
3.005000000000000e-003 2.032918610000000e+012
3.010000000000000e-003 2.030441870000000e+012
3.015000000000000e-003 2.027825580000000e+012
3.020000000000000e-003 2.025348840000000e+012
3.025000000000000e-003 2.022872090000000e+012
3.030000000000000e-003 2.020360470000000e+012
3.035000000000000e-003 2.017883720000000e+012
3.040000000000000e-003 2.015372090000000e+012
3.045000000000000e-003 2.012895350000000e+012
3.050000000000000e-003 2.010383720000000e+012
3.055000000000000e-003 2.007906980000000e+012
3.060000000000000e-003 2.005430230000000e+012
3.065000000000000e-003 2.002918600000000e+012
3.070000000000000e-003 2.000441860000000e+012
3.075000000000000e-003 1.998034880000000e+012
3.080000000000000e-003 1.995558140000000e+012
3.085000000000000e-003 1.993046500000000e+012
3.090000000000000e-003 1.990674410000000e+012
3.095000000000000e-003 1.988162780000000e+012
3.100000000000000e-003 1.985790710000000e+012
3.105000000000000e-003 1.983279080000000e+012
3.110000000000000e-003 1.980906990000000e+012
3.115000000000000e-003 1.978500010000000e+012
3.120000000000000e-003 1.976023260000000e+012
3.125000000000000e-003 1.973616280000000e+012
3.130000000000000e-003 1.971244190000000e+012
3.135000000000000e-003 1.968837210000000e+012
3.140000000000000e-003 1.966360470000000e+012
3.145000000000000e-003 1.963953490000000e+012
3.150000000000000e-003 1.961546510000000e+012
3.155000000000000e-003 1.959174420000000e+012
3.160000000000000e-003 1.956767440000000e+012
3.165000000000000e-003 1.954395350000000e+012
3.170000000000000e-003 1.951988370000000e+012
3.175000000000000e-003 1.949686050000000e+012
3.180000000000000e-003 1.947313950000000e+012
3.185000000000000e-003 1.944906980000000e+012
3.190000000000000e-003 1.942534870000000e+012
3.195000000000000e-003 1.940232550000000e+012
3.200000000000000e-003 1.937825570000000e+012
3.205000000000000e-003 1.935453500000000e+012
3.210000000000000e-003 1.933151170000000e+012
3.215000000000000e-003 1.930779080000000e+012
3.220000000000000e-003 1.928372090000000e+012
3.225000000000000e-003 1.926069770000000e+012
3.230000000000000e-003 1.923802330000000e+012
3.235000000000000e-003 1.921395350000000e+012
3.240000000000000e-003 1.919093020000000e+012
3.245000000000000e-003 1.916720930000000e+012
3.250000000000000e-003 1.914418600000000e+012
3.255000000000000e-003 1.912116280000000e+012
3.260000000000000e-003 1.909744190000000e+012
3.265000000000000e-003 1.907441860000000e+012
3.270000000000000e-003 1.905139530000000e+012
3.275000000000000e-003 1.902872090000000e+012
3.280000000000000e-003 1.900569770000000e+012
3.285000000000000e-003 1.898162790000000e+012
3.290000000000000e-003 1.895895350000000e+012
3.295000000000000e-003 1.893593010000000e+012
3.300000000000000e-003 1.891290690000000e+012
3.305000000000000e-003 1.888988360000000e+012
3.310000000000000e-003 1.886720940000000e+012
3.315000000000000e-003 1.884418610000000e+012
3.320000000000000e-003 1.882116290000000e+012
3.325000000000000e-003 1.879918600000000e+012
3.330000000000000e-003 1.877651160000000e+012
3.335000000000000e-003 1.875348840000000e+012
3.340000000000000e-003 1.873046510000000e+012
3.345000000000000e-003 1.870779070000000e+012
3.350000000000000e-003 1.868581400000000e+012
3.355000000000000e-003 1.866279070000000e+012
3.360000000000000e-003 1.863976740000000e+012
3.365000000000000e-003 1.861709300000000e+012
3.370000000000000e-003 1.859511630000000e+012
3.375000000000000e-003 1.857209300000000e+012
3.380000000000000e-003 1.855011630000000e+012
3.385000000000000e-003 1.852709300000000e+012
3.390000000000000e-003 1.850441860000000e+012
3.395000000000000e-003 1.848244190000000e+012
3.400000000000000e-003 1.845941860000000e+012
3.405000000000000e-003 1.843744180000000e+012
3.410000000000000e-003 1.841546500000000e+012
3.415000000000000e-003 1.839279080000000e+012
3.420000000000000e-003 1.837081410000000e+012
3.425000000000000e-003 1.834779080000000e+012
3.430000000000000e-003 1.832581400000000e+012
3.435000000000000e-003 1.830383720000000e+012
3.440000000000000e-003 1.828116280000000e+012
3.445000000000000e-003 1.825918600000000e+012
3.450000000000000e-003 1.823720930000000e+012
3.455000000000000e-003 1.821523260000000e+012
3.460000000000000e-003 1.819220930000000e+012
3.465000000000000e-003 1.817058140000000e+012
3.470000000000000e-003 1.814860470000000e+012
3.475000000000000e-003 1.812662790000000e+012
3.480000000000000e-003 1.810465120000000e+012
3.485000000000000e-003 1.808267440000000e+012
3.490000000000000e-003 1.806069770000000e+012
3.495000000000000e-003 1.803802330000000e+012
3.500000000000000e-003 1.801604650000000e+012
3.505000000000000e-003 1.799406980000000e+012
3.510000000000000e-003 1.797209290000000e+012
3.515000000000000e-003 1.795011620000000e+012
3.520000000000000e-003 1.792813960000000e+012
3.525000000000000e-003 1.790720940000000e+012
3.530000000000000e-003 1.788523270000000e+012
3.535000000000000e-003 1.786360470000000e+012
3.540000000000000e-003 1.784162790000000e+012
3.545000000000000e-003 1.781965120000000e+012
3.550000000000000e-003 1.779767440000000e+012
3.555000000000000e-003 1.777569770000000e+012
3.560000000000000e-003 1.775476740000000e+012
3.565000000000000e-003 1.773279070000000e+012
3.570000000000000e-003 1.771081400000000e+012
3.575000000000000e-003 1.768918600000000e+012
3.580000000000000e-003 1.766825580000000e+012
3.585000000000000e-003 1.764627910000000e+012
3.590000000000000e-003 1.762430230000000e+012
3.595000000000000e-003 1.760337210000000e+012
3.600000000000000e-003 1.758139530000000e+012
3.605000000000000e-003 1.755941860000000e+012
3.610000000000000e-003 1.753848840000000e+012
3.615000000000000e-003 1.751651150000000e+012
3.620000000000000e-003 1.749558130000000e+012
3.625000000000000e-003 1.747360480000000e+012
3.630000000000000e-003 1.745267450000000e+012
3.635000000000000e-003 1.743104660000000e+012
3.640000000000000e-003 1.741011630000000e+012
3.645000000000000e-003 1.738813950000000e+012
3.650000000000000e-003 1.736720930000000e+012
3.655000000000000e-003 1.734523260000000e+012
3.660000000000000e-003 1.732430230000000e+012
3.665000000000000e-003 1.730337210000000e+012
3.670000000000000e-003 1.728139530000000e+012
3.675000000000000e-003 1.726046510000000e+012
3.680000000000000e-003 1.723953490000000e+012
3.685000000000000e-003 1.721755810000000e+012
3.690000000000000e-003 1.719662790000000e+012
3.695000000000000e-003 1.717569770000000e+012
3.700000000000000e-003 1.715476740000000e+012
3.705000000000000e-003 1.713279070000000e+012
3.710000000000000e-003 1.711186050000000e+012
3.715000000000000e-003 1.709093020000000e+012
3.720000000000000e-003 1.706999990000000e+012
3.725000000000000e-003 1.704906970000000e+012
3.730000000000000e-003 1.702813960000000e+012
3.735000000000000e-003 1.700720940000000e+012
3.740000000000000e-003 1.698627910000000e+012
3.745000000000000e-003 1.696534880000000e+012
3.750000000000000e-003 1.694441860000000e+012
3.755000000000000e-003 1.692348840000000e+012
3.760000000000000e-003 1.690255810000000e+012
3.765000000000000e-003 1.688162790000000e+012
3.770000000000000e-003 1.686069770000000e+012
3.775000000000000e-003 1.683976740000000e+012
3.780000000000000e-003 1.681883720000000e+012
3.785000000000000e-003 1.679790700000000e+012
3.790000000000000e-003 1.677697670000000e+012
3.795000000000000e-003 1.675709300000000e+012
3.800000000000000e-003 1.673616280000000e+012
3.805000000000000e-003 1.671523260000000e+012
3.810000000000000e-003 1.669430230000000e+012
3.815000000000000e-003 1.667441860000000e+012
3.820000000000000e-003 1.665348840000000e+012
3.825000000000000e-003 1.663255800000000e+012
3.830000000000000e-003 1.661267430000000e+012
3.835000000000000e-003 1.659174430000000e+012
3.840000000000000e-003 1.657081410000000e+012
3.845000000000000e-003 1.655093020000000e+012
3.850000000000000e-003 1.653000000000000e+012
3.855000000000000e-003 1.651011630000000e+012
3.860000000000000e-003 1.648918600000000e+012
3.865000000000000e-003 1.646895350000000e+012
3.870000000000000e-003 1.644802330000000e+012
3.875000000000000e-003 1.642813950000000e+012
3.880000000000000e-003 1.640720930000000e+012
3.885000000000000e-003 1.638732560000000e+012
3.890000000000000e-003 1.636744190000000e+012
3.895000000000000e-003 1.634651160000000e+012
3.900000000000000e-003 1.632662790000000e+012
3.905000000000000e-003 1.630674420000000e+012
3.909999999999999e-003 1.628686050000000e+012
3.915000000000000e-003 1.626593020000000e+012
3.920000000000000e-003 1.624569770000000e+012
3.925000000000000e-003 1.622581400000000e+012
3.930000000000000e-003 1.620593020000000e+012
3.934999999999999e-003 1.618604640000000e+012
3.940000000000000e-003 1.616616290000000e+012
3.945000000000000e-003 1.614627920000000e+012
3.950000000000000e-003 1.612639530000000e+012
3.954999999999999e-003 1.610616280000000e+012
3.960000000000000e-003 1.608627910000000e+012
3.965000000000000e-003 1.606639530000000e+012
3.970000000000000e-003 1.604651160000000e+012
3.974999999999999e-003 1.602662790000000e+012
3.980000000000000e-003 1.600674420000000e+012
3.985000000000000e-003 1.598686050000000e+012
3.990000000000000e-003 1.596767440000000e+012
3.994999999999999e-003 1.594779070000000e+012
4.000000000000000e-003 1.592567650000000e+012
4.005000000000000e-003 1.590131980000000e+012
4.010000000000000e-003 1.587508180000000e+012
4.015000000000000e-003 1.584732390000001e+012
4.019999999999999e-003 1.581840750000001e+012
4.025000000000000e-003 1.578869380000000e+012
4.030000000000000e-003 1.575854430000000e+012
4.035000000000000e-003 1.572832020000001e+012
4.039999999999999e-003 1.569838290000001e+012
4.045000000000000e-003 1.566909370000000e+012
4.050000000000000e-003 1.564081410000000e+012
4.055000000000000e-003 1.561383560000000e+012
4.059999999999999e-003 1.558817130000001e+012
4.065000000000000e-003 1.556376470000000e+012
4.070000000000000e-003 1.554055910000000e+012
4.075000000000000e-003 1.551849800000000e+012
4.079999999999999e-003 1.549752470000000e+012
4.084999999999999e-003 1.547758260000000e+012
4.090000000000000e-003 1.545861520000000e+012
4.095000000000000e-003 1.544056590000000e+012
4.100000000000000e-003 1.542337810000000e+012
4.104999999999999e-003 1.540699510000000e+012
4.110000000000000e-003 1.539136040000000e+012
4.115000000000000e-003 1.537641740000000e+012
4.120000000000000e-003 1.536210940000000e+012
4.124999999999999e-003 1.534838000000000e+012
4.130000000000000e-003 1.533517240000000e+012
4.135000000000000e-003 1.532243020000000e+012
4.140000000000000e-003 1.531009660000000e+012
4.144999999999999e-003 1.529811520000000e+012
4.150000000000000e-003 1.528642920000000e+012
4.155000000000000e-003 1.527498220000000e+012
4.160000000000000e-003 1.526371750000000e+012
4.164999999999999e-003 1.525257860000000e+012
4.169999999999999e-003 1.524150870000000e+012
4.175000000000000e-003 1.523045140000000e+012
4.180000000000000e-003 1.521935010000000e+012
4.185000000000000e-003 1.520814800000000e+012
4.189999999999999e-003 1.519678880000000e+012
4.195000000000000e-003 1.518521570000000e+012
4.200000000000000e-003 1.517337210000000e+012
4.205000000000000e-003 1.516121340000000e+012
4.209999999999999e-003 1.514874240000000e+012
4.215000000000000e-003 1.513597400000000e+012
4.220000000000000e-003 1.512292290000000e+012
4.225000000000000e-003 1.510960390000000e+012
4.229999999999999e-003 1.509603170000000e+012
4.235000000000000e-003 1.508222120000000e+012
4.240000000000000e-003 1.506818710000000e+012
4.245000000000000e-003 1.505394420000000e+012
4.249999999999999e-003 1.503950730000000e+012
4.254999999999999e-003 1.502489120000000e+012
4.260000000000000e-003 1.501011060000000e+012
4.265000000000000e-003 1.499518040000000e+012
4.270000000000000e-003 1.498011530000000e+012
4.274999999999999e-003 1.496493010000000e+012
4.280000000000000e-003 1.494963950000000e+012
4.285000000000000e-003 1.493425850000000e+012
4.290000000000000e-003 1.491880160000000e+012
4.294999999999999e-003 1.490328380000000e+012
4.300000000000000e-003 1.488771980000000e+012
4.305000000000000e-003 1.487212440000000e+012
4.310000000000000e-003 1.485651230000000e+012
4.314999999999999e-003 1.484089840000000e+012
4.319999999999999e-003 1.482529740000000e+012
4.325000000000000e-003 1.480972410000000e+012
4.330000000000000e-003 1.479419330000000e+012
4.334999999999999e-003 1.477871980000000e+012
4.339999999999999e-003 1.476331830000000e+012
4.345000000000000e-003 1.474800370000000e+012
4.350000000000000e-003 1.473279070000000e+012
4.355000000000000e-003 1.471769090000000e+012
4.359999999999999e-003 1.470270350000000e+012
4.365000000000000e-003 1.468782450000000e+012
4.370000000000000e-003 1.467305000000000e+012
4.375000000000000e-003 1.465837580000000e+012
4.379999999999999e-003 1.464379790000000e+012
4.385000000000000e-003 1.462931250000000e+012
4.390000000000000e-003 1.461491550000000e+012
4.395000000000000e-003 1.460060280000000e+012
4.399999999999999e-003 1.458637050000000e+012
4.404999999999999e-003 1.457221460000000e+012
4.410000000000000e-003 1.455813110000000e+012
4.415000000000000e-003 1.454411590000000e+012
4.420000000000000e-003 1.453016510000000e+012
4.424999999999999e-003 1.451627470000000e+012
4.430000000000000e-003 1.450244060000000e+012
4.435000000000000e-003 1.448865900000000e+012
4.440000000000000e-003 1.447492570000000e+012
4.444999999999999e-003 1.446123670000000e+012
4.450000000000000e-003 1.444758810000000e+012
4.455000000000000e-003 1.443397590000000e+012
4.460000000000000e-003 1.442039600000000e+012
4.464999999999999e-003 1.440684450000000e+012
4.470000000000000e-003 1.439331740000000e+012
4.475000000000000e-003 1.437981060000000e+012
4.480000000000000e-003 1.436632020000000e+012
4.484999999999999e-003 1.435284210000000e+012
4.489999999999999e-003 1.433937230000000e+012
4.495000000000000e-003 1.432590700000000e+012
4.500000000000000e-003 1.431244190000000e+012
4.505000000000000e-003 1.429897400000000e+012
4.509999999999999e-003 1.428550330000000e+012
4.515000000000000e-003 1.427203060000000e+012
4.520000000000000e-003 1.425855680000000e+012
4.525000000000000e-003 1.424508270000000e+012
4.529999999999999e-003 1.423160910000000e+012
4.535000000000000e-003 1.421813690000000e+012
4.540000000000000e-003 1.420466690000000e+012
4.545000000000000e-003 1.419119990000000e+012
4.549999999999999e-003 1.417773680000000e+012
4.555000000000000e-003 1.416427840000000e+012
4.560000000000000e-003 1.415082570000000e+012
4.565000000000000e-003 1.413737930000000e+012
4.569999999999999e-003 1.412394010000000e+012
4.574999999999999e-003 1.411050900000000e+012
4.580000000000000e-003 1.409708680000000e+012
4.585000000000000e-003 1.408367440000000e+012
4.590000000000000e-003 1.407027260000000e+012
4.594999999999999e-003 1.405688220000000e+012
4.600000000000000e-003 1.404350400000000e+012
4.605000000000000e-003 1.403013900000000e+012
4.610000000000000e-003 1.401678790000000e+012
4.614999999999999e-003 1.400345160000000e+012
4.620000000000000e-003 1.399013080000000e+012
4.625000000000000e-003 1.397682660000000e+012
4.630000000000000e-003 1.396353960000000e+012
4.634999999999999e-003 1.395027080000000e+012
4.640000000000000e-003 1.393702090000000e+012
4.645000000000000e-003 1.392379080000000e+012
4.650000000000000e-003 1.391058140000000e+012
4.654999999999999e-003 1.389739320000000e+012
4.659999999999999e-003 1.388422630000000e+012
4.665000000000000e-003 1.387108030000000e+012
4.670000000000000e-003 1.385795490000000e+012
4.675000000000000e-003 1.384484990000000e+012
4.679999999999999e-003 1.383176490000000e+012
4.685000000000000e-003 1.381869980000000e+012
4.690000000000000e-003 1.380565420000000e+012
4.695000000000000e-003 1.379262780000000e+012
4.699999999999999e-003 1.377962040000000e+012
4.705000000000000e-003 1.376663170000000e+012
4.710000000000000e-003 1.375366130000000e+012
4.715000000000000e-003 1.374070910000000e+012
4.719999999999999e-003 1.372777480000000e+012
4.724999999999999e-003 1.371485800000000e+012
4.730000000000000e-003 1.370195850000000e+012
4.735000000000000e-003 1.368907590000000e+012
4.739999999999999e-003 1.367621010000000e+012
4.744999999999999e-003 1.366336080000000e+012
4.750000000000000e-003 1.365052760000000e+012
4.755000000000000e-003 1.363771030000000e+012
4.760000000000000e-003 1.362490860000000e+012
4.764999999999999e-003 1.361212230000000e+012
4.770000000000000e-003 1.359935090000000e+012
4.775000000000000e-003 1.358659440000000e+012
4.780000000000000e-003 1.357385230000000e+012
4.784999999999999e-003 1.356112450000000e+012
4.790000000000000e-003 1.354841050000000e+012
4.795000000000000e-003 1.353571020000000e+012
4.800000000000000e-003 1.352302330000000e+012
4.804999999999999e-003 1.351034950000000e+012
4.809999999999999e-003 1.349768870000000e+012
4.815000000000000e-003 1.348504070000000e+012
4.820000000000000e-003 1.347240560000000e+012
4.824999999999999e-003 1.345978300000000e+012
4.829999999999999e-003 1.344717310000000e+012
4.835000000000000e-003 1.343457560000000e+012
4.840000000000000e-003 1.342199040000000e+012
4.845000000000000e-003 1.340941750000000e+012
4.849999999999999e-003 1.339685660000000e+012
4.855000000000000e-003 1.338430790000000e+012
4.860000000000000e-003 1.337177100000000e+012
4.865000000000000e-003 1.335924590000000e+012
4.869999999999999e-003 1.334673260000000e+012
4.875000000000000e-003 1.333423080000000e+012
4.880000000000000e-003 1.332174050000000e+012
4.885000000000000e-003 1.330926160000000e+012
4.889999999999999e-003 1.329679400000000e+012
4.894999999999999e-003 1.328433750000000e+012
4.900000000000000e-003 1.327189220000000e+012
4.905000000000000e-003 1.325945770000000e+012
4.909999999999999e-003 1.324703410000000e+012
4.914999999999999e-003 1.323462130000000e+012
4.920000000000000e-003 1.322221910000000e+012
4.925000000000000e-003 1.320982740000000e+012
4.930000000000000e-003 1.319744620000000e+012
4.934999999999999e-003 1.318507520000000e+012
4.940000000000000e-003 1.317271450000000e+012
4.945000000000000e-003 1.316036390000000e+012
4.950000000000000e-003 1.314802330000000e+012
4.954999999999999e-003 1.313569260000000e+012
4.959999999999999e-003 1.312337180000000e+012
4.965000000000000e-003 1.311106090000000e+012
4.970000000000000e-003 1.309875990000000e+012
4.974999999999999e-003 1.308646880000000e+012
4.979999999999999e-003 1.307418770000000e+012
4.985000000000000e-003 1.306191650000000e+012
4.990000000000000e-003 1.304965520000000e+012
4.994999999999999e-003 1.303740400000000e+012
5.000000000000000e-003 1.302516260000000e+012
5.005000000000001e-003 1.301293130000000e+012
5.010000000000001e-003 1.300070990000000e+012
5.015000000000000e-003 1.298849860000000e+012
5.020000000000001e-003 1.297629720000000e+012
5.025000000000001e-003 1.296410580000000e+012
5.030000000000001e-003 1.295192450000000e+012
5.035000000000000e-003 1.293975320000000e+012
5.040000000000001e-003 1.292759190000000e+012
5.045000000000001e-003 1.291544060000000e+012
5.050000000000001e-003 1.290329940000000e+012
5.055000000000001e-003 1.289116830000000e+012
5.060000000000000e-003 1.287904720000000e+012
5.065000000000001e-003 1.286693620000000e+012
5.070000000000001e-003 1.285483530000000e+012
5.075000000000001e-003 1.284274440000000e+012
5.080000000000000e-003 1.283066370000000e+012
5.085000000000001e-003 1.281859310000000e+012
5.090000000000001e-003 1.280653260000000e+012
5.095000000000001e-003 1.279448220000000e+012
5.100000000000000e-003 1.278244190000000e+012
5.105000000000001e-003 1.277041180000000e+012
5.110000000000001e-003 1.275839170000000e+012
5.115000000000001e-003 1.274638170000000e+012
5.120000000000000e-003 1.273438150000000e+012
5.125000000000000e-003 1.272239110000000e+012
5.130000000000001e-003 1.271041040000000e+012
5.135000000000001e-003 1.269843940000000e+012
5.140000000000001e-003 1.268647800000000e+012
5.145000000000000e-003 1.267452610000000e+012
5.150000000000001e-003 1.266258350000000e+012
5.155000000000001e-003 1.265065030000000e+012
5.160000000000001e-003 1.263872630000000e+012
5.165000000000000e-003 1.262681150000000e+012
5.170000000000001e-003 1.261490580000000e+012
5.175000000000001e-003 1.260300900000000e+012
5.180000000000001e-003 1.259112120000000e+012
5.185000000000000e-003 1.257924220000000e+012
5.190000000000001e-003 1.256737190000000e+012
5.195000000000001e-003 1.255551030000000e+012
5.200000000000001e-003 1.254365730000000e+012
5.205000000000000e-003 1.253181280000000e+012
5.210000000000000e-003 1.251997670000000e+012
5.215000000000001e-003 1.250814900000000e+012
5.220000000000001e-003 1.249632950000000e+012
5.225000000000001e-003 1.248451820000000e+012
5.230000000000000e-003 1.247271500000000e+012
5.235000000000001e-003 1.246091980000000e+012
5.240000000000001e-003 1.244913250000000e+012
5.245000000000001e-003 1.243735310000000e+012
5.250000000000000e-003 1.242558140000000e+012
5.255000000000001e-003 1.241381740000000e+012
5.260000000000001e-003 1.240206110000000e+012
5.265000000000001e-003 1.239031230000000e+012
5.270000000000000e-003 1.237857090000000e+012
5.275000000000001e-003 1.236683700000000e+012
5.280000000000001e-003 1.235511040000000e+012
5.285000000000001e-003 1.234339110000000e+012
5.290000000000000e-003 1.233167900000000e+012
5.295000000000000e-003 1.231997410000000e+012
5.300000000000001e-003 1.230827620000000e+012
5.305000000000001e-003 1.229658530000000e+012
5.310000000000001e-003 1.228490130000000e+012
5.315000000000000e-003 1.227322420000000e+012
5.320000000000001e-003 1.226155390000000e+012
5.325000000000001e-003 1.224989040000000e+012
5.330000000000001e-003 1.223823340000000e+012
5.335000000000000e-003 1.222658310000000e+012
5.340000000000001e-003 1.221493930000000e+012
5.345000000000001e-003 1.220330200000000e+012
5.350000000000001e-003 1.219167100000000e+012
5.355000000000000e-003 1.218004640000000e+012
5.360000000000000e-003 1.216842800000000e+012
5.365000000000001e-003 1.215681580000000e+012
5.370000000000001e-003 1.214520970000000e+012
5.375000000000000e-003 1.213360960000000e+012
5.380000000000000e-003 1.212201560000000e+012
5.385000000000001e-003 1.211042740000000e+012
5.390000000000001e-003 1.209884510000000e+012
5.395000000000001e-003 1.208726850000000e+012
5.400000000000000e-003 1.207569770000000e+012
5.405000000000001e-003 1.206413250000000e+012
5.410000000000001e-003 1.205257290000000e+012
5.415000000000001e-003 1.204101880000000e+012
5.420000000000000e-003 1.202947030000000e+012
5.425000000000001e-003 1.201792730000000e+012
5.430000000000001e-003 1.200638980000000e+012
5.435000000000001e-003 1.199485770000000e+012
5.440000000000000e-003 1.198333100000000e+012
5.445000000000000e-003 1.197180970000000e+012
5.450000000000001e-003 1.196029380000000e+012
5.455000000000001e-003 1.194878310000000e+012
5.460000000000000e-003 1.193727780000000e+012
5.465000000000000e-003 1.192577760000000e+012
5.470000000000001e-003 1.191428270000000e+012
5.475000000000001e-003 1.190279300000000e+012
5.480000000000001e-003 1.189130840000000e+012
5.485000000000000e-003 1.187982890000000e+012
5.490000000000001e-003 1.186835450000000e+012
5.495000000000001e-003 1.185688520000000e+012
5.500000000000001e-003 1.184542090000000e+012
5.505000000000000e-003 1.183396150000000e+012
5.510000000000001e-003 1.182250720000000e+012
5.515000000000001e-003 1.181105770000000e+012
5.520000000000001e-003 1.179961310000000e+012
5.525000000000000e-003 1.178817340000000e+012
5.530000000000000e-003 1.177673850000000e+012
5.535000000000001e-003 1.176530840000000e+012
5.540000000000001e-003 1.175388310000000e+012
5.545000000000000e-003 1.174246240000000e+012
5.550000000000000e-003 1.173104650000000e+012
5.555000000000001e-003 1.171963530000000e+012
5.560000000000001e-003 1.170822870000000e+012
5.565000000000001e-003 1.169682690000000e+012
5.570000000000000e-003 1.168542990000000e+012
5.575000000000001e-003 1.167403770000000e+012
5.580000000000001e-003 1.166265040000000e+012
5.585000000000001e-003 1.165126800000000e+012
5.590000000000000e-003 1.163989060000000e+012
5.595000000000001e-003 1.162851820000000e+012
5.600000000000001e-003 1.161715080000000e+012
5.605000000000001e-003 1.160578850000000e+012
5.610000000000000e-003 1.159443140000000e+012
5.615000000000000e-003 1.158307940000000e+012
5.620000000000001e-003 1.157173270000000e+012
5.625000000000001e-003 1.156039120000000e+012
5.630000000000001e-003 1.154905500000000e+012
5.635000000000000e-003 1.153772420000000e+012
5.640000000000001e-003 1.152639880000000e+012
5.645000000000001e-003 1.151507880000000e+012
5.650000000000001e-003 1.150376430000000e+012
5.655000000000000e-003 1.149245530000000e+012
5.660000000000001e-003 1.148115190000000e+012
5.665000000000001e-003 1.146985410000000e+012
5.670000000000001e-003 1.145856190000000e+012
5.675000000000000e-003 1.144727550000000e+012
5.680000000000001e-003 1.143599480000000e+012
5.685000000000001e-003 1.142471980000000e+012
5.690000000000001e-003 1.141345070000000e+012
5.695000000000000e-003 1.140218750000000e+012
5.700000000000000e-003 1.139093020000000e+012
5.705000000000001e-003 1.137967880000000e+012
5.710000000000001e-003 1.136843340000000e+012
5.715000000000001e-003 1.135719400000000e+012
5.720000000000000e-003 1.134596060000000e+012
5.725000000000001e-003 1.133473320000000e+012
5.730000000000001e-003 1.132351180000000e+012
5.735000000000001e-003 1.131229650000000e+012
5.740000000000000e-003 1.130108720000000e+012
5.745000000000001e-003 1.128988400000000e+012
5.750000000000001e-003 1.127868690000000e+012
5.755000000000001e-003 1.126749590000000e+012
5.760000000000000e-003 1.125631100000000e+012
5.765000000000000e-003 1.124513230000000e+012
5.770000000000001e-003 1.123395970000000e+012
5.775000000000001e-003 1.122279330000000e+012
5.780000000000000e-003 1.121163300000000e+012
5.785000000000000e-003 1.120047890000000e+012
5.790000000000001e-003 1.118933110000000e+012
5.795000000000001e-003 1.117818950000000e+012
5.800000000000001e-003 1.116705410000000e+012
5.805000000000000e-003 1.115592490000000e+012
5.810000000000001e-003 1.114480210000000e+012
5.815000000000001e-003 1.113368550000000e+012
5.820000000000001e-003 1.112257520000000e+012
5.825000000000000e-003 1.111147120000000e+012
5.830000000000001e-003 1.110037350000000e+012
5.835000000000001e-003 1.108928220000000e+012
5.840000000000001e-003 1.107819730000000e+012
5.845000000000000e-003 1.106711870000000e+012
5.850000000000000e-003 1.105604650000000e+012
5.855000000000001e-003 1.104498070000000e+012
5.860000000000001e-003 1.103392120000000e+012
5.865000000000000e-003 1.102286790000000e+012
5.870000000000000e-003 1.101182070000000e+012
5.875000000000001e-003 1.100077940000000e+012
5.880000000000001e-003 1.098974410000000e+012
5.885000000000001e-003 1.097871450000000e+012
5.890000000000000e-003 1.096769070000000e+012
5.895000000000001e-003 1.095667240000000e+012
5.900000000000001e-003 1.094565960000000e+012
5.905000000000001e-003 1.093465210000000e+012
5.910000000000000e-003 1.092364990000000e+012
5.915000000000001e-003 1.091265290000000e+012
5.920000000000001e-003 1.090166100000000e+012
5.925000000000001e-003 1.089067400000000e+012
5.930000000000000e-003 1.087969190000000e+012
5.935000000000000e-003 1.086871460000000e+012
5.940000000000001e-003 1.085774190000000e+012
5.945000000000001e-003 1.084677370000000e+012
5.950000000000000e-003 1.083581010000000e+012
5.955000000000000e-003 1.082485070000000e+012
5.960000000000001e-003 1.081389560000000e+012
5.965000000000001e-003 1.080294460000000e+012
5.970000000000001e-003 1.079199770000000e+012
5.975000000000000e-003 1.078105470000000e+012
5.980000000000001e-003 1.077011560000000e+012
5.985000000000001e-003 1.075918020000000e+012
5.990000000000001e-003 1.074824840000000e+012
5.995000000000000e-003 1.073732010000000e+012
6.000000000000000e-003 1.072639530000000e+012
6.005000000000001e-003 1.071547380000000e+012
6.010000000000001e-003 1.070455590000000e+012
6.015000000000000e-003 1.069364180000000e+012
6.020000000000000e-003 1.068273180000000e+012
6.025000000000001e-003 1.067182600000000e+012
6.030000000000001e-003 1.066092480000000e+012
6.035000000000000e-003 1.065002830000000e+012
6.040000000000000e-003 1.063913680000000e+012
6.045000000000001e-003 1.062825060000000e+012
6.050000000000001e-003 1.061736990000000e+012
6.055000000000001e-003 1.060649480000000e+012
6.060000000000000e-003 1.059562580000000e+012
6.065000000000001e-003 1.058476300000000e+012
6.070000000000001e-003 1.057390660000000e+012
6.075000000000001e-003 1.056305700000000e+012
6.080000000000000e-003 1.055221420000000e+012
6.085000000000000e-003 1.054137870000000e+012
6.090000000000001e-003 1.053055050000000e+012
6.095000000000001e-003 1.051973000000000e+012
6.100000000000000e-003 1.050891750000000e+012
6.105000000000001e-003 1.049811300000000e+012
6.110000000000001e-003 1.048731700000000e+012
6.115000000000001e-003 1.047652950000000e+012
6.120000000000000e-003 1.046575090000000e+012
6.125000000000000e-003 1.045498150000000e+012
6.130000000000000e-003 1.044422130000000e+012
6.135000000000001e-003 1.043347080000000e+012
6.140000000000001e-003 1.042273010000000e+012
6.145000000000001e-003 1.041199950000000e+012
6.150000000000001e-003 1.040127910000000e+012
6.155000000000001e-003 1.039056930000000e+012
6.160000000000001e-003 1.037986970000000e+012
6.165000000000000e-003 1.036918020000000e+012
6.170000000000000e-003 1.035850060000000e+012
6.175000000000000e-003 1.034783050000000e+012
6.180000000000001e-003 1.033716980000000e+012
6.185000000000000e-003 1.032651820000000e+012
6.190000000000001e-003 1.031587540000000e+012
6.195000000000001e-003 1.030524130000000e+012
6.200000000000001e-003 1.029461550000000e+012
6.205000000000000e-003 1.028399790000000e+012
6.210000000000000e-003 1.027338820000000e+012
6.215000000000000e-003 1.026278610000000e+012
6.220000000000001e-003 1.025219140000000e+012
6.225000000000001e-003 1.024160400000000e+012
6.230000000000001e-003 1.023102340000000e+012
6.235000000000001e-003 1.022044950000000e+012
6.240000000000001e-003 1.020988210000000e+012
6.245000000000001e-003 1.019932090000000e+012
6.250000000000000e-003 1.018876570000000e+012
6.255000000000000e-003 1.017821620000000e+012
6.260000000000000e-003 1.016767210000000e+012
6.265000000000001e-003 1.015713340000000e+012
6.270000000000000e-003 1.014659960000000e+012
6.275000000000001e-003 1.013607060000000e+012
6.280000000000001e-003 1.012554610000000e+012
6.285000000000001e-003 1.011502580000000e+012
6.290000000000001e-003 1.010450960000000e+012
6.295000000000000e-003 1.009399720000000e+012
6.300000000000000e-003 1.008348840000000e+012
6.305000000000001e-003 1.007298300000000e+012
6.310000000000001e-003 1.006248110000000e+012
6.315000000000001e-003 1.005198300000000e+012
6.320000000000001e-003 1.004148910000000e+012
6.325000000000001e-003 1.003099950000000e+012
6.330000000000001e-003 1.002051450000000e+012
6.335000000000000e-003 1.001003440000000e+012
6.340000000000000e-003 9.999559340000000e+011
6.345000000000000e-003 9.989089720000000e+011
6.350000000000001e-003 9.978625749999999e+011
6.355000000000000e-003 9.968167670000000e+011
6.360000000000001e-003 9.957715759999999e+011
6.365000000000001e-003 9.947270259999999e+011
6.370000000000001e-003 9.936831449999999e+011
6.375000000000001e-003 9.926399579999999e+011
6.380000000000000e-003 9.915974900000000e+011
6.385000000000000e-003 9.905557680000000e+011
6.390000000000001e-003 9.895148169999999e+011
6.395000000000001e-003 9.884746639999999e+011
6.400000000000000e-003 9.874353340000000e+011
6.405000000000001e-003 9.863968539999999e+011
6.410000000000001e-003 9.853592489999999e+011
6.415000000000001e-003 9.843225449999999e+011
6.420000000000000e-003 9.832867670000000e+011
6.425000000000000e-003 9.822519430000000e+011
6.430000000000000e-003 9.812180970000000e+011
6.435000000000001e-003 9.801852559999999e+011
6.440000000000000e-003 9.791534460000000e+011
6.445000000000001e-003 9.781226919999999e+011
6.450000000000001e-003 9.770930209999999e+011
6.455000000000001e-003 9.760644509999999e+011
6.460000000000001e-003 9.750369809999999e+011
6.465000000000000e-003 9.740105990000000e+011
6.470000000000000e-003 9.729852960000000e+011
6.475000000000001e-003 9.719610629999999e+011
6.480000000000001e-003 9.709378889999999e+011
6.485000000000000e-003 9.699157660000000e+011
6.490000000000001e-003 9.688946829999999e+011
6.495000000000001e-003 9.678746309999999e+011
6.500000000000001e-003 9.668555989999999e+011
6.505000000000000e-003 9.658375790000000e+011
6.510000000000000e-003 9.648205600000000e+011
6.515000000000000e-003 9.638045330000000e+011
6.520000000000001e-003 9.627894879999999e+011
6.525000000000000e-003 9.617754160000000e+011
6.530000000000001e-003 9.607623059999999e+011
6.535000000000001e-003 9.597501489999999e+011
6.540000000000001e-003 9.587389359999999e+011
6.545000000000001e-003 9.577286559999999e+011
6.550000000000000e-003 9.567193000000000e+011
6.555000000000000e-003 9.557108580000000e+011
6.560000000000001e-003 9.547033209999999e+011
6.565000000000001e-003 9.536966789999999e+011
6.570000000000000e-003 9.526909210000000e+011
6.575000000000001e-003 9.516860389999999e+011
6.580000000000001e-003 9.506820229999999e+011
6.585000000000001e-003 9.496788619999999e+011
6.590000000000000e-003 9.486765480000000e+011
6.595000000000000e-003 9.476750710000000e+011
6.600000000000000e-003 9.466744200000000e+011
6.605000000000001e-003 9.456745899999999e+011
6.610000000000000e-003 9.446755900000000e+011
6.615000000000001e-003 9.436774339999999e+011
6.620000000000001e-003 9.426801329999999e+011
6.625000000000001e-003 9.416837009999999e+011
6.630000000000001e-003 9.406881499999999e+011
6.635000000000000e-003 9.396934940000000e+011
6.640000000000000e-003 9.386997460000000e+011
6.645000000000000e-003 9.377069180000000e+011
6.650000000000001e-003 9.367150239999999e+011
6.655000000000000e-003 9.357240760000000e+011
6.660000000000001e-003 9.347340869999999e+011
6.665000000000001e-003 9.337450699999999e+011
6.670000000000001e-003 9.327570379999999e+011
6.675000000000000e-003 9.317700040000000e+011
6.680000000000000e-003 9.307839800000000e+011
6.685000000000000e-003 9.297989810000000e+011
6.690000000000001e-003 9.288150179999999e+011
6.695000000000000e-003 9.278321050000000e+011
6.700000000000001e-003 9.268502539999999e+011
6.705000000000001e-003 9.258694779999999e+011
6.710000000000001e-003 9.248897909999999e+011
6.715000000000001e-003 9.239112049999999e+011
6.720000000000000e-003 9.229337330000000e+011
6.725000000000000e-003 9.219573880000000e+011
6.730000000000000e-003 9.209821840000000e+011
6.735000000000001e-003 9.200081309999999e+011
6.740000000000000e-003 9.190352450000000e+011
6.745000000000001e-003 9.180635379999999e+011
6.750000000000001e-003 9.170930209999999e+011
6.755000000000001e-003 9.161237069999999e+011
6.760000000000000e-003 9.151555940000000e+011
6.765000000000000e-003 9.141886800000000e+011
6.770000000000000e-003 9.132229600000000e+011
6.775000000000001e-003 9.122584319999999e+011
6.780000000000000e-003 9.112950919999999e+011
6.785000000000001e-003 9.103329379999999e+011
6.790000000000001e-003 9.093719659999999e+011
6.795000000000001e-003 9.084121739999999e+011
6.800000000000001e-003 9.074535569999999e+011
6.805000000000000e-003 9.064961120000000e+011
6.810000000000000e-003 9.055398380000000e+011
6.815000000000000e-003 9.045847290000000e+011
6.820000000000001e-003 9.036307839999999e+011
6.825000000000000e-003 9.026779990000000e+011
6.830000000000001e-003 9.017263709999999e+011
6.835000000000001e-003 9.007758959999999e+011
6.840000000000001e-003 8.998265719999999e+011
6.845000000000000e-003 8.988783950000000e+011
6.850000000000000e-003 8.979313620000000e+011
6.855000000000000e-003 8.969854700000000e+011
6.860000000000001e-003 8.960407149999999e+011
6.865000000000000e-003 8.950970959999999e+011
6.870000000000001e-003 8.941546069999999e+011
6.875000000000001e-003 8.932132469999999e+011
6.880000000000001e-003 8.922730119999999e+011
6.885000000000001e-003 8.913338989999999e+011
6.890000000000000e-003 8.903959040000000e+011
6.895000000000000e-003 8.894590250000000e+011
6.900000000000000e-003 8.885232580000000e+011
6.905000000000001e-003 8.875886019999999e+011
6.910000000000000e-003 8.866550620000000e+011
6.915000000000001e-003 8.857226469999999e+011
6.920000000000001e-003 8.847913639999999e+011
6.925000000000001e-003 8.838612199999999e+011
6.930000000000000e-003 8.829322230000000e+011
6.935000000000000e-003 8.820043800000000e+011
6.940000000000000e-003 8.810776990000000e+011
6.945000000000001e-003 8.801521879999999e+011
6.950000000000000e-003 8.792278539999999e+011
6.955000000000001e-003 8.783047049999999e+011
6.960000000000001e-003 8.773827479999999e+011
6.965000000000001e-003 8.764619899999999e+011
6.970000000000001e-003 8.755424399999999e+011
6.975000000000000e-003 8.746241050000000e+011
6.980000000000000e-003 8.737069920000000e+011
6.985000000000000e-003 8.727911100000000e+011
6.990000000000001e-003 8.718764639999999e+011
6.995000000000000e-003 8.709630640000000e+011
7.000000000000001e-003 8.700509169999999e+011
7.005000000000001e-003 8.691400289999999e+011
7.010000000000001e-003 8.682304099999999e+011
7.015000000000000e-003 8.673220660000000e+011
7.020000000000000e-003 8.664150040000000e+011
7.025000000000000e-003 8.655092330000000e+011
7.030000000000001e-003 8.646047599999999e+011
7.035000000000001e-003 8.637015929999999e+011
7.040000000000000e-003 8.627997390000000e+011
7.045000000000001e-003 8.618992049999999e+011
7.050000000000001e-003 8.609999989999999e+011
7.055000000000001e-003 8.601021289999999e+011
7.060000000000000e-003 8.592055980000000e+011
7.065000000000000e-003 8.583104110000000e+011
7.070000000000000e-003 8.574165720000000e+011
7.075000000000001e-003 8.565240839999999e+011
7.080000000000000e-003 8.556329520000000e+011
7.085000000000001e-003 8.547431799999999e+011
7.090000000000001e-003 8.538547709999999e+011
7.095000000000001e-003 8.529677299999999e+011
7.100000000000000e-003 8.520820600000000e+011
7.105000000000000e-003 8.511977650000000e+011
7.110000000000000e-003 8.503148500000000e+011
7.115000000000001e-003 8.494333189999999e+011
7.120000000000001e-003 8.485531749999999e+011
7.125000000000000e-003 8.476744220000000e+011
7.130000000000001e-003 8.467970639999999e+011
7.135000000000001e-003 8.459211059999999e+011
7.140000000000001e-003 8.450465509999999e+011
7.145000000000000e-003 8.441734030000000e+011
7.150000000000000e-003 8.433016670000000e+011
7.155000000000000e-003 8.424313460000000e+011
7.160000000000001e-003 8.415624439999999e+011
7.165000000000000e-003 8.406949650000000e+011
7.170000000000001e-003 8.398289129999999e+011
7.175000000000001e-003 8.389642919999999e+011
7.180000000000001e-003 8.381011059999999e+011
7.185000000000000e-003 8.372393600000000e+011
7.190000000000000e-003 8.363790560000000e+011
7.195000000000000e-003 8.355201990000000e+011
7.200000000000001e-003 8.346627929999999e+011
7.205000000000001e-003 8.338068419999999e+011
7.210000000000000e-003 8.329523450000000e+011
7.215000000000001e-003 8.320993029999999e+011
7.220000000000001e-003 8.312477149999999e+011
7.225000000000001e-003 8.303975809999999e+011
7.230000000000000e-003 8.295489010000000e+011
7.235000000000000e-003 8.287016750000000e+011
7.240000000000000e-003 8.278559020000000e+011
7.245000000000001e-003 8.270115829999999e+011
7.250000000000000e-003 8.261687170000000e+011
7.255000000000001e-003 8.253273039999999e+011
7.260000000000001e-003 8.244873439999999e+011
7.265000000000001e-003 8.236488369999999e+011
7.270000000000000e-003 8.228117820000000e+011
7.275000000000000e-003 8.219761790000000e+011
7.280000000000000e-003 8.211420290000000e+011
7.285000000000000e-003 8.203093300000000e+011
7.290000000000001e-003 8.194780829999999e+011
7.295000000000000e-003 8.186482870000000e+011
7.300000000000001e-003 8.178199429999999e+011
7.305000000000001e-003 8.169930489999999e+011
7.310000000000001e-003 8.161676069999999e+011
7.315000000000000e-003 8.153436160000000e+011
7.320000000000000e-003 8.145210750000000e+011
7.325000000000000e-003 8.136999840000000e+011
7.330000000000001e-003 8.128803429999999e+011
7.335000000000000e-003 8.120621530000000e+011
7.340000000000001e-003 8.112454119999999e+011
7.345000000000001e-003 8.104301209999999e+011
7.350000000000001e-003 8.096162789999999e+011
7.355000000000000e-003 8.088038870000000e+011
7.360000000000000e-003 8.079929490000000e+011
7.365000000000000e-003 8.071834700000000e+011
7.370000000000000e-003 8.063754530000000e+011
7.375000000000001e-003 8.055689029999999e+011
7.380000000000000e-003 8.047638260000000e+011
7.385000000000001e-003 8.039602249999999e+011
7.390000000000001e-003 8.031581039999999e+011
7.395000000000001e-003 8.023574699999999e+011
7.400000000000000e-003 8.015583250000000e+011
7.405000000000000e-003 8.007606750000000e+011
7.410000000000000e-003 7.999645250000000e+011
7.415000000000001e-003 7.991698779999999e+011
7.420000000000000e-003 7.983767390000000e+011
7.425000000000001e-003 7.975851129999999e+011
7.430000000000001e-003 7.967950039999999e+011
7.435000000000001e-003 7.960064179999999e+011
7.440000000000000e-003 7.952193570000000e+011
7.445000000000000e-003 7.944338280000000e+011
7.450000000000000e-003 7.936498340000000e+011
7.455000000000000e-003 7.928673800000000e+011
7.460000000000001e-003 7.920864709999999e+011
7.465000000000000e-003 7.913071110000000e+011
7.470000000000001e-003 7.905293049999999e+011
7.475000000000001e-003 7.897530559999999e+011
7.480000000000001e-003 7.889783709999999e+011
7.485000000000000e-003 7.882052530000000e+011
7.490000000000000e-003 7.874337060000000e+011
7.495000000000000e-003 7.866637360000000e+011
7.500000000000001e-003 7.858953469999999e+011
7.505000000000000e-003 7.851285420000000e+011
7.510000000000001e-003 7.843633209999999e+011
7.515000000000001e-003 7.835996789999999e+011
7.520000000000001e-003 7.828376159999999e+011
7.525000000000000e-003 7.820771279999999e+011
7.530000000000000e-003 7.813182140000000e+011
7.535000000000000e-003 7.805608700000000e+011
7.540000000000000e-003 7.798050940000000e+011
7.545000000000001e-003 7.790508839999999e+011
7.550000000000000e-003 7.782982370000000e+011
7.555000000000001e-003 7.775471509999999e+011
7.560000000000001e-003 7.767976229999999e+011
7.565000000000001e-003 7.760496509999999e+011
7.570000000000000e-003 7.753032320000000e+011
7.575000000000000e-003 7.745583640000000e+011
7.580000000000000e-003 7.738150450000000e+011
7.585000000000001e-003 7.730732709999999e+011
7.590000000000000e-003 7.723330410000000e+011
7.595000000000001e-003 7.715943519999999e+011
7.600000000000001e-003 7.708572009999999e+011
7.605000000000001e-003 7.701215869999999e+011
7.610000000000000e-003 7.693875049999999e+011
7.615000000000000e-003 7.686549550000000e+011
7.620000000000000e-003 7.679239340000000e+011
7.625000000000000e-003 7.671944390000000e+011
7.630000000000001e-003 7.664664669999999e+011
7.635000000000000e-003 7.657400170000000e+011
7.640000000000001e-003 7.650150849999999e+011
7.645000000000001e-003 7.642916689999999e+011
7.650000000000001e-003 7.635697679999999e+011
7.655000000000000e-003 7.628493790000000e+011
7.660000000000000e-003 7.621305060000000e+011
7.665000000000000e-003 7.614131560000000e+011
7.670000000000001e-003 7.606973329999999e+011
7.675000000000000e-003 7.599830420000000e+011
7.680000000000000e-003 7.592702900000000e+011
7.685000000000001e-003 7.585590809999999e+011
7.690000000000001e-003 7.578494209999999e+011
7.695000000000001e-003 7.571413139999999e+011
7.700000000000000e-003 7.564347680000000e+011
7.705000000000000e-003 7.557297860000000e+011
7.710000000000000e-003 7.550263740000000e+011
7.715000000000001e-003 7.543245369999999e+011
7.720000000000000e-003 7.536242810000000e+011
7.725000000000001e-003 7.529256119999999e+011
7.730000000000001e-003 7.522285329999999e+011
7.735000000000001e-003 7.515330519999999e+011
7.740000000000000e-003 7.508391730000000e+011
7.745000000000000e-003 7.501469010000000e+011
7.750000000000000e-003 7.494562420000000e+011
7.755000000000001e-003 7.487672009999999e+011
7.760000000000000e-003 7.480797840000000e+011
7.765000000000000e-003 7.473939960000000e+011
7.770000000000001e-003 7.467098409999999e+011
7.775000000000001e-003 7.460273269999999e+011
7.780000000000001e-003 7.453464569999999e+011
7.785000000000000e-003 7.446672380000000e+011
7.790000000000000e-003 7.439896740000000e+011
7.795000000000000e-003 7.433137710000000e+011
7.800000000000001e-003 7.426395339999999e+011
7.805000000000000e-003 7.419669670000000e+011
7.810000000000001e-003 7.412960689999999e+011
7.815000000000001e-003 7.406268360000000e+011
7.820000000000001e-003 7.399592640000000e+011
7.825000000000000e-003 7.392933490000000e+011
7.830000000000000e-003 7.386290900000000e+011
7.835000000000000e-003 7.379664820000000e+011
7.840000000000000e-003 7.373055210000000e+011
7.845000000000001e-003 7.366462059999998e+011
7.849999999999999e-003 7.359885310000000e+011
7.855000000000001e-003 7.353324929999998e+011
7.860000000000001e-003 7.346780900000000e+011
7.865000000000001e-003 7.340253180000000e+011
7.870000000000000e-003 7.333741740000000e+011
7.875000000000000e-003 7.327246530000000e+011
7.880000000000000e-003 7.320767530000000e+011
7.885000000000000e-003 7.314304700000000e+011
7.890000000000001e-003 7.307858009999998e+011
7.895000000000001e-003 7.301427429999998e+011
7.900000000000001e-003 7.295012920000000e+011
7.905000000000001e-003 7.288614440000000e+011
7.910000000000000e-003 7.282231970000000e+011
7.915000000000000e-003 7.275865460000000e+011
7.920000000000000e-003 7.269514890000000e+011
7.925000000000000e-003 7.263180220000000e+011
7.930000000000000e-003 7.256861420000000e+011
7.935000000000001e-003 7.250558449999998e+011
7.940000000000001e-003 7.244271279999998e+011
7.945000000000001e-003 7.237999880000000e+011
7.950000000000001e-003 7.231744200000000e+011
7.955000000000000e-003 7.225504230000000e+011
7.960000000000000e-003 7.219279960000000e+011
7.965000000000000e-003 7.213071400000000e+011
7.970000000000001e-003 7.206878549999998e+011
7.975000000000000e-003 7.200701420000000e+011
7.980000000000001e-003 7.194539999999998e+011
7.985000000000001e-003 7.188394320000000e+011
7.990000000000001e-003 7.182264370000000e+011
7.995000000000000e-003 7.176150150000000e+011
8.000000000000000e-003 7.170051670000000e+011
8.005000000000000e-003 7.163968940000000e+011
8.010000000000000e-003 7.157901960000000e+011
8.015000000000001e-003 7.151850739999998e+011
8.019999999999999e-003 7.145815280000000e+011
8.025000000000001e-003 7.139795579999998e+011
8.030000000000001e-003 7.133791650000000e+011
8.035000000000001e-003 7.127803500000000e+011
8.040000000000000e-003 7.121831130000000e+011
8.045000000000000e-003 7.115874550000000e+011
8.050000000000000e-003 7.109933750000000e+011
8.055000000000000e-003 7.104008750000000e+011
8.060000000000001e-003 7.098099549999998e+011
8.065000000000001e-003 7.092206159999998e+011
8.070000000000001e-003 7.086328570000000e+011
8.075000000000001e-003 7.080466800000000e+011
8.080000000000000e-003 7.074620850000000e+011
8.085000000000000e-003 7.068790730000000e+011
8.090000000000000e-003 7.062976430000000e+011
8.095000000000000e-003 7.057177970000000e+011
8.100000000000000e-003 7.051395350000000e+011
8.105000000000001e-003 7.045628559999998e+011
8.110000000000001e-003 7.039877549999998e+011
8.115000000000001e-003 7.034142260000000e+011
8.120000000000001e-003 7.028422620000000e+011
8.125000000000000e-003 7.022718580000000e+011
8.130000000000000e-003 7.017030060000000e+011
8.135000000000000e-003 7.011357010000000e+011
8.140000000000000e-003 7.005699360000000e+011
8.145000000000000e-003 7.000057050000000e+011
8.150000000000001e-003 6.994430019999998e+011
8.155000000000001e-003 6.988818200000000e+011
8.160000000000001e-003 6.983221530000000e+011
8.165000000000000e-003 6.977639940000000e+011
8.170000000000000e-003 6.972073380000000e+011
8.175000000000000e-003 6.966521780000000e+011
8.180000000000000e-003 6.960985070000000e+011
8.185000000000001e-003 6.955463199999998e+011
8.190000000000001e-003 6.949956099999998e+011
8.195000000000001e-003 6.944463709999998e+011
8.200000000000001e-003 6.938985960000000e+011
8.205000000000001e-003 6.933522790000000e+011
8.210000000000000e-003 6.928074140000000e+011
8.215000000000000e-003 6.922639950000000e+011
8.220000000000000e-003 6.917220140000000e+011
8.225000000000000e-003 6.911814670000000e+011
8.230000000000001e-003 6.906423459999998e+011
8.235000000000001e-003 6.901046449999998e+011
8.240000000000001e-003 6.895683590000000e+011
8.245000000000001e-003 6.890334790000000e+011
8.250000000000000e-003 6.885000010000000e+011
8.255000000000000e-003 6.879679200000000e+011
8.260000000000000e-003 6.874372350000000e+011
8.265000000000000e-003 6.869079470000000e+011
8.270000000000000e-003 6.863800600000000e+011
8.275000000000001e-003 6.858535729999999e+011
8.280000000000001e-003 6.853284889999999e+011
8.285000000000001e-003 6.848048090000000e+011
8.290000000000001e-003 6.842825340000000e+011
8.295000000000000e-003 6.837616670000000e+011
8.300000000000000e-003 6.832422080000000e+011
8.305000000000000e-003 6.827241590000000e+011
8.310000000000000e-003 6.822075220000000e+011
8.315000000000000e-003 6.816922980000000e+011
8.320000000000001e-003 6.811784879999999e+011
8.325000000000001e-003 6.806660950000000e+011
8.330000000000001e-003 6.801551190000000e+011
8.335000000000000e-003 6.796455630000000e+011
8.340000000000000e-003 6.791374270000000e+011
8.345000000000000e-003 6.786307140000000e+011
8.350000000000000e-003 6.781254240000000e+011
8.355000000000001e-003 6.776215589999999e+011
8.359999999999999e-003 6.771191210000000e+011
8.365000000000001e-003 6.766181119999999e+011
8.370000000000001e-003 6.761185320000000e+011
8.375000000000001e-003 6.756203830000000e+011
8.380000000000000e-003 6.751236680000000e+011
8.385000000000000e-003 6.746283860000000e+011
8.390000000000000e-003 6.741345410000000e+011
8.395000000000000e-003 6.736421320000000e+011
8.400000000000001e-003 6.731511629999999e+011
8.405000000000001e-003 6.726616329999999e+011
8.410000000000001e-003 6.721735350000000e+011
8.415000000000001e-003 6.716868630000000e+011
8.420000000000000e-003 6.712016080000000e+011
8.425000000000000e-003 6.707177640000000e+011
8.430000000000000e-003 6.702353230000000e+011
8.435000000000000e-003 6.697542780000000e+011
8.440000000000000e-003 6.692746200000000e+011
8.445000000000001e-003 6.687963429999999e+011
8.450000000000001e-003 6.683194379999999e+011
8.455000000000001e-003 6.678439000000000e+011
8.460000000000001e-003 6.673697190000000e+011
8.465000000000000e-003 6.668968880000000e+011
8.470000000000000e-003 6.664254010000000e+011
8.475000000000000e-003 6.659552490000000e+011
8.480000000000000e-003 6.654864250000000e+011
8.485000000000000e-003 6.650189220000000e+011
8.490000000000001e-003 6.645527319999999e+011
8.495000000000001e-003 6.640878470000000e+011
8.500000000000001e-003 6.636242600000000e+011
8.505000000000000e-003 6.631619640000000e+011
8.510000000000000e-003 6.627009510000000e+011
8.515000000000000e-003 6.622412140000000e+011
8.520000000000000e-003 6.617827450000000e+011
8.525000000000000e-003 6.613255360000000e+011
8.529999999999999e-003 6.608695800000000e+011
8.535000000000001e-003 6.604148699999999e+011
8.540000000000001e-003 6.599613980000000e+011
8.545000000000001e-003 6.595091570000000e+011
8.550000000000000e-003 6.590581390000000e+011
8.555000000000000e-003 6.586083370000000e+011
8.560000000000000e-003 6.581597490000000e+011
8.565000000000000e-003 6.577123710000000e+011
8.570000000000001e-003 6.572662009999999e+011
8.575000000000001e-003 6.568212359999999e+011
8.580000000000001e-003 6.563774750000000e+011
8.585000000000001e-003 6.559349130000000e+011
8.590000000000000e-003 6.554935500000000e+011
8.595000000000000e-003 6.550533810000000e+011
8.600000000000000e-003 6.546144050000000e+011
8.605000000000000e-003 6.541766200000000e+011
8.610000000000000e-003 6.537400210000000e+011
8.615000000000001e-003 6.533046079999999e+011
8.620000000000001e-003 6.528703769999999e+011
8.625000000000001e-003 6.524373260000000e+011
8.630000000000001e-003 6.520054520000000e+011
8.635000000000000e-003 6.515747530000000e+011
8.640000000000000e-003 6.511452260000000e+011
8.645000000000000e-003 6.507168680000000e+011
8.650000000000000e-003 6.502896780000000e+011
8.655000000000000e-003 6.498636520000000e+011
8.660000000000001e-003 6.494387869999999e+011
8.665000000000001e-003 6.490150830000000e+011
8.670000000000001e-003 6.485925350000000e+011
8.675000000000000e-003 6.481711410000000e+011
8.680000000000000e-003 6.477508990000000e+011
8.685000000000000e-003 6.473318060000000e+011
8.690000000000000e-003 6.469138590000000e+011
8.695000000000000e-003 6.464970570000000e+011
8.699999999999999e-003 6.460813950000000e+011
8.705000000000001e-003 6.456668729999999e+011
8.710000000000001e-003 6.452534830000000e+011
8.715000000000001e-003 6.448412220000000e+011
8.720000000000000e-003 6.444300820000000e+011
8.725000000000000e-003 6.440200600000000e+011
8.730000000000000e-003 6.436111480000000e+011
8.735000000000000e-003 6.432033420000000e+011
8.740000000000001e-003 6.427966369999999e+011
8.745000000000001e-003 6.423910259999999e+011
8.750000000000001e-003 6.419865040000000e+011
8.755000000000001e-003 6.415830660000000e+011
8.760000000000000e-003 6.411807060000000e+011
8.765000000000000e-003 6.407794190000000e+011
8.770000000000000e-003 6.403791980000000e+011
8.775000000000000e-003 6.399800390000000e+011
8.780000000000000e-003 6.395819360000000e+011
8.785000000000001e-003 6.391848839999999e+011
8.790000000000001e-003 6.387888759999999e+011
8.795000000000001e-003 6.383939080000000e+011
8.800000000000001e-003 6.379999740000000e+011
8.805000000000000e-003 6.376070680000000e+011
8.810000000000000e-003 6.372151850000000e+011
8.815000000000000e-003 6.368243190000000e+011
8.820000000000000e-003 6.364344650000000e+011
8.825000000000000e-003 6.360456170000000e+011
8.830000000000001e-003 6.356577699999999e+011
8.835000000000001e-003 6.352709180000000e+011
8.840000000000001e-003 6.348850560000000e+011
8.845000000000000e-003 6.345001780000000e+011
8.850000000000000e-003 6.341162780000000e+011
8.855000000000000e-003 6.337333520000000e+011
8.860000000000000e-003 6.333513920000000e+011
8.865000000000000e-003 6.329703930000000e+011
8.869999999999999e-003 6.325903480000000e+011
8.875000000000001e-003 6.322112509999999e+011
8.880000000000001e-003 6.318330940000000e+011
8.885000000000001e-003 6.314558730000000e+011
8.890000000000000e-003 6.310795810000000e+011
8.895000000000000e-003 6.307042110000000e+011
8.900000000000000e-003 6.303297570000000e+011
8.905000000000000e-003 6.299562120000000e+011
8.910000000000001e-003 6.295835709999999e+011
8.915000000000001e-003 6.292118269999999e+011
8.920000000000001e-003 6.288409740000000e+011
8.925000000000001e-003 6.284710040000000e+011
8.930000000000000e-003 6.281019130000000e+011
8.935000000000000e-003 6.277336930000000e+011
8.940000000000000e-003 6.273663380000000e+011
8.945000000000000e-003 6.269998420000000e+011
8.950000000000000e-003 6.266341990000000e+011
8.955000000000001e-003 6.262694019999999e+011
8.960000000000001e-003 6.259054439999999e+011
8.965000000000001e-003 6.255423200000000e+011
8.970000000000001e-003 6.251800230000000e+011
8.975000000000000e-003 6.248185470000000e+011
8.980000000000000e-003 6.244578860000000e+011
8.985000000000000e-003 6.240980320000000e+011
8.990000000000000e-003 6.237389800000000e+011
8.995000000000000e-003 6.233807240000000e+011
9.000000000000001e-003 6.230232569999999e+011
9.005000000000001e-003 6.226665720000000e+011
9.010000000000001e-003 6.223106620000000e+011
9.015000000000000e-003 6.219555190000000e+011
9.020000000000000e-003 6.216011350000000e+011
9.025000000000000e-003 6.212475020000000e+011
9.030000000000000e-003 6.208946130000000e+011
9.035000000000000e-003 6.205424590000000e+011
9.039999999999999e-003 6.201910330000000e+011
9.045000000000001e-003 6.198403269999999e+011
9.050000000000001e-003 6.194903330000000e+011
9.055000000000001e-003 6.191410440000000e+011
9.060000000000000e-003 6.187924500000000e+011
9.065000000000000e-003 6.184445460000000e+011
9.070000000000000e-003 6.180973220000000e+011
9.075000000000000e-003 6.177507700000000e+011
9.080000000000000e-003 6.174048840000000e+011
9.085000000000001e-003 6.170596549999999e+011
9.090000000000001e-003 6.167150750000000e+011
9.095000000000001e-003 6.163711370000000e+011
9.100000000000000e-003 6.160278320000000e+011
9.105000000000000e-003 6.156851530000000e+011
9.110000000000000e-003 6.153430920000000e+011
9.115000000000000e-003 6.150016410000000e+011
9.120000000000000e-003 6.146607920000000e+011
9.125000000000001e-003 6.143205379999999e+011
9.130000000000001e-003 6.139808699999999e+011
9.135000000000001e-003 6.136417810000000e+011
9.140000000000001e-003 6.133032620000000e+011
9.145000000000000e-003 6.129653070000000e+011
9.150000000000000e-003 6.126279070000000e+011
9.155000000000000e-003 6.122910550000000e+011
9.160000000000000e-003 6.119547490000000e+011
9.165000000000000e-003 6.116189890000000e+011
9.170000000000001e-003 6.112837729999999e+011
9.175000000000001e-003 6.109491000000000e+011
9.180000000000001e-003 6.106149690000000e+011
9.185000000000001e-003 6.102813800000000e+011
9.190000000000000e-003 6.099483300000000e+011
9.195000000000000e-003 6.096158200000000e+011
9.200000000000000e-003 6.092838470000000e+011
9.205000000000000e-003 6.089524120000000e+011
9.209999999999999e-003 6.086215130000000e+011
9.215000000000001e-003 6.082911479999999e+011
9.220000000000001e-003 6.079613180000000e+011
9.225000000000001e-003 6.076320210000000e+011
9.230000000000000e-003 6.073032550000000e+011
9.235000000000000e-003 6.069750210000000e+011
9.240000000000000e-003 6.066473160000000e+011
9.245000000000000e-003 6.063201400000000e+011
9.250000000000000e-003 6.059934920000000e+011
9.255000000000001e-003 6.056673699999999e+011
9.260000000000001e-003 6.053417749999999e+011
9.265000000000001e-003 6.050167040000000e+011
9.270000000000001e-003 6.046921570000000e+011
9.275000000000000e-003 6.043681330000000e+011
9.280000000000000e-003 6.040446300000000e+011
9.285000000000000e-003 6.037216480000000e+011
9.290000000000000e-003 6.033991850000000e+011
9.295000000000001e-003 6.030772409999999e+011
9.300000000000001e-003 6.027558149999999e+011
9.305000000000001e-003 6.024349030000000e+011
9.310000000000001e-003 6.021144970000000e+011
9.315000000000000e-003 6.017945850000000e+011
9.320000000000000e-003 6.014751550000000e+011
9.325000000000000e-003 6.011561960000000e+011
9.330000000000000e-003 6.008376980000000e+011
9.335000000000000e-003 6.005196480000000e+011
9.340000000000001e-003 6.002020359999999e+011
9.345000000000001e-003 5.998848489999999e+011
9.350000000000001e-003 5.995680780000000e+011
9.355000000000001e-003 5.992517090000000e+011
9.360000000000000e-003 5.989357330000000e+011
9.365000000000000e-003 5.986201380000000e+011
9.370000000000000e-003 5.983049120000000e+011
9.375000000000000e-003 5.979900450000000e+011
9.379999999999999e-003 5.976755240000000e+011
9.385000000000001e-003 5.973613389999999e+011
9.390000000000001e-003 5.970474780000000e+011
9.395000000000001e-003 5.967339310000000e+011
9.400000000000000e-003 5.964206840000000e+011
9.405000000000000e-003 5.961077290000000e+011
9.410000000000000e-003 5.957950520000000e+011
9.415000000000000e-003 5.954826430000000e+011
9.420000000000000e-003 5.951704900000000e+011
9.424999999999999e-003 5.948585830000000e+011
9.430000000000001e-003 5.945469089999999e+011
9.435000000000001e-003 5.942354580000000e+011
9.440000000000001e-003 5.939242180000000e+011
9.445000000000000e-003 5.936131780000000e+011
9.450000000000000e-003 5.933023260000000e+011
9.455000000000000e-003 5.929916540000000e+011
9.460000000000000e-003 5.926811580000000e+011
9.465000000000000e-003 5.923708390000000e+011
9.470000000000001e-003 5.920606969999999e+011
9.475000000000001e-003 5.917507310000000e+011
9.480000000000001e-003 5.914409410000000e+011
9.485000000000000e-003 5.911313270000000e+011
9.490000000000000e-003 5.908218880000000e+011
9.495000000000000e-003 5.905126250000000e+011
9.500000000000000e-003 5.902035370000000e+011
9.505000000000000e-003 5.898946230000000e+011
9.510000000000001e-003 5.895858839999999e+011
9.515000000000001e-003 5.892773189999999e+011
9.520000000000001e-003 5.889689280000000e+011
9.525000000000001e-003 5.886607110000000e+011
9.530000000000000e-003 5.883526680000000e+011
9.535000000000000e-003 5.880447980000000e+011
9.540000000000000e-003 5.877371000000000e+011
9.545000000000000e-003 5.874295760000000e+011
9.550000000000000e-003 5.871222240000000e+011
9.555000000000001e-003 5.868150439999999e+011
9.560000000000001e-003 5.865080370000000e+011
9.565000000000001e-003 5.862012010000000e+011
9.570000000000000e-003 5.858945370000000e+011
9.575000000000000e-003 5.855880440000000e+011
9.580000000000000e-003 5.852817220000000e+011
9.585000000000000e-003 5.849755710000000e+011
9.590000000000000e-003 5.846695900000000e+011
9.594999999999999e-003 5.843637800000000e+011
9.600000000000001e-003 5.840581389999999e+011
9.605000000000001e-003 5.837526670000000e+011
9.610000000000001e-003 5.834473530000000e+011
9.615000000000000e-003 5.831421880000000e+011
9.620000000000000e-003 5.828371590000000e+011
9.625000000000000e-003 5.825322570000000e+011
9.630000000000000e-003 5.822274690000000e+011
9.635000000000000e-003 5.819227850000000e+011
9.640000000000001e-003 5.816181949999999e+011
9.645000000000001e-003 5.813136870000000e+011
9.650000000000001e-003 5.810092500000000e+011
9.655000000000000e-003 5.807048730000000e+011
9.660000000000000e-003 5.804005460000000e+011
9.665000000000000e-003 5.800962570000000e+011
9.670000000000000e-003 5.797919950000000e+011
9.675000000000000e-003 5.794877500000000e+011
9.680000000000001e-003 5.791835109999999e+011
9.685000000000001e-003 5.788792659999999e+011
9.690000000000001e-003 5.785750040000000e+011
9.695000000000001e-003 5.782707160000000e+011
9.700000000000000e-003 5.779663890000000e+011
9.705000000000000e-003 5.776620130000000e+011
9.710000000000000e-003 5.773575760000000e+011
9.715000000000000e-003 5.770530690000000e+011
9.720000000000000e-003 5.767484790000000e+011
9.725000000000001e-003 5.764437969999999e+011
9.730000000000001e-003 5.761390100000000e+011
9.735000000000001e-003 5.758341090000000e+011
9.740000000000000e-003 5.755290810000000e+011
9.745000000000000e-003 5.752239170000000e+011
9.750000000000000e-003 5.749186050000000e+011
9.755000000000000e-003 5.746131360000000e+011
9.760000000000000e-003 5.743075060000000e+011
9.764999999999999e-003 5.740017120000000e+011
9.770000000000001e-003 5.736957509999999e+011
9.775000000000001e-003 5.733896230000000e+011
9.780000000000001e-003 5.730833230000000e+011
9.785000000000000e-003 5.727768490000000e+011
9.790000000000000e-003 5.724702000000000e+011
9.795000000000000e-003 5.721633720000000e+011
9.800000000000000e-003 5.718563640000000e+011
9.805000000000000e-003 5.715491720000000e+011
9.810000000000001e-003 5.712417939999999e+011
9.815000000000001e-003 5.709342280000000e+011
9.820000000000001e-003 5.706264720000000e+011
9.825000000000000e-003 5.703185220000000e+011
9.830000000000000e-003 5.700103760000000e+011
9.835000000000000e-003 5.697020330000000e+011
9.840000000000000e-003 5.693934890000000e+011
9.845000000000000e-003 5.690847410000000e+011
9.849999999999999e-003 5.687757890000000e+011
9.855000000000001e-003 5.684666279999999e+011
9.860000000000001e-003 5.681572570000000e+011
9.865000000000001e-003 5.678476730000000e+011
9.870000000000000e-003 5.675378740000000e+011
9.875000000000000e-003 5.672278570000000e+011
9.880000000000000e-003 5.669176190000000e+011
9.885000000000000e-003 5.666071590000000e+011
9.890000000000000e-003 5.662964740000000e+011
9.895000000000001e-003 5.659855609999999e+011
9.900000000000001e-003 5.656744190000000e+011
9.905000000000001e-003 5.653630430000000e+011
9.910000000000000e-003 5.650514330000000e+011
9.915000000000000e-003 5.647395850000000e+011
9.920000000000000e-003 5.644274970000000e+011
9.925000000000000e-003 5.641151660000000e+011
9.930000000000000e-003 5.638025910000000e+011
9.934999999999999e-003 5.634897690000000e+011
9.940000000000001e-003 5.631766969999999e+011
9.945000000000001e-003 5.628633720000000e+011
9.950000000000001e-003 5.625497930000000e+011
9.955000000000000e-003 5.622359560000000e+011
9.960000000000000e-003 5.619218600000000e+011
9.965000000000000e-003 5.616075020000000e+011
9.970000000000000e-003 5.612928800000000e+011
9.975000000000000e-003 5.609779900000000e+011
9.980000000000001e-003 5.606628309999999e+011
9.985000000000001e-003 5.603474000000000e+011
9.990000000000001e-003 5.600316940000000e+011
9.995000000000000e-003 5.597157120000000e+011
1.000000000000000e-002 5.593994500000000e+011
