# header: write what you want on lines starting with #
# Total ACTIVE Pulses, # breakdowns, amp_set, index (point on pulse / power curve) , pulse length
# the init of this file could be 1 0 500 0 3500, 2 0 500 0 3500, etc
531 0 709 7 756
629927 1 19500 287 756
649134 2 19900 287 756
663617 3 19900 287 756
675254 4 19900 287 756
685220 5 19900 287 756
701197 6 19900 287 756
716534 7 19900 287 756
727172 8 19900 287 756
743893 9 20300 287 756
809136 10 22300 287 756
850907 11 23100 287 756
1311952 12 34700 287 756
1322395 13 34700 287 756
1345435 14 35100 287 756
1445388 16 35270 287 756
1500817 17 38300 287 756
1515290 18 38300 287 756
1527422 19 38300 287 756
1550025 20 38700 287 756
1565127 21 38700 287 756
1577229 22 38700 287 756
1589818 23 38700 287 756
1605748 24 38700 287 756
1618050 25 38700 287 756
1633214 26 38700 287 756
1648658 27 38700 287 756
1662460 28 38700 287 756
1675533 29 38700 287 756
1704498 30 38700 287 756
1717266 31 38700 287 756
1967674 32 45500 287 756
1993695 33 46300 287 756
2009915 34 46300 287 756
2109710 35 49100 287 756
2109778 37 49100 287 756
2109916 38 49100 287 756
2110042 40 49100 287 756
2153576 41 49500 287 756
2217174 42 49500 287 756
2217244 44 49500 287 756
2265819 45 49500 287 756
2265886 47 49500 287 756
2266206 47 49500 287 756
2266273 47 49500 287 756
2266336 47 49500 287 756
2266403 47 49499 287 756
2266467 47 49499 287 756
2266535 47 49499 287 756
2266598 47 49499 287 756
2266659 47 49499 287 756
2266725 47 49499 287 756
2266787 47 49499 287 756
2266853 47 49499 287 756
2266914 47 49499 287 756
2266974 47 49499 287 756
2267038 47 49499 287 756
2267098 47 49499 287 756
2267158 47 49499 287 756
2267220 47 49499 287 756
2267290 47 49499 287 756
2267360 47 49499 287 756
2267420 47 49499 287 756
2267483 47 49499 287 756
2267543 47 49499 287 756
2267606 47 49499 287 756
2267668 47 49499 287 756
2267728 47 49499 287 756
2267790 47 49499 287 756
2267857 47 49499 287 756
2267922 47 49499 287 756
2267993 47 49499 287 756
2268058 47 49499 287 756
2268118 47 49499 287 756
2268184 47 49499 287 756
2268250 47 49499 287 756
2268312 47 49499 287 756
2268372 47 49499 287 756
2268438 47 49499 287 756
2268501 47 49499 287 756
2268564 47 49499 287 756
2268627 47 49499 287 756
2268687 47 49499 287 756
2268757 47 49499 287 756
2268821 47 49499 287 756
2268883 47 49499 287 756
2268944 47 49499 287 756
2269008 47 49499 287 756
2269069 47 49499 287 756
2269131 47 49499 287 756
2269196 47 49499 287 756
2269256 47 49499 287 756
2269316 47 49499 287 756
2269382 47 49499 287 756
2269444 47 49499 287 756
2269504 47 49499 287 756
2269571 47 49499 287 756
2269633 47 49499 287 756
2269693 47 49499 287 756
2269760 47 49499 287 756
2269822 47 49499 287 756
2269884 47 49499 287 756
2269948 47 49499 287 756
2270011 47 49499 287 756
2270081 47 49499 287 756
2270148 47 49499 287 756
2270209 47 49499 287 756
2270269 47 49499 287 756
2270333 47 49499 287 756
2270394 47 49499 287 756
2270455 47 49499 287 756
2270556 47 49499 287 756
2270620 47 49499 287 756
2270680 47 49499 287 756
2270747 47 49499 287 756
2270807 47 49499 287 756
2270875 47 49499 287 756
2270943 47 49499 287 756
2271003 47 49499 287 756
2271068 47 49499 287 756
2271138 47 49499 287 756
2271199 47 49499 287 756
2271264 47 49499 287 756
2271329 47 49499 287 756
2271396 47 49499 287 756
2271456 47 49499 287 756
2271520 47 49499 287 756
2271585 47 49499 287 756
2271654 47 49499 287 756
2271715 47 49499 287 756
2271781 47 49499 287 756
2271842 47 49499 287 756
2271904 47 49499 287 756
2271969 47 49499 287 756
2272033 47 49499 287 756
2272093 47 49499 287 756
2272153 47 49499 287 756
2272216 47 49499 287 756
2272276 47 49499 287 756
2272342 47 49499 287 756
2272412 47 49499 287 756
2272473 47 49499 287 756
2272541 47 49499 287 756
2272605 47 49499 287 756
2272665 47 49499 287 756
2272726 47 49499 287 756
2272790 47 49499 287 756
2272860 47 49499 287 756
2272922 47 49499 287 756
2272985 47 49499 287 756
2273046 47 49499 287 756
2273115 47 49499 287 756
2273180 47 49499 287 756
2273243 47 49499 287 756
2273310 47 49499 287 756
2273370 47 49499 287 756
2273431 47 49499 287 756
2273495 47 49499 287 756
2273558 47 49499 287 756
2273625 47 49499 287 756
2273688 47 49499 287 756
2273753 47 49499 287 756
2273814 47 49499 287 756
2273879 47 49499 287 756
2273939 47 49499 287 756
2274003 47 49499 287 756
2274064 47 49499 287 756
2274126 47 49499 287 756
2274191 47 49499 287 756
2274253 47 49499 287 756
2274313 47 49499 287 756
2274380 47 49499 287 756
2274440 47 49499 287 756
2274500 47 49499 287 756
2274562 47 49499 287 756
2274626 47 49499 287 756
2274686 47 49499 287 756
2274754 47 49499 287 756
2274825 47 49499 287 756
2274894 47 49499 287 756
2274961 47 49499 287 756
2275028 47 49499 287 756
2275091 47 49499 287 756
2275151 47 49499 287 756
2275213 47 49499 287 756
2275280 47 49499 287 756
2275340 47 49499 287 756
2275402 47 49499 287 756
2275463 47 49499 287 756
2275523 47 49499 287 756
2275584 47 49499 287 756
2275648 47 49499 287 756
2275717 47 49499 287 756
2275778 47 49499 287 756
2275843 47 49499 287 756
2275905 47 49499 287 756
2275965 47 49499 287 756
2276026 47 49499 287 756
2276086 47 49499 287 756
2276146 47 49499 287 756
2276213 47 49499 287 756
2276273 47 49499 287 756
2276337 47 49499 287 756
2276398 47 49499 287 756
2276460 47 49499 287 756
2276529 47 49499 287 756
2276592 47 49499 287 756
2276655 47 49499 287 756
2276725 47 49499 287 756
2276792 47 49499 287 756
2276854 47 49499 287 756
2276923 47 49499 287 756
2276988 47 49499 287 756
2277052 47 49499 287 756
2277115 47 49499 287 756
2277180 47 49499 287 756
2277249 47 49499 287 756
2277318 47 49499 287 756
2277380 47 49499 287 756
2277444 47 49499 287 756
2277505 47 49499 287 756
2277568 47 49499 287 756
2277629 47 49499 287 756
2277690 47 49499 287 756
2277750 47 49499 287 756
2277817 47 49499 287 756
2277887 47 49499 287 756
2277950 47 49499 287 756
2278013 47 49499 287 756
2278077 47 49499 287 756
2278138 47 49499 287 756
2278198 47 49499 287 756
2278263 47 49499 287 756
2278324 47 49499 287 756
2278394 47 49499 287 756
2278457 47 49499 287 756
2278520 47 49499 287 756
2278581 47 49499 287 756
2278648 47 49499 287 756
2278708 47 49499 287 756
2278779 47 49499 287 756
2278848 47 49499 287 756
2278912 47 49499 287 756
2278972 47 49499 287 756
2279034 47 49499 287 756
2279098 47 49499 287 756
2280108 47 49499 287 756
2281116 47 49549 287 756
2282125 47 49599 287 756
2283132 47 49649 287 756
2284140 47 49699 287 756
2285144 47 49749 287 756
2286151 47 49799 287 756
2287158 47 49849 287 756
2288163 47 49899 287 756
2289165 47 49949 287 756
2290175 47 49999 287 756
2291176 47 50049 287 756
2292182 47 50099 287 756
2293188 47 50149 287 756
2294192 47 50199 287 756
2295200 47 50249 287 756
2296205 47 50299 287 756
2297206 47 50349 287 756
2298212 47 50399 287 756
2299221 47 50449 287 756
2300231 47 50499 287 756
2301240 47 50549 287 756
2302244 47 50599 287 756
2303248 47 50649 287 756
2304255 47 50699 287 756
2305259 47 50749 287 756
2306262 47 50799 287 756
2307274 47 50849 287 756
2308277 47 50899 287 756
2309283 47 50949 287 756
2310296 47 50999 287 756
2311296 47 51049 287 756
2312298 47 51099 287 756
