# header: write what you want on lines starting with #
# Total ACTIVE Pulses, # breakdowns, amp_set, index (point on pulse / power curve) , pulse length
# the init of this file could be 1 0 500 0 3500, 2 0 500 0 3500, etc
1 0 500 0 3500
102 7 3675 0 2493
77860 8 20550 222 2493
84624 9 26850 291 2493
86956 10 27050 291 2493
88189 11 27050 0 2493
89804 12 28450 291 2493
90894 13 28450 291 2493
91987 14 28450 291 2493
98240 15 29450 291 2493
99172 16 29450 291 2493
100158 17 29450 291 2493
106672 18 36150 291 2493
106684 19 36150 291 2493
106697 20 36150 291 2493
106709 21 36150 291 2493
106722 22 36150 291 2493
106735 23 36150 291 2493
106748 24 36150 291 2493
106760 25 36150 291 2493
106772 26 36150 291 2493
106784 27 36150 291 2493
106796 28 36150 291 2493
106808 29 36150 291 2493
106820 30 36150 291 2493
106834 31 36150 291 2493
106846 32 36150 291 2493
106859 33 36150 291 2493
106871 34 36150 291 2493
106884 35 36150 291 2493
106897 36 36150 291 2493
3848819 286 39931 238 2493
4701474 341 40000 287 2493
4770142 342 45265 287 2493
4795011 343 48799 287 2493
4843634 344 54053 287 2493
4939036 344 61222 287 2493
4939051 344 61222 287 2493
4940051 344 61222 287 2493
4940066 344 61726 287 2493
4940081 344 61629 287 2493
4940096 344 61629 287 2493
4940112 344 61629 287 2493
4940127 344 61629 287 2493
4940142 344 61629 287 2493
4940158 344 61629 287 2493
4940173 344 61629 287 2493
4940188 344 61629 287 2493
4940203 344 61629 287 2493
4940218 344 61629 287 2493
4940233 344 61629 287 2493
4940248 344 61629 287 2493
4940263 344 61629 287 2493
4940278 344 61629 287 2493
4940293 344 61629 287 2493
4940308 344 61629 287 2493
4940323 344 61629 287 2493
4940338 344 61629 287 2493
4940353 344 61629 287 2493
4940369 344 61629 287 2493
4940384 344 61629 287 2493
4940399 344 61629 287 2493
4940414 344 61629 287 2493
4940429 344 61629 287 2493
4940444 344 61629 287 2493
4940459 344 61629 287 2493
4940474 344 61629 287 2493
4940489 344 61629 287 2493
4940504 344 61629 287 2493
4940519 344 61629 287 2493
4940534 344 61629 287 2493
4940550 344 61629 287 2493
4940565 344 61629 287 2493
4940580 344 61629 287 2493
4940595 344 61629 287 2493
4940610 344 61629 287 2493
4940625 344 61629 287 2493
4940640 344 61629 287 2493
4940655 344 61629 287 2493
4940670 344 61629 287 2493
4940685 344 61629 287 2493
4940712 345 61629 287 2493
4940727 345 61629 287 2493
4940742 345 61629 287 2493
4940757 345 61629 287 2493
4940772 345 61629 287 2493
4940787 345 61629 287 2493
4940802 345 61629 287 2493
4940817 345 61629 287 2493
4940832 345 61629 287 2493
4940847 345 61629 287 2493
4940862 345 61629 287 2493
4940877 345 61629 287 2493
4940892 345 61629 287 2493
4940908 345 61629 287 2493
4940923 345 61629 287 2493
4940938 345 61629 287 2493
4940953 345 61629 287 2493
4940968 345 61629 287 2493
4940983 345 61629 287 2493
4940998 345 61629 287 2493
4941013 345 61629 287 2493
4941028 345 61629 287 2493
4941043 345 61629 287 2493
4941058 345 61629 287 2493
4941073 345 61629 287 2493
4941088 345 61629 287 2493
4941103 345 61629 287 2493
4941119 345 61629 287 2493
4941134 345 61629 287 2493
4941149 345 61629 287 2493
4941164 345 61629 287 2493
4941179 345 61629 287 2493
4941194 345 61629 287 2493
4941209 345 61629 287 2493
4941224 345 61629 287 2493
4941239 345 61629 287 2493
4941255 345 61629 287 2493
4941270 345 61629 287 2493
4941285 345 61629 287 2493
4941300 345 61629 287 2493
4941315 345 61629 287 2493
4941330 345 61629 287 2493
4941345 345 61629 287 2493
4941360 345 61629 287 2493
4941375 345 61629 287 2493
4941390 345 61629 287 2493
4941406 345 61629 287 2493
4941421 345 61629 287 2493
4941436 345 61629 287 2493
4941451 345 61629 287 2493
4941466 345 61629 287 2493
4941481 345 61629 287 2493
4941496 345 61629 287 2493
4941511 345 61629 287 2493
4941526 345 61629 287 2493
4941541 345 61629 287 2493
4941556 345 61629 287 2493
4941571 345 61629 287 2493
4941586 345 61629 287 2493
4941601 345 61629 287 2493
4941617 345 61629 287 2493
4941632 345 61629 287 2493
4941647 345 61629 287 2493
4941663 345 61629 287 2493
4941678 345 61629 287 2493
4941693 345 61629 287 2493
4941708 345 61629 287 2493
4941723 345 61629 287 2493
4941738 345 61629 287 2493
4941753 345 61629 287 2493
4941768 345 61629 287 2493
4941783 345 61629 287 2493
4941798 345 61629 287 2493
4941813 345 61629 287 2493
4941828 345 61629 287 2493
4941843 345 61629 287 2493
4941859 345 61629 287 2493
4941874 345 61629 287 2493
4941889 345 61629 287 2493
4941904 345 61629 287 2493
4941919 345 61629 287 2493
4941934 345 61629 287 2493
4941949 345 61629 287 2493
4941964 345 61629 287 2493
4941979 345 61629 287 2493
4941995 345 61629 287 2493
4942011 345 61629 287 2493
4942026 345 61629 287 2493
4942042 345 61629 287 2493
4942057 345 61629 287 2493
4942072 345 61629 287 2493
4942087 345 61629 287 2493
4942102 345 61629 287 2493
4942117 345 61629 287 2493
4942132 345 61629 287 2493
4942147 345 61629 287 2493
4942162 345 61629 287 2493
4942177 345 61629 287 2493
4942192 345 61629 287 2493
4942208 345 61629 287 2493
4942223 345 61629 287 2493
4942238 345 61629 287 2493
4942253 345 61629 287 2493
4942269 345 61629 287 2493
4942284 345 61629 287 2493
4942300 345 61629 287 2493
4942315 345 61629 287 2493
4942330 345 61629 287 2493
4942345 345 61629 287 2493
4942360 345 61629 287 2493
4942375 345 61629 287 2493
4942390 345 61629 287 2493
4942405 345 61629 287 2493
4942420 345 61629 287 2493
4942435 345 61629 287 2493
4942451 345 61629 287 2493
4942466 345 61629 287 2493
4942481 345 61629 287 2493
4942496 345 61629 287 2493
4942512 345 61629 287 2493
4942527 345 61629 287 2493
4942542 345 61629 287 2493
4942558 345 61629 287 2493
4942573 345 61629 287 2493
4942588 345 61629 287 2493
4942604 345 61629 287 2493
4942619 345 61629 287 2493
4942634 345 61629 287 2493
4942649 345 61629 287 2493
4942664 345 61629 287 2493
4942679 345 61629 287 2493
4942695 345 61629 287 2493
4942710 345 61629 287 2493
4942725 345 61629 287 2493
4942741 345 61629 287 2493
4942756 345 61629 287 2493
4942771 345 61629 287 2493
4942787 345 61629 287 2493
4942803 345 61629 287 2493
4942818 345 61629 287 2493
4942833 345 61629 287 2493
4942848 345 61629 287 2493
4942864 345 61629 287 2493
4942879 345 61629 287 2493
4942894 345 61629 287 2493
4942909 345 61629 287 2493
4942924 345 61629 287 2493
4942939 345 61629 287 2493
4942955 345 61629 287 2493
4942970 345 61629 287 2493
4943970 345 61629 287 2493
4944970 345 61679 287 2493
4945970 345 61729 287 2493
4946971 345 61779 287 2493
4947971 345 61829 287 2493
4948971 345 61879 287 2493
4949973 345 61929 287 2493
4950975 345 61979 287 2493
4951975 345 62029 287 2493
4952722 346 64039 287 2493
4952737 346 64039 287 2493
4952753 346 64039 287 2493
4952768 346 64039 287 2493
4952783 346 64039 287 2493
4952798 346 64039 287 2493
4952813 346 64039 287 2493
4952828 346 64039 287 2493
4952843 346 64039 287 2493
4952858 346 64039 287 2493
4952873 346 64039 287 2493
4952889 346 64039 287 2493
4952904 346 64039 287 2493
4952919 346 64039 287 2493
4952935 346 64039 287 2493
4952950 346 64039 287 2493
4952965 346 64039 287 2493
4952980 346 64039 287 2493
4952995 346 64039 287 2493
4953010 346 64039 287 2493
4953025 346 64039 287 2493
4953040 346 64039 287 2493
4953055 346 64039 287 2493
4953070 346 64039 287 2493
4953085 346 64039 287 2493
4953100 346 64039 287 2493
4953115 346 64039 287 2493
4953130 346 64039 287 2493
4953145 346 64039 287 2493
4953160 346 64039 287 2493
4953175 346 64039 287 2493
4953190 346 64039 287 2493
4953205 346 64039 287 2493
4953220 346 64039 287 2493
4953235 346 64039 287 2493
4953250 346 64039 287 2493
4953265 346 64039 287 2493
4953280 346 64039 287 2493
4953295 346 64039 287 2493
4953310 346 64039 287 2493
4953325 346 64039 287 2493
4953340 346 64039 287 2493
4953356 346 64039 287 2493
4953371 346 64039 287 2493
4953386 346 64039 287 2493
4953401 346 64039 287 2493
4953416 346 64039 287 2493
4953431 346 64039 287 2493
4953447 346 64039 287 2493
4953462 346 64039 287 2493
4953478 346 64039 287 2493
4953493 346 64039 287 2493
4953508 346 64039 287 2493
4953523 346 64039 287 2493
4953538 346 64039 287 2493
4953553 346 64039 287 2493
4953568 346 64039 287 2493
4953583 346 64039 287 2493
4953598 346 64039 287 2493
4953613 346 64039 287 2493
4953628 346 64039 287 2493
4953644 346 64039 287 2493
4953659 346 64039 287 2493
4953675 346 64039 287 2493
4953690 346 64039 287 2493
4953705 346 64039 287 2493
4953720 346 64039 287 2493
4953735 346 64039 287 2493
4953750 346 64039 287 2493
4953765 346 64039 287 2493
4953780 346 64039 287 2493
4953795 346 64039 287 2493
4953810 346 64039 287 2493
4953825 346 64039 287 2493
4953840 346 64039 287 2493
4953855 346 64039 287 2493
4953870 346 64039 287 2493
4953885 346 64039 287 2493
4953900 346 64039 287 2493
4953915 346 64039 287 2493
4953930 346 64039 287 2493
4953945 346 64039 287 2493
4953960 346 64039 287 2493
4953975 346 64039 287 2493
4953990 346 64039 287 2493
4954005 346 64039 287 2493
4954020 346 64039 287 2493
4954035 346 64039 287 2493
4954050 346 64039 287 2493
4954065 346 64039 287 2493
4954080 346 64039 287 2493
4954095 346 64039 287 2493
4954111 346 64039 287 2493
4954126 346 64039 287 2493
4954141 346 64039 287 2493
4954156 346 64039 287 2493
4954171 346 64039 287 2493
4954186 346 64039 287 2493
4954201 346 64039 287 2493
4954216 346 64039 287 2493
4954231 346 64039 287 2493
4954246 346 64039 287 2493
4954261 346 64039 287 2493
4954276 346 64039 287 2493
4954292 346 64039 287 2493
4954307 346 64039 287 2493
4954322 346 64039 287 2493
4954337 346 64039 287 2493
4954352 346 64039 287 2493
4954367 346 64039 287 2493
4954382 346 64039 287 2493
4954398 346 64039 287 2493
4954413 346 64039 287 2493
4954428 346 64039 287 2493
4954443 346 64039 287 2493
4954458 346 64039 287 2493
4954473 346 64039 287 2493
4954489 346 64039 287 2493
4954504 346 64039 287 2493
4954519 346 64039 287 2493
4954535 346 64039 287 2493
4954550 346 64039 287 2493
4954565 346 64039 287 2493
4954580 346 64039 287 2493
4954595 346 64039 287 2493
4954610 346 64039 287 2493
4954625 346 64039 287 2493
4954640 346 64039 287 2493
4954655 346 64039 287 2493
4954670 346 64039 287 2493
4954685 346 64039 287 2493
4954700 346 64039 287 2493
4954715 346 64039 287 2493
4954730 346 64039 287 2493
4954745 346 64039 287 2493
4954760 346 64039 287 2493
4954777 346 64039 287 2493
4954792 346 64039 287 2493
4954807 346 64039 287 2493
4954822 346 64039 287 2493
4954837 346 64039 287 2493
4954852 346 64039 287 2493
4954867 346 64039 287 2493
4954882 346 64039 287 2493
4954897 346 64039 287 2493
4954912 346 64039 287 2493
4954927 346 64039 287 2493
4954942 346 64039 287 2493
4954957 346 64039 287 2493
4954972 346 64039 287 2493
4955972 346 64039 287 2493
4956972 346 64089 287 2493
4957973 346 64139 287 2493
4958973 346 64189 287 2493
4959973 346 64239 287 2493
4960974 346 64289 287 2493
4961974 346 64339 287 2493
4962974 346 64389 287 2493
4963974 346 64439 287 2493
4964974 346 64489 287 2493
4965974 346 64539 287 2493
4966974 346 64590 287 2493
4967192 347 65392 287 2493
4967207 347 65392 287 2493
4967222 347 65392 287 2493
4967237 347 65392 287 2493
4967252 347 65392 287 2493
4967267 347 65392 287 2493
4967282 347 65392 287 2493
4967298 347 65392 287 2493
4967313 347 65392 287 2493
4967328 347 65392 287 2493
4967344 347 65392 287 2493
4967359 347 65392 287 2493
4967374 347 65392 287 2493
4967389 347 65392 287 2493
4967404 347 65392 287 2493
4967419 347 65392 287 2493
4967434 347 65392 287 2493
4967449 347 65392 287 2493
4967464 347 65392 287 2493
4967480 347 65392 287 2493
4967495 347 65392 287 2493
4967510 347 65392 287 2493
4967526 347 65392 287 2493
4967541 347 65392 287 2493
4967556 347 65392 287 2493
4967572 347 65392 287 2493
4967587 347 65392 287 2493
4967602 347 65392 287 2493
4967617 347 65392 287 2493
4967632 347 65392 287 2493
4967647 347 65392 287 2493
4967662 347 65392 287 2493
4967677 347 65392 287 2493
4967692 347 65392 287 2493
4967707 347 65392 287 2493
4967722 347 65392 287 2493
4967737 347 65392 287 2493
4967752 347 65392 287 2493
4967768 347 65392 287 2493
4967783 347 65392 287 2493
4967798 347 65392 287 2493
4967814 347 65392 287 2493
4967829 347 65392 287 2493
4967844 347 65392 287 2493
4967860 347 65392 287 2493
4967875 347 65392 287 2493
4967890 347 65392 287 2493
4967906 347 65392 287 2493
4967921 347 65392 287 2493
4967936 347 65392 287 2493
4967952 347 65392 287 2493
4967967 347 65392 287 2493
4967982 347 65392 287 2493
4967997 347 65392 287 2493
4968012 347 65392 287 2493
4968027 347 65392 287 2493
4968042 347 65392 287 2493
4968057 347 65392 287 2493
4968072 347 65392 287 2493
4968087 347 65392 287 2493
4968102 347 65392 287 2493
4968117 347 65392 287 2493
4968132 347 65392 287 2493
4968147 347 65392 287 2493
4968162 347 65392 287 2493
4968177 347 65392 287 2493
4968192 347 65392 287 2493
4968207 347 65392 287 2493
4968222 347 65392 287 2493
4968237 347 65392 287 2493
4968253 347 65392 287 2493
4968269 347 65392 287 2493
4968284 347 65392 287 2493
4968299 347 65392 287 2493
4968314 347 65392 287 2493
4968329 347 65392 287 2493
4968344 347 65392 287 2493
4968359 347 65392 287 2493
4968374 347 65392 287 2493
4968389 347 65392 287 2493
4968404 347 65392 287 2493
4968419 347 65392 287 2493
4968434 347 65392 287 2493
4968449 347 65392 287 2493
4968464 347 65392 287 2493
4968479 347 65392 287 2493
4968498 348 65392 287 2493
4968513 348 65392 287 2493
4968528 348 65392 287 2493
4968543 348 65392 287 2493
4968558 348 65392 287 2493
4968574 348 65392 287 2493
4968589 348 65392 287 2493
4968604 348 65392 287 2493
4968620 348 65392 287 2493
4968635 348 65392 287 2493
4968650 348 65392 287 2493
4968666 348 65392 287 2493
4968682 348 65392 287 2493
4968697 348 65392 287 2493
4968712 348 65392 287 2493
4968727 348 65392 287 2493
4968742 348 65392 287 2493
4968757 348 65392 287 2493
4968772 348 65392 287 2493
4968787 348 65392 287 2493
4968802 348 65392 287 2493
4968817 348 65392 287 2493
4968832 348 65392 287 2493
4968847 348 65392 287 2493
4968862 348 65392 287 2493
4968877 348 65392 287 2493
4968892 348 65392 287 2493
4968907 348 65392 287 2493
4968922 348 65392 287 2493
4968937 348 65392 287 2493
4968953 348 65392 287 2493
4968968 348 65392 287 2493
4968983 348 65392 287 2493
4968998 348 65392 287 2493
4969013 348 65392 287 2493
4969028 348 65392 287 2493
4969043 348 65392 287 2493
4969058 348 65392 287 2493
4969073 348 65392 287 2493
4969089 348 65392 287 2493
4969104 348 65392 287 2493
4969119 348 65392 287 2493
4969135 348 65392 287 2493
4969150 348 65392 287 2493
4969165 348 65392 287 2493
4969180 348 65392 287 2493
4969195 348 65392 287 2493
4969210 348 65392 287 2493
4969225 348 65392 287 2493
4969240 348 65392 287 2493
4969255 348 65392 287 2493
4969270 348 65392 287 2493
4969285 348 65392 287 2493
4969300 348 65392 287 2493
4969315 348 65392 287 2493
4969330 348 65392 287 2493
4969345 348 65392 287 2493
4969360 348 65392 287 2493
4969375 348 65392 287 2493
4969390 348 65392 287 2493
4969405 348 65392 287 2493
4969421 348 65392 287 2493
4969437 348 65392 287 2493
4969452 348 65392 287 2493
4969468 348 65392 287 2493
4969483 348 65392 287 2493
4969498 348 65392 287 2493
4969514 348 65392 287 2493
4969529 348 65392 287 2493
4969544 348 65392 287 2493
4969559 348 65392 287 2493
4969574 348 65392 287 2493
4969589 348 65392 287 2493
4969605 348 65392 287 2493
4969620 348 65392 287 2493
4969635 348 65392 287 2493
4969650 348 65392 287 2493
4969665 348 65392 287 2493
4969680 348 65392 287 2493
4969696 348 65392 287 2493
4969711 348 65392 287 2493
4969726 348 65392 287 2493
4969742 348 65392 287 2493
4969757 348 65392 287 2493
4969772 348 65392 287 2493
4969787 348 65392 287 2493
4969802 348 65392 287 2493
4969817 348 65392 287 2493
4969832 348 65392 287 2493
4969847 348 65392 287 2493
4969862 348 65392 287 2493
4969877 348 65392 287 2493
4969893 348 65392 287 2493
4969908 348 65392 287 2493
4969923 348 65392 287 2493
4969939 348 65392 287 2493
4969954 348 65392 287 2493
4969969 348 65392 287 2493
4969984 348 65392 287 2493
4969999 348 65392 287 2493
4970014 348 65392 287 2493
4970029 348 65392 287 2493
4970044 348 65392 287 2493
4970059 348 65392 287 2493
4970074 348 65392 287 2493
4970089 348 65392 287 2493
4970104 348 65392 287 2493
4970119 348 65392 287 2493
4970135 348 65392 287 2493
4970150 348 65392 287 2493
4970165 348 65392 287 2493
4970180 348 65392 287 2493
4970195 348 65392 287 2493
4970210 348 65392 287 2493
4970225 348 65392 287 2493
4970240 348 65392 287 2493
4970255 348 65392 287 2493
4970270 348 65392 287 2493
4970285 348 65392 287 2493
4970300 348 65392 287 2493
4970315 348 65392 287 2493
4970330 348 65392 287 2493
4970346 348 65392 287 2493
4970361 348 65392 287 2493
4970376 348 65392 287 2493
4970391 348 65392 287 2493
4970406 348 65392 287 2493
4970421 348 65392 287 2493
4970436 348 65392 287 2493
4970451 348 65392 287 2493
4970467 348 65392 287 2493
4970482 348 65392 287 2493
4970497 348 65392 287 2493
4970512 348 65392 287 2493
4970527 348 65392 287 2493
4970543 348 65392 287 2493
4970558 348 65392 287 2493
4970574 348 65392 287 2493
4970589 348 65392 287 2493
4970604 348 65392 287 2493
4970619 348 65392 287 2493
4970634 348 65392 287 2493
4970650 348 65392 287 2493
4970665 348 65392 287 2493
4970680 348 65392 287 2493
4970695 348 65392 287 2493
4970710 348 65392 287 2493
4970725 348 65392 287 2493
4970740 348 65392 287 2493
4970755 348 65392 287 2493
4971755 348 65392 287 2493
4972755 348 65442 287 2493
4973755 348 65492 287 2493
4974755 348 65542 287 2493
4975755 348 65592 287 2493
4976755 348 65642 287 2493
4977755 348 65692 287 2493
4978755 348 65742 287 2493
4979755 348 65792 287 2493
4980755 348 65842 287 2493
4981755 348 65892 287 2493
4982755 348 65942 287 2493
4983755 348 65992 287 2493
4984755 348 66042 287 2493
4985756 348 66092 287 2493
4986756 348 66142 287 2493
4987756 348 66192 287 2493
4988756 348 66242 287 2493
4989756 348 66292 287 2493
4989965 349 67158 287 2493
4989980 349 67158 287 2493
4989996 349 67158 287 2493
4990011 349 67158 287 2493
4990027 349 67158 287 2493
4990042 349 67158 287 2493
4990057 349 67158 287 2493
4990072 349 67158 287 2493
4990088 349 67158 287 2493
4990103 349 67158 287 2493
4990119 349 67158 287 2493
4990134 349 67158 287 2493
4990149 349 67158 287 2493
4990164 349 67158 287 2493
4990179 349 67158 287 2493
4990194 349 67158 287 2493
4990209 349 67158 287 2493
4990224 349 67158 287 2493
4990239 349 67158 287 2493
4990254 349 67158 287 2493
4990269 349 67158 287 2493
4990284 349 67158 287 2493
4990299 349 67158 287 2493
4990314 349 67158 287 2493
4990329 349 67158 287 2493
4990345 349 67158 287 2493
4990360 349 67158 287 2493
4990375 349 67158 287 2493
4990390 349 67158 287 2493
4990405 349 67158 287 2493
4990420 349 67158 287 2493
4990435 349 67158 287 2493
4990450 349 67158 287 2493
4990465 349 67158 287 2493
4990480 349 67158 287 2493
4990495 349 67158 287 2493
4990510 349 67158 287 2493
4990525 349 67158 287 2493
4990541 349 67158 287 2493
4990556 349 67158 287 2493
4990571 349 67158 287 2493
4990586 349 67158 287 2493
4990601 349 67158 287 2493
4990616 349 67158 287 2493
4990631 349 67158 287 2493
4990647 349 67158 287 2493
4990662 349 67158 287 2493
4990677 349 67158 287 2493
4990692 349 67158 287 2493
4990707 349 67158 287 2493
4990722 349 67158 287 2493
4990738 349 67158 287 2493
4990754 349 67158 287 2493
4990769 349 67158 287 2493
4990784 349 67158 287 2493
4990799 349 67158 287 2493
4990814 349 67158 287 2493
4990829 349 67158 287 2493
4990844 349 67158 287 2493
4990859 349 67158 287 2493
4990874 349 67158 287 2493
4990889 349 67158 287 2493
4990904 349 67158 287 2493
4990920 349 67158 287 2493
4990935 349 67158 287 2493
4990950 349 67158 287 2493
4990965 349 67158 287 2493
4990980 349 67158 287 2493
4990995 349 67158 287 2493
4991010 349 67158 287 2493
4991025 349 67158 287 2493
4991040 349 67158 287 2493
4991055 349 67158 287 2493
4991070 349 67158 287 2493
4991085 349 67158 287 2493
4991100 349 67158 287 2493
4991115 349 67158 287 2493
4991130 349 67158 287 2493
4991145 349 67158 287 2493
4991160 349 67158 287 2493
4991175 349 67158 287 2493
4991190 349 67158 287 2493
4991205 349 67158 287 2493
4991220 349 67158 287 2493
4991235 349 67158 287 2493
4991250 349 67158 287 2493
4991265 349 67158 287 2493
4991281 349 67158 287 2493
4991296 349 67158 287 2493
4991311 349 67158 287 2493
4991326 349 67158 287 2493
4991341 349 67158 287 2493
4991356 349 67158 287 2493
4991371 349 67158 287 2493
4991386 349 67158 287 2493
4991401 349 67158 287 2493
4991416 349 67158 287 2493
4991431 349 67158 287 2493
4991446 349 67158 287 2493
4991462 349 67158 287 2493
4991477 349 67158 287 2493
4991492 349 67158 287 2493
4991507 349 67158 287 2493
4991522 349 67158 287 2493
4991537 349 67158 287 2493
4991552 349 67158 287 2493
4991567 349 67158 287 2493
4991582 349 67158 287 2493
4991598 349 67158 287 2493
4991613 349 67158 287 2493
4991628 349 67158 287 2493
4991643 349 67158 287 2493
4991659 349 67158 287 2493
4991674 349 67158 287 2493
4991690 349 67158 287 2493
4991705 349 67158 287 2493
4991721 349 67158 287 2493
4991736 349 67158 287 2493
4991752 349 67158 287 2493
4991767 349 67158 287 2493
4991782 349 67158 287 2493
4991798 349 67158 287 2493
4991813 349 67158 287 2493
4991828 349 67158 287 2493
4991843 349 67158 287 2493
4991858 349 67158 287 2493
4991873 349 67158 287 2493
4991888 349 67158 287 2493
4991903 349 67158 287 2493
4991918 349 67158 287 2493
4991933 349 67158 287 2493
4991948 349 67158 287 2493
4991963 349 67158 287 2493
4991978 349 67158 287 2493
4991993 349 67158 287 2493
4992008 349 67158 287 2493
4992023 349 67158 287 2493
4992038 349 67158 287 2493
4992053 349 67158 287 2493
4992069 349 67158 287 2493
4992084 349 67158 287 2493
4992099 349 67158 287 2493
4992114 349 67158 287 2493
4992129 349 67158 287 2493
4992144 349 67158 287 2493
4992159 349 67158 287 2493
4992174 349 67158 287 2493
4992189 349 67158 287 2493
4992204 349 67158 287 2493
4992219 349 67158 287 2493
4999329 350 67158 287 2493
4999344 350 67158 287 2493
4999359 350 67158 287 2493
4999374 350 67158 287 2493
4999389 350 67158 287 2493
4999404 350 67158 287 2493
4999419 350 67158 287 2493
4999434 350 67158 287 2493
4999449 350 67158 287 2493
4999465 350 67158 287 2493
4999481 350 67158 287 2493
4999496 350 67158 287 2493
4999511 350 67158 287 2493
4999526 350 67158 287 2493
4999541 350 67158 287 2493
4999556 350 67158 287 2493
4999571 350 67158 287 2493
4999586 350 67158 287 2493
4999602 350 67158 287 2493
4999617 350 67158 287 2493
4999632 350 67158 287 2493
4999647 350 67158 287 2493
4999663 350 67158 287 2493
4999678 350 67158 287 2493
4999693 350 67158 287 2493
4999708 350 67158 287 2493
4999723 350 67158 287 2493
4999738 350 67158 287 2493
4999753 350 67158 287 2493
4999769 350 67158 287 2493
4999785 350 67158 287 2493
4999800 350 67158 287 2493
4999816 350 67158 287 2493
4999831 350 67158 287 2493
4999846 350 67158 287 2493
4999861 350 67158 287 2493
4999876 350 67158 287 2493
4999891 350 67158 287 2493
4999906 350 67158 287 2493
4999921 350 67158 287 2493
4999936 350 67158 287 2493
4999951 350 67158 287 2493
4999966 350 67158 287 2493
4999981 350 67158 287 2493
4999996 350 67158 287 2493
5000012 350 67158 287 2493
5000027 350 67158 287 2493
5000042 350 67158 287 2493
5000058 350 67158 287 2493
5000073 350 67158 287 2493
5000088 350 67158 287 2493
5000104 350 67158 287 2493
5000119 350 67158 287 2493
5000134 350 67158 287 2493
5000150 350 67158 287 2493
5000165 350 67158 287 2493
5000180 350 67158 287 2493
5000196 350 67158 287 2493
5000211 350 67158 287 2493
5000226 350 67158 287 2493
5000241 350 67158 287 2493
5000256 350 67158 287 2493
5000272 350 67158 287 2493
5000287 350 67158 287 2493
5000302 350 67158 287 2493
5000317 350 67158 287 2493
5000332 350 67158 287 2493
5000347 350 67158 287 2493
5000362 350 67158 287 2493
5000377 350 67158 287 2493
5000393 350 67158 287 2493
5000408 350 67158 287 2493
5000423 350 67158 287 2493
5000439 350 67158 287 2493
5000454 350 67158 287 2493
5000469 350 67158 287 2493
5000485 350 67158 287 2493
5000500 350 67158 287 2493
5000515 350 67158 287 2493
5000530 350 67158 287 2493
5000545 350 67158 287 2493
5000560 350 67158 287 2493
5000575 350 67158 287 2493
5000590 350 67158 287 2493
5000605 350 67158 287 2493
5000620 350 67158 287 2493
5000636 350 67158 287 2493
5000651 350 67158 287 2493
5000666 350 67158 287 2493
5000682 350 67158 287 2493
5000697 350 67158 287 2493
5000712 350 67158 287 2493
5000728 350 67158 287 2493
5000743 350 67158 287 2493
5000758 350 67158 287 2493
5000774 350 67158 287 2493
5000789 350 67158 287 2493
5000804 350 67158 287 2493
5000820 350 67158 287 2493
5000835 350 67158 287 2493
5000850 350 67158 287 2493
5000865 350 67158 287 2493
5000880 350 67158 287 2493
5000895 350 67158 287 2493
5000910 350 67158 287 2493
5000926 350 67158 287 2493
5000941 350 67158 287 2493
5000956 350 67158 287 2493
5000972 350 67158 287 2493
5000987 350 67158 287 2493
5001002 350 67158 287 2493
5001017 350 67158 287 2493
5001033 350 67158 287 2493
5001048 350 67158 287 2493
5001063 350 67158 287 2493
5001078 350 67158 287 2493
5001093 350 67158 287 2493
5001108 350 67158 287 2493
5001123 350 67158 287 2493
5001138 350 67158 287 2493
5001153 350 67158 287 2493
5001169 350 67158 287 2493
5001184 350 67158 287 2493
5001199 350 67158 287 2493
5001214 350 67158 287 2493
5001229 350 67158 287 2493
5001245 350 67158 287 2493
5001260 350 67158 287 2493
5001275 350 67158 287 2493
5001290 350 67158 287 2493
5001305 350 67158 287 2493
5001321 350 67158 287 2493
5001336 350 67158 287 2493
5001352 350 67158 287 2493
5001367 350 67158 287 2493
5001382 350 67158 287 2493
5001397 350 67158 287 2493
5001412 350 67158 287 2493
5001428 350 67158 287 2493
5001443 350 67158 287 2493
5001458 350 67158 287 2493
5001473 350 67158 287 2493
5001488 350 67158 287 2493
5001503 350 67158 287 2493
5001518 350 67158 287 2493
5001533 350 67158 287 2493
5001548 350 67158 287 2493
5001563 350 67158 287 2493
5001578 350 67158 287 2493
5001593 350 67158 287 2493
5004344 351 67158 287 2493
5004359 351 67158 287 2493
5004374 351 67158 287 2493
5004389 351 67158 287 2493
5004404 351 67158 287 2493
5004419 351 67158 287 2493
5004434 351 67158 287 2493
5004449 351 67158 287 2493
5004464 351 67158 287 2493
5004479 351 67158 287 2493
5004494 351 67158 287 2493
5004509 351 67158 287 2493
5004524 351 67158 287 2493
5004539 351 67158 287 2493
5004554 351 67158 287 2493
5004578 352 67158 287 2493
5004593 352 67158 287 2493
5004608 352 67158 287 2493
5004623 352 67158 287 2493
5004638 352 67158 287 2493
5004654 352 67158 287 2493
5004669 352 67158 287 2493
5004684 352 67158 287 2493
5004700 352 67158 287 2493
5004715 352 67158 287 2493
5004730 352 67158 287 2493
5004745 352 67158 287 2493
5004760 352 67158 287 2493
5004775 352 67158 287 2493
5004790 352 67158 287 2493
5004806 352 67158 287 2493
5004821 352 67158 287 2493
5004836 352 67158 287 2493
5004851 352 67158 287 2493
5004866 352 67158 287 2493
5004881 352 67158 287 2493
5004896 352 67158 287 2493
5004922 353 67158 287 2493
5004937 353 67158 287 2493
5004952 353 67158 287 2493
5004967 353 67158 287 2493
5004982 353 67158 287 2493
5004998 353 67158 287 2493
5005013 353 67158 287 2493
5005028 353 67158 287 2493
5005043 353 67158 287 2493
5005059 353 67158 287 2493
5005074 353 67158 287 2493
5005090 353 67158 287 2493
5005105 353 67158 287 2493
5005121 353 67158 287 2493
5005136 353 67158 287 2493
5005151 353 67158 287 2493
5005166 353 67158 287 2493
5005196 354 67158 287 2493
5005211 354 67158 287 2493
5005226 354 67158 287 2493
5005241 354 67158 287 2493
5005256 354 67158 287 2493
5005271 354 67158 287 2493
5005287 354 67158 287 2493
5005302 354 67158 287 2493
5005317 354 67158 287 2493
5005333 354 67158 287 2493
5005348 354 67158 287 2493
5005363 354 67158 287 2493
5005378 354 67158 287 2493
5005393 354 67158 287 2493
5005408 354 67158 287 2493
5005423 354 67158 287 2493
5005439 354 67158 287 2493
5005454 354 67158 287 2493
5005470 354 67158 287 2493
5005485 354 67158 287 2493
5005500 354 67158 287 2493
5005515 354 67158 287 2493
5005531 354 67158 287 2493
5005546 354 67158 287 2493
5005561 354 67158 287 2493
5005576 354 67158 287 2493
5005591 354 67158 287 2493
5005606 354 67158 287 2493
5005621 354 67158 287 2493
5005636 354 67158 287 2493
5005651 354 67158 287 2493
5005666 354 67158 287 2493
5005681 354 67158 287 2493
5005696 354 67158 287 2493
5005712 354 67158 287 2493
5005727 354 67158 287 2493
5005742 354 67158 287 2493
5005757 354 67158 287 2493
5005772 354 67158 287 2493
5005788 354 67158 287 2493
5005803 354 67158 287 2493
5005818 354 67158 287 2493
5005833 354 67158 287 2493
5005848 354 67158 287 2493
5005863 354 67158 287 2493
5005878 354 67158 287 2493
5005893 354 67158 287 2493
5005908 354 67158 287 2493
5005923 354 67158 287 2493
5005938 354 67158 287 2493
5005953 354 67158 287 2493
5005968 354 67158 287 2493
5005983 354 67158 287 2493
5006008 355 67020 287 2493
5006023 355 67020 287 2493
5006039 355 67020 287 2493
5006054 355 67020 287 2493
5006069 355 67020 287 2493
5006084 355 67020 287 2493
5006099 355 67020 287 2493
5006114 355 67020 287 2493
5006129 355 67020 287 2493
5006144 355 67020 287 2493
5006159 355 67020 287 2493
5006174 355 67020 287 2493
5006189 355 67020 287 2493
5006204 355 67020 287 2493
5006219 355 67020 287 2493
5006234 355 67020 287 2493
5006249 355 67020 287 2493
5006264 355 67020 287 2493
5006279 355 67020 287 2493
5006294 355 67020 287 2493
5006309 355 67020 287 2493
5006324 355 67020 287 2493
5006340 355 67020 287 2493
5006355 355 67020 287 2493
5006370 355 67020 287 2493
5006385 355 67020 287 2493
5006400 355 67020 287 2493
5006415 355 67020 287 2493
5006430 355 67020 287 2493
5006446 355 67020 287 2493
5006461 355 67020 287 2493
5006476 355 67020 287 2493
5006491 355 67020 287 2493
5006506 355 67020 287 2493
5006521 355 67020 287 2493
5006536 355 67020 287 2493
5006551 355 67020 287 2493
5006566 355 67020 287 2493
5006581 355 67020 287 2493
5006596 355 67020 287 2493
5006611 355 67020 287 2493
5006626 355 67020 287 2493
5006641 355 67020 287 2493
5006657 355 67020 287 2493
5006672 355 67020 287 2493
5006687 355 67020 287 2493
5006702 355 67020 287 2493
5006717 355 67020 287 2493
5006732 355 67020 287 2493
5006747 355 67020 287 2493
5006762 355 67020 287 2493
5006777 355 67020 287 2493
5006792 355 67020 287 2493
5006807 355 67020 287 2493
5006822 355 67020 287 2493
5006838 355 67020 287 2493
5006853 355 67020 287 2493
5006868 355 67020 287 2493
5006883 355 67020 287 2493
5006898 355 67020 287 2493
5006913 355 67020 287 2493
5006929 355 67020 287 2493
5006944 355 67020 287 2493
5006959 355 67020 287 2493
5006974 355 67020 287 2493
5006989 355 67020 287 2493
5007004 355 67020 287 2493
5007019 355 67020 287 2493
5007035 355 67020 287 2493
5007050 355 67020 287 2493
5007065 355 67020 287 2493
5007080 355 67020 287 2493
5007095 355 67020 287 2493
5007110 355 67020 287 2493
5007125 355 67020 287 2493
5007140 355 67020 287 2493
5007156 355 67020 287 2493
5007182 356 67020 287 2493
5007199 356 67020 287 2493
