# header: write what you want on lines starting with #
# Total ACTIVE Pulses, # breakdowns, amp_set, index (point on pulse / power curve) , pulse length
# the init of this file could be 1 0 500 0 3500, 2 0 500 0 3500, etc
1 0 500 0 3500
102 7 3675 0 2493
77860 8 20550 222 2493
84624 9 26850 291 2493
86956 10 27050 291 2493
88189 11 27050 0 2493
89804 12 28450 291 2493
90894 13 28450 291 2493
91987 14 28450 291 2493
98240 15 29450 291 2493
99172 16 29450 291 2493
100158 17 29450 291 2493
106672 18 36150 291 2493
106684 19 36150 291 2493
106697 20 36150 291 2493
106709 21 36150 291 2493
106722 22 36150 291 2493
106735 23 36150 291 2493
106748 24 36150 291 2493
106760 25 36150 291 2493
106772 26 36150 291 2493
106784 27 36150 291 2493
106796 28 36150 291 2493
106808 29 36150 291 2493
106820 30 36150 291 2493
106834 31 36150 291 2493
106846 32 36150 291 2493
106859 33 36150 291 2493
106871 34 36150 291 2493
106884 35 36150 291 2493
106897 36 36150 291 2493
3848819 286 39931 238 2493
4701474 341 40000 287 2493
4770142 342 45265 287 2493
4795011 343 48799 287 2493
4843634 344 54053 287 2493
4940712 345 61629 287 2493
4952722 346 64039 287 2493
4967192 347 65392 287 2493
4968498 348 65392 287 2493
5006008 355 67020 287 2493
5007182 356 67020 287 2493
5012741 357 67724 287 2493
5018190 358 67724 287 2493
5021763 359 67724 287 2493
5024935 360 67724 287 2493
5041078 361 67724 287 2493
5042209 362 67724 287 2493
5042811 363 67724 287 2493
5043919 364 67724 287 2493
5049970 365 67724 287 2493
5050032 366 67724 287 2493
5050130 367 67724 287 2493
5050525 368 67724 287 2493
5051151 369 67724 287 2493
5052534 371 67724 287 2493
5062081 372 67724 287 2493
5062738 373 67724 287 2493
5063420 374 67724 287 2493
5065793 375 67724 287 2493
5097864 376 67724 287 2493
5105970 377 67724 287 2493
5110828 378 67724 287 2493
5139848 379 67724 287 2493
5140294 380 67724 287 2493
5194886 387 67724 287 2493
5202855 388 67724 287 2493
5175817 382 67855 287 2493
5186529 383 67855 287 2493
5190413 384 67855 287 2493
5191905 385 67855 287 2493
5202870 385 68009 287 2493
5202885 385 68009 287 2493
5202900 385 68009 287 2493
5202915 385 68009 287 2493
5202930 385 68009 287 2493
5202945 385 68009 287 2493
5202960 385 68009 287 2493
5202975 385 68009 287 2493
5202990 385 68009 287 2493
5203006 385 68009 287 2493
5203021 385 68009 287 2493
5203036 385 68009 287 2493
5203051 385 68009 287 2493
5203066 385 68009 287 2493
5203081 385 68009 287 2493
5203096 385 68009 287 2493
5203111 385 68009 287 2493
5203126 385 68009 287 2493
5203141 385 68009 287 2493
5203156 385 68009 287 2493
5203171 385 68009 287 2493
5203186 385 68009 287 2493
5203201 385 68009 287 2493
5203216 385 68009 287 2493
5203231 385 68009 287 2493
5203246 385 68009 287 2493
5203261 385 68009 287 2493
5203276 385 68009 287 2493
5203291 385 68009 287 2493
5203306 385 68009 287 2493
5203321 385 68009 287 2493
5203336 385 68009 287 2493
5203352 385 68009 287 2493
5203367 385 68009 287 2493
5203382 385 68009 287 2493
5203398 385 68009 287 2493
5203413 385 68009 287 2493
5203429 385 68009 287 2493
5203444 385 68009 287 2493
5203460 385 68009 287 2493
5203475 385 68009 287 2493
5203490 385 68009 287 2493
5203505 385 68009 287 2493
5203520 385 68009 287 2493
5203535 385 68009 287 2493
5203550 385 68009 287 2493
5203566 385 68009 287 2493
5203581 385 68009 287 2493
5203596 385 68009 287 2493
5203611 385 68009 287 2493
5203626 385 68009 287 2493
5203641 385 68009 287 2493
5203656 385 68009 287 2493
5203671 385 68009 287 2493
5203686 385 68009 287 2493
5203701 385 68009 287 2493
5203716 385 68009 287 2493
5203731 385 68009 287 2493
5203746 385 68009 287 2493
5203761 385 68009 287 2493
5203776 385 68009 287 2493
5203792 385 68009 287 2493
5203807 385 68009 287 2493
5203822 385 68009 287 2493
5203837 385 68009 287 2493
5203852 385 68009 287 2493
5203867 385 68009 287 2493
5203882 385 68009 287 2493
5203897 385 68009 287 2493
5203912 385 68009 287 2493
5203927 385 68009 287 2493
5203942 385 68009 287 2493
5203957 385 68009 287 2493
5203972 385 68009 287 2493
5203987 385 68009 287 2493
5204002 385 68009 287 2493
5204017 385 68009 287 2493
5204032 385 68009 287 2493
5204047 385 68009 287 2493
5204062 385 68009 287 2493
5204077 385 68009 287 2493
5204092 385 68009 287 2493
5204107 385 68009 287 2493
5204122 385 68009 287 2493
5204137 385 68009 287 2493
5204153 385 68009 287 2493
5204168 385 68009 287 2493
5204184 385 68009 287 2493
5204199 385 68009 287 2493
5204214 385 68009 287 2493
5204229 385 68009 287 2493
5204244 385 68009 287 2493
5204259 385 68009 287 2493
5204274 385 68009 287 2493
5204290 385 68009 287 2493
5204305 385 68009 287 2493
5204320 385 68009 287 2493
5204335 385 68009 287 2493
5204350 385 68009 287 2493
5204365 385 68009 287 2493
5204380 385 68009 287 2493
5204395 385 68009 287 2493
5204410 385 68009 287 2493
5204425 385 68009 287 2493
5204440 385 68009 287 2493
5204455 385 68009 287 2493
5204470 385 68009 287 2493
5204485 385 68009 287 2493
5204500 385 68009 287 2493
5204515 385 68009 287 2493
5204531 385 68009 287 2493
5204546 385 68009 287 2493
5204561 385 68009 287 2493
5204576 385 68009 287 2493
5204591 385 68009 287 2493
5204606 385 68009 287 2493
5204621 385 68009 287 2493
