# header: write what you want on lines starting with #
# Total ACTIVE Pulses, # breakdowns, amp_set, index (point on pulse / power curve) , pulse length
# the init of this file could be 1 0 500 0 3500, 2 0 500 0 3500, etc
531 0 709 7 756
629927 1 19500 287 756
649134 2 19900 287 756
663617 3 19900 287 756
675254 4 19900 287 756
685220 5 19900 287 756
701197 6 19900 287 756
716534 7 19900 287 756
727172 8 19900 287 756
743893 9 20300 287 756
809136 10 22300 287 756
850907 11 23100 287 756
1311952 12 34700 287 756
1322395 13 34700 287 756
1345435 14 35100 287 756
1445388 16 35270 287 756
1500817 17 38300 287 756
1515290 18 38300 287 756
1527422 19 38300 287 756
1550025 20 38700 287 756
1565127 21 38700 287 756
1577229 22 38700 287 756
1589818 23 38700 287 756
1605748 24 38700 287 756
1618050 25 38700 287 756
1633214 26 38700 287 756
1648658 27 38700 287 756
1662460 28 38700 287 756
1675533 29 38700 287 756
1704498 30 38700 287 756
1717266 31 38700 287 756
1967674 32 45500 287 756
1993695 33 46300 287 756
2009915 34 46300 287 756
2018779 33 46300 287 756
2018849 33 46300 287 756
2018911 33 46300 287 756
2018971 33 46295 287 756
2019037 33 46295 287 756
2019104 33 46295 287 756
2019169 33 46295 287 756
2019233 33 46295 287 756
2019296 33 46295 287 756
2019360 33 46295 287 756
2019422 33 46295 287 756
2019482 33 46295 287 756
2019543 33 46295 287 756
2019611 33 46295 287 756
2019676 33 46295 287 756
2019746 33 46295 287 756
2019814 33 46295 287 756
2019875 33 46295 287 756
2019936 33 46295 287 756
2020003 33 46295 287 756
2020064 33 46295 287 756
2020124 33 46295 287 756
2020192 33 46295 287 756
2020259 33 46295 287 756
2020322 33 46295 287 756
2020389 33 46295 287 756
2020456 33 46295 287 756
2020526 33 46295 287 756
2020591 33 46295 287 756
2020653 33 46295 287 756
2020722 33 46295 287 756
2020787 33 46295 287 756
2020849 33 46295 287 756
2020912 33 46295 287 756
2020972 33 46295 287 756
2021039 33 46295 287 756
2021101 33 46295 287 756
2021168 33 46295 287 756
2021228 33 46295 287 756
2021298 33 46295 287 756
2021360 33 46295 287 756
2021420 33 46295 287 756
2021490 33 46295 287 756
2021554 33 46295 287 756
2021625 33 46295 287 756
2021686 33 46295 287 756
2021752 33 46295 287 756
2021819 33 46295 287 756
2021885 33 46295 287 756
2021952 33 46295 287 756
2022015 33 46295 287 756
2022079 33 46295 287 756
2022145 33 46295 287 756
2022206 33 46295 287 756
2022269 33 46295 287 756
2022333 33 46295 287 756
2022393 33 46295 287 756
2022459 33 46295 287 756
2022528 33 46295 287 756
2022594 33 46295 287 756
2022656 33 46295 287 756
2022719 33 46295 287 756
2022780 33 46295 287 756
2022848 33 46295 287 756
2022916 33 46295 287 756
2022981 33 46295 287 756
2023051 33 46295 287 756
2023111 33 46295 287 756
2023174 33 46295 287 756
2023245 33 46295 287 756
2023308 33 46295 287 756
2023378 33 46295 287 756
2023447 33 46295 287 756
2023513 33 46295 287 756
2023585 33 46295 287 756
2023650 33 46295 287 756
2023719 33 46295 287 756
2023784 33 46295 287 756
2023847 33 46295 287 756
2023913 33 46295 287 756
2023979 33 46295 287 756
2024051 33 46295 287 756
2024118 33 46295 287 756
2024179 33 46295 287 756
2024246 33 46295 287 756
2024308 33 46295 287 756
2024370 33 46295 287 756
2024436 33 46295 287 756
2024501 33 46295 287 756
2024569 33 46295 287 756
2024630 33 46295 287 756
2024697 33 46295 287 756
2024761 33 46295 287 756
2024829 33 46295 287 756
2024890 33 46295 287 756
2024953 33 46295 287 756
2025020 33 46295 287 756
2025080 33 46295 287 756
2025150 33 46295 287 756
2025215 33 46295 287 756
2025275 33 46295 287 756
2025338 33 46295 287 756
2025403 33 46295 287 756
2025473 33 46295 287 756
2025536 33 46295 287 756
2025600 33 46295 287 756
2025667 33 46295 287 756
2025736 33 46295 287 756
2025800 33 46295 287 756
2025864 33 46295 287 756
2025934 33 46295 287 756
2025995 33 46295 287 756
2026060 33 46295 287 756
2026122 33 46295 287 756
2026183 33 46295 287 756
2026246 33 46295 287 756
2026311 33 46295 287 756
2026378 33 46295 287 756
2026445 33 46295 287 756
2026511 33 46295 287 756
2026581 33 46295 287 756
2026650 33 46295 287 756
2026713 33 46295 287 756
2026779 33 46295 287 756
2026848 33 46295 287 756
2026916 33 46295 287 756
2026980 33 46295 287 756
2027045 33 46295 287 756
2027106 33 46295 287 756
2027166 33 46295 287 756
2027227 33 46295 287 756
2027299 33 46295 287 756
2027366 33 46295 287 756
2027436 33 46295 287 756
2027498 33 46295 287 756
2027565 33 46295 287 756
2027626 33 46295 287 756
2027695 33 46295 287 756
2027761 33 46295 287 756
2027831 33 46295 287 756
2027892 33 46295 287 756
2027958 33 46295 287 756
2028026 33 46295 287 756
2028086 33 46295 287 756
2028149 33 46295 287 756
2028216 33 46295 287 756
2028282 33 46295 287 756
2028343 33 46295 287 756
2028410 33 46295 287 756
2028472 33 46295 287 756
2028533 33 46295 287 756
2028603 33 46295 287 756
2028674 33 46295 287 756
2028739 33 46295 287 756
2028809 33 46295 287 756
2028871 33 46295 287 756
2028935 33 46295 287 756
2029000 33 46295 287 756
2029069 33 46295 287 756
2029140 33 46295 287 756
2029200 33 46295 287 756
2029269 33 46295 287 756
2029335 33 46295 287 756
2029395 33 46295 287 756
2029458 33 46295 287 756
2029526 33 46295 287 756
2029591 33 46295 287 756
2029652 33 46295 287 756
2029713 33 46295 287 756
2029777 33 46295 287 756
2029847 33 46295 287 756
2029918 33 46295 287 756
2029979 33 46295 287 756
2030040 33 46295 287 756
2030100 33 46295 287 756
2030169 33 46295 287 756
2030235 33 46295 287 756
2030306 33 46295 287 756
2030368 33 46295 287 756
2030429 33 46295 287 756
2030490 33 46295 287 756
2030558 33 46295 287 756
2030620 33 46295 287 756
2030681 33 46295 287 756
2030748 33 46295 287 756
2030814 33 46295 287 756
2030874 33 46295 287 756
2030934 33 46295 287 756
2031003 33 46295 287 756
2031066 33 46295 287 756
2031128 33 46295 287 756
2031192 33 46295 287 756
2031256 33 46295 287 756
2031324 33 46295 287 756
2031394 33 46295 287 756
2031458 33 46295 287 756
2031523 33 46295 287 756
2031585 33 46295 287 756
2031646 33 46295 287 756
2031718 33 46295 287 756
2031783 33 46295 287 756
2031852 33 46295 287 756
2031912 33 46295 287 756
2032920 33 46295 287 756
2033924 33 46345 287 756
2034926 33 46395 287 756
2035937 33 46445 287 756
2036943 33 46495 287 756
2037946 33 46545 287 756
2038957 33 46595 287 756
2039962 33 46645 287 756
2040963 33 46695 287 756
2041970 33 46745 287 756
2042980 33 46795 287 756
2043988 33 46845 287 756
2044996 33 46895 287 756
2045996 33 46945 287 756
2046998 33 46995 287 756
2048002 33 47045 287 756
2049005 33 47095 287 756
2050007 33 47145 287 756
2051010 33 47195 287 756
2052017 33 47245 287 756
2053020 33 47295 287 756
2054029 33 47345 287 756
2055037 33 47395 287 756
2056045 33 47445 287 756
2057047 33 47495 287 756
2058057 33 47545 287 756
2059059 33 47595 287 756
2060069 33 47645 287 756
2061075 33 47695 287 756
2062080 33 47745 287 756
2063090 33 47795 287 756
2064092 33 47845 287 756
2065101 33 47895 287 756
2066101 33 47945 287 756
2067101 33 47995 287 756
2068102 33 48045 287 756
2069112 33 48095 287 756
2070115 33 48145 287 756
2071130 33 48195 287 756
2072130 33 48245 287 756
2073134 33 48295 287 756
2074145 33 48345 287 756
2075148 33 48395 287 756
2076150 33 48445 287 756
2077159 33 48495 287 756
