# header: write what you want on lines starting with #
# Total ACTIVE Pulses, # breakdowns, amp_set, index (point on pulse / power curve) , pulse length
# the init of this file could be 1 0 500 0 3500, 2 0 500 0 3500, etc
1 0 500 0 3500
102 7 3675 0 2493
77860 8 20550 222 2493
84624 9 26850 291 2493
86956 10 27050 291 2493
88189 11 27050 0 2493
89804 12 28450 291 2493
90894 13 28450 291 2493
91987 14 28450 291 2493
98240 15 29450 291 2493
99172 16 29450 291 2493
100158 17 29450 291 2493
106672 18 36150 291 2493
106684 19 36150 291 2493
106697 20 36150 291 2493
106709 21 36150 291 2493
106722 22 36150 291 2493
106735 23 36150 291 2493
106748 24 36150 291 2493
106760 25 36150 291 2493
106772 26 36150 291 2493
106784 27 36150 291 2493
106796 28 36150 291 2493
106808 29 36150 291 2493
106820 30 36150 291 2493
106834 31 36150 291 2493
106846 32 36150 291 2493
106859 33 36150 291 2493
106871 34 36150 291 2493
106884 35 36150 291 2493
106897 36 36150 291 2493
3848819 286 39931 238 2493
4701474 341 40000 287 2493
4770142 342 45265 287 2493
4795011 343 48799 287 2493
4843634 344 54053 287 2493
4940712 345 61629 287 2493
4952722 346 64039 287 2493
4967192 347 65392 287 2493
4968498 348 65392 287 2493
5006008 355 67020 287 2493
5007182 356 67020 287 2493
5221406 395 67522 287 2493
5226754 396 67731 287 2493
5227268 397 67731 287 2493
5248241 399 67802 287 2493
5256327 400 67802 287 2493
5262168 401 67802 287 2493
5269222 402 67802 287 2493
5297152 403 67802 287 2493
5383229 403 68564 287 2493
5383244 403 68564 287 2493
5383259 403 68564 287 2493
5383274 403 68564 287 2493
5383289 403 68564 287 2493
5383304 403 68564 287 2493
5383319 403 68564 287 2493
5383334 403 68564 287 2493
5383349 403 68564 287 2493
5383364 403 68564 287 2493
5383379 403 68564 287 2493
5383394 403 68564 287 2493
5383409 403 68564 287 2493
5383424 403 68564 287 2493
5383439 403 68564 287 2493
5383454 403 68564 287 2493
5383469 403 68564 287 2493
5383484 403 68564 287 2493
5383499 403 68564 287 2493
5383515 403 68564 287 2493
5383530 403 68564 287 2493
5383545 403 68564 287 2493
5383560 403 68564 287 2493
5383575 403 68564 287 2493
5383590 403 68564 287 2493
5383605 403 68564 287 2493
5383620 403 68564 287 2493
5383635 403 68564 287 2493
5383651 403 68564 287 2493
5383666 403 68564 287 2493
5383681 403 68564 287 2493
5383696 403 68564 287 2493
5383711 403 68564 287 2493
5383726 403 68564 287 2493
5383741 403 68564 287 2493
5383756 403 68564 287 2493
5383771 403 68564 287 2493
5383786 403 68564 287 2493
5383801 403 68564 287 2493
5383816 403 68564 287 2493
5383831 403 68564 287 2493
5383846 403 68564 287 2493
5383861 403 68564 287 2493
5383877 403 68564 287 2493
5383892 403 68564 287 2493
5383908 403 68564 287 2493
5383923 403 68564 287 2493
5383938 403 68564 287 2493
5383953 403 68564 287 2493
5383968 403 68564 287 2493
5383983 403 68564 287 2493
5383999 403 68564 287 2493
5384014 403 68564 287 2493
5384030 403 68564 287 2493
5384045 403 68564 287 2493
5384060 403 68564 287 2493
5384075 403 68564 287 2493
5384090 403 68564 287 2493
5384105 403 68564 287 2493
5384120 403 68564 287 2493
5384135 403 68564 287 2493
5384150 403 68564 287 2493
5384165 403 68564 287 2493
5384180 403 68564 287 2493
5384195 403 68564 287 2493
5384210 403 68564 287 2493
5384225 403 68564 287 2493
5384240 403 68564 287 2493
5384255 403 68564 287 2493
5384271 403 68564 287 2493
5384286 403 68564 287 2493
5384301 403 68564 287 2493
5384316 403 68564 287 2493
5384331 403 68564 287 2493
5384346 403 68564 287 2493
5384361 403 68564 287 2493
5384376 403 68564 287 2493
5384391 403 68564 287 2493
5384406 403 68564 287 2493
5384421 403 68564 287 2493
5384436 403 68564 287 2493
5384451 403 68564 287 2493
5384466 403 68564 287 2493
5384481 403 68564 287 2493
5384496 403 68564 287 2493
5384511 403 68564 287 2493
5384526 403 68564 287 2493
5384541 403 68564 287 2493
5384556 403 68564 287 2493
5384571 403 68564 287 2493
5384586 403 68564 287 2493
5384602 403 68564 287 2493
5384617 403 68564 287 2493
5384632 403 68564 287 2493
5384647 403 68564 287 2493
5384662 403 68564 287 2493
5384677 403 68564 287 2493
5384692 403 68564 287 2493
5384707 403 68564 287 2493
5384722 403 68564 287 2493
5384737 403 68564 287 2493
5384752 403 68564 287 2493
5384768 403 68564 287 2493
5384783 403 68564 287 2493
5384798 403 68564 287 2493
5384813 403 68564 287 2493
5384828 403 68564 287 2493
5384843 403 68564 287 2493
5384858 403 68564 287 2493
5384873 403 68564 287 2493
5384888 403 68564 287 2493
5384903 403 68564 287 2493
5384919 403 68564 287 2493
5384934 403 68564 287 2493
5384949 403 68564 287 2493
5384964 403 68564 287 2493
5384979 403 68564 287 2493
5384994 403 68564 287 2493
5385009 403 68564 287 2493
5385024 403 68564 287 2493
5385039 403 68564 287 2493
5385054 403 68564 287 2493
5385069 403 68564 287 2493
5385084 403 68564 287 2493
5385099 403 68564 287 2493
5385114 403 68564 287 2493
5385129 403 68564 287 2493
5385144 403 68564 287 2493
5385159 403 68564 287 2493
5385174 403 68564 287 2493
5385189 403 68564 287 2493
5385204 403 68564 287 2493
5385219 403 68564 287 2493
5385234 403 68564 287 2493
5385249 403 68564 287 2493
5385264 403 68564 287 2493
5385279 403 68564 287 2493
5385295 403 68564 287 2493
5385310 403 68564 287 2493
5385325 403 68564 287 2493
5385340 403 68564 287 2493
5385355 403 68564 287 2493
5385370 403 68564 287 2493
5385386 403 68564 287 2493
5385416 403 68564 287 2493
5385446 403 68564 287 2493
5385476 403 68564 287 2493
5385506 403 68564 287 2493
5385536 403 68564 287 2493
5385566 403 68564 287 2493
5385597 403 68564 287 2493
5385627 403 68564 287 2493
5385657 403 68564 287 2493
5385688 403 68564 287 2493
5385718 403 68564 287 2493
5385748 403 68564 287 2493
5385778 403 68564 287 2493
5385808 403 68564 287 2493
5385838 403 68564 287 2493
5385869 403 68564 287 2493
5385899 403 68564 287 2493
5385929 403 68564 287 2493
5385959 403 68564 287 2493
5385989 403 68564 287 2493
5386020 403 68564 287 2493
5386050 403 68564 287 2493
5386080 403 68564 287 2493
5386110 403 68564 287 2493
5386140 403 68564 287 2493
5386171 403 68564 287 2493
5386201 403 68564 287 2493
5386231 403 68564 287 2493
5386261 403 68564 287 2493
5386291 403 68564 287 2493
5386322 403 68564 287 2493
5386352 403 68564 287 2493
5386382 403 68564 287 2493
5386412 403 68564 287 2493
5386443 403 68564 287 2493
5386473 403 68564 287 2493
5386503 403 68564 287 2493
5386533 403 68564 287 2493
5386564 403 68564 287 2493
5386594 403 68564 287 2493
5386624 403 68564 287 2493
5386654 403 68564 287 2493
5386684 403 68564 287 2493
5386715 403 68564 287 2493
5386745 403 68564 287 2493
5386775 403 68564 287 2493
5386805 403 68564 287 2493
5386835 403 68564 287 2493
5386865 403 68564 287 2493
5386896 403 68564 287 2493
5386926 403 68564 287 2493
5386956 403 68564 287 2493
5386987 403 68564 287 2493
5387017 403 68564 287 2493
5387047 403 68564 287 2493
5387077 403 68564 287 2493
5387108 403 68564 287 2493
5387138 403 68564 287 2493
5387168 403 68564 287 2493
5387198 403 68564 287 2493
5387229 403 68564 287 2493
5387259 403 68564 287 2493
5387289 403 68564 287 2493
5387319 403 68564 287 2493
5387349 403 68564 287 2493
5387380 403 68564 287 2493
5387410 403 68564 287 2493
5387440 403 68564 287 2493
5387471 403 68564 287 2493
5387501 403 68564 287 2493
5387531 403 68564 287 2493
5387561 403 68564 287 2493
5387591 403 68564 287 2493
5387622 403 68564 287 2493
5387652 403 68564 287 2493
5387682 403 68564 287 2493
5387713 403 68564 287 2493
5387743 403 68564 287 2493
5387773 403 68564 287 2493
5387803 403 68564 287 2493
5387833 403 68564 287 2493
5387864 403 68564 287 2493
5387894 403 68564 287 2493
5387924 403 68564 287 2493
5387954 403 68564 287 2493
5387985 403 68564 287 2493
5388015 403 68564 287 2493
5388045 403 68564 287 2493
5388076 403 68564 287 2493
5388106 403 68564 287 2493
5388136 403 68564 287 2493
5388166 403 68564 287 2493
5388196 403 68564 287 2493
5388226 403 68564 287 2493
5388256 403 68564 287 2493
5388286 403 68564 287 2493
5388318 403 68564 287 2493
5388348 403 68564 287 2493
5388378 403 68564 287 2493
5388408 403 68564 287 2493
5388438 403 68564 287 2493
5388469 403 68564 287 2493
5388499 403 68564 287 2493
5388529 403 68564 287 2493
5388559 403 68564 287 2493
5388589 403 68564 287 2493
5388620 403 68564 287 2493
5388650 403 68564 287 2493
5388680 403 68564 287 2493
5388711 403 68564 287 2493
5388741 403 68564 287 2493
5388771 403 68564 287 2493
5388802 403 68564 287 2493
5388832 403 68564 287 2493
5388862 403 68564 287 2493
5388892 403 68564 287 2493
5388923 403 68564 287 2493
5388953 403 68564 287 2493
5388983 403 68564 287 2493
5389013 403 68564 287 2493
5389043 403 68564 287 2493
5389074 403 68564 287 2493
5389104 403 68564 287 2493
5389134 403 68564 287 2493
5389164 403 68564 287 2493
5389195 403 68564 287 2493
5389225 403 68564 287 2493
5389255 403 68564 287 2493
5389285 403 68564 287 2493
5389315 403 68564 287 2493
5389346 403 68564 287 2493
5389376 403 68564 287 2493
5389406 403 68564 287 2493
5389436 403 68564 287 2493
5389466 403 68564 287 2493
5389497 403 68564 287 2493
5389527 403 68564 287 2493
5389557 403 68564 287 2493
5389587 403 68564 287 2493
5389618 403 68564 287 2493
5389648 403 68564 287 2493
5389678 403 68564 287 2493
5389708 403 68564 287 2493
5389738 403 68564 287 2493
5389769 403 68564 287 2493
5389799 403 68564 287 2493
5389829 403 68564 287 2493
5389859 403 68564 287 2493
5389889 403 68564 287 2493
5389920 403 68564 287 2493
5389950 403 68564 287 2493
5389980 403 68564 287 2493
5390010 403 68564 287 2493
5390041 403 68564 287 2493
5390071 403 68564 287 2493
5390101 403 68564 287 2493
5390132 403 68564 287 2493
5390162 403 68564 287 2493
5390192 403 68564 287 2493
5390222 403 68564 287 2493
5390252 403 68564 287 2493
5390283 403 68564 287 2493
5390313 403 68564 287 2493
5390343 403 68564 287 2493
5390373 403 68564 287 2493
5390404 403 68564 287 2493
5390434 403 68564 287 2493
5390464 403 68564 287 2493
5390494 403 68564 287 2493
5390525 403 68564 287 2493
5390555 403 68564 287 2493
5390585 403 68564 287 2493
5390615 403 68564 287 2493
5390645 403 68564 287 2493
5390675 403 68564 287 2493
5390706 403 68564 287 2493
5390736 403 68564 287 2493
5390766 403 68564 287 2493
5390796 403 68564 287 2493
5390826 403 68564 287 2493
5390856 403 68564 287 2493
5390887 403 68564 287 2493
5390918 403 68564 287 2493
5390948 403 68564 287 2493
5390978 403 68564 287 2493
5391008 403 68564 287 2493
5391039 403 68564 287 2493
5391069 403 68564 287 2493
5391099 403 68564 287 2493
5391129 403 68564 287 2493
5391159 403 68564 287 2493
5391190 403 68564 287 2493
5391220 403 68564 287 2493
5391250 403 68564 287 2493
5391280 403 68564 287 2493
5391311 403 68564 287 2493
5391341 403 68564 287 2493
5391371 403 68564 287 2493
5391402 403 68564 287 2493
5391432 403 68564 287 2493
5391462 403 68564 287 2493
5391492 403 68564 287 2493
5391522 403 68564 287 2493
5391553 403 68564 287 2493
5391583 403 68564 287 2493
5391613 403 68564 287 2493
5391643 403 68564 287 2493
5391673 403 68564 287 2493
5391704 403 68564 287 2493
5391734 403 68564 287 2493
5391764 403 68564 287 2493
5391794 403 68564 287 2493
5391824 403 68564 287 2493
5391855 403 68564 287 2493
5391885 403 68564 287 2493
5391915 403 68564 287 2493
5391945 403 68564 287 2493
5391975 403 68564 287 2493
5392006 403 68564 287 2493
5392036 403 68564 287 2493
5392066 403 68564 287 2493
5392096 403 68564 287 2493
5392126 403 68564 287 2493
5392156 403 68564 287 2493
5392186 403 68564 287 2493
5392217 403 68564 287 2493
5392247 403 68564 287 2493
5392278 403 68564 287 2493
5392308 403 68564 287 2493
5392338 403 68564 287 2493
5392368 403 68564 287 2493
5392399 403 68564 287 2493
5392429 403 68564 287 2493
5392459 403 68564 287 2493
5392489 403 68564 287 2493
5392519 403 68564 287 2493
5392549 403 68564 287 2493
5392580 403 68564 287 2493
5392610 403 68564 287 2493
5392640 403 68564 287 2493
5392670 403 68564 287 2493
5392700 403 68564 287 2493
5392731 403 68564 287 2493
5392761 403 68564 287 2493
5392791 403 68564 287 2493
5392822 403 68564 287 2493
5392852 403 68564 287 2493
5392882 403 68564 287 2493
5392912 403 68564 287 2493
5392942 403 68564 287 2493
5392972 403 68564 287 2493
5393003 403 68564 287 2493
5393033 403 68564 287 2493
5393063 403 68564 287 2493
5393093 403 68564 287 2493
5393124 403 68564 287 2493
5393154 403 68564 287 2493
5393184 403 68564 287 2493
5393214 403 68564 287 2493
5393244 403 68564 287 2493
5393274 403 68564 287 2493
5393305 403 68564 287 2493
5393335 403 68564 287 2493
5393365 403 68564 287 2493
5393395 403 68564 287 2493
5393426 403 68564 287 2493
5393456 403 68564 287 2493
5393486 403 68564 287 2493
5393516 403 68564 287 2493
5393559 404 68564 287 2493
5393576 405 68564 287 2493
5393594 406 68564 287 2493
5393611 407 68564 287 2493
5393626 407 68564 287 2493
5393641 407 68564 287 2493
5393657 407 68564 287 2493
5393672 407 68564 287 2493
5393687 407 68564 287 2493
5393702 407 68564 287 2493
5393717 407 68564 287 2493
5393732 407 68564 287 2493
5393747 407 68564 287 2493
5393762 407 68564 287 2493
5393777 407 68564 287 2493
5393792 407 68564 287 2493
5393807 407 68564 287 2493
5393822 407 68564 287 2493
5393837 407 68564 287 2493
5393852 407 68564 287 2493
5393867 407 68564 287 2493
5393882 407 68564 287 2493
5393897 407 68564 287 2493
5393912 407 68564 287 2493
5393927 407 68564 287 2493
5393942 407 68564 287 2493
5393957 407 68564 287 2493
5393972 407 68564 287 2493
5393987 407 68564 287 2493
5394002 407 68564 287 2493
5394017 407 68564 287 2493
5394032 407 68564 287 2493
5394047 407 68564 287 2493
5394062 407 68564 287 2493
5394077 407 68564 287 2493
5394092 407 68564 287 2493
5394107 407 68564 287 2493
5394122 407 68564 287 2493
5394137 407 68564 287 2493
5394152 407 68564 287 2493
5394167 407 68564 287 2493
5394182 407 68564 287 2493
5394197 407 68564 287 2493
5394212 407 68564 287 2493
5394227 407 68564 287 2493
5394242 407 68564 287 2493
5394257 407 68564 287 2493
5394273 407 68564 287 2493
5394288 407 68564 287 2493
5394303 407 68564 287 2493
5394318 407 68564 287 2493
5394333 407 68564 287 2493
5394348 407 68564 287 2493
5394363 407 68564 287 2493
5394378 407 68564 287 2493
5394394 407 68564 287 2493
5394409 407 68564 287 2493
5394424 407 68564 287 2493
5394439 407 68564 287 2493
5394454 407 68564 287 2493
5394469 407 68564 287 2493
5394484 407 68564 287 2493
5394499 407 68564 287 2493
5394514 407 68564 287 2493
5394529 407 68564 287 2493
5394544 407 68564 287 2493
5394559 407 68564 287 2493
5394574 407 68564 287 2493
5394589 407 68564 287 2493
5394604 407 68564 287 2493
5394619 407 68564 287 2493
5394634 407 68564 287 2493
5394649 407 68564 287 2493
5394664 407 68564 287 2493
5394680 407 68564 287 2493
5394695 407 68564 287 2493
5394711 407 68564 287 2493
5394726 407 68564 287 2493
5394742 407 68564 287 2493
5394757 407 68564 287 2493
5394772 407 68564 287 2493
5394787 407 68564 287 2493
5394802 407 68564 287 2493
5394817 407 68564 287 2493
5394832 407 68564 287 2493
5394847 407 68564 287 2493
5394862 407 68564 287 2493
5394877 407 68564 287 2493
5394892 407 68564 287 2493
5394907 407 68564 287 2493
5394922 407 68564 287 2493
5394937 407 68564 287 2493
5394952 407 68564 287 2493
5394967 407 68564 287 2493
5394982 407 68564 287 2493
5394997 407 68564 287 2493
5395012 407 68564 287 2493
5395027 407 68564 287 2493
5395042 407 68564 287 2493
5395057 407 68564 287 2493
5395072 407 68564 287 2493
5395087 407 68564 287 2493
5395102 407 68564 287 2493
5395117 407 68564 287 2493
5395132 407 68564 287 2493
5395147 407 68564 287 2493
5395162 407 68564 287 2493
5395177 407 68564 287 2493
5395192 407 68564 287 2493
5395207 407 68564 287 2493
5395222 407 68564 287 2493
5395237 407 68564 287 2493
5395252 407 68564 287 2493
5395267 407 68564 287 2493
5395282 407 68564 287 2493
5395297 407 68564 287 2493
5395312 407 68564 287 2493
5395327 407 68564 287 2493
5395342 407 68564 287 2493
5395357 407 68564 287 2493
5395372 407 68564 287 2493
5395387 407 68564 287 2493
5395403 407 68564 287 2493
5395418 407 68564 287 2493
5395433 407 68564 287 2493
5395449 407 68564 287 2493
5395465 407 68564 287 2493
5395480 407 68564 287 2493
5395495 407 68564 287 2493
5395510 407 68564 287 2493
5395525 407 68564 287 2493
5395540 407 68564 287 2493
5395555 407 68564 287 2493
5395570 407 68564 287 2493
5395585 407 68564 287 2493
5395600 407 68564 287 2493
5395615 407 68564 287 2493
5395630 407 68564 287 2493
5395645 407 68564 287 2493
5395660 407 68564 287 2493
5395675 407 68564 287 2493
5395690 407 68564 287 2493
5395705 407 68564 287 2493
5395735 407 68564 287 2493
5395765 407 68564 287 2493
5395795 407 68564 287 2493
5395825 407 68564 287 2493
5395856 407 68564 287 2493
5395886 407 68564 287 2493
5395916 407 68564 287 2493
5395946 407 68564 287 2493
5395976 407 68564 287 2493
5396006 407 68564 287 2493
5396037 407 68564 287 2493
5396067 407 68564 287 2493
5396097 407 68564 287 2493
5396127 407 68564 287 2493
5396157 407 68564 287 2493
5396187 407 68564 287 2493
5396218 407 68564 287 2493
5396248 407 68564 287 2493
5396278 407 68564 287 2493
5396308 407 68564 287 2493
5396339 407 68564 287 2493
5396369 407 68564 287 2493
5396399 407 68564 287 2493
5396429 407 68564 287 2493
5396460 407 68564 287 2493
5396490 407 68564 287 2493
5396520 407 68564 287 2493
5396550 407 68564 287 2493
5396580 407 68564 287 2493
5396611 407 68564 287 2493
5396641 407 68564 287 2493
5396671 407 68564 287 2493
5396701 407 68564 287 2493
5396731 407 68564 287 2493
5396761 407 68564 287 2493
5396791 407 68564 287 2493
5396823 407 68564 287 2493
5396853 407 68564 287 2493
5396883 407 68564 287 2493
5396913 407 68564 287 2493
