# header: write what you want on lines starting with #
# Total ACTIVE Pulses, # breakdowns, amp_set, index (point on pulse / power curve) , pulse length
# the init of this file could be 1 0 500 0 3500, 2 0 500 0 3500, etc
102 0 1500 33 756
11003 0 4538 180 756
11306 0 4652 182 756
11712 0 4742 186 756
11794 0 3500 186 756
11998 0 3500 139 756
12200 0 3550 138 756
12411 0 3600 142 756
12617 0 3650 144 756
12820 0 3700 147 756
13029 0 3750 149 756
13342 0 3800 152 756
13651 0 3850 153 756
13963 0 3900 155 756
14271 0 3950 157 756
14578 0 4000 159 756
14881 0 4050 161 756
15183 0 4100 163 756
15488 0 4150 164 756
15790 0 4200 166 756
16095 0 4250 168 756
16397 0 4300 170 756
16703 0 4350 172 756
17008 0 4400 174 756
17313 0 4450 176 756
17623 0 4500 178 756
17928 0 4550 180 756
18238 0 4600 182 756
18649 0 4650 184 756
19052 0 4700 186 756
19459 0 4750 187 756
19864 0 4800 189 756
20270 0 4850 190 756
20671 0 4900 192 756
21082 0 4950 194 756
21491 0 5000 195 756
21902 0 5050 197 756
22304 0 5100 199 756
22712 0 5150 200 756
22965 0 5100 202 756
23050 0 5100 202 756
23135 0 5100 202 756
23215 0 5100 202 756
23298 0 5100 202 756
23382 0 5100 202 756
23468 0 5100 202 756
23550 0 5100 202 756
23633 0 5100 202 756
23715 0 5100 202 756
23801 0 5100 202 756
23882 0 5100 202 756
23967 0 5100 202 756
24050 0 5100 202 756
24133 0 5100 202 756
24214 0 5100 202 756
24297 0 5100 202 756
24378 0 5100 202 756
24465 0 5100 202 756
24547 0 5100 202 756
24632 0 5100 202 756
24714 0 5100 202 756
24794 0 5100 202 756
24876 0 5100 202 756
24958 0 5100 202 756
25038 0 5100 202 756
25121 0 5100 202 756
25208 0 5100 202 756
25291 0 5100 202 756
25375 0 5100 202 756
25458 0 5100 202 756
25539 0 5100 202 756
25624 0 5100 202 756
25707 0 5100 202 756
25792 0 5100 202 756
25875 0 5100 202 756
25960 0 5100 202 756
26043 0 5100 202 756
26125 0 5100 202 756
26208 0 5100 202 756
26289 0 5100 202 756
26370 0 5100 202 756
26451 0 5100 202 756
26534 0 5100 202 756
26618 0 5100 202 756
26699 0 5100 202 756
26780 0 5100 202 756
26863 0 5100 202 756
26946 0 5100 202 756
27027 0 5100 202 756
27111 0 5100 202 756
27192 0 5100 202 756
27279 0 5100 202 756
27362 0 5100 202 756
27447 0 5100 202 756
27530 0 5100 202 756
27613 0 5100 202 756
27697 0 5100 202 756
27783 0 5100 202 756
27865 0 5100 202 756
27948 0 5100 202 756
28031 0 5100 202 756
28119 0 5100 202 756
28203 0 5100 202 756
28285 0 5100 202 756
28369 0 5100 202 756
28452 0 5100 202 756
28535 0 5100 202 756
28626 0 5100 202 756
28708 0 5100 202 756
28788 0 5100 202 756
28877 0 5100 202 756
28961 0 5100 202 756
29053 0 5100 202 756
29137 0 5100 202 756
29220 0 5100 202 756
29303 0 5100 202 756
29384 0 5100 202 756
29468 0 5100 202 756
29551 0 5100 202 756
29637 0 5100 202 756
29719 0 5100 202 756
29799 0 5100 202 756
29882 0 5100 202 756
29965 0 5100 202 756
30050 0 5100 202 756
30130 0 5100 202 756
30212 0 5100 202 756
30295 0 5100 202 756
30383 0 5100 202 756
30469 0 5100 202 756
30551 0 5100 202 756
30633 0 5100 202 756
30716 0 5100 202 756
30797 0 5100 202 756
30879 0 5100 202 756
30965 0 5100 202 756
31045 0 5100 202 756
31127 0 5100 202 756
31210 0 5100 202 756
31301 0 5100 202 756
31382 0 5100 202 756
31464 0 5100 202 756
31546 0 5100 202 756
31636 0 5100 202 756
31720 0 5100 202 756
31804 0 5100 202 756
31891 0 5100 202 756
31974 0 5100 202 756
32055 0 5100 202 756
32138 0 5100 202 756
32223 0 5100 202 756
32305 0 5100 202 756
32387 0 5100 202 756
32470 0 5100 202 756
32557 0 5100 202 756
32640 0 5100 202 756
32727 0 5100 202 756
32812 0 5100 202 756
32895 0 5100 202 756
32984 0 5100 202 756
33070 0 5100 202 756
33153 0 5100 202 756
33237 0 5100 202 756
33320 0 5100 202 756
33411 0 5100 202 756
33491 0 5100 202 756
33578 0 5100 202 756
33661 0 5100 202 756
33745 0 5100 202 756
33828 0 5100 202 756
33909 0 5100 202 756
33990 0 5100 202 756
34074 0 5100 202 756
34157 0 5100 202 756
34240 0 5100 202 756
34322 0 5100 202 756
34407 0 5100 202 756
34492 0 5100 202 756
34576 0 5100 202 756
34658 0 5100 202 756
34741 0 5100 202 756
34823 0 5100 202 756
34909 0 5100 202 756
34992 0 5100 202 756
35074 0 5100 202 756
35159 0 5100 202 756
35250 0 5100 202 756
35332 0 5100 202 756
35415 0 5100 202 756
35497 0 5100 202 756
35581 0 5100 202 756
35663 0 5100 202 756
35749 0 5100 202 756
35838 0 5100 202 756
35921 0 5100 202 756
36003 0 5100 202 756
36085 0 5100 202 756
36166 0 5100 202 756
36251 0 5100 202 756
36333 0 5100 202 756
36417 0 5100 202 756
36503 0 5100 202 756
36584 0 5100 202 756
36664 0 5100 202 756
36749 0 5100 202 756
36833 0 5100 202 756
36913 0 5100 202 756
36996 0 5100 202 756
37079 0 5100 202 756
37164 0 5100 202 756
37249 0 5100 202 756
37338 0 5100 202 756
37418 0 5100 202 756
37498 0 5100 202 756
37579 0 5100 202 756
37662 0 5100 202 756
37746 0 5100 202 756
37826 0 5100 202 756
37907 0 5100 202 756
37994 0 5100 202 756
38074 0 5100 202 756
38161 0 5100 202 756
38241 0 5100 202 756
38323 0 5100 202 756
38410 0 5100 202 756
38490 0 5100 202 756
38574 0 5100 202 756
38656 0 5100 202 756
38748 0 5100 202 756
38829 0 5100 202 756
38915 0 5100 202 756
38995 0 5100 202 756
39081 0 5100 202 756
39164 0 5100 202 756
39245 0 5100 202 756
39328 0 5100 202 756
39412 0 5100 202 756
39496 0 5100 202 756
39577 0 5100 202 756
39663 0 5100 202 756
39750 0 5100 202 756
39835 0 5100 202 756
39915 0 5100 202 756
39998 0 5100 202 756
40082 0 5100 202 756
40164 0 5100 202 756
40248 0 5100 202 756
40332 0 5100 202 756
40419 0 5100 202 756
40506 0 5100 202 756
40588 0 5100 202 756
40671 0 5100 202 756
40755 0 5100 202 756
41165 0 5100 200 756
41574 0 5150 200 756
41980 0 5200 202 756
42387 0 5250 204 756
42790 0 5300 206 756
43195 0 5350 207 756
43697 0 5427 209 756
44198 0 5451 211 756
44702 0 5455 212 756
45207 0 5505 212 756
45709 0 5555 213 756
46220 0 5605 215 756
46725 0 5655 217 756
47230 0 5705 218 756
47737 0 5803 219 756
48242 0 5851 222 756
48743 0 5870 224 756
49252 0 5873 224 756
49758 0 5923 225 756
50266 0 5973 226 756
50768 0 6023 228 756
51170 0 6073 229 756
51778 0 6123 231 756
52384 0 6289 232 756
52984 0 6400 236 756
53588 0 6464 240 756
54188 0 6482 241 756
54799 0 6532 242 756
55404 0 6667 243 756
56113 0 6766 248 756
56821 0 6819 250 756
57524 0 6834 252 756
58227 0 6884 252 756
58937 0 6934 253 756
59639 0 7060 254 756
60349 0 7150 258 756
61055 0 7200 260 756
61864 0 7226 262 756
62670 0 7276 262 756
63478 0 7326 264 756
64282 0 7480 265 756
65082 0 7583 268 756
65885 0 7646 271 756
66688 0 7666 272 756
67488 0 7716 273 756
68393 0 7886 275 756
69298 0 7999 278 756
70198 0 8067 281 756
71101 0 8090 282 756
72003 0 8140 283 756
72909 0 8280 284 756
73913 0 8387 287 756
74915 0 8445 287 756
75921 0 8463 287 756
76924 0 8513 287 756
77928 0 8675 287 756
78931 0 8793 287 756
79938 0 8857 287 756
80944 0 8882 287 756
81951 0 8932 287 756
82958 0 9085 287 756
83959 0 9186 287 756
84962 0 9252 287 756
85970 0 9284 287 756
86974 0 9286 287 756
87980 0 9336 287 756
88983 0 9471 287 756
89991 0 9564 287 756
90999 0 9621 287 756
91999 0 9650 287 756
93003 0 9652 287 756
94018 0 9702 287 756
95030 0 9865 287 756
96033 0 9978 287 756
97036 0 10048 287 756
98037 0 10080 287 756
99045 0 10087 287 756
100047 0 10137 287 756
101049 0 10276 287 756
102053 0 10376 287 756
103054 0 10437 287 756
