# header: write what you want on lines starting with #
# Total ACTIVE Pulses, # breakdowns, amp_set, index (point on pulse / power curve) , pulse length
# the init of this file could be 1 0 500 0 3500, 2 0 500 0 3500, etc
1 0 500 0 3500
102 7 3675 0 2493
77860 8 20550 222 2493
84624 9 26850 291 2493
86956 10 27050 291 2493
88189 11 27050 0 2493
89804 12 28450 291 2493
90894 13 28450 291 2493
91987 14 28450 291 2493
98240 15 29450 291 2493
99172 16 29450 291 2493
100158 17 29450 291 2493
106672 18 36150 291 2493
106684 19 36150 291 2493
106697 20 36150 291 2493
106709 21 36150 291 2493
106722 22 36150 291 2493
106735 23 36150 291 2493
106748 24 36150 291 2493
106760 25 36150 291 2493
106772 26 36150 291 2493
106784 27 36150 291 2493
106796 28 36150 291 2493
106808 29 36150 291 2493
106820 30 36150 291 2493
106834 31 36150 291 2493
106846 32 36150 291 2493
106859 33 36150 291 2493
106871 34 36150 291 2493
106884 35 36150 291 2493
106897 36 36150 291 2493
3848819 286 39931 238 2493
4701474 341 40000 287 2493
4770142 342 45265 287 2493
4795011 343 48799 287 2493
4843634 344 54053 287 2493
4940712 345 61629 287 2493
4952722 346 64039 287 2493
4967192 347 65392 287 2493
4968498 348 65392 287 2493
5006008 355 67020 287 2493
5007182 356 67020 287 2493
5221406 395 67522 287 2493
5226754 396 67731 287 2493
5227268 397 67731 287 2493
5248241 399 67802 287 2493
5256327 400 67802 287 2493
5262168 401 67802 287 2493
5269222 402 67802 287 2493
5297152 403 67802 287 2493
5374880 403 68564 287 2493
5374910 403 68564 287 2493
5374941 403 68564 287 2493
5374972 403 68564 287 2493
5374988 403 68564 287 2493
5375003 403 68564 287 2493
5375018 403 68564 287 2493
5375033 403 68564 287 2493
5375048 403 68564 287 2493
5375063 403 68564 287 2493
5375078 403 68564 287 2493
5375093 403 68564 287 2493
5375108 403 68564 287 2493
5375123 403 68564 287 2493
5375138 403 68564 287 2493
5375154 403 68564 287 2493
5375169 403 68564 287 2493
5375185 403 68564 287 2493
5375200 403 68564 287 2493
5375215 403 68564 287 2493
5375230 403 68564 287 2493
5375245 403 68564 287 2493
5375260 403 68564 287 2493
5375275 403 68564 287 2493
5375290 403 68564 287 2493
5375305 403 68564 287 2493
5375321 403 68564 287 2493
5375336 403 68564 287 2493
5375351 403 68564 287 2493
5375366 403 68564 287 2493
5375381 403 68564 287 2493
5375397 403 68564 287 2493
5375412 403 68564 287 2493
5375427 403 68564 287 2493
5375442 403 68564 287 2493
5375457 403 68564 287 2493
5375472 403 68564 287 2493
5375487 403 68564 287 2493
5375502 403 68564 287 2493
5375517 403 68564 287 2493
5375532 403 68564 287 2493
5375547 403 68564 287 2493
5375562 403 68564 287 2493
5375577 403 68564 287 2493
5375593 403 68564 287 2493
5375608 403 68564 287 2493
5375624 403 68564 287 2493
5375639 403 68564 287 2493
5375654 403 68564 287 2493
5375685 403 68564 287 2493
5375715 403 68564 287 2493
5375745 403 68564 287 2493
5375777 403 68564 287 2493
5375807 403 68564 287 2493
5375837 403 68564 287 2493
5375868 403 68564 287 2493
5375898 403 68564 287 2493
5375929 403 68564 287 2493
5375959 403 68564 287 2493
5375990 403 68564 287 2493
5376021 403 68564 287 2493
5376051 403 68564 287 2493
5376082 403 68564 287 2493
5376112 403 68564 287 2493
5376142 403 68564 287 2493
5376173 403 68564 287 2493
5376204 403 68564 287 2493
5376234 403 68564 287 2493
5376265 403 68564 287 2493
5376295 403 68564 287 2493
5376325 403 68564 287 2493
5376356 403 68564 287 2493
5376386 403 68564 287 2493
5376417 403 68564 287 2493
5376447 403 68564 287 2493
5376462 403 68564 287 2493
5376477 403 68564 287 2493
5376492 403 68564 287 2493
5376507 403 68564 287 2493
5376522 403 68564 287 2493
5376537 403 68564 287 2493
5376552 403 68564 287 2493
5376567 403 68564 287 2493
5376582 403 68564 287 2493
5376597 403 68564 287 2493
5376612 403 68564 287 2493
5376627 403 68564 287 2493
5376642 403 68564 287 2493
5376657 403 68564 287 2493
5376672 403 68564 287 2493
5376687 403 68564 287 2493
5376702 403 68564 287 2493
5376718 403 68564 287 2493
5376733 403 68564 287 2493
5376748 403 68564 287 2493
5376767 403 68564 287 2493
5376782 403 68564 287 2493
5376797 403 68564 287 2493
5376812 403 68564 287 2493
5376827 403 68564 287 2493
5376842 403 68564 287 2493
5376857 403 68564 287 2493
5376872 403 68564 287 2493
5376887 403 68564 287 2493
5376902 403 68564 287 2493
5376917 403 68564 287 2493
5376932 403 68564 287 2493
5376947 403 68564 287 2493
5376962 403 68564 287 2493
5376977 403 68564 287 2493
5376992 403 68564 287 2493
5377007 403 68564 287 2493
5377022 403 68564 287 2493
5377037 403 68564 287 2493
5377052 403 68564 287 2493
5377067 403 68564 287 2493
5377082 403 68564 287 2493
5377098 403 68564 287 2493
5377113 403 68564 287 2493
5377128 403 68564 287 2493
5377143 403 68564 287 2493
5377158 403 68564 287 2493
5377173 403 68564 287 2493
5377188 403 68564 287 2493
5377204 403 68564 287 2493
5377219 403 68564 287 2493
5377234 403 68564 287 2493
5377249 403 68564 287 2493
5377264 403 68564 287 2493
5377279 403 68564 287 2493
5377294 403 68564 287 2493
5377309 403 68564 287 2493
5377324 403 68564 287 2493
5377339 403 68564 287 2493
5377354 403 68564 287 2493
5377369 403 68564 287 2493
5377384 403 68564 287 2493
5377399 403 68564 287 2493
5377414 403 68564 287 2493
5377430 403 68564 287 2493
5377445 403 68564 287 2493
5377460 403 68564 287 2493
5377475 403 68564 287 2493
5377490 403 68564 287 2493
5377505 403 68564 287 2493
5377520 403 68564 287 2493
5377536 403 68564 287 2493
5377552 403 68564 287 2493
5377567 403 68564 287 2493
5377582 403 68564 287 2493
5377597 403 68564 287 2493
5377612 403 68564 287 2493
5377628 403 68564 287 2493
5377643 403 68564 287 2493
5377659 403 68564 287 2493
5377674 403 68564 287 2493
5377689 403 68564 287 2493
5377704 403 68564 287 2493
5377719 403 68564 287 2493
5377734 403 68564 287 2493
5377749 403 68564 287 2493
5377764 403 68564 287 2493
5377779 403 68564 287 2493
5377794 403 68564 287 2493
5377809 403 68564 287 2493
5377824 403 68564 287 2493
5377840 403 68564 287 2493
5377855 403 68564 287 2493
5377871 403 68564 287 2493
5377902 403 68564 287 2493
5377932 403 68564 287 2493
5377963 403 68564 287 2493
5377994 403 68564 287 2493
5378025 403 68564 287 2493
5378056 403 68564 287 2493
5378086 403 68564 287 2493
5378117 403 68564 287 2493
5378148 403 68564 287 2493
5378178 403 68564 287 2493
5378209 403 68564 287 2493
5378240 403 68564 287 2493
5378270 403 68564 287 2493
5378302 403 68564 287 2493
5378332 403 68564 287 2493
5378363 403 68564 287 2493
5378393 403 68564 287 2493
5378424 403 68564 287 2493
5378455 403 68564 287 2493
5378486 403 68564 287 2493
5378517 403 68564 287 2493
5378548 403 68564 287 2493
5378578 403 68564 287 2493
5378609 403 68564 287 2493
5378640 403 68564 287 2493
5378671 403 68564 287 2493
5378701 403 68564 287 2493
5378732 403 68564 287 2493
5378763 403 68564 287 2493
5378794 403 68564 287 2493
5378824 403 68564 287 2493
5378855 403 68564 287 2493
5378886 403 68564 287 2493
5378916 403 68564 287 2493
