# header: write what you want on lines starting with #
# Total ACTIVE Pulses, # breakdowns, amp_set, index (point on pulse / power curve) , pulse length
# the init of this file could be 1 0 500 0 3500, 2 0 500 0 3500, etc
531 0 709 7 756
629927 1 19500 287 756
649134 2 19900 287 756
663617 3 19900 287 756
675254 4 19900 287 756
685220 5 19900 287 756
701197 6 19900 287 756
716534 7 19900 287 756
727172 8 19900 287 756
743893 9 20300 287 756
809136 10 22300 287 756
850907 11 23100 287 756
1311952 12 34700 287 756
1322395 13 34700 287 756
1345435 14 35100 287 756
1445388 16 35270 287 756
1500817 17 38300 287 756
1515290 18 38300 287 756
1527422 19 38300 287 756
1550025 20 38700 287 756
1565127 21 38700 287 756
1577229 22 38700 287 756
1589818 23 38700 287 756
1605748 24 38700 287 756
1618050 25 38700 287 756
1633214 26 38700 287 756
1648658 27 38700 287 756
1662460 28 38700 287 756
1675533 29 38700 287 756
1704498 30 38700 287 756
1717266 31 38700 287 756
1967674 32 45500 287 756
1993695 33 46300 287 756
2009915 34 46300 287 756
2109710 35 49100 287 756
2109778 37 49100 287 756
2109916 38 49100 287 756
2110042 40 49100 287 756
2153576 41 49500 287 756
2217174 42 49500 287 756
2217244 44 49500 287 756
2265819 45 49500 287 756
2265886 47 49500 287 756
2331968 48 51541 287 756
2332036 49 51541 287 756
2360661 50 52300 287 756
2360729 51 52300 287 756
2387038 53 53100 287 756
2387105 55 53100 287 756
2434285 56 53900 287 756
2455135 57 54300 287 756
2476035 58 54700 287 756
2496947 59 55100 287 756
2511098 60 55100 287 756
2525622 61 55100 287 756
2538407 62 55100 287 756
2944329 62 69000 287 756
2944265 62 69100 287 756
2944328 62 69100 287 756
2944392 62 69100 287 756
2944460 62 69100 287 756
2944525 62 69100 287 756
2944589 62 69100 287 756
2944657 62 69100 287 756
2944722 62 69100 287 756
2944787 62 69100 287 756
2944855 62 69100 287 756
2944915 62 69100 287 756
2944983 62 69100 287 756
2945049 62 69100 287 756
2945117 62 69100 287 756
2945184 62 69100 287 756
2945253 62 69100 287 756
2945321 62 69100 287 756
2945385 62 69100 287 756
2945458 62 69100 287 756
2945524 62 69100 287 756
2945586 62 69100 287 756
2945652 62 69100 287 756
2945720 62 69100 287 756
2945789 62 69100 287 756
2945850 62 69100 287 756
2945916 62 69100 287 756
2945986 62 69100 287 756
2946056 62 69100 287 756
2946119 62 69100 287 756
2946182 62 69100 287 756
2946245 62 69100 287 756
2946308 62 69100 287 756
2946369 62 69100 287 756
2946432 62 69100 287 756
2946494 62 69100 287 756
2946559 62 69100 287 756
2946629 62 69100 287 756
2946691 62 69100 287 756
2946758 62 69100 287 756
2946823 62 69100 287 756
2946884 62 69100 287 756
2946953 62 69100 287 756
2947021 62 69100 287 756
2947086 62 69100 287 756
2947150 62 69100 287 756
2947215 62 69100 287 756
2947278 62 69100 287 756
2947345 62 69100 287 756
2947405 62 69100 287 756
2947469 62 69100 287 756
2947534 62 69100 287 756
2947605 62 69100 287 756
2947666 62 69100 287 756
2947727 62 69100 287 756
2947790 62 69100 287 756
2947855 62 69100 287 756
2947922 62 69100 287 756
2947990 62 69100 287 756
2948057 62 69100 287 756
2948125 62 69100 287 756
2948186 62 69100 287 756
2948248 62 69100 287 756
2948308 62 69100 287 756
2948370 62 69100 287 756
2948439 62 69100 287 756
2948499 62 69100 287 756
2948561 62 69100 287 756
2948624 62 69100 287 756
2948684 62 69100 287 756
2948754 62 69100 287 756
2948818 62 69100 287 756
2948889 62 69100 287 756
2948959 62 69100 287 756
2949022 62 69100 287 756
2949086 62 69100 287 756
2949147 62 69100 287 756
2949214 62 69100 287 756
2949280 62 69100 287 756
2949344 62 69100 287 756
2949407 62 69100 287 756
2949469 62 69100 287 756
2949529 62 69100 287 756
2949590 62 69100 287 756
2949653 62 69100 287 756
2949723 62 69100 287 756
2949792 62 69100 287 756
2949853 62 69100 287 756
2949915 62 69100 287 756
2949975 62 69100 287 756
2950043 62 69100 287 756
2950107 62 69100 287 756
2950176 62 69100 287 756
2950236 62 69100 287 756
2950301 62 69100 287 756
2950367 62 69100 287 756
2950440 62 69100 287 756
2950506 62 69100 287 756
2950576 62 69100 287 756
2950646 62 69100 287 756
2950709 62 69100 287 756
2950775 62 69100 287 756
2950836 62 69100 287 756
2950897 62 69100 287 756
2950958 62 69100 287 756
2951020 62 69100 287 756
2951089 62 69100 287 756
2951155 62 69100 287 756
2951218 62 69100 287 756
2951279 62 69100 287 756
2951347 62 69100 287 756
2951407 62 69100 287 756
2951469 62 69100 287 756
2951529 62 69100 287 756
2951596 62 69100 287 756
2951659 62 69100 287 756
2951725 62 69100 287 756
2951785 62 69100 287 756
2951847 62 69100 287 756
2951908 62 69100 287 756
2951969 62 69100 287 756
2952031 62 69100 287 756
2952094 62 69100 287 756
2952154 62 69100 287 756
2952221 62 69100 287 756
2952282 62 69100 287 756
2952351 62 69100 287 756
2952412 62 69100 287 756
2952472 62 69100 287 756
2952534 62 69100 287 756
2952601 62 69100 287 756
2952665 62 69100 287 756
2952729 62 69100 287 756
2952798 62 69100 287 756
2952867 62 69100 287 756
2952931 62 69100 287 756
2952996 62 69100 287 756
2953063 62 69100 287 756
2953126 62 69100 287 756
2953193 62 69100 287 756
2953258 62 69100 287 756
2953326 62 69100 287 756
2953386 62 69100 287 756
2953451 62 69100 287 756
2953512 62 69100 287 756
2953573 62 69100 287 756
2953640 62 69100 287 756
2953708 62 69100 287 756
2953774 62 69100 287 756
2953838 62 69100 287 756
2953906 62 69100 287 756
2953970 62 69100 287 756
2954036 62 69100 287 756
2954101 62 69100 287 756
2954170 62 69100 287 756
2954231 62 69100 287 756
2954297 62 69100 287 756
2954361 62 69100 287 756
2954428 62 69100 287 756
2954488 62 69100 287 756
2954548 62 69100 287 756
2954617 62 69100 287 756
2954686 62 69100 287 756
2954747 62 69100 287 756
2954812 62 69100 287 756
2954872 62 69100 287 756
2954938 62 69100 287 756
2954998 62 69100 287 756
2955067 62 69100 287 756
2955130 62 69100 287 756
2955196 62 69100 287 756
2955260 62 69100 287 756
2955322 62 69100 287 756
2955383 62 69100 287 756
2955447 62 69100 287 756
2955510 62 69100 287 756
2955576 62 69100 287 756
2955637 62 69100 287 756
2955702 62 69100 287 756
2955772 62 69100 287 756
2955841 62 69100 287 756
2955902 62 69100 287 756
2955967 62 69100 287 756
2956034 62 69100 287 756
2956099 62 69100 287 756
2956163 62 69100 287 756
2956233 62 69100 287 756
2956299 62 69100 287 756
2956361 62 69100 287 756
2956424 62 69100 287 756
2956488 62 69100 287 756
2956557 62 69100 287 756
2956626 62 69100 287 756
2956694 62 69100 287 756
2956764 62 69100 287 756
2956831 62 69100 287 756
2956896 62 69100 287 756
2956962 62 69100 287 756
2957022 62 69100 287 756
2957245 62 69100 287 756
2957307 62 69100 287 756
2957376 62 69100 287 756
2957438 62 69100 287 756
2957510 62 69100 287 756
2957577 62 69100 287 756
2957644 62 69100 287 756
2957706 62 69100 287 756
2957767 62 69100 287 756
2957830 62 69100 287 756
2957893 62 69100 287 756
2957957 62 69100 287 756
2958020 62 69100 287 756
2958085 62 69100 287 756
2958146 62 69100 287 756
2958210 62 69100 287 756
2958276 62 69100 287 756
2958337 62 69100 287 756
2958406 62 69100 287 756
2958466 62 69100 287 756
2958527 62 69100 287 756
2958589 62 69100 287 756
2958654 62 69100 287 756
2958714 62 69100 287 756
2958775 62 69100 287 756
2958839 62 69100 287 756
2958900 62 69100 287 756
2958961 62 69100 287 756
2959025 62 69100 287 756
2959095 62 69100 287 756
2959155 62 69100 287 756
2959217 62 69100 287 756
2959278 62 69100 287 756
2959348 62 69100 287 756
2959410 62 69100 287 756
2959476 62 69100 287 756
2959547 62 69100 287 756
2959617 62 69100 287 756
2959684 62 69100 287 756
2959745 62 69100 287 756
2959816 62 69100 287 756
2959881 62 69100 287 756
2959943 62 69100 287 756
2960014 62 69100 287 756
2960074 62 69100 287 756
2960139 62 69100 287 756
2960206 62 69100 287 756
2960277 62 69100 287 756
2960346 62 69100 287 756
2960411 62 69100 287 756
2960473 62 69100 287 756
2960534 62 69100 287 756
2960599 62 69100 287 756
2960670 62 69100 287 756
2960731 62 69100 287 756
2960796 62 69100 287 756
2960856 62 69100 287 756
2960919 62 69100 287 756
2960984 62 69100 287 756
2960985 62 66500 287 756
