# header: write what you want on lines starting with #
# Total ACTIVE Pulses, # breakdowns, amp_set, index (point on pulse / power curve) , pulse length
# the init of this file could be 1 0 500 0 3500, 2 0 500 0 3500, etc
1 0 500 0 3500
102 7 3675 0 2493
77860 8 20550 222 2493
84624 9 26850 291 2493
86956 10 27050 291 2493
88189 11 27050 0 2493
89804 12 28450 291 2493
90894 13 28450 291 2493
91987 14 28450 291 2493
98240 15 29450 291 2493
99172 16 29450 291 2493
100158 17 29450 291 2493
106672 18 36150 291 2493
106684 19 36150 291 2493
106697 20 36150 291 2493
106709 21 36150 291 2493
106722 22 36150 291 2493
106735 23 36150 291 2493
106748 24 36150 291 2493
106760 25 36150 291 2493
106772 26 36150 291 2493
106784 27 36150 291 2493
106796 28 36150 291 2493
106808 29 36150 291 2493
106820 30 36150 291 2493
106834 31 36150 291 2493
106846 32 36150 291 2493
106859 33 36150 291 2493
106871 34 36150 291 2493
106884 35 36150 291 2493
106897 36 36150 291 2493
3848819 286 39931 238 2493
4701474 341 40000 287 2493
4770142 342 45265 287 2493
4795011 343 48799 287 2493
4843634 344 54053 287 2493
4940712 345 61629 287 2493
4952722 346 64039 287 2493
4967192 347 65392 287 2493
4968498 348 65392 287 2493
5006008 355 67020 287 2493
5007182 356 67020 287 2493
5012741 357 67724 287 2493
5018190 358 67724 287 2493
5021763 359 67724 287 2493
5024935 360 67724 287 2493
5041078 361 67724 287 2493
5042209 362 67724 287 2493
5042811 363 67724 287 2493
5043919 364 67724 287 2493
5049970 365 67724 287 2493
5050032 366 67724 287 2493
5050130 367 67724 287 2493
5050525 368 67724 287 2493
5051151 369 67724 287 2493
5052534 371 67724 287 2493
5062081 372 67724 287 2493
5062738 373 67724 287 2493
5063420 374 67724 287 2493
5065793 375 67724 287 2493
5097864 376 67724 287 2493
5105970 377 67724 287 2493
5110828 378 67724 287 2493
5139848 379 67724 287 2493
5140294 380 67724 287 2493
5194886 387 67724 287 2493
5202855 388 67724 287 2493
5204576 385 68009 287 2493
5204591 385 68009 287 2493
5204606 385 68009 287 2493
5204621 385 68009 287 2493
5204636 385 67607 287 2493
5204652 385 67607 287 2493
5204667 385 67607 287 2493
5204682 385 67607 287 2493
5204697 385 67607 287 2493
5204712 385 67607 287 2493
5204727 385 67607 287 2493
5204742 385 67607 287 2493
5204757 385 67607 287 2493
5204772 385 67607 287 2493
5204787 385 67607 287 2493
5204802 385 67607 287 2493
5204817 385 67607 287 2493
5204832 385 67607 287 2493
5204847 385 67607 287 2493
5204862 385 67607 287 2493
5204878 385 67607 287 2493
5204893 385 67607 287 2493
5204909 385 67607 287 2493
5204924 385 67607 287 2493
5204939 385 67607 287 2493
5204954 385 67607 287 2493
5204969 385 67607 287 2493
5204984 385 67607 287 2493
5204999 385 67607 287 2493
5205014 385 67607 287 2493
5205029 385 67607 287 2493
5205045 385 67607 287 2493
5205060 385 67607 287 2493
5205075 385 67607 287 2493
5205090 385 67607 287 2493
5205105 385 67607 287 2493
5205120 385 67607 287 2493
5205135 385 67607 287 2493
5205151 385 67607 287 2493
5205166 385 67607 287 2493
5205181 385 67607 287 2493
5205196 385 67607 287 2493
5205211 385 67607 287 2493
5205226 385 67607 287 2493
5205241 385 67607 287 2493
5205256 385 67607 287 2493
5205271 385 67607 287 2493
5205286 385 67607 287 2493
