# header: write what you want on lines starting with #
# Total ACTIVE Pulses, # breakdowns, amp_set, index (point on pulse / power curve) , pulse length
# the init of this file could be 1 0 500 0 3500, 2 0 500 0 3500, etc
531 0 709 7 756
629927 1 19500 287 756
649134 2 19900 287 756
663617 3 19900 287 756
675254 4 19900 287 756
685220 5 19900 287 756
701197 6 19900 287 756
716534 7 19900 287 756
727172 8 19900 287 756
743893 9 20300 287 756
809136 10 22300 287 756
850907 11 23100 287 756
1202874 11 32700 287 756
1202942 11 32700 287 756
1203002 11 32700 287 756
1203068 11 32700 287 756
1203131 11 32700 287 756
1203195 11 32700 287 756
1203255 11 32700 287 756
1203315 11 32700 287 756
1203383 11 32700 287 756
1203446 11 32700 287 756
1203515 11 32700 287 756
1203581 11 32700 287 756
1203649 11 32700 287 756
1203711 11 32700 287 756
1203775 11 32700 287 756
1203836 11 32700 287 756
1203896 11 32700 287 756
1203965 11 32700 287 756
1204028 11 32700 287 756
1204088 11 32700 287 756
1204156 11 32700 287 756
1204217 11 32700 287 756
1204277 11 32700 287 756
1204344 11 32700 287 756
1204405 11 32700 287 756
1204470 11 32700 287 756
1204535 11 32700 287 756
1204597 11 32700 287 756
1204666 11 32700 287 756
1204731 11 32700 287 756
1204794 11 32700 287 756
1204863 11 32700 287 756
1204925 11 32700 287 756
1204989 11 32700 287 756
1205050 11 32700 287 756
1205114 11 32700 287 756
1205174 11 32700 287 756
1205234 11 32700 287 756
1205301 11 32700 287 756
1205363 11 32700 287 756
1205424 11 32700 287 756
1205491 11 32700 287 756
1205554 11 32700 287 756
1205614 11 32700 287 756
1205679 11 32700 287 756
1205743 11 32700 287 756
1205805 11 32700 287 756
1205869 11 32700 287 756
1205937 11 32700 287 756
1205997 11 32700 287 756
1206062 11 32700 287 756
1206123 11 32700 287 756
1206194 11 32700 287 756
1206257 11 32700 287 756
1206318 11 32700 287 756
1206384 11 32700 287 756
1206449 11 32700 287 756
1206509 11 32700 287 756
1206569 11 32700 287 756
1206636 11 32700 287 756
1206703 11 32700 287 756
1206770 11 32700 287 756
1206833 11 32700 287 756
1206899 11 32700 287 756
1206960 11 32700 287 756
1207020 11 32700 287 756
1207086 11 32700 287 756
1207148 11 32700 287 756
1207208 11 32700 287 756
1207274 11 32700 287 756
1207337 11 32700 287 756
1207397 11 32700 287 756
1207464 11 32700 287 756
1207526 11 32700 287 756
1207588 11 32700 287 756
1207655 11 32700 287 756
1207715 11 32700 287 756
1207785 11 32700 287 756
1207850 11 32700 287 756
1207912 11 32700 287 756
1207973 11 32700 287 756
1208037 11 32700 287 756
1208107 11 32700 287 756
1208178 11 32700 287 756
1208240 11 32700 287 756
1208303 11 32700 287 756
1208364 11 32700 287 756
1208427 11 32700 287 756
1208487 11 32700 287 756
1208550 11 32700 287 756
1208615 11 32700 287 756
1208676 11 32700 287 756
1208736 11 32700 287 756
1208802 11 32700 287 756
1208863 11 32700 287 756
1208923 11 32700 287 756
1208988 11 32700 287 756
1209049 11 32700 287 756
1209120 11 32700 287 756
1209190 11 32700 287 756
1209258 11 32700 287 756
1209326 11 32700 287 756
1209395 11 32700 287 756
1209456 11 32700 287 756
1209521 11 32700 287 756
1209581 11 32700 287 756
1209643 11 32700 287 756
1209703 11 32700 287 756
1209766 11 32700 287 756
1209829 11 32700 287 756
1209893 11 32700 287 756
1209956 11 32700 287 756
1210018 11 32700 287 756
1210083 11 32700 287 756
1210145 11 32700 287 756
1210210 11 32700 287 756
1210272 11 32700 287 756
1210334 11 32700 287 756
1210397 11 32700 287 756
1210460 11 32700 287 756
1210521 11 32700 287 756
1210586 11 32700 287 756
1210647 11 32700 287 756
1210709 11 32700 287 756
1210776 11 32700 287 756
1210836 11 32700 287 756
1210898 11 32700 287 756
1210963 11 32700 287 756
1211026 11 32700 287 756
1211087 11 32700 287 756
1211154 11 32700 287 756
1211215 11 32700 287 756
1211285 11 32700 287 756
1211350 11 32700 287 756
1211420 11 32700 287 756
1211480 11 32700 287 756
1211550 11 32700 287 756
1211616 11 32700 287 756
1211684 11 32700 287 756
1211747 11 32700 287 756
1211816 11 32700 287 756
1211886 11 32700 287 756
1211947 11 32700 287 756
1212011 11 32700 287 756
1212075 11 32700 287 756
1212138 11 32700 287 756
1212201 11 32700 287 756
1212262 11 32700 287 756
1212322 11 32700 287 756
1212387 11 32700 287 756
1212449 11 32700 287 756
1212512 11 32700 287 756
1212577 11 32700 287 756
1212637 11 32700 287 756
1212697 11 32700 287 756
1212762 11 32700 287 756
1212824 11 32700 287 756
1212885 11 32700 287 756
1212951 11 32700 287 756
1213013 11 32700 287 756
1213073 11 32700 287 756
1213139 11 32700 287 756
1213200 11 32700 287 756
1213261 11 32700 287 756
1213326 11 32700 287 756
1213389 11 32700 287 756
1213454 11 32700 287 756
1213518 11 32700 287 756
1213580 11 32700 287 756
1213640 11 32700 287 756
1213706 11 32700 287 756
1213768 11 32700 287 756
1213836 11 32700 287 756
1213901 11 32700 287 756
1213962 11 32700 287 756
1214022 11 32700 287 756
1214088 11 32700 287 756
1214151 11 32700 287 756
1214221 11 32700 287 756
1214287 11 32700 287 756
1214356 11 32700 287 756
1214419 11 32700 287 756
1214480 11 32700 287 756
1214546 11 32700 287 756
1214606 11 32700 287 756
1214671 11 32700 287 756
1214732 11 32700 287 756
1214798 11 32700 287 756
1214858 11 32700 287 756
1214925 11 32700 287 756
1214995 11 32700 287 756
1215058 11 32700 287 756
1215123 11 32700 287 756
1216130 11 32700 287 756
1217134 11 32750 287 756
1218140 11 32800 287 756
1219147 11 32850 287 756
1220155 11 32900 287 756
1221163 11 32950 287 756
1222164 11 33010 287 756
1223166 11 33079 287 756
1224170 11 33134 287 756
1225174 11 33201 287 756
1226185 11 33275 287 756
1227188 11 33339 287 756
1228197 11 33362 287 756
1229204 11 33381 287 756
1230213 11 33405 287 756
1231217 11 33432 287 756
1232225 11 33453 287 756
1233231 11 33479 287 756
1234238 11 33505 287 756
1235248 11 33509 287 756
1236254 11 33518 287 756
1237257 11 33522 287 756
1238258 11 33525 287 756
1239262 11 33529 287 756
1240265 11 33532 287 756
1241272 11 33540 287 756
1242273 11 33549 287 756
1243273 11 33558 287 756
1244274 11 33570 287 756
1245279 11 33585 287 756
1246282 11 33597 287 756
1247287 11 33617 287 756
1248289 11 33635 287 756
1249294 11 33657 287 756
1250294 11 33675 287 756
1251299 11 33690 287 756
1252299 11 33710 287 756
1253305 11 33733 287 756
1254311 11 33756 287 756
1255312 11 33784 287 756
1256317 11 33812 287 756
1257323 11 33838 287 756
1258327 11 33862 287 756
1259255 11 33900 287 756
1259317 11 33900 287 756
1259377 11 33900 287 756
1259439 11 33900 287 756
1259500 11 33900 287 756
1259561 11 33900 287 756
1259625 11 33900 287 756
1259685 11 33900 287 756
1259752 11 33900 287 756
1259817 11 33900 287 756
1259877 11 33900 287 756
1259938 11 33900 287 756
1260003 11 33900 287 756
1260074 11 33900 287 756
1260143 11 33900 287 756
1260210 11 33900 287 756
1260280 11 33900 287 756
1260350 11 33900 287 756
1260420 11 33900 287 756
1260485 11 33900 287 756
1260547 11 33900 287 756
1260608 11 33900 287 756
1260674 11 33900 287 756
1260736 11 33900 287 756
1260799 11 33900 287 756
1260868 11 33900 287 756
1260935 11 33900 287 756
1260995 11 33900 287 756
1261065 11 33900 287 756
1261130 11 33900 287 756
1261190 11 33900 287 756
1261254 11 33900 287 756
1261315 11 33900 287 756
1261383 11 33900 287 756
1261444 11 33900 287 756
1261514 11 33900 287 756
1261579 11 33900 287 756
1261643 11 33900 287 756
1261703 11 33900 287 756
1261769 11 33900 287 756
1261829 11 33900 287 756
1261897 11 33900 287 756
1261963 11 33900 287 756
1262032 11 33900 287 756
1262095 11 33900 287 756
1262155 11 33900 287 756
1262218 11 33900 287 756
1262280 11 33900 287 756
1262343 11 33900 287 756
1262406 11 33900 287 756
1262469 11 33900 287 756
1262534 11 33900 287 756
1262597 11 33900 287 756
1262660 11 33900 287 756
1262724 11 33900 287 756
1262785 11 33900 287 756
1262849 11 33900 287 756
1262914 11 33900 287 756
1262974 11 33900 287 756
1263036 11 33900 287 756
1263103 11 33900 287 756
1263175 11 33900 287 756
1263236 11 33900 287 756
1263299 11 33900 287 756
1263364 11 33900 287 756
1263424 11 33900 287 756
1263487 11 33900 287 756
1263549 11 33900 287 756
1263615 11 33900 287 756
1263679 11 33900 287 756
1263742 11 33900 287 756
1263815 11 33900 287 756
1263883 11 33900 287 756
1263949 11 33900 287 756
1264012 11 33900 287 756
1264074 11 33900 287 756
1264139 11 33900 287 756
1264202 11 33900 287 756
1264271 11 33900 287 756
1264336 11 33900 287 756
1264398 11 33900 287 756
1264459 11 33900 287 756
1264524 11 33900 287 756
1264585 11 33900 287 756
1264649 11 33900 287 756
1264714 11 33900 287 756
1264774 11 33900 287 756
1264834 11 33900 287 756
1264900 11 33900 287 756
1264960 11 33900 287 756
1265029 11 33900 287 756
1265094 11 33900 287 756
1265156 11 33900 287 756
1265218 11 33900 287 756
1265284 11 33900 287 756
1265345 11 33900 287 756
1265413 11 33900 287 756
1265473 11 33900 287 756
1265539 11 33900 287 756
1265609 11 33900 287 756
1265680 11 33900 287 756
1265747 11 33900 287 756
1265810 11 33900 287 756
1265872 11 33900 287 756
1265937 11 33900 287 756
1265998 11 33900 287 756
1266060 11 33900 287 756
1266126 11 33900 287 756
1266186 11 33900 287 756
1266257 11 33900 287 756
1266321 11 33900 287 756
1266383 11 33900 287 756
1266444 11 33900 287 756
1266511 11 33900 287 756
1266571 11 33900 287 756
1266632 11 33900 287 756
1266698 11 33900 287 756
1266759 11 33900 287 756
1266819 11 33900 287 756
1266883 11 33900 287 756
1266944 11 33900 287 756
1267006 11 33900 287 756
1267071 11 33900 287 756
1267131 11 33900 287 756
1267191 11 33900 287 756
1267255 11 33900 287 756
1267325 11 33900 287 756
1267387 11 33900 287 756
1267456 11 33900 287 756
1267522 11 33900 287 756
1267586 11 33900 287 756
1267647 11 33900 287 756
1267712 11 33900 287 756
1267773 11 33900 287 756
1267843 11 33900 287 756
1267908 11 33900 287 756
1267970 11 33900 287 756
1268032 11 33900 287 756
1268099 11 33900 287 756
1268160 11 33900 287 756
1268220 11 33900 287 756
1268285 11 33900 287 756
1268354 11 33900 287 756
1268416 11 33900 287 756
1268480 11 33900 287 756
1268542 11 33900 287 756
1268604 11 33900 287 756
1268671 11 33900 287 756
1268731 11 33900 287 756
1268801 11 33900 287 756
1268870 11 33900 287 756
1268935 11 33900 287 756
1268995 11 33900 287 756
1269055 11 33900 287 756
1269119 11 33900 287 756
1269182 11 33900 287 756
1269243 11 33900 287 756
1269307 11 33900 287 756
1269369 11 33900 287 756
1269431 11 33900 287 756
1269497 11 33900 287 756
1269558 11 33900 287 756
1269618 11 33900 287 756
1269684 11 33900 287 756
1269744 11 33900 287 756
1269805 11 33900 287 756
1269868 11 33900 287 756
1269928 11 33900 287 756
1269991 11 33900 287 756
1270051 11 33900 287 756
1270111 11 33900 287 756
1270177 11 33900 287 756
1270239 11 33900 287 756
1270299 11 33900 287 756
1270364 11 33900 287 756
1270435 11 33900 287 756
1270497 11 33900 287 756
1270559 11 33900 287 756
1270621 11 33900 287 756
1270681 11 33900 287 756
1270747 11 33900 287 756
1270808 11 33900 287 756
1270870 11 33900 287 756
1270935 11 33900 287 756
1271005 11 33900 287 756
1271065 11 33900 287 756
1272067 11 33900 287 756
1273076 11 33915 287 756
1274076 11 33928 287 756
1275080 11 33939 287 756
1276080 11 33947 287 756
1277085 11 33953 287 756
1278085 11 33958 287 756
1279087 11 33963 287 756
1280092 11 33970 287 756
1281092 11 33972 287 756
1282099 11 34022 287 756
1283104 11 34028 287 756
1284111 11 34033 287 756
1285112 11 34034 287 756
1286113 11 34084 287 756
1287116 11 34134 287 756
1287481 11 34300 287 756
1287544 11 34300 287 756
1287609 11 34300 287 756
1287677 11 34300 287 756
1287814 11 34300 287 756
1287875 11 34300 287 756
1287996 11 34300 287 756
1288058 11 34300 287 756
1288123 11 34300 287 756
1288184 11 34300 287 756
1288279 11 34300 287 756
1288341 11 34300 287 756
1288406 11 34300 287 756
1288467 11 34300 287 756
1288533 11 34300 287 756
1288595 11 34300 287 756
1288657 11 34300 287 756
1288726 11 34300 287 756
1288786 11 34300 287 756
1288848 11 34300 287 756
1288914 11 34300 287 756
1288974 11 34300 287 756
1289037 11 34300 287 756
1289137 11 34300 287 756
1289202 11 34300 287 756
1289262 11 34300 287 756
1289327 11 34300 287 756
1289391 11 34300 287 756
1289452 11 34300 287 756
1289512 11 34300 287 756
1289579 11 34300 287 756
1289641 11 34300 287 756
1289712 11 34300 287 756
1289778 11 34300 287 756
1289849 11 34300 287 756
1289910 11 34300 287 756
1289970 11 34300 287 756
1290032 11 34300 287 756
1290124 11 34300 287 756
1290192 11 34300 287 756
1290256 11 34300 287 756
1290317 11 34300 287 756
1290379 11 34300 287 756
1290444 11 34300 287 756
1290505 11 34300 287 756
1290576 11 34300 287 756
1290640 11 34300 287 756
1290703 11 34300 287 756
1290765 11 34300 287 756
1290830 11 34300 287 756
1290902 11 34300 287 756
1290964 11 34300 287 756
1291031 11 34300 287 756
1291091 11 34300 287 756
1291152 11 34300 287 756
1291218 11 34300 287 756
1291288 11 34300 287 756
1291358 11 34300 287 756
1291425 11 34300 287 756
1291485 11 34300 287 756
1291551 11 34300 287 756
1291716 11 34300 287 756
1291776 11 34300 287 756
1291892 11 34300 287 756
1291954 11 34300 287 756
1292022 11 34300 287 756
1292083 11 34300 287 756
1292150 11 34300 287 756
1292216 11 34300 287 756
1292276 11 34300 287 756
1292337 11 34300 287 756
1292402 11 34300 287 756
1292464 11 34300 287 756
1292532 11 34300 287 756
1292598 11 34300 287 756
1292660 11 34300 287 756
1292721 11 34300 287 756
1292787 11 34300 287 756
1292848 11 34300 287 756
1292918 11 34300 287 756
1292981 11 34300 287 756
1293046 11 34300 287 756
1293106 11 34300 287 756
1293170 11 34300 287 756
1293234 11 34300 287 756
1293296 11 34300 287 756
1293359 11 34300 287 756
1293422 11 34300 287 756
1293492 11 34300 287 756
1293561 11 34300 287 756
1293628 11 34300 287 756
1293688 11 34300 287 756
1293749 11 34300 287 756
1293813 11 34300 287 756
1293876 11 34300 287 756
1293937 11 34300 287 756
1294002 11 34300 287 756
1294063 11 34300 287 756
1294133 11 34300 287 756
1294197 11 34300 287 756
1294261 11 34300 287 756
1294321 11 34300 287 756
1294387 11 34300 287 756
1294456 11 34300 287 756
1294517 11 34300 287 756
1294583 11 34300 287 756
1294644 11 34300 287 756
1294711 11 34300 287 756
1294774 11 34300 287 756
1294838 11 34300 287 756
1294899 11 34300 287 756
1294964 11 34300 287 756
1295024 11 34300 287 756
1295092 11 34300 287 756
1295154 11 34300 287 756
1295218 11 34300 287 756
1295286 11 34300 287 756
1295348 11 34300 287 756
1295419 11 34300 287 756
1295484 11 34300 287 756
1295546 11 34300 287 756
1295606 11 34300 287 756
1295671 11 34300 287 756
1295733 11 34300 287 756
1295793 11 34300 287 756
1295859 11 34300 287 756
1295921 11 34300 287 756
1295983 11 34300 287 756
1296050 11 34300 287 756
1296112 11 34300 287 756
1296182 11 34300 287 756
1296245 11 34300 287 756
1296307 11 34300 287 756
1296367 11 34300 287 756
1296427 11 34300 287 756
1296490 11 34300 287 756
1296554 11 34300 287 756
1296624 11 34300 287 756
1296689 11 34300 287 756
1296750 11 34300 287 756
1296812 11 34300 287 756
1296880 11 34300 287 756
1296951 11 34300 287 756
1297011 11 34300 287 756
1297076 11 34300 287 756
1297143 11 34300 287 756
1297203 11 34300 287 756
1297274 11 34300 287 756
1297344 11 34300 287 756
1297410 11 34300 287 756
1297471 11 34300 287 756
1297540 11 34300 287 756
1297605 11 34300 287 756
1297669 11 34300 287 756
1297733 11 34300 287 756
1297802 11 34300 287 756
1297869 11 34300 287 756
1297930 11 34300 287 756
1297990 11 34300 287 756
1298057 11 34300 287 756
1298118 11 34300 287 756
1298189 11 34300 287 756
1298254 11 34300 287 756
1298314 11 34300 287 756
1298374 11 34300 287 756
1298439 11 34300 287 756
1298510 11 34300 287 756
1298570 11 34300 287 756
1298635 11 34300 287 756
1298704 11 34300 287 756
1298764 11 34300 287 756
1298825 11 34300 287 756
1298890 11 34300 287 756
1298960 11 34300 287 756
1299021 11 34300 287 756
1299086 11 34300 287 756
1299150 11 34300 287 756
1299211 11 34300 287 756
1300216 11 34300 287 756
1301218 11 34350 287 756
1302221 11 34400 287 756
1303221 11 34450 287 756
1304227 11 34500 287 756
1305228 11 34550 287 756
1306237 11 34600 287 756
1307245 11 34650 287 756
1308256 11 34700 287 756
1309259 11 34750 287 756
1310260 11 34800 287 756
1311261 11 34850 287 756
1311952 12 34700 287 756
1312015 12 34700 287 756
1312083 12 34700 287 756
1312150 12 34700 287 756
1312210 12 34700 287 756
1312281 12 34700 287 756
1312346 12 34700 287 756
1312416 12 34700 287 756
1312477 12 34700 287 756
1312538 12 34700 287 756
1312604 12 34700 287 756
1312664 12 34700 287 756
1312732 12 34700 287 756
1312799 12 34700 287 756
1312860 12 34700 287 756
1312930 12 34700 287 756
1312996 12 34700 287 756
1313057 12 34700 287 756
1313119 12 34700 287 756
1313185 12 34700 287 756
1313257 12 34700 287 756
1313319 12 34700 287 756
1313379 12 34700 287 756
1313445 12 34700 287 756
1313506 12 34700 287 756
1313570 12 34700 287 756
1313632 12 34700 287 756
1313692 12 34700 287 756
1313759 12 34700 287 756
1313820 12 34700 287 756
1313889 12 34700 287 756
1313960 12 34700 287 756
1314027 12 34700 287 756
1314087 12 34700 287 756
1314157 12 34700 287 756
1314224 12 34700 287 756
1314285 12 34700 287 756
1314345 12 34700 287 756
1314409 12 34700 287 756
1314469 12 34700 287 756
1314530 12 34700 287 756
1314595 12 34700 287 756
1314655 12 34700 287 756
1314727 12 34700 287 756
1314792 12 34700 287 756
1314853 12 34700 287 756
1314915 12 34700 287 756
1314980 12 34700 287 756
1315040 12 34700 287 756
1315101 12 34700 287 756
1315166 12 34700 287 756
1315226 12 34700 287 756
1315287 12 34700 287 756
1315353 12 34700 287 756
1315415 12 34700 287 756
1315475 12 34700 287 756
1315541 12 34700 287 756
1315611 12 34700 287 756
1315672 12 34700 287 756
1315738 12 34700 287 756
1315799 12 34700 287 756
1315860 12 34700 287 756
1315927 12 34700 287 756
1315997 12 34700 287 756
1316057 12 34700 287 756
1316117 12 34700 287 756
1316183 12 34700 287 756
1316245 12 34700 287 756
1316316 12 34700 287 756
1316381 12 34700 287 756
1316443 12 34700 287 756
1316505 12 34700 287 756
1316569 12 34700 287 756
1316639 12 34700 287 756
1316708 12 34700 287 756
1316775 12 34700 287 756
1316835 12 34700 287 756
1316897 12 34700 287 756
1316963 12 34700 287 756
1317023 12 34700 287 756
1317084 12 34700 287 756
1317148 12 34700 287 756
1317212 12 34700 287 756
1317272 12 34700 287 756
1317337 12 34700 287 756
1317400 12 34700 287 756
1317463 12 34700 287 756
1317530 12 34700 287 756
1317592 12 34700 287 756
1317653 12 34700 287 756
1317720 12 34700 287 756
1317781 12 34700 287 756
1317851 12 34700 287 756
1317917 12 34700 287 756
1317987 12 34700 287 756
1318047 12 34700 287 756
1318109 12 34700 287 756
1318174 12 34700 287 756
1318234 12 34700 287 756
1318299 12 34700 287 756
1318359 12 34700 287 756
1318420 12 34700 287 756
1318486 12 34700 287 756
1318556 12 34700 287 756
1318627 12 34700 287 756
1318688 12 34700 287 756
1318751 12 34700 287 756
1318812 12 34700 287 756
1318873 12 34700 287 756
1318940 12 34700 287 756
1319002 12 34700 287 756
1319068 12 34700 287 756
1319135 12 34700 287 756
1319196 12 34700 287 756
1319258 12 34700 287 756
1319323 12 34700 287 756
1319394 12 34700 287 756
1319454 12 34700 287 756
1319519 12 34700 287 756
1319580 12 34700 287 756
1319640 12 34700 287 756
1319705 12 34700 287 756
1319765 12 34700 287 756
1319826 12 34700 287 756
1319892 12 34700 287 756
1319952 12 34700 287 756
1320012 12 34700 287 756
1320079 12 34700 287 756
1320140 12 34700 287 756
1320200 12 34700 287 756
1320267 12 34700 287 756
1320327 12 34700 287 756
1320397 12 34700 287 756
1320462 12 34700 287 756
1320523 12 34700 287 756
1320584 12 34700 287 756
1320651 12 34700 287 756
1320721 12 34700 287 756
1320783 12 34700 287 756
1320847 12 34700 287 756
1320908 12 34700 287 756
1320971 12 34700 287 756
1321036 12 34700 287 756
1321097 12 34700 287 756
1321159 12 34700 287 756
1321225 12 34700 287 756
1321287 12 34700 287 756
1321347 12 34700 287 756
1321414 12 34700 287 756
1321474 12 34700 287 756
1321543 12 34700 287 756
1321609 12 34700 287 756
1321669 12 34700 287 756
1321741 12 34700 287 756
1321805 12 34700 287 756
1321867 12 34700 287 756
1321929 12 34700 287 756
1321994 12 34700 287 756
1322054 12 34700 287 756
1322114 12 34700 287 756
1322180 12 34700 287 756
1322240 12 34700 287 756
1322301 12 34700 287 756
1322395 13 34700 287 756
1322462 13 34700 287 756
1322526 13 34700 287 756
1322586 13 34700 287 756
1322651 13 34700 287 756
1322711 13 34700 287 756
1322773 13 34700 287 756
1322839 13 34700 287 756
1322900 13 34700 287 756
1322970 13 34700 287 756
1323035 13 34700 287 756
1323097 13 34700 287 756
1323160 13 34700 287 756
1323225 13 34700 287 756
1323294 13 34700 287 756
1323356 13 34700 287 756
1323417 13 34700 287 756
1323483 13 34700 287 756
1323543 13 34700 287 756
1323607 13 34700 287 756
1323674 13 34700 287 756
1323736 13 34700 287 756
1323799 13 34700 287 756
1323865 13 34700 287 756
1323925 13 34700 287 756
1323990 13 34700 287 756
1324051 13 34700 287 756
1324112 13 34700 287 756
1324179 13 34700 287 756
1324240 13 34700 287 756
1324303 13 34700 287 756
1324369 13 34700 287 756
1324430 13 34700 287 756
1324492 13 34700 287 756
1324556 13 34700 287 756
1324619 13 34700 287 756
1324681 13 34700 287 756
1324747 13 34700 287 756
1324810 13 34700 287 756
1324881 13 34700 287 756
1324950 13 34700 287 756
1325015 13 34700 287 756
1325086 13 34700 287 756
1325155 13 34700 287 756
1325217 13 34700 287 756
1325282 13 34700 287 756
1325353 13 34700 287 756
1325414 13 34700 287 756
1325475 13 34700 287 756
1325538 13 34700 287 756
1325598 13 34700 287 756
1325667 13 34700 287 756
1325728 13 34700 287 756
1325799 13 34700 287 756
1325864 13 34700 287 756
1325925 13 34700 287 756
1325987 13 34700 287 756
1326054 13 34700 287 756
1326114 13 34700 287 756
1326184 13 34700 287 756
1326245 13 34700 287 756
1326306 13 34700 287 756
1326367 13 34700 287 756
1326434 13 34700 287 756
1326495 13 34700 287 756
1326557 13 34700 287 756
1326624 13 34700 287 756
1326686 13 34700 287 756
1326751 13 34700 287 756
1326816 13 34700 287 756
1326876 13 34700 287 756
1326945 13 34700 287 756
1327010 13 34700 287 756
1327071 13 34700 287 756
1327133 13 34700 287 756
1327200 13 34700 287 756
1327262 13 34700 287 756
1327324 13 34700 287 756
1327389 13 34700 287 756
1327458 13 34700 287 756
1327521 13 34700 287 756
1327583 13 34700 287 756
1327647 13 34700 287 756
1327709 13 34700 287 756
1327772 13 34700 287 756
1327837 13 34700 287 756
1327898 13 34700 287 756
1327960 13 34700 287 756
1328026 13 34700 287 756
1328095 13 34700 287 756
1328157 13 34700 287 756
1328222 13 34700 287 756
1328283 13 34700 287 756
1328343 13 34700 287 756
1328410 13 34700 287 756
1328471 13 34700 287 756
1328532 13 34700 287 756
1328599 13 34700 287 756
1328660 13 34700 287 756
1328724 13 34700 287 756
1328788 13 34700 287 756
1328849 13 34700 287 756
1328911 13 34700 287 756
1328978 13 34700 287 756
1329039 13 34700 287 756
1329100 13 34700 287 756
1329167 13 34700 287 756
1329229 13 34700 287 756
1329291 13 34700 287 756
1329357 13 34700 287 756
1329420 13 34700 287 756
1329480 13 34700 287 756
1329546 13 34700 287 756
1329617 13 34700 287 756
1329679 13 34700 287 756
1329743 13 34700 287 756
1329807 13 34700 287 756
1329870 13 34700 287 756
1329935 13 34700 287 756
1329996 13 34700 287 756
1330067 13 34700 287 756
1330133 13 34700 287 756
1330194 13 34700 287 756
1330256 13 34700 287 756
1330324 13 34700 287 756
1330387 13 34700 287 756
1330459 13 34700 287 756
1330522 13 34700 287 756
1330584 13 34700 287 756
1330646 13 34700 287 756
1330710 13 34700 287 756
1330770 13 34700 287 756
1330833 13 34700 287 756
1330899 13 34700 287 756
1330960 13 34700 287 756
1331022 13 34700 287 756
1331086 13 34700 287 756
1331147 13 34700 287 756
1331211 13 34700 287 756
1331277 13 34700 287 756
1331340 13 34700 287 756
1331401 13 34700 287 756
1331468 13 34700 287 756
1331538 13 34700 287 756
1331600 13 34700 287 756
1331663 13 34700 287 756
1331731 13 34700 287 756
1331792 13 34700 287 756
1331854 13 34700 287 756
1331919 13 34700 287 756
1331979 13 34700 287 756
1332042 13 34700 287 756
1332107 13 34700 287 756
1332169 13 34700 287 756
1332233 13 34700 287 756
1332294 13 34700 287 756
1332355 13 34700 287 756
1332421 13 34700 287 756
1332483 13 34700 287 756
1332554 13 34700 287 756
1332624 13 34700 287 756
1332691 13 34700 287 756
1332764 13 34700 287 756
1332824 13 34700 287 756
1332892 13 34700 287 756
1332963 13 34700 287 756
1333033 13 34700 287 756
1333095 13 34700 287 756
1333160 13 34700 287 756
1333224 13 34700 287 756
1333294 13 34700 287 756
1333358 13 34700 287 756
1334368 13 34700 287 756
1335376 13 34750 287 756
1336382 13 34800 287 756
1337385 13 34850 287 756
1338387 13 34900 287 756
1339387 13 34950 287 756
1340388 13 35000 287 756
1341393 13 35050 287 756
1342400 13 35100 287 756
1343410 13 35150 287 756
1344416 13 35200 287 756
1345435 14 35100 287 756
1345496 14 35100 287 756
1345567 14 35100 287 756
1345631 14 35100 287 756
1345691 14 35100 287 756
1345753 14 35100 287 756
1345818 14 35100 287 756
1345879 14 35100 287 756
1345940 14 35100 287 756
1346004 14 35100 287 756
1346066 14 35100 287 756
1346126 14 35100 287 756
1346193 14 35100 287 756
1346254 14 35100 287 756
1346322 14 35100 287 756
1346390 14 35100 287 756
1346451 14 35100 287 756
1346522 14 35100 287 756
1346586 14 35100 287 756
1346646 14 35100 287 756
1346713 14 35100 287 756
1346774 14 35100 287 756
1346842 14 35100 287 756
1346904 14 35100 287 756
1346964 14 35100 287 756
1347028 14 35100 287 756
1347098 14 35100 287 756
1347159 14 35100 287 756
1347226 14 35100 287 756
1347286 14 35100 287 756
1347348 14 35100 287 756
1347414 14 35100 287 756
1347475 14 35100 287 756
1347544 14 35100 287 756
1347610 14 35100 287 756
1347672 14 35100 287 756
1347733 14 35100 287 756
1347800 14 35100 287 756
1347861 14 35100 287 756
1347923 14 35100 287 756
1347988 14 35100 287 756
1348051 14 35100 287 756
1348121 14 35100 287 756
1348186 14 35100 287 756
1348247 14 35100 287 756
1348309 14 35100 287 756
1348375 14 35100 287 756
1348436 14 35100 287 756
1348496 14 35100 287 756
1348562 14 35100 287 756
1348625 14 35100 287 756
1348686 14 35100 287 756
1348751 14 35100 287 756
1348820 14 35100 287 756
1348891 14 35100 287 756
1348952 14 35100 287 756
1349018 14 35100 287 756
1349081 14 35100 287 756
1349143 14 35100 287 756
1349208 14 35100 287 756
1349268 14 35100 287 756
1349328 14 35100 287 756
1349394 14 35100 287 756
1349465 14 35100 287 756
1349525 14 35100 287 756
1349591 14 35100 287 756
1349653 14 35100 287 756
1349723 14 35100 287 756
1349786 14 35100 287 756
1349849 14 35100 287 756
1349910 14 35100 287 756
1349976 14 35100 287 756
1350039 14 35100 287 756
1350108 14 35100 287 756
1350170 14 35100 287 756
1350235 14 35100 287 756
1350295 14 35100 287 756
1350355 14 35100 287 756
1350417 14 35100 287 756
1350481 14 35100 287 756
1350542 14 35100 287 756
1350607 14 35100 287 756
1350670 14 35100 287 756
1350730 14 35100 287 756
1350793 14 35100 287 756
1350854 14 35100 287 756
1350916 14 35100 287 756
1350983 14 35100 287 756
1351045 14 35100 287 756
1351106 14 35100 287 756
1351170 14 35100 287 756
1351240 14 35100 287 756
1351306 14 35100 287 756
1351373 14 35100 287 756
1351433 14 35100 287 756
1351494 14 35100 287 756
1351561 14 35100 287 756
1351625 14 35100 287 756
1351685 14 35100 287 756
1351750 14 35100 287 756
1351818 14 35100 287 756
1351890 14 35100 287 756
1351954 14 35100 287 756
1352021 14 35100 287 756
1352083 14 35100 287 756
1352143 14 35100 287 756
1352208 14 35100 287 756
1352279 14 35100 287 756
1352340 14 35100 287 756
1352400 14 35100 287 756
1352466 14 35100 287 756
1352535 14 35100 287 756
1352595 14 35100 287 756
1352660 14 35100 287 756
1352721 14 35100 287 756
1352790 14 35100 287 756
1352855 14 35100 287 756
1352916 14 35100 287 756
1352979 14 35100 287 756
1353046 14 35100 287 756
1353109 14 35100 287 756
1353170 14 35100 287 756
1353236 14 35100 287 756
1353299 14 35100 287 756
1353359 14 35100 287 756
1353424 14 35100 287 756
1353484 14 35100 287 756
1353546 14 35100 287 756
1353613 14 35100 287 756
1353675 14 35100 287 756
1353737 14 35100 287 756
1353805 14 35100 287 756
1353865 14 35100 287 756
1353926 14 35100 287 756
1353991 14 35100 287 756
1354052 14 35100 287 756
1354120 14 35100 287 756
1354187 14 35100 287 756
1354249 14 35100 287 756
1354312 14 35100 287 756
1354379 14 35100 287 756
1354450 14 35100 287 756
1354521 14 35100 287 756
1354584 14 35100 287 756
1354649 14 35100 287 756
1354719 14 35100 287 756
1354783 14 35100 287 756
1354848 14 35100 287 756
1354918 14 35100 287 756
1354989 14 35100 287 756
1355051 14 35100 287 756
1355116 14 35100 287 756
1355179 14 35100 287 756
1355242 14 35100 287 756
1355306 14 35100 287 756
1355366 14 35100 287 756
1355427 14 35100 287 756
1355494 14 35100 287 756
1355556 14 35100 287 756
1355616 14 35100 287 756
1355681 14 35100 287 756
1355743 14 35100 287 756
1355805 14 35100 287 756
1355869 14 35100 287 756
1355930 14 35100 287 756
1355992 14 35100 287 756
1356059 14 35100 287 756
1356120 14 35100 287 756
1356181 14 35100 287 756
1356245 14 35100 287 756
1356306 14 35100 287 756
1356376 14 35100 287 756
1356442 14 35100 287 756
1356504 14 35100 287 756
1356565 14 35100 287 756
1356629 14 35100 287 756
1356691 14 35100 287 756
1356753 14 35100 287 756
1357759 14 35100 287 756
1358766 14 35150 287 756
1359768 14 35200 287 756
1360772 14 35250 287 756
1361777 14 35300 287 756
1362779 14 35350 287 756
1363783 14 35400 287 756
1364791 14 35450 287 756
1364904 14 35500 287 756
1364965 14 35500 287 756
1365026 14 35500 287 756
1365091 14 35500 287 756
1365154 14 35500 287 756
1365218 14 35500 287 756
1365281 14 35500 287 756
1365341 14 35500 287 756
1365407 14 35500 287 756
1365469 14 35500 287 756
1365539 14 35500 287 756
1365602 14 35500 287 756
1365674 14 35500 287 756
1365744 14 35500 287 756
1365804 14 35500 287 756
1365869 14 35500 287 756
1365929 14 35500 287 756
1365990 14 35500 287 756
1366054 14 35500 287 756
1366115 14 35500 287 756
1366175 14 35500 287 756
1366242 14 35500 287 756
1366302 14 35500 287 756
1366362 14 35500 287 756
1366428 14 35500 287 756
1366488 14 35500 287 756
1366548 14 35500 287 756
1366613 14 35500 287 756
1366677 14 35500 287 756
1366747 14 35500 287 756
1366812 14 35500 287 756
1366882 14 35500 287 756
1366942 14 35500 287 756
1367007 14 35500 287 756
1367068 14 35500 287 756
1367128 14 35500 287 756
1367193 14 35500 287 756
1367265 14 35500 287 756
1367334 14 35500 287 756
1367395 14 35500 287 756
1367461 14 35500 287 756
1367530 14 35500 287 756
1367600 14 35500 287 756
1367662 14 35500 287 756
1367725 14 35500 287 756
1367787 14 35500 287 756
1367852 14 35500 287 756
1367912 14 35500 287 756
1367972 14 35500 287 756
1368037 14 35500 287 756
1368107 14 35500 287 756
1368168 14 35500 287 756
1368233 14 35500 287 756
1368295 14 35500 287 756
1368364 14 35500 287 756
1368426 14 35500 287 756
1368492 14 35500 287 756
1368563 14 35500 287 756
1368624 14 35500 287 756
1368689 14 35500 287 756
1368751 14 35500 287 756
1368820 14 35500 287 756
1368886 14 35500 287 756
1368947 14 35500 287 756
1369017 14 35500 287 756
1369081 14 35500 287 756
1369142 14 35500 287 756
1369203 14 35500 287 756
1369268 14 35500 287 756
1369339 14 35500 287 756
1369410 14 35500 287 756
1369479 14 35500 287 756
1369545 14 35500 287 756
1369609 14 35500 287 756
1369669 14 35500 287 756
1369735 14 35500 287 756
1369795 14 35500 287 756
1369856 14 35500 287 756
1369921 14 35500 287 756
1369983 14 35500 287 756
1370044 14 35500 287 756
1370108 14 35500 287 756
1370169 14 35500 287 756
1370230 14 35500 287 756
1370295 14 35500 287 756
1370366 14 35500 287 756
1370427 14 35500 287 756
1370492 14 35500 287 756
1370554 14 35500 287 756
1370616 14 35500 287 756
1370677 14 35500 287 756
1370740 14 35500 287 756
1370810 14 35500 287 756
1370876 14 35500 287 756
1370938 14 35500 287 756
1370999 14 35500 287 756
1371064 14 35500 287 756
1371127 14 35500 287 756
1371187 14 35500 287 756
1371252 14 35500 287 756
1371312 14 35500 287 756
1371374 14 35500 287 756
1371439 14 35500 287 756
1371500 14 35500 287 756
1371562 14 35500 287 756
1371627 14 35500 287 756
1371697 14 35500 287 756
1371766 14 35500 287 756
1371832 14 35500 287 756
1371902 14 35500 287 756
1371972 14 35500 287 756
1372032 14 35500 287 756
1372099 14 35500 287 756
1372160 14 35500 287 756
1372222 14 35500 287 756
1372286 14 35500 287 756
1372346 14 35500 287 756
1372407 14 35500 287 756
1372473 14 35500 287 756
1372533 14 35500 287 756
1372593 14 35500 287 756
1372660 14 35500 287 756
1372720 14 35500 287 756
1372791 14 35500 287 756
1372853 14 35500 287 756
1372914 14 35500 287 756
1372974 14 35500 287 756
1373040 14 35500 287 756
1373100 14 35500 287 756
1373162 14 35500 287 756
1373225 14 35500 287 756
1373294 14 35500 287 756
1373364 14 35500 287 756
1373430 14 35500 287 756
1373493 14 35500 287 756
1373562 14 35500 287 756
1373632 14 35500 287 756
1373698 14 35500 287 756
1373768 14 35500 287 756
1373837 14 35500 287 756
1373903 14 35500 287 756
1373964 14 35500 287 756
1374034 14 35500 287 756
1374095 14 35500 287 756
1374160 14 35500 287 756
1374222 14 35500 287 756
1374282 14 35500 287 756
1374345 14 35500 287 756
1374406 14 35500 287 756
1374469 14 35500 287 756
1374532 14 35500 287 756
1374604 14 35500 287 756
1374669 14 35500 287 756
1374736 14 35500 287 756
1374804 14 35500 287 756
1374875 14 35500 287 756
1374945 14 35500 287 756
1375011 14 35500 287 756
1375079 14 35500 287 756
1375142 14 35500 287 756
1375206 14 35500 287 756
1375276 14 35500 287 756
1375345 14 35500 287 756
1375405 14 35500 287 756
1375470 14 35500 287 756
1375530 14 35500 287 756
1375597 14 35500 287 756
1375664 14 35500 287 756
1375726 14 35500 287 756
1375797 14 35500 287 756
1375862 14 35500 287 756
1375922 14 35500 287 756
1375993 14 35500 287 756
1376056 14 35500 287 756
1376116 14 35500 287 756
1376185 14 35500 287 756
1376247 14 35500 287 756
1376311 14 35500 287 756
1376372 14 35500 287 756
1376432 14 35500 287 756
1376498 14 35500 287 756
1376570 14 35500 287 756
1377581 14 35500 287 756
1377718 15 35500 287 756
1377778 15 35500 287 756
1377838 15 35500 287 756
1377902 15 35500 287 756
1377962 15 35500 287 756
1378033 15 35500 287 756
1378097 15 35500 287 756
1378157 15 35500 287 756
1378217 15 35500 287 756
1378283 15 35500 287 756
1378351 15 35500 287 756
1378418 15 35500 287 756
1378483 15 35500 287 756
1378544 15 35500 287 756
1378606 15 35500 287 756
1378673 15 35500 287 756
1378741 15 35500 287 756
1378802 15 35500 287 756
1378866 15 35500 287 756
1378936 15 35500 287 756
1379007 15 35500 287 756
1379067 15 35500 287 756
1379132 15 35500 287 756
1379192 15 35500 287 756
1379254 15 35500 287 756
1379319 15 35500 287 756
1379379 15 35500 287 756
1379440 15 35500 287 756
1379505 15 35500 287 756
1379565 15 35500 287 756
1379625 15 35500 287 756
1379688 15 35500 287 756
1379758 15 35500 287 756
1379819 15 35500 287 756
1379880 15 35500 287 756
1379941 15 35500 287 756
1380010 15 35500 287 756
1380074 15 35500 287 756
1380135 15 35500 287 756
1380195 15 35500 287 756
1380260 15 35500 287 756
1380321 15 35500 287 756
1380382 15 35500 287 756
1380448 15 35500 287 756
1380510 15 35500 287 756
1380574 15 35500 287 756
1380639 15 35500 287 756
1380699 15 35500 287 756
1380759 15 35500 287 756
1380825 15 35500 287 756
1380895 15 35500 287 756
1380956 15 35500 287 756
1381024 15 35500 287 756
1381085 15 35500 287 756
1381156 15 35500 287 756
1381225 15 35500 287 756
1381289 15 35500 287 756
1381349 15 35500 287 756
1381415 15 35500 287 756
1381482 15 35500 287 756
1381546 15 35500 287 756
1381615 15 35500 287 756
1381678 15 35500 287 756
1381739 15 35500 287 756
1381804 15 35500 287 756
1381865 15 35500 287 756
1381928 15 35500 287 756
1381992 15 35500 287 756
1382052 15 35500 287 756
1382124 15 35500 287 756
1382187 15 35500 287 756
1382250 15 35500 287 756
1382312 15 35500 287 756
1382375 15 35500 287 756
1382436 15 35500 287 756
1382499 15 35500 287 756
1382559 15 35500 287 756
1382624 15 35500 287 756
1382692 15 35500 287 756
1382764 15 35500 287 756
1382831 15 35500 287 756
1382899 15 35500 287 756
1382959 15 35500 287 756
1383030 15 35500 287 756
1383098 15 35500 287 756
1383159 15 35500 287 756
1383229 15 35500 287 756
1383293 15 35500 287 756
1383356 15 35500 287 756
1383426 15 35500 287 756
1383498 15 35500 287 756
1383561 15 35500 287 756
1383624 15 35500 287 756
1383692 15 35500 287 756
1383760 15 35500 287 756
1383821 15 35500 287 756
1383884 15 35500 287 756
1383948 15 35500 287 756
1384014 15 35500 287 756
1384076 15 35500 287 756
1384145 15 35500 287 756
1384211 15 35500 287 756
1384274 15 35500 287 756
1384335 15 35500 287 756
1384401 15 35500 287 756
1384461 15 35500 287 756
1384534 15 35500 287 756
1384598 15 35500 287 756
1384662 15 35500 287 756
1384722 15 35500 287 756
1384785 15 35500 287 756
1384849 15 35500 287 756
1384920 15 35500 287 756
1384988 15 35500 287 756
1385056 15 35500 287 756
1385118 15 35500 287 756
1385186 15 35500 287 756
1385250 15 35500 287 756
1385318 15 35500 287 756
1385378 15 35500 287 756
1385439 15 35500 287 756
1385502 15 35500 287 756
1385571 15 35500 287 756
1385633 15 35500 287 756
1385699 15 35500 287 756
1385760 15 35500 287 756
1385822 15 35500 287 756
1385888 15 35500 287 756
1385950 15 35500 287 756
1386010 15 35500 287 756
1386077 15 35500 287 756
1386138 15 35500 287 756
1386200 15 35500 287 756
1386266 15 35500 287 756
1386328 15 35500 287 756
1386392 15 35500 287 756
1386454 15 35500 287 756
1386516 15 35500 287 756
1386584 15 35500 287 756
1386652 15 35500 287 756
1386716 15 35500 287 756
1386781 15 35500 287 756
1386846 15 35500 287 756
1386915 15 35500 287 756
1386975 15 35500 287 756
1387038 15 35500 287 756
1387107 15 35500 287 756
1387175 15 35500 287 756
1387238 15 35500 287 756
1387304 15 35500 287 756
1387374 15 35500 287 756
1387442 15 35500 287 756
1387508 15 35500 287 756
1387568 15 35500 287 756
1387635 15 35500 287 756
1387699 15 35500 287 756
1387762 15 35500 287 756
1387830 15 35500 287 756
1387899 15 35500 287 756
1387964 15 35500 287 756
1388034 15 35500 287 756
1388095 15 35500 287 756
1388156 15 35500 287 756
1388217 15 35500 287 756
1388282 15 35500 287 756
1388343 15 35500 287 756
1388407 15 35500 287 756
1388472 15 35500 287 756
1388542 15 35500 287 756
1388612 15 35500 287 756
1388678 15 35500 287 756
1388738 15 35500 287 756
1388802 15 35500 287 756
1388866 15 35500 287 756
1388931 15 35500 287 756
1388992 15 35500 287 756
1389052 15 35500 287 756
1389118 15 35500 287 756
1389178 15 35500 287 756
1389247 15 35500 287 756
1389313 15 35500 287 756
1390322 15 35500 287 756
1391323 15 35550 287 756
1391465 15 35500 287 756
1391525 15 35500 287 756
1391586 15 35500 287 756
1391649 15 35500 287 756
1391711 15 35500 287 756
1391772 15 35500 287 756
1391835 15 35500 287 756
1391895 15 35500 287 756
1391959 15 35500 287 756
1392021 15 35500 287 756
1392082 15 35500 287 756
1392146 15 35500 287 756
1392206 15 35500 287 756
1392269 15 35500 287 756
1392333 15 35500 287 756
1392394 15 35500 287 756
1392463 15 35500 287 756
1392523 15 35500 287 756
1392586 15 35500 287 756
1392648 15 35500 287 756
1392712 15 35500 287 756
1392774 15 35500 287 756
1392835 15 35500 287 756
1392898 15 35500 287 756
1392968 15 35500 287 756
1393028 15 35500 287 756
1393098 15 35500 287 756
1393163 15 35500 287 756
1393224 15 35500 287 756
1393290 15 35500 287 756
1393356 15 35500 287 756
