# header: write what you want on lines starting with #
# Total ACTIVE Pulses, # breakdowns, amp_set, index (point on pulse / power curve) , pulse length
# the init of this file could be 1 0 500 0 3500, 2 0 500 0 3500, etc
1 0 500 0 3500
102 7 3675 0 2493
77860 8 20550 222 2493
84624 9 26850 291 2493
86956 10 27050 291 2493
88189 11 27050 0 2493
89804 12 28450 291 2493
90894 13 28450 291 2493
91987 14 28450 291 2493
98240 15 29450 291 2493
99172 16 29450 291 2493
100158 17 29450 291 2493
106672 18 36150 291 2493
106684 19 36150 291 2493
106697 20 36150 291 2493
106709 21 36150 291 2493
106722 22 36150 291 2493
106735 23 36150 291 2493
106748 24 36150 291 2493
106760 25 36150 291 2493
106772 26 36150 291 2493
106784 27 36150 291 2493
106796 28 36150 291 2493
106808 29 36150 291 2493
106820 30 36150 291 2493
106834 31 36150 291 2493
106846 32 36150 291 2493
106859 33 36150 291 2493
106871 34 36150 291 2493
106884 35 36150 291 2493
106897 36 36150 291 2493
3848819 286 39931 238 2493
4701474 341 40000 287 2493
4770142 342 45265 287 2493
4795011 343 48799 287 2493
4843634 344 54053 287 2493
4933789 344 60518 287 2493
4934789 344 60572 287 2493
4935789 344 60624 287 2493
4936789 344 60689 287 2493
4936804 344 61222 287 2493
4936819 344 61222 287 2493
4936834 344 61222 287 2493
4936849 344 61222 287 2493
4936864 344 61222 287 2493
4936879 344 61222 287 2493
4936894 344 61222 287 2493
4936909 344 61222 287 2493
4936925 344 61222 287 2493
4936940 344 61222 287 2493
4936956 344 61222 287 2493
4936971 344 61222 287 2493
4936986 344 61222 287 2493
4937001 344 61222 287 2493
4937016 344 61222 287 2493
4937031 344 61222 287 2493
4937047 344 61222 287 2493
4937062 344 61222 287 2493
4937077 344 61222 287 2493
4937092 344 61222 287 2493
4937107 344 61222 287 2493
4937122 344 61222 287 2493
4937137 344 61222 287 2493
4937152 344 61222 287 2493
4937167 344 61222 287 2493
4937183 344 61222 287 2493
4937198 344 61222 287 2493
4937213 344 61222 287 2493
4937228 344 61222 287 2493
4937244 344 61222 287 2493
4937259 344 61222 287 2493
4937275 344 61222 287 2493
4937290 344 61222 287 2493
4937305 344 61222 287 2493
4937320 344 61222 287 2493
4937335 344 61222 287 2493
4937350 344 61222 287 2493
4937365 344 61222 287 2493
4937380 344 61222 287 2493
4937395 344 61222 287 2493
4937411 344 61222 287 2493
4937426 344 61222 287 2493
4937441 344 61222 287 2493
4937456 344 61222 287 2493
4937471 344 61222 287 2493
4937486 344 61222 287 2493
4937501 344 61222 287 2493
4937516 344 61222 287 2493
4937531 344 61222 287 2493
4937546 344 61222 287 2493
4937562 344 61222 287 2493
4937577 344 61222 287 2493
4937592 344 61222 287 2493
4937607 344 61222 287 2493
4937622 344 61222 287 2493
4937637 344 61222 287 2493
4937652 344 61222 287 2493
4937667 344 61222 287 2493
4937682 344 61222 287 2493
4937697 344 61222 287 2493
4937712 344 61222 287 2493
4937727 344 61222 287 2493
4937742 344 61222 287 2493
4937757 344 61222 287 2493
4937772 344 61222 287 2493
4937787 344 61222 287 2493
4937802 344 61222 287 2493
4937817 344 61222 287 2493
4937832 344 61222 287 2493
4937847 344 61222 287 2493
4937862 344 61222 287 2493
4937877 344 61222 287 2493
4937892 344 61222 287 2493
4937907 344 61222 287 2493
4937922 344 61222 287 2493
4937937 344 61222 287 2493
4937952 344 61222 287 2493
4937967 344 61222 287 2493
4937982 344 61222 287 2493
4937997 344 61222 287 2493
4938012 344 61222 287 2493
4938027 344 61222 287 2493
4938042 344 61222 287 2493
4938057 344 61222 287 2493
4938072 344 61222 287 2493
4938087 344 61222 287 2493
4938102 344 61222 287 2493
4938117 344 61222 287 2493
4938132 344 61222 287 2493
4938147 344 61222 287 2493
4938162 344 61222 287 2493
4938177 344 61222 287 2493
4938192 344 61222 287 2493
4938207 344 61222 287 2493
4938222 344 61222 287 2493
4938237 344 61222 287 2493
4938252 344 61222 287 2493
4938267 344 61222 287 2493
4938282 344 61222 287 2493
4938297 344 61222 287 2493
4938312 344 61222 287 2493
4938328 344 61222 287 2493
4938343 344 61222 287 2493
4938358 344 61222 287 2493
4938373 344 61222 287 2493
4938388 344 61222 287 2493
4938403 344 61222 287 2493
4938418 344 61222 287 2493
4938433 344 61222 287 2493
4938449 344 61222 287 2493
4938464 344 61222 287 2493
4938479 344 61222 287 2493
4938494 344 61222 287 2493
4938509 344 61222 287 2493
4938524 344 61222 287 2493
4938539 344 61222 287 2493
4938554 344 61222 287 2493
4938569 344 61222 287 2493
4938585 344 61222 287 2493
4938600 344 61222 287 2493
4938615 344 61222 287 2493
4938630 344 61222 287 2493
4938645 344 61222 287 2493
4938660 344 61222 287 2493
4938675 344 61222 287 2493
4938690 344 61222 287 2493
4938705 344 61222 287 2493
4938720 344 61222 287 2493
4938735 344 61222 287 2493
4938750 344 61222 287 2493
4938765 344 61222 287 2493
4938780 344 61222 287 2493
4938795 344 61222 287 2493
4938810 344 61222 287 2493
4938825 344 61222 287 2493
4938840 344 61222 287 2493
4938855 344 61222 287 2493
4938870 344 61222 287 2493
4938885 344 61222 287 2493
4938900 344 61222 287 2493
4938915 344 61222 287 2493
4938930 344 61222 287 2493
4938945 344 61222 287 2493
4938960 344 61222 287 2493
4938975 344 61222 287 2493
4938990 344 61222 287 2493
4939006 344 61222 287 2493
4939021 344 61222 287 2493
4939036 344 61222 287 2493
4939051 344 61222 287 2493
4940051 344 61222 287 2493
