# header: write what you want on lines starting with #
# Total ACTIVE Pulses, # breakdowns, amp_set, index (point on pulse / power curve) , pulse length
# the init of this file could be 1 0 500 0 3500, 2 0 500 0 3500, etc
1 0 500 0 3500
102 7 3675 0 2493
77860 8 20550 222 2493
84624 9 26850 291 2493
86956 10 27050 291 2493
88189 11 27050 0 2493
89804 12 28450 291 2493
90894 13 28450 291 2493
91987 14 28450 291 2493
98240 15 29450 291 2493
99172 16 29450 291 2493
100158 17 29450 291 2493
106672 18 36150 291 2493
106684 19 36150 291 2493
106697 20 36150 291 2493
106709 21 36150 291 2493
106722 22 36150 291 2493
106735 23 36150 291 2493
106748 24 36150 291 2493
106760 25 36150 291 2493
106772 26 36150 291 2493
106784 27 36150 291 2493
106796 28 36150 291 2493
106808 29 36150 291 2493
106820 30 36150 291 2493
106834 31 36150 291 2493
106846 32 36150 291 2493
106859 33 36150 291 2493
106871 34 36150 291 2493
106884 35 36150 291 2493
106897 36 36150 291 2493
3848819 286 39931 238 2493
4701474 341 40000 287 2493
4770142 342 45265 287 2493
4795011 343 48799 287 2493
4843634 344 54053 287 2493
4940712 345 61629 287 2493
4952722 346 64039 287 2493
4967192 347 65392 287 2493
4968498 348 65392 287 2493
5006008 355 67020 287 2493
5007182 356 67020 287 2493
5221406 395 67522 287 2493
5226754 396 67731 287 2493
5227268 397 67731 287 2493
5248241 399 67802 287 2493
5256327 400 67802 287 2493
5262168 401 67802 287 2493
5269222 402 67802 287 2493
5297152 403 67802 287 2493
5378824 403 68564 287 2493
5378855 403 68564 287 2493
5378886 403 68564 287 2493
5378916 403 68564 287 2493
5378931 403 68564 287 2493
5378946 403 68564 287 2493
5378961 403 68564 287 2493
5378977 403 68564 287 2493
5378992 403 68564 287 2493
5379008 403 68564 287 2493
5379023 403 68564 287 2493
5379038 403 68564 287 2493
5379053 403 68564 287 2493
5379068 403 68564 287 2493
5379083 403 68564 287 2493
5379098 403 68564 287 2493
5379113 403 68564 287 2493
5379128 403 68564 287 2493
5379143 403 68564 287 2493
5379158 403 68564 287 2493
5379173 403 68564 287 2493
5379188 403 68564 287 2493
5379203 403 68564 287 2493
5379218 403 68564 287 2493
5379233 403 68564 287 2493
5379248 403 68564 287 2493
5379263 403 68564 287 2493
5379278 403 68564 287 2493
5379294 403 68564 287 2493
5379309 403 68564 287 2493
5379325 403 68564 287 2493
5379340 403 68564 287 2493
5379355 403 68564 287 2493
5379370 403 68564 287 2493
5379385 403 68564 287 2493
5379400 403 68564 287 2493
5379416 403 68564 287 2493
5379431 403 68564 287 2493
5379447 403 68564 287 2493
5379462 403 68564 287 2493
5379477 403 68564 287 2493
5379492 403 68564 287 2493
5379507 403 68564 287 2493
5379522 403 68564 287 2493
5379537 403 68564 287 2493
5379552 403 68564 287 2493
5379567 403 68564 287 2493
5379582 403 68564 287 2493
5379598 403 68564 287 2493
5379613 403 68564 287 2493
5379628 403 68564 287 2493
5379643 403 68564 287 2493
5379658 403 68564 287 2493
5379673 403 68564 287 2493
5379688 403 68564 287 2493
5379704 403 68564 287 2493
5379720 403 68564 287 2493
5379735 403 68564 287 2493
5379750 403 68564 287 2493
5379765 403 68564 287 2493
5379780 403 68564 287 2493
5379795 403 68564 287 2493
5379810 403 68564 287 2493
5379825 403 68564 287 2493
5379840 403 68564 287 2493
5379855 403 68564 287 2493
5379871 403 68564 287 2493
5379886 403 68564 287 2493
5379902 403 68564 287 2493
5379917 403 68564 287 2493
5379932 403 68564 287 2493
5379947 403 68564 287 2493
5379962 403 68564 287 2493
5379977 403 68564 287 2493
5379992 403 68564 287 2493
5380007 403 68564 287 2493
5380022 403 68564 287 2493
5380037 403 68564 287 2493
5380052 403 68564 287 2493
5380067 403 68564 287 2493
5380082 403 68564 287 2493
5380097 403 68564 287 2493
5380112 403 68564 287 2493
5380127 403 68564 287 2493
5380142 403 68564 287 2493
5380157 403 68564 287 2493
5380172 403 68564 287 2493
5380187 403 68564 287 2493
5380202 403 68564 287 2493
5380218 403 68564 287 2493
5380233 403 68564 287 2493
5380248 403 68564 287 2493
5380263 403 68564 287 2493
5380278 403 68564 287 2493
5380293 403 68564 287 2493
5380308 403 68564 287 2493
5380323 403 68564 287 2493
5380338 403 68564 287 2493
5380353 403 68564 287 2493
5380368 403 68564 287 2493
5380384 403 68564 287 2493
5380399 403 68564 287 2493
5380414 403 68564 287 2493
5380429 403 68564 287 2493
5380444 403 68564 287 2493
5380459 403 68564 287 2493
5380475 403 68564 287 2493
5380490 403 68564 287 2493
5380506 403 68564 287 2493
5380521 403 68564 287 2493
5380536 403 68564 287 2493
5380551 403 68564 287 2493
5380567 403 68564 287 2493
5380582 403 68564 287 2493
5380597 403 68564 287 2493
5380612 403 68564 287 2493
5380627 403 68564 287 2493
5380642 403 68564 287 2493
5380657 403 68564 287 2493
5380672 403 68564 287 2493
5380687 403 68564 287 2493
5380702 403 68564 287 2493
5380717 403 68564 287 2493
5380732 403 68564 287 2493
5380747 403 68564 287 2493
5380762 403 68564 287 2493
5380777 403 68564 287 2493
5380792 403 68564 287 2493
5380807 403 68564 287 2493
5380822 403 68564 287 2493
5380837 403 68564 287 2493
5380852 403 68564 287 2493
5380867 403 68564 287 2493
5380882 403 68564 287 2493
5380897 403 68564 287 2493
5380913 403 68564 287 2493
5380928 403 68564 287 2493
5380946 403 68564 287 2493
5380961 403 68564 287 2493
5380976 403 68564 287 2493
5380991 403 68564 287 2493
5381006 403 68564 287 2493
5381021 403 68564 287 2493
5381036 403 68564 287 2493
5381051 403 68564 287 2493
5381066 403 68564 287 2493
5381081 403 68564 287 2493
5381096 403 68564 287 2493
5381111 403 68564 287 2493
5381126 403 68564 287 2493
5381141 403 68564 287 2493
5381157 403 68564 287 2493
